Size 611,2
0.000000000000000000e+00,0.000000000000000000e+00
0.000000000000000000e+00,0.000000000000000000e+00
2.756801680584816715e-06,-1.177307089165999659e-05
-1.652147497700925541e-06,-1.177301396227018341e-05
-1.013983905556755718e-06,-3.127842033886063218e-06
1.266767594137091781e-08,-3.929054017787613461e-08
2.129956358220340963e-08,-4.176861708444576561e-08
0.000000000000000000e+00,0.000000000000000000e+00
0.000000000000000000e+00,0.000000000000000000e+00
0.000000000000000000e+00,0.000000000000000000e+00
0.000000000000000000e+00,0.000000000000000000e+00
0.000000000000000000e+00,0.000000000000000000e+00
0.000000000000000000e+00,0.000000000000000000e+00
0.000000000000000000e+00,0.000000000000000000e+00
0.000000000000000000e+00,0.000000000000000000e+00
0.000000000000000000e+00,0.000000000000000000e+00
0.000000000000000000e+00,0.000000000000000000e+00
0.000000000000000000e+00,0.000000000000000000e+00
0.000000000000000000e+00,0.000000000000000000e+00
0.000000000000000000e+00,0.000000000000000000e+00
0.000000000000000000e+00,0.000000000000000000e+00
0.000000000000000000e+00,0.000000000000000000e+00
0.000000000000000000e+00,0.000000000000000000e+00
0.000000000000000000e+00,0.000000000000000000e+00
0.000000000000000000e+00,0.000000000000000000e+00
0.000000000000000000e+00,0.000000000000000000e+00
0.000000000000000000e+00,0.000000000000000000e+00
2.756784117976032993e-06,-1.132878333719114047e-05
2.756797560157666771e-06,-1.087225961667902747e-05
2.756221655436699974e-06,-1.040233599656186156e-05
2.754063863881267388e-06,-9.918733917974417074e-06
2.749569003020995624e-06,-9.421330946289729454e-06
2.741561793481476753e-06,-8.910330913820264017e-06
2.729209900408812378e-06,-8.386148215376645210e-06
2.711245476703269627e-06,-7.849552591992558988e-06
2.686336660457559164e-06,-7.301612462155413814e-06
2.653042135018160712e-06,-6.744138344544013382e-06
2.609633463990305094e-06,-6.179127460515746431e-06
2.554334372655744963e-06,-5.609712897317713096e-06
2.485144212901938903e-06,-5.039723467821704018e-06
2.399834323326856013e-06,-4.473578054230041492e-06
2.296007061475263632e-06,-3.918488057725801387e-06
2.173759646625378603e-06,-3.381750130258759359e-06
2.031963762894205304e-06,-2.869954207278699735e-06
1.872024205249788386e-06,-2.394045548873333662e-06
1.696613221457390149e-06,-1.961082763845354551e-06
1.510217549973388011e-06,-1.576322596562086474e-06
1.317943782884397174e-06,-1.243295632021367101e-06
1.124811779555799587e-06,-9.611932081938421498e-07
9.344605686946595686e-07,-7.271834492422922872e-07
7.489866960508088124e-07,-5.362821840738007266e-07
5.685716894128617000e-07,-3.823746493943566018e-07
3.912185734672935619e-07,-2.569219906728013069e-07
2.083926639315632624e-07,-1.541252096559819421e-07
-1.209168204763908804e-06,-1.177246174350483267e-05
-7.670879214199562330e-07,-1.177110089649763155e-05
-3.262923358318292803e-07,-1.176951393807216560e-05
1.133563643004343638e-07,-1.176830214872017897e-05
5.523421873537208797e-07,-1.176784756132046672e-05
9.913130127523172148e-07,-1.176830450688460022e-05
1.430931997947091739e-06,-1.176953086112991512e-05
1.871720794240059992e-06,-1.177114716497263124e-05
2.313808500355332971e-06,-1.177251568977253640e-05
-1.652127772084072655e-06,-1.136921984096762873e-05
-1.652192614585078194e-06,-1.095538667206824809e-05
-1.651851073494259063e-06,-1.053064063914048227e-05
-1.650453252336054978e-06,-1.009456257629384893e-05
-1.647318305568016379e-06,-9.647019263445130447e-06
-1.641735702692355211e-06,-9.188074591474389282e-06
-1.632968808193425063e-06,-8.717988345013133854e-06
-1.620219055153669298e-06,-8.237213501660425072e-06
-1.602609252870830776e-06,-7.746419649849512723e-06
-1.579184370775856881e-06,-7.246552313423894589e-06
-1.548918902801442315e-06,-6.738837842889692508e-06
-1.510674563793763412e-06,-6.224778594424605076e-06
-1.463228872172573161e-06,-5.706198013884532778e-06
-1.405155174352694283e-06,-5.185192998768255641e-06
-1.334638727317272158e-06,-4.664128963856571471e-06
-1.249332991679093394e-06,-4.145771994139413178e-06
-1.145463244027197755e-06,-3.632829666615590947e-06
-8.685472270160669756e-07,-2.615039799149619061e-06
-7.430260479905048279e-07,-2.141932449605036964e-06
-6.460773250753956301e-07,-1.695897910588066574e-06
-5.421993018970297850e-07,-1.354545399123330275e-06
-4.484604491311688962e-07,-1.051284404464298743e-06
-3.507384657087425563e-07,-8.076708995069232892e-07
-2.702882696121253937e-07,-6.193377624389128000e-07
-1.805411464798950415e-07,-4.790897929368819907e-07
-1.143131556065707151e-07,-3.727022272444426184e-07
-6.369880341908933043e-08,-2.956960259206999463e-07
-2.974394908566630350e-08,-2.387063676702078329e-07
-1.087817881359647753e-08,-1.978348714979161746e-07
-1.767623420396340620e-10,-1.594267175518241456e-07
4.986610250946494887e-09,-1.291697997045658668e-07
7.879897733471164255e-09,-1.035535901409549219e-07
9.615907765808570713e-09,-8.232500684989026691e-08
1.094763923537150424e-08,-6.546968750984263659e-08
1.238032246416794794e-08,-5.310015480811451813e-08
1.238657410947734931e-08,-4.449627510384259496e-08
1.307765644274911033e-08,-3.638850916949235298e-08
1.357120665256715016e-08,-3.472542524107091847e-08
1.405074898722341023e-08,-3.388431728838200124e-08
1.450228362493855993e-08,-3.358656694932265325e-08
1.494246315088790589e-08,-3.362571523202365686e-08
1.540492963218757826e-08,-3.387618755618279900e-08
1.591846060883478053e-08,-3.427710544290184853e-08
1.649992782061554348e-08,-3.481287884262986777e-08
1.714332085303489647e-08,-3.547697648480980885e-08
1.782257068711007494e-08,-3.624589062879538199e-08
1.851332085553350638e-08,-3.707362917404010039e-08
1.921642985278992836e-08,-3.797870785982074400e-08
1.986083121176152306e-08,-3.897614293285794853e-08
2.039859066473714799e-08,-3.993004502702334078e-08
2.080416517397509659e-08,-4.076359455235819521e-08
2.105791207601320398e-08,-4.139840866286055741e-08
2.119257685582543421e-08,-4.173537675799437602e-08
1.072454975979791596e-08,-1.134574438015772455e-08
1.572723093761763477e-08,-1.881870187049996059e-08
1.896660790262681075e-08,-2.445476033680681183e-08
2.082167760778264384e-08,-2.904166264957482793e-08
2.176437906269515256e-08,-3.281326720158460332e-08
2.207370068817714246e-08,-3.588889616620731083e-08
2.198236753641965155e-08,-3.832728292723095339e-08
2.169540443059090583e-08,-4.014738178527131603e-08
2.139373313169959476e-08,-4.132198720724567891e-08
0.000000000000000000e+00,0.000000000000000000e+00
0.000000000000000000e+00,0.000000000000000000e+00
0.000000000000000000e+00,0.000000000000000000e+00
0.000000000000000000e+00,0.000000000000000000e+00
0.000000000000000000e+00,0.000000000000000000e+00
0.000000000000000000e+00,0.000000000000000000e+00
0.000000000000000000e+00,0.000000000000000000e+00
0.000000000000000000e+00,0.000000000000000000e+00
0.000000000000000000e+00,0.000000000000000000e+00
0.000000000000000000e+00,0.000000000000000000e+00
0.000000000000000000e+00,0.000000000000000000e+00
0.000000000000000000e+00,0.000000000000000000e+00
0.000000000000000000e+00,0.000000000000000000e+00
0.000000000000000000e+00,0.000000000000000000e+00
0.000000000000000000e+00,0.000000000000000000e+00
0.000000000000000000e+00,0.000000000000000000e+00
0.000000000000000000e+00,0.000000000000000000e+00
0.000000000000000000e+00,0.000000000000000000e+00
0.000000000000000000e+00,0.000000000000000000e+00
0.000000000000000000e+00,0.000000000000000000e+00
0.000000000000000000e+00,0.000000000000000000e+00
0.000000000000000000e+00,0.000000000000000000e+00
0.000000000000000000e+00,0.000000000000000000e+00
0.000000000000000000e+00,0.000000000000000000e+00
0.000000000000000000e+00,0.000000000000000000e+00
0.000000000000000000e+00,0.000000000000000000e+00
0.000000000000000000e+00,0.000000000000000000e+00
-1.193503734090507461e-06,-9.626321364261599826e-06
1.829839988533093740e-08,-3.733053915818395266e-08
-1.137972325506813728e-06,-8.219016098415883172e-06
1.586924233287239329e-08,-3.423925699557445032e-08
2.273780377394686874e-06,-9.414276355922412636e-06
-1.042799435677335358e-06,-6.709801503421294450e-06
4.148196122237719898e-09,-7.127085127824806221e-09
1.456127576041497307e-08,-3.294261280682806649e-08
-8.933230671543127962e-07,-5.147479751756121089e-06
3.273695862051693855e-09,-7.444588914623204403e-09
2.163822818258541045e-06,-7.364837791527358224e-06
5.633774700656953332e-07,-4.608186668643476752e-07
1.930084785824657022e-09,-2.172077038360648398e-08
1.575662755881422449e-08,-3.877973800889519230e-08
-5.754387994262782848e-07,-3.061187074162021657e-06
3.352814599233845820e-09,-7.930151157627908796e-09
-4.013504663688578878e-07,-1.055208414683191683e-06
3.505000981353695565e-09,-3.478934115738058197e-08
7.727276525615636973e-09,-1.684043909546467120e-08
2.022521684822723104e-06,-5.664241700084582998e-06
3.914865895753496357e-09,-8.414917491088250310e-09
1.148421581424011909e-06,-1.500703165697163839e-06
4.940278360503874546e-09,-9.147911288607304394e-09
1.770813782511394733e-06,-3.940875746833181989e-06
-9.621975436997292865e-09,-6.588127743502843728e-08
-3.090022076851522849e-07,-5.987270360292741038e-07
1.611523875926246232e-08,-9.316112667705808142e-08
6.450968772836287970e-09,-1.063520972281689008e-08
1.428667229264406629e-06,-2.331156788138479054e-06
2.023449841235492625e-08,-3.206010360168133110e-08
-1.368709882519954431e-07,-3.712270925090100590e-07
-2.835600041526064129e-08,-2.307413250239648408e-07
-4.418501818495058442e-08,-6.817824141532364423e-08
1.955846617371677466e-08,-3.927332127536123617e-08
9.795429339572030225e-07,-1.131732899582066172e-05
-7.021471713003717919e-09,-4.166845383534544944e-08
-3.335855783823667242e-07,-1.133317997996349540e-05
-2.443314365715626848e-08,-9.503579155975384943e-08
2.103369432022606411e-09,-1.631290505366830670e-07
-4.913129038480409486e-08,-9.664494636271646737e-08
-4.508692627018910555e-09,-2.146207680071198599e-08
1.304195671165033899e-08,-1.564103890089615264e-08
2.287035580899988789e-06,-1.036492990572305276e-05
2.105694628541576585e-08,-3.824419585553555082e-08
-1.214172337678333716e-06,-1.093258799310137217e-05
-6.516207794271788633e-09,-1.275050549164321995e-08
-3.621478414801629669e-07,-1.742335255428174430e-06
1.925493544689175583e-08,-6.500541485483120740e-08
1.248294584661283514e-07,-7.731496097526697405e-08
2.105528247215950734e-08,-4.015448643391417314e-08
2.065057849789201332e-08,-4.091343696393220634e-08
2.227331581881149255e-06,-8.429999004224706784e-06
7.897690127890296331e-09,-1.328186392391261596e-08
8.534745543674748492e-07,-8.800076207936381598e-07
1.703809052947482502e-08,-3.567578659365524952e-08
1.500363321480203518e-08,-3.327143789470938546e-08
1.469248155606945490e-08,-3.406021461757246695e-08
7.912810667294944513e-08,-4.352402883068767520e-08
-1.749238304595213798e-08,-8.570447042245131178e-08
-4.226471682374708219e-08,-1.023193115839490479e-07
-6.962166221477454872e-09,-3.164289382550526393e-08
1.877661411717169591e-06,-4.515126992993749912e-06
1.544991126929394435e-06,-2.825138478867449289e-06
2.076959397408773198e-06,-6.243530682339815791e-06
3.197400146323781250e-09,-7.574566052174093503e-09
5.612869328039720489e-09,-7.206884017440502546e-09
3.730779581999629726e-09,-7.208107817534531158e-09
6.564187554919260783e-09,-1.866762745138649036e-08
2.290878848966785076e-06,-1.084781016187473055e-05
-1.178616173940147639e-06,-9.169953577486970178e-06
-1.111310734489917536e-06,-7.724913678191964135e-06
-9.995551101149922745e-07,-6.191545638626957367e-06
-8.265039281914376028e-07,-4.622495108296379200e-06
-7.475707875673725915e-07,-4.097387012344863368e-06
1.417220613388583440e-06,-1.131717218827221961e-05
1.857951070486698356e-06,-1.131613771368094489e-05
2.734201603400812606e-07,-1.855632079002547159e-07
1.667949151094066748e-08,-2.225691667929839595e-08
-1.211008613467287471e-06,-1.050446389090175896e-05
1.043170145136139833e-07,-1.132487980384395005e-05
2.304931368946757120e-06,-1.131795809231689018e-05
7.143262371109420026e-09,-7.668959615450829974e-09
-1.212461866541895031e-06,-1.135446506495538603e-05
2.105658948857958817e-08,-4.131184460525574650e-08
-3.513056832982662916e-07,-6.917698773286300267e-07
8.906116094978316626e-09,-1.367427096269093590e-07
-4.794645832280770231e-08,-2.642105598054895523e-07
1.855154404929843242e-08,-4.997257163237078944e-08
-4.403058604151702019e-07,-2.117761909750389951e-06
-2.506678668281254202e-07,-5.018765569534074663e-07
-7.443282922897905417e-09,-1.876213914202533307e-07
-3.455329038755009239e-07,-1.255457320425190700e-06
1.789281408213902531e-08,-7.687126099616248521e-08
-2.033308591963382675e-07,-4.431893617583933827e-07
-7.457011522162262929e-07,-9.608745817134650794e-06
-6.643749359056553241e-07,-8.207022026183555014e-06
6.343629015799854080e-09,-1.406162752196531380e-08
-5.477450785283108644e-07,-6.681558473420105613e-06
-4.055461790593917646e-07,-5.114680785536216318e-06
1.329584354203830653e-08,-3.241611350485879143e-08
-2.108060408163696147e-07,-1.422573345168056760e-06
1.087323806995669350e-06,-2.813029128420029871e-06
1.566264706403451132e-06,-6.399507663654858795e-06
1.395086571658636603e-06,-4.637114895186930396e-06
1.961322384170130824e-08,-8.112778382798500656e-08
-1.832153229757334162e-08,-2.042419252146124493e-07
-1.943499245729556962e-07,-3.836226100026974110e-07
-2.972648776909040352e-07,-5.613940135522269665e-07
1.254723302780963024e-09,-1.574867860517168975e-07
7.976689012147990377e-09,-1.377634149456214616e-08
-3.387258282031284235e-07,-1.089460477877740263e-05
2.056202968804153620e-08,-5.627428392337565529e-08
-7.667585781356220732e-09,-7.157698899323431716e-08
-4.215864173925449169e-08,-1.687715283629868433e-07
-1.014472686193440468e-07,-1.869007979682616976e-07
1.708415804774353888e-07,-1.342688419686832385e-07
1.397086560121603743e-06,-1.085398267041658499e-05
2.037633400765911398e-08,-3.966662164204746882e-08
-7.748003877394695076e-07,-1.091278633344225477e-05
-7.009737565289349474e-09,-2.228228400468851114e-08
-3.314834751828202498e-08,-1.011160899821941094e-07
-5.115859858530882512e-08,-8.498292516869874118e-08
-1.282027037952482161e-08,-7.632000951982862361e-08
3.837833738695420994e-08,-3.175729146792803352e-08
-2.494014412070755170e-08,-4.876979505500507233e-08
-7.825650682234398354e-09,-5.357778912763826387e-08
5.640842064026673664e-09,-9.745647245928606374e-09
4.361111912727779523e-09,-8.721492417501921442e-09
1.651253612008638299e-06,-3.377765412646860404e-06
1.959802560031214258e-06,-5.095922980318091071e-06
3.579914394284269290e-09,-8.156924070966910576e-09
7.253836889549710427e-09,-1.180844597689258765e-08
3.223267518708003742e-09,-7.729708634451594553e-09
2.125005133413618333e-06,-6.820489089824845641e-06
2.200653926625245314e-06,-7.912584531675332760e-06
3.444404999275552901e-09,-7.311228115467063159e-09
2.249668268952021746e-06,-8.937769963548771251e-06
1.292745118833147646e-06,-1.892795208276372547e-06
8.124246920020902309e-09,-1.499321310660133548e-08
4.612177092836120824e-09,-2.035674274084420726e-08
9.997624537133393891e-07,-1.163211338031829574e-06
2.292900189692168479e-06,-9.885975631469391030e-06
7.075474472389190461e-07,-6.480539371154318208e-07
-1.282109174693849471e-09,-2.230150861414441358e-08
4.732951193946234276e-09,-7.081186297800528909e-09
4.184200560970654778e-07,-3.085650459285276696e-07
1.768927607833580635e-08,-3.650827192858492416e-08
-1.160067341994920162e-06,-8.700214859761650280e-06
1.642967061134310104e-08,-3.491212324521581791e-08
-1.079485912177150304e-06,-7.220221126410465077e-06
1.539505633311082194e-08,-3.369773462064291406e-08
1.472318458120482015e-08,-3.299884400502977407e-08
-9.501457968900252870e-07,-5.669198337898189580e-06
1.454150345554473904e-08,-3.322607580227788025e-08
1.891528834168943160e-08,-3.828249223053012436e-08
-6.816355753755959685e-09,-1.850243073480330911e-08
-1.204001032057803401e-06,-1.006908089713224591e-05
2.085733031266540953e-08,-3.555774973988204451e-08
-3.490805301297926749e-07,-4.593351537171529887e-06
2.015289407616768200e-08,-4.019464864387321707e-08
1.508404852923646567e-08,-3.576842327386378330e-08
1.894462416225786744e-08,-2.767129996212934198e-08
5.416077171382101219e-07,-1.131864259677491177e-05
-6.599239088164506482e-07,-3.574065292958302685e-06
-7.720500374467720907e-07,-1.134327762694831123e-05
1.065356100879999370e-08,-1.428071742139526961e-08
1.831207072814879117e-06,-1.084257541779762916e-05
-4.984311788800765317e-07,-2.562737528782940734e-06
1.673452284867504019e-08,-4.361202430630263303e-08
-3.876860336437896766e-07,-8.532059548749908998e-07
1.335149289721666284e-08,-1.130170091056888983e-07
-8.379777478418766308e-08,-3.112056090329938378e-07
-1.598929386485092309e-07,-1.783833215266444664e-06
-1.918805897117666171e-07,-1.012524960568133118e-06
-3.834594421315754193e-08,-2.310652672078727649e-07
2.054558094109492631e-08,-6.964114784503896411e-08
-2.642028263826183126e-07,-4.574469951050473469e-07
-5.728259793508092336e-09,-1.766414809143096185e-07
1.762712674732552935e-08,-3.636988540544629674e-08
1.504804392210276153e-08,-3.292533827654351926e-08
1.771901168226678861e-06,-9.400413200677922238e-06
1.433192036348479014e-08,-3.183611227411671368e-08
1.763800400304841149e-06,-8.567110815143219349e-06
1.428557702519866323e-08,-3.142030795038222445e-08
1.521792096562049668e-08,-3.237391875113827231e-08
6.194322434013624714e-09,-1.440450946931814700e-08
1.878981242683692000e-08,-4.202081902845590121e-08
6.777701369525303356e-09,-1.510360121244610299e-08
7.986607550199331124e-09,-1.589471340292145536e-08
1.861935037748267997e-08,-3.109311201034449759e-08
6.770974205665443458e-07,-1.111864177515230094e-06
8.054259848309007715e-09,-3.988989363636423055e-08
9.923352901518154933e-09,-1.755582253982821694e-08
4.769577536622034817e-07,-5.883788672858456127e-07
-1.459574633921781869e-07,-3.005986023452797885e-06
1.254799016558268838e-08,-2.158893277294072257e-08
-5.497764295339420878e-08,-1.299006216681026052e-07
1.975565396366658516e-08,-7.020725176486574714e-08
5.809197987824149726e-08,-5.062475673918821081e-06
-1.746274773327916969e-08,-1.324560319432678130e-07
-2.062727791303347356e-07,-3.510881277057812939e-07
-9.329699586015113425e-10,-4.435098208083289558e-08
8.268449583781685497e-08,-1.111768933414985637e-07
-3.586256032989283699e-08,-1.577800282318467154e-06
2.008226976553071625e-08,-3.763860011198271403e-08
1.073340817912239132e-06,-3.444123273468189646e-06
1.463692023572448403e-06,-5.214009268895149209e-06
6.668300484544207569e-09,-1.390739936746163960e-08
1.403705914544124888e-08,-2.831610790339178451e-08
-7.079250792102267052e-09,-1.570976602640558566e-07
-6.950604997989202997e-07,-8.690660076340252379e-06
-5.913436812293133242e-07,-7.198094252306921186e-06
-4.547875636023292171e-07,-5.633028944974053231e-06
-7.983532325770486432e-09,-5.328569911855065007e-08
1.445218511116032455e-08,-2.085026299499531498e-08
-1.081848289017329821e-07,-1.756425372366325450e-07
-8.292452282349040390e-09,-9.147384363106249696e-08
-6.143669990527018419e-08,-1.825271193473491125e-07
-7.621034295795809437e-07,-1.004641675134076004e-05
-5.495129829125601534e-09,-4.264829209715504920e-08
-1.624979811723816744e-07,-2.891950396516802818e-07
-8.394868229636672081e-08,-1.910898845547067913e-07
-3.057352583801146780e-08,-2.024619296590433125e-07
-2.770508923933443750e-08,-1.518753457965581572e-07
1.284127916232308906e-06,-4.083318246750542185e-06
1.515911065570106085e-06,-5.807860525662806424e-06
7.195720040626021678e-09,-1.379762723637697224e-08
1.665831363495458108e-06,-7.534969655353253819e-06
9.072015977115456335e-09,-1.387495409917150956e-08
6.168875729989360911e-09,-1.419457209455054733e-08
1.004945353863997522e-06,-2.322203035592297185e-06
1.128706773281006159e-08,-3.626447895708247193e-08
1.620969740133514996e-06,-6.992205386033228679e-06
1.750248283791603016e-06,-1.025977143472065472e-05
3.741897364988544289e-07,-4.042069052682702506e-07
2.708676007294729985e-07,-2.548275399718071266e-07
8.988848744128695455e-07,-1.874483526330614713e-06
1.615922670168592357e-08,-3.441188887452458085e-08
1.881363360997567370e-08,-3.782414675530073686e-08
-8.298912280318352928e-09,-3.591757143159959984e-08
-7.229233106530064523e-07,-9.157463136624495467e-06
-2.708005981451761151e-07,-4.065933660952022709e-06
-6.303874358514289242e-07,-7.706946412325884144e-06
9.693857585893650926e-07,-1.084799809627036447e-05
-5.010430812635938454e-07,-6.156114370829415141e-06
9.496986512326197756e-08,-1.087681876136960491e-05
1.749390069071933210e-08,-3.717450366028683642e-08
-7.713808148096748808e-07,-1.048029898393524176e-05
-2.638234073771503269e-07,-8.426720278295805303e-07
-2.992246635371713308e-07,-6.847117699408527579e-07
9.687077231234532610e-09,-1.334052783304048665e-07
-1.392246575296711730e-07,-3.341990701968708680e-07
1.962732912526469492e-08,-3.885815644583180118e-08
-6.054272833129276466e-08,-2.048404901581328071e-06
1.781616268161973190e-08,-9.548644046805701972e-08
2.077873761471289551e-08,-5.990091256625624235e-08
1.952793006094416159e-08,-4.671352959682244809e-08
-5.605502861740665332e-08,-2.557454615695370090e-07
-5.676531018515029684e-08,-1.164824043947336391e-06
-1.165926410617518801e-08,-1.791159205152515728e-07
-1.980641315295136916e-07,-3.354980202666997293e-07
-3.122361669701129333e-07,-9.594903459058382782e-06
1.022564157814859636e-08,-1.968640305101466804e-08
-2.382384040499747606e-07,-8.689876313442330302e-06
9.081901425551086209e-09,-1.983249294331867953e-08
-1.616375500918059473e-07,-7.686144057126920292e-06
-1.161516176741387067e-07,-6.777967023338514670e-07
-5.864081696764519434e-08,-6.647727425680440797e-06
-3.788974110509400883e-09,-1.117486489062887622e-07
8.568644598775711715e-07,-4.300345760314114666e-06
1.146307346327122119e-06,-7.250880703110364466e-06
1.916870324864682185e-08,-3.913551773350816741e-08
2.581714226125576160e-07,-5.456069576167006008e-07
6.952009583281421643e-07,-3.231280176582460052e-06
6.091317788486912194e-07,-2.383279114725127918e-06
1.359352455289635205e-07,-2.251966733743501879e-07
2.900935179550421534e-08,-5.579596874715789642e-06
1.007133063780873996e-06,-5.957777439490077121e-06
9.834185088701543941e-07,-5.366435794582813744e-06
-3.380981501681626182e-07,-1.045740592497100800e-05
1.922470193817474363e-08,-6.235416687382312734e-08
8.575670320590946059e-08,-4.561302569018268975e-06
7.231833220507468801e-09,-1.112538802428250094e-07
1.197413922773707382e-07,-1.337671253320041796e-06
-1.104235410259915626e-07,-1.748256455951611517e-07
-1.136382117844808803e-08,-1.205839730470060117e-07
1.957002838880121031e-08,-3.479218537461446327e-08
1.359842665960426662e-08,-2.458170497429202723e-08
8.801652003541403307e-09,-1.982785971398586446e-08
8.821272142211275565e-09,-1.649234824821008609e-08
1.260783544032392653e-08,-2.011703914973873912e-08
7.301095363688970714e-09,-1.544683041950533391e-08
6.399685507338792785e-09,-1.473695614074034993e-08
1.119560159153094623e-08,-1.921405734161062515e-08
1.719394152628227574e-06,-8.067595168442888011e-06
1.780895644405281383e-06,-9.060357736261655785e-06
1.945268738238398828e-06,-9.847083529294747129e-06
7.879360123898271007e-07,-1.465865049612510458e-06
5.736224858842379550e-07,-8.185061393338831413e-07
-4.726434293774493033e-09,-6.374450346037863589e-08
3.834591322941278252e-09,-4.277419928059403387e-08
1.693572424095564609e-08,-3.546979612710958279e-08
1.555483460933923262e-08,-3.361941277607332173e-08
1.462840968550277825e-08,-3.232612840553091569e-08
1.420700642213019637e-08,-3.150803665707760803e-08
1.779761363686887013e-08,-3.646179063257960885e-08
5.318160061367861571e-07,-1.085411005759335201e-05
-1.194932392830133186e-08,-1.498190375739694055e-07
1.460036955053723020e-08,-3.166828179365627569e-08
1.621001270973440701e-08,-3.405894255156713817e-08
-1.907084256155533177e-07,-3.527147992286972325e-06
1.699631460083974365e-08,-2.646114830231803847e-08
-2.236558764491783439e-07,-4.368568964261024375e-07
1.629657046595068199e-09,-1.333866251147068079e-07
-1.187613519452743066e-07,-2.701032973031191166e-07
-8.954412248901083805e-08,-8.775917184995786531e-07
1.803698001578480462e-08,-3.901611737337996251e-08
1.378095892584955990e-06,-1.047225932475243115e-05
1.907815671026018536e-08,-3.674041960287789852e-08
-1.182970801844443519e-07,-2.524079096576993004e-06
1.460022677681727523e-08,-5.243170001596650447e-08
-1.723690697362475877e-07,-2.800815757363155764e-07
1.563453860561556494e-07,-1.730923269570300974e-06
-8.160806958501218307e-08,-2.463082913412882434e-07
1.462255160112313159e-08,-1.130699365748375850e-07
1.878479440678408517e-08,-7.732516650613500110e-08
-9.010584038992620579e-08,-2.918862388781489809e-07
2.049169519423673612e-08,-4.748872550546777580e-08
-5.281486140887335067e-08,-2.224903010631414713e-07
-1.703120222453067340e-08,-1.677554704316826851e-07
-1.476281452245684985e-07,-2.438198887778317182e-07
1.602456783506299579e-08,-3.341770602265427415e-08
1.324961176315962531e-08,-2.946560446833255022e-08
1.337014986788067186e-06,-9.124296805467154117e-06
1.321251751987961907e-08,-2.907577358938682844e-08
1.148563608787477552e-08,-2.475880283260870736e-08
1.076236079150033694e-08,-2.153904620669175882e-08
1.467674955401451603e-08,-2.963940430590769391e-08
9.009191975842575475e-09,-2.042734787223236568e-08
1.504672030303095274e-08,-3.221092736979561547e-08
3.049447960070210128e-07,-7.662582839872054112e-07
1.567686794107414890e-07,-4.079287424924397728e-06
1.159921516769540510e-08,-2.209250693041305349e-08
7.788028866936523791e-08,-7.176200739602162324e-07
1.269914379832048382e-08,-2.324548690727417872e-08
1.762039375403242002e-08,-3.403333263882777976e-08
1.853019061575764413e-08,-2.201319799612917150e-07
4.643647468802010315e-07,-1.909970963623135188e-06
2.443412636637634511e-07,-2.469340621358260299e-06
3.403766200684389940e-07,-3.499233927087852383e-06
1.334998733227587045e-06,-9.700724881634191439e-06
1.429512504374944373e-08,-2.566790951719000217e-08
1.737971364382740257e-08,-3.344185295200003791e-08
1.212440521089960782e-06,-8.314287844289782372e-06
6.761323007217207080e-07,-3.876220838452386572e-06
1.122377174471731457e-08,-1.977902413007730355e-08
8.700315964863241935e-09,-1.987093326371463383e-08
6.694012957959771211e-07,-2.849607139334028246e-06
1.176335322968860090e-06,-7.781938939368167836e-06
-2.998033054345681005e-09,-9.088047255272377482e-08
1.829914549447497515e-08,-3.385665142638584533e-08
1.969930061622968243e-07,-3.693774100409866714e-07
-5.075905082461990704e-09,-1.343347977596924647e-07
4.930184149121156445e-07,-6.054188808667353166e-06
1.047185512805035222e-06,-6.669394377545077007e-06
9.398358256695587127e-07,-4.812758670906973343e-06
9.479903181857432835e-09,-2.086873222362912603e-08
9.527202324639736640e-09,-1.970876873163784067e-08
1.056703536056134953e-08,-5.757809786805297210e-08
3.380887751997728449e-10,-6.498409156485562778e-08
5.057060625782435077e-07,-5.490669244206522337e-06
1.448861464909136061e-08,-3.158096360415555522e-08
-1.145859599533367878e-07,-7.169711977713825874e-06
8.653480621477434710e-08,-1.043144073830864775e-05
1.400989873392062735e-08,-3.094099011383648576e-08
-1.995905927497005825e-07,-8.193069980815768442e-06
-2.805807874785990638e-07,-9.154426207502995119e-06
-1.991945919831205461e-07,-5.380293793787705072e-07
1.347656137335074172e-08,-2.901060013024050964e-08
-8.944531861800575676e-09,-6.108056713941698207e-06
9.942355984616152818e-07,-1.027656152292085268e-05
1.523556403582978969e-08,-2.557984281176273093e-08
8.162516924945682675e-09,-1.215762607709651201e-07
1.811385972237098970e-08,-3.577083127887123031e-08
4.590721562009721520e-07,-1.475844779471424482e-06
1.746571348724400677e-08,-4.666786849545904065e-08
4.991335120159730607e-07,-4.957795463356691872e-06
-3.312549968945372244e-07,-1.002485559668145983e-05
2.001043263297402395e-08,-5.234622301197844146e-08
4.276338736684262222e-08,-9.378869433521673062e-07
-1.438974638944593477e-07,-2.709837990528968091e-07
2.171600200046380481e-07,-2.159834321987139756e-06
2.478162175439446469e-07,-1.508697280094214135e-06
1.674583789051071584e-08,-6.675488226388870747e-08
1.646701627882147447e-08,-8.927309297071420769e-08
8.986815535857803186e-08,-9.583307541512399390e-06
1.274961361642292587e-08,-2.480591142516223746e-08
2.189676907964238068e-07,-8.707901532572720626e-06
1.116328848945603106e-08,-2.493732038320577828e-08
7.101463533159396846e-07,-7.501148898701563705e-06
7.700643789733069257e-07,-9.909347768910785510e-06
3.431637110278719091e-07,-7.139852808690097165e-06
1.716052652719964428e-08,-3.301696927046932350e-08
1.027357786058297868e-08,-2.327761755150416316e-08
1.571599558537973710e-09,-7.962809085467117171e-08
1.409301795223976270e-08,-2.918678565186220911e-08
1.135605090600335983e-08,-2.549810395606046810e-08
-1.624903046678285015e-07,-3.600227568744794705e-07
4.350885838312999011e-07,-6.615302999675218644e-06
1.380388833941438015e-08,-2.503228234583961099e-08
1.200217490619486649e-08,-2.477874728813895818e-08
1.003729596435908783e-08,-2.113874157937392245e-08
1.430816199141515832e-06,-8.675844021962095099e-06
1.596637400647991018e-08,-2.894986742907374607e-08
1.738707304396626642e-08,-3.499945894026203392e-08
1.350040082068198246e-08,-2.898080064603473112e-08
1.576036228365428064e-08,-3.011617588430060626e-08
1.356407642733257639e-08,-3.015142708371320942e-08
1.208158868839105430e-08,-2.562334155502863218e-08
-4.527963144588673020e-08,-5.217673411552785388e-07
1.397651123637827478e-08,-2.920903603264651451e-08
2.720240648324057951e-07,-2.926277896122952033e-06
5.555383999368249837e-09,-6.198919513634081146e-08
3.157789962159650229e-07,-1.092339540578928992e-06
1.314723137140473963e-08,-2.864621019929023078e-08
1.707670066262582615e-08,-3.016575292000798618e-08
5.077168804469096782e-07,-1.039025786502183843e-05
2.657848707408950327e-07,-8.166771969355580786e-06
8.123139982449088530e-08,-9.998619120066289836e-06
7.045645370027470313e-08,-5.227248608401767042e-07
1.270532963408050410e-08,-2.583997202177651177e-08
-7.581605129457100210e-08,-2.363136623395400911e-07
4.366788674698348783e-08,-3.603430771998207905e-07
1.219706651783047664e-08,-7.148842522232258173e-08
9.749775664962496702e-10,-1.175042866065191691e-07
4.721827907239749348e-07,-4.476695234497714152e-06
1.320305215075118927e-08,-1.050124201057584584e-07
6.753637501198056418e-07,-7.127907480707502907e-06
1.348582982443911684e-08,-2.624027818784094599e-08
4.361132192415755792e-07,-4.134433891276298737e-06
8.380029597971379420e-07,-9.546728783270459653e-06
7.968704904923932145e-07,-8.841862809574377359e-06
1.383857102870320822e-07,-9.170030517026429897e-06
7.311128750108226326e-07,-8.045370411227201771e-06
6.341929966343436014e-09,-8.201929231163967560e-08
-9.875162009873869129e-08,-3.895829957532133383e-07
1.162130558051023356e-08,-2.547180669471414811e-08
1.306922707357426349e-08,-2.899554549013922235e-08
2.851685269182509532e-07,-7.630537754395986619e-06
1.639415560544001722e-08,-3.279540457498622052e-08
5.352485832123022141e-09,-1.040051760629933643e-07
4.717846974990581525e-07,-9.960422013597999841e-06
1.576086640005631288e-08,-2.949445752141334150e-08
1.207465059129770929e-08,-2.713311503645265094e-08
1.075671778479181230e-08,-9.557141568033442725e-08
1.396615738191402149e-08,-2.647238987168076097e-08
4.567849808920517465e-07,-9.546544974171416469e-06
1.479538202120945897e-08,-2.925272830898412613e-08
4.376391354988259932e-07,-9.219410239928297037e-06
