Size 20
1.000000000000000000e+00	0.000000000000000000e+00	0.000000000000000000e+00	0.000000000000000000e+00	1.159340659340661240e+10	2.898351648351652145e+09	0.000000000000000000e+00	0.000000000000000000e+00	-1.063957048205844574e+11	5.246005744539791107e+10	0.000000000000000000e+00	0.000000000000000000e+00	0.000000000000000000e+00	0.000000000000000000e+00	0.000000000000000000e+00	0.000000000000000000e+00	-2.621914815981964111e+11	0.000000000000000000e+00	
1.000000000000000000e+00	0.000000000000000000e+00	0.000000000000000000e+00	-2.898351648351652145e+09	1.057898351648353729e+11	0.000000000000000000e+00	0.000000000000000000e+00	5.246005744539790344e+10	-1.871632470096307983e+11	0.000000000000000000e+00	0.000000000000000000e+00	0.000000000000000000e+00	0.000000000000000000e+00	0.000000000000000000e+00	0.000000000000000000e+00	-3.497337163026527405e+10	0.000000000000000000e+00	0.000000000000000000e+00	
1.000000000000000000e+00	0.000000000000000000e+00	0.000000000000000000e+00	0.000000000000000000e+00	0.000000000000000000e+00	0.000000000000000000e+00	0.000000000000000000e+00	0.000000000000000000e+00	-1.063957048205844574e+11	-5.246005744539791107e+10	0.000000000000000000e+00	0.000000000000000000e+00	0.000000000000000000e+00	0.000000000000000000e+00	0.000000000000000000e+00	0.000000000000000000e+00	0.000000000000000000e+00	0.000000000000000000e+00	
1.000000000000000000e+00	0.000000000000000000e+00	0.000000000000000000e+00	0.000000000000000000e+00	0.000000000000000000e+00	0.000000000000000000e+00	0.000000000000000000e+00	-5.246005744539790344e+10	-1.871632470096307983e+11	0.000000000000000000e+00	0.000000000000000000e+00	0.000000000000000000e+00	0.000000000000000000e+00	0.000000000000000000e+00	0.000000000000000000e+00	-4.038377122687772369e+10	-1.861951219610849609e+11	
3.767857142857149506e+10	-8.115384615384629822e+10	4.057692307692314911e+10	-8.115384615384629822e+10	-7.535714285714300537e+10	0.000000000000000000e+00	0.000000000000000000e+00	0.000000000000000000e+00	0.000000000000000000e+00	0.000000000000000000e+00	0.000000000000000000e+00	0.000000000000000000e+00	0.000000000000000000e+00	0.000000000000000000e+00	0.000000000000000000e+00	3.579464285714292603e+11	
-7.535714285714300537e+10	-2.318681318681323242e+11	0.000000000000000000e+00	0.000000000000000000e+00	0.000000000000000000e+00	0.000000000000000000e+00	0.000000000000000000e+00	0.000000000000000000e+00	0.000000000000000000e+00	0.000000000000000000e+00	0.000000000000000000e+00	0.000000000000000000e+00	1.391208791208793945e+11	-7.535714285714299011e+10	-5.796703296703308105e+10	
0.000000000000000000e+00	0.000000000000000000e+00	0.000000000000000000e+00	0.000000000000000000e+00	0.000000000000000000e+00	0.000000000000000000e+00	0.000000000000000000e+00	0.000000000000000000e+00	2.521565934065939026e+11	3.478021978021984863e+10	-2.028846153846157455e+10	0.000000000000000000e+00	0.000000000000000000e+00	0.000000000000000000e+00	
0.000000000000000000e+00	0.000000000000000000e+00	0.000000000000000000e+00	3.880267015057094727e+11	6.869125623523524475e+10	0.000000000000000000e+00	0.000000000000000000e+00	0.000000000000000000e+00	0.000000000000000000e+00	0.000000000000000000e+00	0.000000000000000000e+00	-1.425101175642456665e+11	-8.057439060371000671e+10	
0.000000000000000000e+00	0.000000000000000000e+00	0.000000000000000000e+00	0.000000000000000000e+00	-8.637109390041329956e+10	-1.735228023709094543e+11	0.000000000000000000e+00	0.000000000000000000e+00	3.880267015057094727e+11	-6.869125623523524475e+10	-5.796703296703308105e+10	-3.478021978021984863e+10	
6.128426427871342773e+11	-4.057692307692314911e+10	-2.028846153846157455e+10	0.000000000000000000e+00	0.000000000000000000e+00	0.000000000000000000e+00	0.000000000000000000e+00	8.637109390041329956e+10	-1.735228023709094543e+11	1.391208791208793945e+11	7.535714285714299011e+10	
0.000000000000000000e+00	0.000000000000000000e+00	0.000000000000000000e+00	0.000000000000000000e+00	0.000000000000000000e+00	0.000000000000000000e+00	1.000000000000000000e+00	0.000000000000000000e+00	0.000000000000000000e+00	0.000000000000000000e+00	
2.691603995966129456e+11	-4.294016351409559326e+11	-1.478159340659343262e+11	6.253701626349006348e+11	-1.536126373626376343e+11	-2.656522383029061890e+11	8.341032343033979492e+11	3.226817183195906448e+10	6.253701626349006348e+11	
-6.309904343915640311e+03	0.000000000000000000e+00	-6.309904343915643040e+03	0.000000000000000000e+00	-1.604343750000000227e+03	0.000000000000000000e+00	0.000000000000000000e+00	0.000000000000000000e+00	
0.000000000000000000e+00	0.000000000000000000e+00	0.000000000000000000e+00	0.000000000000000000e+00	0.000000000000000000e+00	0.000000000000000000e+00	0.000000000000000000e+00	
0.000000000000000000e+00	0.000000000000000000e+00	0.000000000000000000e+00	0.000000000000000000e+00	0.000000000000000000e+00	0.000000000000000000e+00	
0.000000000000000000e+00	0.000000000000000000e+00	0.000000000000000000e+00	0.000000000000000000e+00	0.000000000000000000e+00	
0.000000000000000000e+00	0.000000000000000000e+00	0.000000000000000000e+00	0.000000000000000000e+00	
0.000000000000000000e+00	0.000000000000000000e+00	0.000000000000000000e+00	
0.000000000000000000e+00	0.000000000000000000e+00	
0.000000000000000000e+00	
0.000000000000000000e+00	0.000000000000000000e+00	0.000000000000000000e+00	0.000000000000000000e+00	0.000000000000000000e+00	0.000000000000000000e+00	0.000000000000000000e+00	0.000000000000000000e+00	0.000000000000000000e+00	0.000000000000000000e+00	0.000000000000000000e+00	0.000000000000000000e+00	0.000000000000000000e+00	0.000000000000000000e+00	0.000000000000000000e+00	0.000000000000000000e+00	0.000000000000000000e+00	0.000000000000000000e+00	0.000000000000000000e+00	0.000000000000000000e+00	