258424.355958
291408.081315
0.044140
0.010181
307885.681957
349962.086909
0.052893
0.016971
261199.615423
497254.149682
528717.529115
3695520.822421
3536547.304618
501587.157292
790495.045528
16493121.170438
506017.002841
309878.203746
18455.131456
1692.863552
15078.682014
227410.741258
307138.709547
5200931.333434
6712875.827259
2647735.348932
1858618.176654
3879683.974726
396436.568763
1936732.290035
2590650.796998
3941876.465884
3789947.737917
1216879.262915
3663950.648007
2646685.782334
4524739.156385
1686459.399072
8177547.858543
1252096.578970
2380228.239414
5746181.278231
3027412.025264
8610070.916483
5899171.220614
8443003.193597
2112879.409966
2078622.345092
4241903.851004
3665296.527147
3503368.340907
1461772.749387
5567526.503740
2793679.555138
2929230.135660
4088261.023589
5683437.464459
3221783.201563
4895073.873453
1038046.884907
7635504.359755
1048829.069373
9547900.434678
3840051.043479
765882.265346
2393285.852432
7797014.342711
10198281.686853
2789019.096532
1184764.166963
3733736.817008
7165180.148001
9429956.762997
794478.096764
2874783.501746
7624422.425784
9644948.429070
668165.133910
2062546.619071
8899705.009621
575858.683454
9238040.774011
1773992.437860
603304.274305
1502791.371583
8772186.253239
12586498.075350
7300259.442032
294867.235176
12475966.403451
768333.422376
2008081.867187
274959.577646
557691.678492
13680770.410966
13507228.056094
249032.654019
428064.204325
12887727.164944
18806913.119773
293022.086766
375830.254267
11953508.359049
16610481.248823
7240818.662819
10242287.981141
513197.761517
1510443.643594
7337926.156553
9676083.091388
511018.589459
1129015.259336
1356284.340387
539708.312996
11386003.213429
301571.146908
4347570.216519
6810078.874766
9273088.032265
248356.894703
350777.941912
6178448.274197
8743879.726610
171661.925022
225702.610723
4511238.300125
8000842.084340
233819.588281
172298.990877
3986125.015543
5159040.198588
7499885.077670
9636842.123788
11705347.841383
13391176.281919
15369243.883581
17976427.265543
21034888.532934
23536205.130263
25231367.560875
26765653.976950
27211235.378942
26852487.165673
25190215.375260
22590806.672507
19375152.849655
15140354.172763
11838320.529707
8989026.611818
6207071.405606
3667327.243088
1486741.373871
0.079556
0.209303
4.071147
29.317464
129.313870
241.029325
1743.929825
30601.775146
0.028993
0.024146
0.003176
0.031860
41138.598077
3508.076793
195.778827
91.030567
12.547996
1.000869
0.069627
0.027317
5263043.236923
7206751.238238
10691684.220859
13913524.926398
17063771.889410
19710569.128207
22728961.208746
26360520.517980
30195175.912735
32846252.708803
34389799.417560
35803085.166326
35889488.522276
35092470.726335
32783212.508358
29562421.660252
25625028.320729
20309630.952656
16420924.485052
13226001.258819
10138829.790433
6853442.202515
4313505.814139
0.092438
0.329545
5.598810
39.377222
170.664438
298.346617
2455.929259
41668.303725
0.034604
0.013902
0.009620
0.047880
35445.784582
3109.111906
126.773430
73.694878
9.671851
0.645223
0.071243
0.018232
2232432.384723
3916850.746359
6150390.877222
7966438.337788
9494222.609342
9977340.342235
9951550.047526
9359981.994281
7956114.140044
5722468.403676
3712242.275823
173220.137893
152743.436785
11389282.786376
9357148.923395
7631474.878082
5588759.627720
3627181.929181
2361045.656082
8676481.232346
9579692.765241
8506615.890518
7923413.107441
8833980.112811
8096523.658679
5541037.001264
6431208.639470
2266625.277391
242543.509266
306211.823664
13953561.871745
13276095.378712
12732863.416107
10728316.882636
10257078.658024
11473242.863856
13980914.920201
11486526.058645
11520724.878135
10933516.591740
11255198.188364
11647036.067947
11493190.884127
11174959.358838
11493456.055078
10882433.396370
9549559.089616
8835485.530631
7823120.271213
5269301.516293
3625265.382856
2473986.178297
6842940.665445
10070268.228947
13394261.963731
16593628.548832
19685293.522391
22672461.872472
25553646.260262
28329178.789806
30998984.751557
33563121.865185
36021553.782425
38374292.881558
40621308.721821
42762621.828803
44798246.661732
46728150.625661
48552383.440467
50270915.868344
51883745.698674
53390862.998702
54792284.260992
56088011.548623
57278023.886585
58362365.134334
59340993.536158
60213917.067709
60981146.865565
61642678.540375
62198500.249477
62648635.699910
62993084.562058
63231810.431765
63364840.600693
63392179.696336
63313813.720362
63129741.507291
62839979.628465
62444523.588535
61943347.050865
61336475.523433
60623908.516199
59805543.488794
58882433.856328
57848593.733154
56721263.484221
55533985.910685
53547778.717362
55537039.896962
45234831.735526
139093.697586
214360.749058
270920.203290
290.316371
52.708653
581.660373
2961.743126
3272.577272
249071.202692
212257.435602
146148.629014
18645975.984353
24339864.738225
24999058.095719
27203950.851961
29022331.317835
30753603.241802
32384112.279039
33906870.114197
35324322.017550
36636025.254728
37842034.412529
38942344.222722
39936943.094127
40825854.204721
41609054.695768
42286559.810203
42858358.978652
43324466.967774
43684875.031510
43939573.485511
44088584.286986
44131890.154644
44069496.085575
43901403.490865
43627615.215613
43248129.247456
42762935.578673
42172050.875066
41475463.419022
40673178.420318
39765200.595676
38751510.078585
37632122.246349
36407034.897655
35076256.649363
33639774.787618
32097595.578552
30449720.884801
28696124.386383
26836834.897045
24871841.707306
22801158.418581
20624772.361675
18342712.179257
15954741.502505
13462001.101173
10861767.983083
8143010.524081
5467861.373488
1891137.595952
7672393.011012
6466809.844711
4630656.814880
2083727.111362
2968052.252754
3688810.281459
10908721.643862
9459683.039011
8610555.468549
7740396.387524
6321274.815911
1803444.344802
3121553.977826
5092696.033525
8909230.089079
149084.123307
2591960.463868
3794919.736116
5234431.582176
7076657.443199
10198826.869164
2809940.457089
2794789.509451
3676333.830448
4493252.010387
5385094.476180
7635383.763785
9769076.566788
8251369.680352
8548383.779985
9063304.101438
10531242.960228
13299653.581477
11103888.224468
10482096.596552
10266903.215828
10333521.359091
7408654.645691
5434036.797894
5128707.532754
19443310.621449
18330385.578674
18747141.650616
18983091.352562
18248931.581976
20556476.643828
21528626.813717
16535685.149355
13450717.441216
10399896.785448
9089801.350995
6177636.401450
3599950.694232
3341133.545476
3217562.484569
4551037.865144
5738985.519945
7145716.388667
4698737.548802
6431627.935365
8872615.580222
13612805.859680
15880624.445737
12956230.882370
11815548.078448
10341043.385947
10166914.628229
5420785.474708
6370948.686291
8521600.494700
12480707.654401
8640465.467856
15184319.436115
11795632.701156
7758553.533528
9655075.506365
10668549.103588
12043349.743731
15877019.178246
22526068.747595
18668105.390707
19134705.977822
18427735.125068
19068639.014681
15035070.232230
23975164.623884
25735086.153463
29060141.511135
31649153.904702
33983136.114166
36046197.818991
35602570.280953
34758766.407620
32052321.595009
31859087.412281
2613197.624094
9778921.678921
7736903.313883
6774933.052310
6105521.467341
4451921.901707
3590485.145929
10546767.058174
10657740.604443
14260318.758341
14644429.387195
11303063.670719
9243647.771047
7171308.996549
6295822.963312
4404449.790984
5031372.971735
5477903.615673
5309792.682559
5428507.779630
5721980.524747
4647407.557725
7155586.674160
7255233.736619
7673646.850500
8826165.145409
9381252.158083
12199470.727273
13110877.150014
10138977.965242
8436735.493661
18045587.472641
19658151.755364
22352739.433809
24345254.608045
25994869.652436
27281114.148000
26537767.192176
25389243.864715
22857213.730275
22017369.804782
8990335.839173
8722271.354239
9070067.655625
9303439.218465
9684353.224575
3870509.676569
2405039.132945
4238249.998576
4423221.602004
33058049.445230
28227444.909956
26784189.035496
25761836.863255
24469012.033253
22975465.997647
21351041.817160
19600445.591633
17716702.387705
15317424.854904
13504996.948285
12368535.631899
33388192.197439
29363707.461324
28650831.243840
27675689.880689
26870485.802328
25974426.948310
24837140.206417
23560908.386791
22183414.349012
20703346.998407
19090862.631467
17320879.529496
15152314.477610
13381722.212489
11412079.346210
10101482.886657
17836728.204224
8135539.952559
12895991.733764
14127726.708191
16010169.690909
17928884.372831
19338306.840101
20992871.379959
22530528.294963
23946464.665573
25724985.483287
26862331.316741
27339866.545073
30995768.132399
25418664.712639
35852505.342591
31785773.526877
31390408.733806
31008426.252665
30010378.298607
29457384.784417
28790211.664661
27853432.144256
26770942.140340
25588170.629431
24297340.947955
22898804.649210
21398204.341115
19762210.121184
17953252.348078
15757962.708879
14029056.128199
11952671.198645
9867655.966486
8192269.046203
6638486.455875
10682472.346070
12115757.843194
14124178.448851
15810240.640610
17654627.887427
18928708.620219
20466715.249658
21879794.900454
23197854.662293
24422228.644881
25515011.916307
27033786.765014
27735784.448975
28347979.182336
28851646.439623
31541700.968045
26904687.595436
19919490.940439
5053158.797449
3172621.575299
2563755.930334
2352000.205846
12661138.241877
9110581.797937
9136612.581275
8778737.504161
10709065.397645
11001362.764267
12231511.185755
14050841.096301
16412435.448743
18275939.835701
20009907.200390
21619190.000197
23098945.172512
24382810.495809
25407939.714892
26830234.133357
31464156.233864
17040056.235890
9196191.324757
10550681.544460
12483374.399098
14221935.991538
16338658.284868
18064923.079151
19637562.449491
21079115.081871
22417948.313213
23655273.568661
24755157.748165
25620107.501629
26393802.613058
27323320.064547
27998711.447798
31838488.219789
24080138.606137
29503518.653379
25961179.908426
25471990.980948
24343026.298335
22602130.934955
21199161.119276
19675833.842710
18037055.155411
16619326.242616
14722143.431419
12872330.054061
11550775.840073
7160956.470712
17454797.934286
7411756.481399
9046440.453186
11028445.949046
12993298.359655
14629215.055886
16693136.432071
18387229.359066
19913361.215457
21306050.516194
22596290.259662
23778877.876124
24853541.646031
25827429.164111
26658294.357264
27232688.952015
27686976.482034
28548643.112237
28835678.014856
29150859.961802
32596742.028754
25621450.037937
30077169.264208
27511649.654406
27035434.723158
26450339.775414
25774983.334260
24316340.211729
23259246.772517
22072116.628420
20791042.251193
19414771.599041
17914978.374500
16659167.348972
14859628.016878
13210912.621571
11246845.898578
9796554.302387
5942259.382886
40377716.379160
36262626.698823
36038283.546614
35886392.344493
35434661.989522
34921955.995806
34356171.930338
33649261.519218
32796794.009842
31832243.076086
30760926.111619
29581918.748432
28295338.544560
26901019.883961
25399895.853176
23786914.066088
22091122.187314
19950126.525751
17998353.544868
15954217.539027
13832873.273789
11566417.430115
9266816.675723
7229198.239614
16830600.648751
5139431.634709
8943395.411751
10645110.761331
12802318.346567
14725013.349369
16485272.743381
18388798.462857
19659918.790878
21230199.968077
22671512.603078
24016973.534336
25261171.249419
26403774.020093
27452290.724207
28361391.187518
29790072.696447
30253355.192399
30596290.632535
31360190.207292
31362022.722201
33928533.722139
28819836.970180
46896916.422475
42103583.839620
42081875.629718
42148254.692198
41879743.490253
41559901.983280
41124857.513124
40643376.214175
40036082.037017
39265925.502341
38384456.711297
37395625.989110
36298864.696387
35093868.413961
33780938.129938
32360052.217599
30830819.381043
29194547.499631
27445747.930171
25615265.892361
23319942.517909
21229454.057031
19046042.453063
16778835.767913
14404460.212650
11893187.116826
9356717.783707
6973069.281334
4309425.316814
8149070.405340
10152015.872328
12496401.385171
14675083.664368
16743131.081776
18785615.732121
20339917.004466
22023403.032717
23657501.349319
25213864.512909
26664057.225875
28012870.269179
29259483.162893
30404085.846518
31446423.316341
32387615.413461
33222318.121225
34042692.247306
34721314.053612
35247961.816123
35706487.077272
36087470.712865
35865367.358501
38495829.114764
32121676.008654
20545645.566789
57162005.004687
51457085.967881
51828140.257125
52412646.145514
52578835.001876
52712665.213267
52730404.838415
52638525.739955
52441037.090468
52195425.202638
51858744.053836
51322378.514360
50677114.272774
49923316.568111
49060898.426184
48089836.794728
47010409.723098
45822307.666357
44525617.650034
43120331.843625
41606391.325569
39984074.784154
38252971.850249
36414119.327317
34461741.957938
32429411.763637
29903933.687971
27605456.448998
25212259.596525
22736694.871327
20146619.248735
17450270.684327
14650407.492950
11722715.379045
8745499.050552
5791614.444359
21495180.568601
668205.910144
739629.822964
3949834.637857
8069199.415917
10347243.339039
12929875.438194
15356793.397730
17677578.465969
19887641.655236
22072389.221415
23749450.060175
25569384.239668
27340109.748767
29033740.739358
30619664.356822
32103300.543542
33483527.808749
34760703.995172
35934865.857355
37005732.187687
37973447.173126
38838495.895772
39597372.960503
40343970.037823
40957365.978840
41402241.923335
41769052.664329
42035015.795865
42237241.678555
41730801.700292
44654523.675410
37002730.000995
60474137.992984
55445792.227485
56095333.462116
56904565.796187
57324245.876854
57705183.534388
57969723.130549
58126723.338832
58177244.795793
58117628.545708
57952041.548480
57738205.551660
57436406.617498
56930738.798190
56316314.823933
55592975.708135
54761107.024995
53820258.427150
52770835.501845
51612700.560517
50345646.797672
48969653.620922
47484977.607301
45891695.643620
44189320.390256
42379227.465504
40455191.808759
38451767.060596
35941154.979260
33665194.722853
31296630.221325
28846029.031631
26280324.158979
23608372.058789
20828845.547315
17941644.091941
14950058.709474
11832398.467720
8665909.017034
5457370.511690
3021815.629556
7113635.351141
9949929.546126
12939151.784230
15791835.717363
18537472.286965
21178870.441304
23713028.754767
26132987.185855
28532006.270057
30394531.914548
32420412.479796
34397300.803829
36297698.318418
38088644.405822
39775886.272511
41358079.084904
42835859.826870
44208815.622422
45477197.180832
46641014.988775
47699971.605041
48654553.699711
49504174.819515
50249276.427172
50889854.908553
51425477.420543
51950041.881495
52367220.862486
52571080.881216
52707836.779883
52732592.717614
52645967.246343
52468024.941054
52232841.868039
51105967.320711
54581483.965365
43493893.644977
28151999.056965
60623442.413271
55792695.260644
56773165.804094
57908085.451561
58653842.904533
59364678.399951
59961820.188031
60454375.379769
60842624.073583
61126189.631988
61305181.978633
61379564.646591
61349327.536513
61214500.397029
60975079.491669
60631049.304925
60182411.014178
59629182.813612
58971351.666956
58208914.910535
57341878.058790
56370249.011491
55294013.417015
54113170.624173
52827733.413289
51437709.055725
49943067.127530
48343814.767031
46639983.311611
44831558.317713
42918504.301968
40900849.762717
38778616.270963
36551783.052624
34220319.340518
31784254.543944
29243615.126106
26598364.908533
23848510.191442
20993985.208656
18034754.370004
14973643.622412
11790403.437067
8562045.665777
5256312.337451
2665093.214899
6898769.476115
9956927.518344
13131749.945153
16176683.650451
19113596.672260
21945275.905731
24670036.426833
27288857.280209
29800338.460652
32196697.330019
34575200.149509
36402539.289532
38400713.077787
40354155.267016
42231573.223608
43998833.562172
45661725.699449
47219189.058825
48671390.171268
50018387.149159
51260262.594008
52397057.259500
53428643.385186
54354964.735917
55175981.667888
55891763.818371
56502331.718579
57008121.217984
57502408.516326
57891864.382704
58063053.793481
58167700.979606
58158774.580006
58043747.481940
57823331.068514
57491043.963651
57065304.917472
56580111.599409
55262251.534170
58138103.639740
47942331.867762
30799087.173827
57463185.184927
53397726.333552
54739303.781299
56235502.233536
57356467.987418
58437991.731105
59405907.192493
60268766.327598
61026848.048158
61679757.346485
62227621.495305
62670421.795679
63008120.150602
63240740.908032
63368297.765151
63390774.109088
63308170.265131
63120501.342438
62827759.785843
62429927.843504
61927031.178350
61319064.007647
60606017.475625
59787899.988025
58864704.884057
57836426.206282
56703084.861575
55464672.194170
54121179.163945
52672621.113868
51118974.383774
49460240.501825
47696435.404374
45827579.642134
43853643.648168
41774627.914595
39590550.335190
37301370.547335
34907100.540533
32407763.935853
29803380.500638
27093908.567942
24279378.856611
21359720.262850
18334833.303856
15207549.251073
11957558.152162
8663907.792801
5281996.688748
2496769.946046
6780344.390918
9941294.390283
13199620.387515
16333038.431161
19359332.474696
22281573.703561
25098245.760058
27809672.938313
30415808.574822
32916657.988309
35312243.630076
37602532.606762
39787536.923517
41867260.535699
43841715.600784
45710877.324842
47474744.422791
49133357.172546
50686685.966457
52134711.983491
53477468.283808
54714958.211946
55847155.435650
56874067.116138
57795701.196588
58612063.284524
59323144.426919
59928931.405152
60429439.118773
60824682.701223
61114637.855971
61299297.032367
61378682.188520
61352797.920952
61221622.140301
60985158.374057
60643406.351480
60196290.479799
59644906.118067
58982901.432096
58228326.573840
57418341.869819
55764525.770290
58322719.837411
48019877.849275
26868361.136828
15116644.819434
6359694.907931
8186647.151045
10238055.981714
12244539.200763
14111402.520194
15897158.987639
17589280.125022
19429563.633064
20868976.988354
22222310.899340
23464394.258366
24599549.522239
25626965.069683
26546836.664810
27359100.079511
28064047.750576
28659572.829779
29093837.409005
29412203.063184
29668287.821714
29856032.162007
29782868.325171
29738214.908417
32835140.511797
26140816.381542
31013880.041590
28781468.304445
28831620.111154
28193585.167233
27925457.995267
27545113.964388
26264563.459641
25457403.221105
24513600.228220
23475243.688895
22335332.898695
21094220.763812
19756983.020859
18292689.909159
17099677.160925
15311713.563831
13652575.639793
11831952.925502
9790110.585971
8142572.117656
4604402.064761
15603366.336709
5930118.802801
7916263.603588
10043578.266137
12127026.381798
14078932.441834
15924195.861947
17680866.940502
19343031.922734
21143925.596912
22551355.239260
23871817.971861
25080646.312745
26182123.502841
27175458.788177
28060771.591050
28838144.909784
29507374.184535
30068721.891446
30521959.212325
30868041.759558
31024917.943237
31097101.476168
31106099.824555
31005819.353530
30834082.609630
30402979.992468
30029144.007308
32562434.077775
26110778.094799
31393633.782359
29515646.338619
29902426.274154
29782489.382238
29580003.799367
29307286.101027
28866865.155354
28308819.223808
27723011.831407
27033369.311746
26242055.991162
25348589.888104
24353082.728069
23255387.477478
22056234.822903
20751392.207145
19365616.634591
17924361.010242
16581108.585155
14802209.688306
12987167.618507
11062523.127613
8979691.081592
7179109.096144
3790887.846953
25628710.980649
31426562.911190
29938051.483436
30665053.149150
30902390.517130
31058586.054218
31111852.321163
31088378.163281
30868628.311548
30555711.328904
30209325.754940
29760829.812742
29209033.006336
28554146.461604
27795960.706879
26934771.099133
25970396.230470
24902787.373039
23732663.483490
22455783.935315
21096458.205869
19678875.620263
18353389.003386
16603787.777982
14812703.558829
12912013.480465
10905939.080814
8750435.767032
6833974.489009
3405010.367757
909546.947485
678517.628276
11410179.681452
4434170.810334
6874256.792175
9281082.530537
11626121.320791
13848777.772343
15966870.581469
17978501.028042
19877497.783013
21687604.957828
23401139.180194
25253644.416058
26709040.159304
28077212.376383
29333159.223701
30481085.319742
31520375.098491
32451158.974544
33273297.226809
33986903.438213
34591886.535539
35088283.175615
35476198.388325
35755403.965303
35926263.876671
35987595.713630
35945631.898762
35668913.678795
35355456.716043
34971019.663989
34484968.059563
33888930.950754
33181275.619556
32407637.998786
31349763.510678
30405678.414716
32576291.428392
18551906.552810
4133397.466560
6750455.343839
9284070.854965
11755969.820998
14106860.528294
16352410.238070
18490389.442949
20520817.651893
22444649.775940
24255556.974032
25976945.362056
27603500.157835
29364122.055243
30728144.042634
32004464.628455
33168310.078602
34224034.868564
35170829.353065
36008933.389797
36738312.482520
37358841.755290
37870550.250982
38273496.844819
38567707.052695
38753036.050730
38829896.902951
38796878.828809
38661447.497436
38278945.990707
37871764.740090
37391441.375275
36809955.963528
36117952.870905
35319267.591031
34413054.525330
33394954.038312
32303380.623909
30964774.710797
29651331.657621
31089634.773822
24274872.393988
31656479.040358
30509649.322798
31879573.068124
32719338.817099
33476446.009672
34136362.648033
34687074.136991
35126723.708006
35498675.846382
35622023.371598
35692344.104615
35722388.415906
35653061.089566
35478165.231675
35198849.186264
34814752.202519
34326162.618780
33732776.981784
33034748.490135
32232122.517643
31324826.957891
30312924.725738
29196158.382374
27975387.942110
26646400.425948
25233762.674691
23760234.514580
22381232.362445
20577040.656122
18730321.090053
16771373.320192
14705508.773553
12534945.175768
10257265.506174
7852788.671492
5528870.774838
2237996.618460
15096045.056009
4031546.555272
6755690.964061
9371276.503008
11928211.188585
14367896.035357
16704850.997279
18937140.208845
21064767.520162
23087804.522987
25006238.303135
26820069.352935
28529299.885659
30133926.693952
31633954.595749
33029380.127346
34320213.665178
35506426.419933
36588044.305376
37565076.901850
38437493.309169
39205303.125175
39868531.465038
40427146.190931
40881157.584509
41230580.721187
41475395.450541
41615604.213682
41651224.750099
41582236.659230
41408647.785916
41130463.193160
40747665.307128
40260276.440780
39668291.939483
38971689.141370
38170479.776008
37264688.237515
36254257.263280
35139347.070555
33919824.429009
32591737.782631
31190186.716710
29554162.423639
27949554.332533
28803141.809611
24257731.864785
30381411.372043
29978528.189344
31596137.561694
32748208.736851
33817008.218668
34785768.428908
35645331.161019
36399077.175542
37046344.490115
37581500.210499
38050436.928623
38257393.019966
38422435.152531
38544937.461227
38568981.988226
38486683.405121
38299298.627616
38006674.294800
37608850.657010
37105830.246364
36497638.981737
35784282.580260
34965711.271671
34041925.317181
33012775.849135
31879082.596776
30636662.592128
29309708.335592
27924366.338401
26630640.470318
24913174.111516
23153090.682980
21280161.336014
19300172.999197
17214066.272683
15021162.141303
12722712.240723
10316304.681738
7788203.277437
5311546.917335
1934584.516881
12295577.368096
4166857.259271
6983628.497126
9688813.108507
12337808.045269
14868412.406844
17295874.444536
19618157.555439
21835325.197234
23947432.245425
25954468.031555
27856429.553702
29653320.923813
31345137.575104
32931846.044730
34413496.904096
35790070.020683
37061572.001737
38228000.991346
39289360.865179
40245644.811450
41096832.328436
41842963.338147
42484013.740852
43019993.295259
43450898.345959
43776726.576187
43997481.052367
44113161.683972
44123772.834784
44029294.767758
43829758.327612
43525137.985031
43115440.623024
42600678.601822
41980835.553986
41255919.527524
40425915.953801
39490854.139837
38450700.535688
37305471.778897
36055188.965578
34699782.285954
33239420.717783
31673976.361230
30000016.054231
28247546.692699
26280745.697641
24313045.374585
24475599.128855
22302791.158518
28383616.160019
28443503.673648
30343015.060333
31810682.151476
33193809.534248
34477646.558576
35653789.857746
36725089.412812
37691075.728545
38551776.669286
39307194.402034
39957321.468197
40502171.403296
40941745.409485
41276029.405047
41505033.420159
41628758.020827
41647199.612692
41560365.645370
41368247.733018
41070842.870549
40668165.610356
40160212.004386
39546965.358361
38828439.538561
38004645.717210
37075561.802446
36041189.775105
34901550.058004
33656625.158716
32306412.245841
30850924.161587
29290151.397714
27624098.964533
25852764.398525
23976150.942274
21994250.637289
19907064.736107
17714622.711693
15416691.716065
13014387.616515
10505139.090039
7878257.666779
5287837.836260
1841665.954178
967175.321207
3488370.873940
2701931.466995
310940.682102
3370801.492442
3212117.301622
841914.670788
488943.704827
371013.455329
340412.586384
1731517.530358
1464605.484333
413940.656914
361933.834125
364550.794400
259228.015489
30478.546341
38776.332691
298325.007747
1162706.419990
282266.920073
1755331.740426
245887.241748
3056945.192164
778203.286895
1633248.720709
1575432.471907
225328.263525
3286767.392534
2672457.946287
564157.822620
34734.573393
46061.476101
451267.339654
3146255.666902
2824995.816040
216777.719286
25118.973583
204753.548910
6184515.378383
3293826.819147
551051.792826
1750.885556
2348.125611
4.343880
5.379058
16812.547530
14696.656596
2292906.665067
3171921.808566
2291175.526364
495981.267070
1698635.260712
238.969564
276.887958
0.483883
0.640961
1005174.287542
110548.991536
1374876.601261
3187403.374479
1559157.080719
92415.596475
668457.133546
82922.567889
2842757.096531
95288.945180
1190450.732030
11103.176837
3216.479878
800123.465585
1748405.654434
1356598.545936
4395.155286
2868.017837
142746.519234
676359.226588
1041617.631145
69708.506688
3821.484068
2682.999272
3336.492406
166.074972
78264.008112
5853.679720
3529.507950
4178.018523
114.513952
3151971.526374
84686.333847
0.082283
0.043801
5973277.000713
66442.552136
47192.839585
2281708.949666
13031.762425
5745.813872
8060.053500
9421.674990
30595.627957
6523.791907
49340.494578
45305.481576
48030.003784
36710.910528
480936.700817
374786.981713
41772.909464
65216.357252
59572.511973
24819.597058
215830.614262
316042.040820
100467.668512
26257.676612
20767.819156
17149.239285
21502.171456
52674.380885
3141.907534
7920.421265
26473.879108
28004.807796
37028.006008
65707.083549
47502.894923
15210.566490
25165.462846
79107.563162
34310.695448
52029.717899
89468.101677
40201.848598
44837.451677
155508.796701
164440.620746
2892397.525703
63089.832679
387487.766866
265599.578890
40399.809247
53989.426524
9455.954315
31172.508280
12953.647638
1873.361129
5699.342241
6771.767156
7630.873340
6813.602393
5569.770204
4641.823176
4727.486221
4257.448653
4945.266658
4013.641438
2721.660754
7452.678000
5380.158374
4728.228843
28489.731176
14030.841483
6693.223145
852166.498587
4004061.049415
6738.889261
14690.065072
367096.103916
118838.896912
7054.365669
22048.276134
114434.418647
299201.766728
2871601.129442
1296909.991142
22405.227074
1369333.338775
158497.628996
578997.313794
2311.688287
198766.011591
58273.080593
150958.633511
1832034.275684
55974.282052
3151.345346
1738.628451
184533.430236
117366.936984
14844.485884
101685.907819
164523.732121
198296.758237
29842.861266
3419239.594999
12056.277777
208033.415490
348846.269590
580325.108661
441589.284562
721278.292833
616398.035463
0.509633
0.389849
264141.306662
2260998.270151
702669.946733
2181129.282446
2370834.736985
3322616.782028
161611.486074
1879646.379620
2267949.298328
23647.198406
263502.839532
829373.751076
1104677.294265
18653.712299
1716001.151166
1378148.406040
2053222.386112
2943701.740772
2494766.519481
178878.910929
75927.240661
83277.421126
120697.134334
134335.264735
137705.776245
176414.383784
4651836.742092
2669975.667484
3197978.070468
279991.039472
46330.930100
325664.529702
44420.414407
51867.702982
2604598.229336
5188193.465909
3523775.635214
125577.466800
89314.938932
56281.961582
111506.322588
1724444.939772
24134.471013
40204.605348
16680.123215
6799704.910931
4618098.943321
7743459.379800
10739195.883691
3790493.191809
8786200.120840
11703456.320787
8772747.243234
11434248.684784
97412.150948
7307384.944854
9527678.523468
5043869.887735
1978.794340
124.153539
697.064489
271.448462
2444.167105
196.244451
702.290165
226.400070
2079919.297420
803720.067489
724884.233418
221490.629117
186015.217058
101155.874460
128635.881386
79180.497682
204508.702415
184962.446842
33293.249574
508694.988052
325049.257964
260005.713335
134552.172800
96895.898148
37541.530367
2367081.532081
2019920.125603
1036435.177735
256978.883550
71292.754986
131118.158418
649971.976917
3795845.830886
1069030.264176
926161.498723
1123858.729187
141315.099213
212860.434060
225094.231767
22835.601375
329398.502609
80273.531590
87287.475689
50885.494082
51308.645238
19928.751533
46545.699009
18812.586325
29186.843920
33998.906678
100702.024262
27957.473793
7016.134630
41807.006724
106322.124624
65460.131620
174472.865646
23290.682420
104578.952281
136622.882999
170549.537667
139095.416880
630001.932609
539403.922710
184106.684127
336458.347804
218124.041620
25881.991414
309603.345229
3798.206337
4776.622096
185002.217177
344421.459181
406360.797980
1203810.971655
943395.352461
315112.693513
4178852.813194
483669.145649
2167405.392146
2287138.783383
125726.323301
124702.802360
1902669.987176
376528.959346
1049839.485885
344909.093872
336808.160139
106350.313332
474874.035296
912438.409480
1059026.917932
405183.289668
663807.971328
1139742.715654
122878.752670
812651.788940
1320037.205911
1763827.544803
238678.380517
1594611.282713
32322.700843
30133.414235
1762044.930822
240000.464906
188579.743478
325706.798980
882809.851328
938794.984801
1565657.980644
119190.540677
337320.277163
97363.809742
2314479.030838
1514848.007775
1614343.886500
1554359.848565
95.900725
34.324885
10.865333
9.057685
4.099150
4.424819
110.240494
136.432176
37.583307
16.940693
5.547889
4.738263
2.857229
84.824557
1276754.377820
32151.293604
275070.090903
292073.283931
1657475.364420
1747178.823169
147556.982802
214855.867264
154190.343478
229748.365479
3726034.413751
268413.489514
1075726.357039
290717.708785
420271.963748
244219.487969
5218585.682033
1534532.690137
2089025.985209
6714852.161995
34821.757859
14735.765839
414428.952750
616892.833926
15.749835
14.194997
305395.927208
1.735872
0.576616
1.792454
0.913930
127045.034373
126623.326095
604203.173636
340257.690546
234515.728056
242312.061789
188027.634827
351203.934248
4189861.342237
127289.208664
46122.638156
1516532.940412
2031654.486308
1146550.491802
2084805.805730
18546.063101
509809.288998
448412.044100
1915137.616987
36408.740717
6065402.738396
640273.413763
0.535355
0.485555
68667.805414
0.062260
0.037268
861097.107707
427305.635130
1598721.966138
1866392.405645
2334159.236331
818643.004965
353775.778897
4062695.195007
56799.107583
52015.165180
53339.221129
7443.763546
184878.685326
132219.241915
273335.154146
1185834.860020
2624279.952563
111894.230735
2325917.890829
4075045.194449
2834878.306096
183841.237658
54046.807351
44570.023820
1341841.030283
168887.873470
45604.311206
1640848.055397
234927.405590
2.618119
2.088948
4407724.116552
611259.148666
1520761.093406
495771.357860
37032.540846
10600628.701893
7493942.854834
2692502.681386
4430015.511221
2585113.570144
1206880.319276
437000.884295
3990174.900163
199.995800
255.767933
71400.806030
2898728.297478
21825.854363
2609467.662022
723728.614033
28439.306630
11754150.296373
8717748.306794
18613.844133
29949.022519
6736925.243607
8906040.444162
8970324.669422
8208439.485182
11793218.445887
10668871.710222
2293775.516051
94183.966463
539598.374666
16695.830378
5517055.835127
4433580.285753
6494292.867013
3601602.917955
51003.593816
286786.258299
2901915.618366
2371214.283245
2962629.567760
429722.818797
2484480.825345
672589.783114
556985.275448
62173.988793
27991.225360
2350761.526378
3116070.760240
2905136.901253
970263.681124
777316.485833
3798561.663339
2364394.367878
1185777.313796
1653111.511700
1367771.620161
2968647.578180
352118.740114
2522401.735619
3001618.425026
2956988.610885
3918172.922252
3927995.356646
2487.542464
1748465.697157
54023.272714
1908625.991275
569719.270230
163621.940990
72628.255543
25484.057614
1655698.524639
872552.542872
826129.344516
1246569.243678
3985294.527294
122982.005161
591705.090073
83935.369263
6835.696008
3102266.216766
418965.409214
961727.258966
5385690.125724
26907.831394
194390.063438
0.085954
0.057258
15089.187233
597150.683300
292633.043086
860080.988495
7335529.236162
77597.485450
959228.938319
1305096.281547
38515.215071
166828.573162
285321.711394
2532479.414525
622451.098779
166673.793254
761795.574027
660047.164052
256.877623
111288.950709
109300.792200
1875869.789583
111287.379742
926099.007663
4182167.267689
7031755.811220
4755973.127957
574945.811209
93007.952414
13853.625765
2750.409953
10395.839463
1982.673135
59830.771969
2857918.624023
11818.352011
9808.449942
2984783.832837
587258.389699
811942.589382
4279563.796467
830743.243678
24975.388244
205273.708603
605715.032370
6148740.204757
4155175.367009
0.120487
0.107565
1158523.879894
720817.772417
518958.701907
2508.579567
2127.635043
22291.011540
364086.838253
125803.244471
479337.223452
103918.017775
3333718.433814
6168717.523242
4209131.904651
186838.359618
3.466953
4.023747
237386.961675
631919.562275
331616.616119
551073.882641
97615.978126
1023619.971561
5293808.890485
3005075.960455
3643476.729582
11118.865441
143588.132480
286899.310781
410898.698135
41875.941547
49554.624040
233754.942682
637497.235209
5721855.784927
3012291.618974
756800.199745
7596260.246369
281973.235207
657973.479895
7173611.072936
9424554.763142
989381.859880
545267.514093
365.717392
268.629689
10502708.744984
8055195.458179
683584.784266
3761561.359931
2600635.971208
2122876.858571
22.862690
17.637136
8797787.795856
11457049.420756
1597188.661322
2944962.051864
2071659.616969
11853652.989372
9040803.807609
2.328854
1.797790
224988.140260
71066.594432
11889577.410473
8965225.574828
566038.206536
738224.007915
2337034.093235
1654509.402517
641165.999617
11712599.687136
8632742.123656
178243.376756
137161.365151
8095898.490698
11144247.461026
597184.604450
588582.398521
11017486.009841
7710487.097570
3626727.038504
0.058422
0.078870
51353.899564
9409823.640310
6478641.156344
24.045745
16.522872
357967.539940
59420.931043
5129238.781247
702579.425592
1026812.473349
772128.867047
93541.173193
1973008.930499
8040.162639
246877.615044
339768.425606
246415.935776
330985.298138
769.552169
602366.621766
252831.037622
315298.191688
262564.050400
302588.861327
579648.137346
254009.614281
321851.734438
237555.045186
355411.904762
4012.234294
4109.763162
1165952.406661
77694.531067
282454.454140
303829.494205
17189.078294
311067.965600
255669.478891
234909.498939
348817.041035
1261602.814507
317128.518626
333494.794278
1000388.150628
267396.279098
235309.267182
289946.149849
337604.597710
1089036.778552
258987.954577
301863.345573
226144.194847
368983.648561
274311.512138
282203.115175
239643.783706
327595.120417
288690.065480
262576.400603
220965.982634
364198.472183
377276.499962
401742.176381
25336.212211
23341.201436
37934.393491
11190.787497
22034.788509
29208.676319
33869.612379
297141.980109
20210.406300
308716.703709
252071.507202
309056.178997
333037.188973
270863.817165
1230851.891977
109673.793326
261819.584303
279688.996158
212552.750468
380364.842018
279205.698265
214851.956468
261850.224883
357188.609538
48874.697874
57430.185392
126923.963973
266984.742091
263863.260149
204730.796005
377114.843038
4769300.809717
1669692.564417
3958550.944612
12247.124956
108682.347192
19512.724267
19519.308785
291699.022980
353425.205523
276412.550954
370947.265600
298474.653746
242657.352311
213394.031545
349205.429214
262567.542486
255411.124011
389648.319906
196804.506413
47846.242448
361600.133173
54247.464901
187237.257934
535.504530
308.619363
2179831.618531
2558564.033478
236772.746082
269198.072847
186068.218039
387781.371184
191521.722488
287931.483166
230698.747533
373696.960512
217893.964670
331824.946661
358440.931070
234083.952605
290079.079871
305866.220397
157077.676798
261144.018677
229031.510572
178945.555900
396841.901304
456724.595687
341018.272765
317104.294213
431723.173203
706645.017218
207776.412552
311481.223669
183875.280186
367637.736332
50509.439897
207213.453474
268930.760774
165071.451016
395932.268091
30711.428569
626971.318176
245252.146851
385127.334927
231053.154579
403764.564734
165223.463558
293784.361092
196609.139469
387284.504237
464714.528790
257547.713792
200400.044915
158910.294218
401788.398536
748649.109280
192814.895636
2124174.620781
179826.917434
379947.942632
350677.474257
193401.350606
390183.861401
175488.195484
141771.718418
402017.306634
266424.276582
169650.903142
321217.937587
151068.261517
382637.979845
70020.789105
435175.673097
169729.425773
251758.508203
136809.680040
404536.279138
1645520.597562
136132.184481
296766.595416
159805.981500
398022.347777
23222.521265
1726393.833581
2528085.386396
166619.143434
368352.243540
350184.084301
183082.962663
614186.724214
116161.933779
141441.080168
261550.336318
405610.127859
255554.251345
91182.558029
84075.108854
267621.135859
239920.719777
193550.125579
22099.180867
28843.258594
357966.314317
988379.681424
30000.152929
202348.299281
185375.811641
32751.581400
181778.324384
313321.079537
535413.390277
30479.228628
295505.252017
29935.741421
362994.132802
1302907.833544
21396.714133
258973.635856
369294.974008
17118.416732
5241.711054
206471.728873
360538.173551
5079.364164
565445.692662
26457.987108
39639.444926
153931.817205
170137.282543
104296.590862
414565.040376
777420.030088
416243.665819
509.776052
977368.614285
70220.988232
42996.194193
237879.438456
814882.263279
747910.105968
258292.300164
267426.498629
763962.569642
245601.967983
800757.193255
53617.536625
245435.055106
782951.023872
745456.897893
277733.775188
43497.225056
699504.817834
276146.715792
1279434.892691
22310.975346
236389.470850
173405.284810
410127.964382
326659.806884
614.229374
897.975991
461075.182094
0.084555
0.064802
183746.566596
649164.056901
387502.165929
118369.881685
111843.930351
13724.894213
580586.912028
234780.335131
105863.444414
50900.419347
159417.578176
0.023866
0.017151
280543.554626
74699.848143
175013.851300
920129.256755
178352.435472
873161.620412
2080579.575261
252920.901363
29736.504912
559598.422649
4084831.812505
166179.183755
511789.122300
1855825.357927
2077408.903221
26931.240003
385547.075288
697261.928665
839984.852146
412232.850143
38279.450799
148289.223442
152195.204822
767.761809
924.062555
4817954.577691
605363.370748
38028.021185
69930.348696
264453.242675
518354.017212
3741705.776319
683926.133485
206280.993428
319037.450575
466341.534464
1129771.950605
87666.437663
264237.868868
173119.167080
826664.845240
92021.476158
1055818.656706
292871.278225
201853.842546
103543.411416
334367.585358
205041.943793
1266922.478699
1155090.603200
1045460.115853
2837697.515885
290038.425568
284919.252166
359877.817631
56939.160335
699235.329728
751882.930009
122202.828126
962362.380530
786218.116464
145259.734225
80430.967520
911932.231703
18819.016319
22624.966842
20.445830
19.273504
753267.505261
245457.225771
1141847.758833
2054494.539651
174334.580579
190309.225529
2110638.178198
1997927.847648
