Number of nodes 640 
     0 :  0.0000000e+00  1.0000000e+00 
     1 :  0.0000000e+00  0.0000000e+00 
     2 :  1.0000000e+00  1.0000000e+00 
     3 :  1.0000000e+00  7.5000000e-01 
     4 :  5.0000000e-01  7.5000000e-01 
     5 :  5.0000000e-01  2.5000000e-01 
     6 :  1.0000000e+00  2.5000000e-01 
     7 :  1.0000000e+00  0.0000000e+00 
     8 :  0.0000000e+00  9.6428571e-01 
     9 :  0.0000000e+00  8.9285714e-01 
    10 :  0.0000000e+00  8.2142857e-01 
    11 :  0.0000000e+00  7.5000000e-01 
    12 :  0.0000000e+00  6.7857143e-01 
    13 :  0.0000000e+00  6.0714286e-01 
    14 :  0.0000000e+00  5.3571429e-01 
    15 :  0.0000000e+00  4.6428571e-01 
    16 :  0.0000000e+00  3.9285714e-01 
    17 :  0.0000000e+00  3.2142857e-01 
    18 :  0.0000000e+00  2.5000000e-01 
    19 :  0.0000000e+00  1.7857143e-01 
    20 :  0.0000000e+00  1.0714286e-01 
    21 :  0.0000000e+00  3.5714286e-02 
    22 :  0.0000000e+00  9.2857143e-01 
    23 :  0.0000000e+00  8.5714286e-01 
    24 :  0.0000000e+00  7.8571429e-01 
    25 :  0.0000000e+00  7.1428571e-01 
    26 :  0.0000000e+00  6.4285714e-01 
    27 :  0.0000000e+00  5.7142857e-01 
    28 :  0.0000000e+00  5.0000000e-01 
    29 :  0.0000000e+00  4.2857143e-01 
    30 :  0.0000000e+00  3.5714286e-01 
    31 :  0.0000000e+00  2.8571429e-01 
    32 :  0.0000000e+00  2.1428571e-01 
    33 :  0.0000000e+00  1.4285714e-01 
    34 :  0.0000000e+00  7.1428571e-02 
    35 :  9.6428571e-01  1.0000000e+00 
    36 :  8.9285714e-01  1.0000000e+00 
    37 :  8.2142857e-01  1.0000000e+00 
    38 :  7.5000000e-01  1.0000000e+00 
    39 :  6.7857143e-01  1.0000000e+00 
    40 :  6.0714286e-01  1.0000000e+00 
    41 :  5.3571429e-01  1.0000000e+00 
    42 :  4.6428571e-01  1.0000000e+00 
    43 :  3.9285714e-01  1.0000000e+00 
    44 :  3.2142857e-01  1.0000000e+00 
    45 :  2.5000000e-01  1.0000000e+00 
    46 :  1.7857143e-01  1.0000000e+00 
    47 :  1.0714286e-01  1.0000000e+00 
    48 :  3.5714286e-02  1.0000000e+00 
    49 :  9.2857143e-01  1.0000000e+00 
    50 :  8.5714286e-01  1.0000000e+00 
    51 :  7.8571429e-01  1.0000000e+00 
    52 :  7.1428571e-01  1.0000000e+00 
    53 :  6.4285714e-01  1.0000000e+00 
    54 :  5.7142857e-01  1.0000000e+00 
    55 :  5.0000000e-01  1.0000000e+00 
    56 :  4.2857143e-01  1.0000000e+00 
    57 :  3.5714286e-01  1.0000000e+00 
    58 :  2.8571429e-01  1.0000000e+00 
    59 :  2.1428571e-01  1.0000000e+00 
    60 :  1.4285714e-01  1.0000000e+00 
    61 :  7.1428571e-02  1.0000000e+00 
    62 :  1.0000000e+00  7.8125000e-01 
    63 :  1.0000000e+00  8.4375000e-01 
    64 :  1.0000000e+00  9.0625000e-01 
    65 :  1.0000000e+00  9.6875000e-01 
    66 :  1.0000000e+00  8.1250000e-01 
    67 :  1.0000000e+00  8.7500000e-01 
    68 :  1.0000000e+00  9.3750000e-01 
    69 :  9.6428571e-01  7.5000000e-01 
    70 :  8.9285714e-01  7.5000000e-01 
    71 :  8.2142857e-01  7.5000000e-01 
    72 :  7.5000000e-01  7.5000000e-01 
    73 :  6.7857143e-01  7.5000000e-01 
    74 :  6.0714286e-01  7.5000000e-01 
    75 :  5.3571429e-01  7.5000000e-01 
    76 :  9.2857143e-01  7.5000000e-01 
    77 :  8.5714286e-01  7.5000000e-01 
    78 :  7.8571429e-01  7.5000000e-01 
    79 :  7.1428571e-01  7.5000000e-01 
    80 :  6.4285714e-01  7.5000000e-01 
    81 :  5.7142857e-01  7.5000000e-01 
    82 :  4.6442129e-01  7.4745536e-01 
    83 :  3.9614625e-01  7.2740800e-01 
    84 :  3.3628482e-01  6.8893739e-01 
    85 :  2.8968662e-01  6.3516020e-01 
    86 :  2.6012676e-01  5.7043314e-01 
    87 :  2.5000000e-01  5.0000000e-01 
    88 :  2.6012676e-01  4.2956686e-01 
    89 :  2.8968662e-01  3.6483980e-01 
    90 :  3.3628482e-01  3.1106261e-01 
    91 :  3.9614625e-01  2.7259200e-01 
    92 :  4.6442129e-01  2.5254464e-01 
    93 :  4.2956686e-01  7.3987324e-01 
    94 :  3.6483980e-01  7.1031338e-01 
    95 :  3.1106261e-01  6.6371518e-01 
    96 :  2.7259200e-01  6.0385375e-01 
    97 :  2.5254464e-01  5.3557871e-01 
    98 :  2.5254464e-01  4.6442129e-01 
    99 :  2.7259200e-01  3.9614625e-01 
   100 :  3.1106261e-01  3.3628482e-01 
   101 :  3.6483980e-01  2.8968662e-01 
   102 :  4.2956686e-01  2.6012676e-01 
   103 :  5.3571429e-01  2.5000000e-01 
   104 :  6.0714286e-01  2.5000000e-01 
   105 :  6.7857143e-01  2.5000000e-01 
   106 :  7.5000000e-01  2.5000000e-01 
   107 :  8.2142857e-01  2.5000000e-01 
   108 :  8.9285714e-01  2.5000000e-01 
   109 :  9.6428571e-01  2.5000000e-01 
   110 :  5.7142857e-01  2.5000000e-01 
   111 :  6.4285714e-01  2.5000000e-01 
   112 :  7.1428571e-01  2.5000000e-01 
   113 :  7.8571429e-01  2.5000000e-01 
   114 :  8.5714286e-01  2.5000000e-01 
   115 :  9.2857143e-01  2.5000000e-01 
   116 :  1.0000000e+00  3.1250000e-02 
   117 :  1.0000000e+00  9.3750000e-02 
   118 :  1.0000000e+00  1.5625000e-01 
   119 :  1.0000000e+00  2.1875000e-01 
   120 :  1.0000000e+00  6.2500000e-02 
   121 :  1.0000000e+00  1.2500000e-01 
   122 :  1.0000000e+00  1.8750000e-01 
   123 :  3.5714286e-02  0.0000000e+00 
   124 :  1.0714286e-01  0.0000000e+00 
   125 :  1.7857143e-01  0.0000000e+00 
   126 :  2.5000000e-01  0.0000000e+00 
   127 :  3.2142857e-01  0.0000000e+00 
   128 :  3.9285714e-01  0.0000000e+00 
   129 :  4.6428571e-01  0.0000000e+00 
   130 :  5.3571429e-01  0.0000000e+00 
   131 :  6.0714286e-01  0.0000000e+00 
   132 :  6.7857143e-01  0.0000000e+00 
   133 :  7.5000000e-01  0.0000000e+00 
   134 :  8.2142857e-01  0.0000000e+00 
   135 :  8.9285714e-01  0.0000000e+00 
   136 :  9.6428571e-01  0.0000000e+00 
   137 :  7.1428571e-02  0.0000000e+00 
   138 :  1.4285714e-01  0.0000000e+00 
   139 :  2.1428571e-01  0.0000000e+00 
   140 :  2.8571429e-01  0.0000000e+00 
   141 :  3.5714286e-01  0.0000000e+00 
   142 :  4.2857143e-01  0.0000000e+00 
   143 :  5.0000000e-01  0.0000000e+00 
   144 :  5.7142857e-01  0.0000000e+00 
   145 :  6.4285714e-01  0.0000000e+00 
   146 :  7.1428571e-01  0.0000000e+00 
   147 :  7.8571429e-01  0.0000000e+00 
   148 :  8.5714286e-01  0.0000000e+00 
   149 :  9.2857143e-01  0.0000000e+00 
   150 :  7.1854579e-01  1.9245270e-01 
   151 :  6.5176533e-01  1.9157296e-01 
   152 :  3.6433547e-01  9.4017892e-01 
   153 :  2.3239416e-01  8.3127549e-01 
   154 :  4.3770445e-02  1.7821190e-01 
   155 :  6.0482773e-02  4.3576962e-01 
   156 :  5.9066271e-02  4.9451389e-01 
   157 :  6.5668897e-02  5.6351028e-01 
   158 :  5.0281564e-01  9.4115889e-01 
   159 :  7.5022067e-01  8.7545077e-01 
   160 :  5.0468383e-01  8.8268342e-01 
   161 :  6.0834022e-01  8.4639877e-01 
   162 :  6.1686382e-01  1.9000772e-01 
   163 :  4.6225172e-01  9.3416065e-02 
   164 :  3.6168779e-01  1.8770429e-01 
   165 :  5.7156562e-01  9.2929550e-02 
   166 :  1.8403489e-01  3.1241304e-02 
   167 :  1.8889572e-01  3.4931975e-01 
   168 :  1.2017144e-01  4.6600796e-01 
   169 :  1.2098449e-01  1.0132316e-01 
   170 :  4.1334278e-01  1.1867454e-01 
   171 :  3.2591457e-01  2.2605907e-01 
   172 :  4.5904361e-01  2.3761719e-02 
   173 :  3.1754029e-01  1.6503217e-01 
   174 :  2.2174624e-01  1.7586753e-01 
   175 :  3.9995773e-01  7.7975361e-01 
   176 :  1.4490551e-01  9.6536025e-01 
   177 :  2.2416063e-01  8.9967439e-01 
   178 :  3.7659245e-02  7.4918123e-01 
   179 :  2.4652641e-01  2.2184458e-01 
   180 :  2.4275629e-01  3.9301016e-01 
   181 :  2.0219175e-01  5.8125265e-01 
   182 :  1.9427430e-01  4.6510938e-01 
   183 :  8.5746446e-01  1.8882550e-01 
   184 :  7.4623936e-01  6.9968764e-02 
   185 :  6.7910122e-01  8.7608770e-01 
   186 :  7.8576832e-01  7.8136448e-01 
   187 :  7.1441696e-01  7.8154222e-01 
   188 :  8.9287072e-01  7.8127756e-01 
   189 :  9.2858604e-01  9.3752895e-01 
   190 :  8.5719624e-01  9.0635685e-01 
   191 :  8.9288223e-01  8.1255084e-01 
   192 :  8.5718341e-01  8.1258303e-01 
   193 :  9.2859181e-01  8.7504100e-01 
   194 :  1.7710688e-01  6.2515796e-01 
   195 :  1.4737825e-01  6.6872520e-01 
   196 :  7.0666198e-02  6.3681266e-01 
   197 :  7.4608704e-02  7.1127634e-01 
   198 :  1.3688237e-01  1.7286972e-01 
   199 :  7.1452593e-01  9.3797033e-01 
   200 :  6.1999040e-01  6.5868100e-02 
   201 :  4.9730340e-01  2.2046891e-01 
   202 :  5.3994867e-01  1.8765259e-01 
   203 :  9.2859959e-01  9.4424196e-02 
   204 :  7.1968938e-01  1.3663168e-01 
   205 :  3.8110908e-01  2.4618330e-01 
   206 :  4.3371464e-01  9.4177384e-01 
   207 :  4.3862429e-01  8.8527245e-01 
   208 :  1.5232036e-01  2.1563649e-01 
   209 :  5.0390877e-01  8.2395978e-01 
   210 :  6.9916315e-01  7.8258768e-02 
   211 :  9.2856173e-01  3.1536048e-02 
   212 :  4.2673846e-01  6.8254422e-02 
   213 :  3.8122662e-01  1.2624847e-01 
   214 :  4.4779019e-01  8.2911274e-02 
   215 :  4.4253096e-01  7.9388623e-01 
   216 :  1.4233308e-01  3.8009173e-01 
   217 :  3.0656491e-01  1.0967763e-01 
   218 :  7.5134090e-02  8.5797146e-01 
   219 :  7.5020363e-01  9.0665820e-01 
   220 :  6.7894128e-01  9.3821135e-01 
   221 :  9.6429410e-01  8.4376717e-01 
   222 :  6.6371421e-01  1.3533099e-01 
   223 :  6.6899095e-01  3.5501716e-02 
   224 :  2.3739468e-01  7.9546268e-01 
   225 :  7.4316567e-02  8.9374057e-01 
   226 :  2.9579816e-01  5.5152371e-02 
   227 :  9.6428900e-01  6.2736038e-02 
   228 :  9.2865315e-01  1.8798831e-01 
   229 :  7.8554919e-01  9.8900717e-02 
   230 :  1.1467969e-01  7.8578427e-01 
   231 :  1.3557848e-01  2.6009229e-01 
   232 :  2.1738945e-01  9.6660435e-01 
   233 :  4.4263777e-01  8.3335210e-01 
   234 :  3.1784291e-01  7.1176366e-01 
   235 :  2.8227463e-01  1.6841488e-01 
   236 :  2.6088264e-01  5.7297214e-02 
   237 :  2.7131196e-01  8.3729747e-01 
   238 :  1.1300888e-01  8.5883288e-01 
   239 :  1.4700299e-01  9.3063871e-01 
   240 :  7.4244062e-02  3.4544591e-02 
   241 :  2.1986297e-01  2.9980547e-02 
   242 :  7.5961970e-02  7.8539068e-01 
   243 :  2.3064792e-01  1.9471986e-01 
   244 :  2.3173082e-01  8.8748569e-02 
   245 :  1.1118514e-01  3.3662455e-02 
   246 :  4.2218019e-02  1.4178750e-01 
   247 :  1.8592303e-01  6.6539622e-01 
   248 :  2.2064989e-01  9.3320985e-01 
   249 :  3.6822645e-01  9.1082157e-01 
   250 :  1.1513147e-01  3.3655704e-01 
   251 :  1.7807615e-01  1.6092562e-01 
   252 :  3.5925839e-02  3.6180031e-01 
   253 :  7.1460259e-01  8.4441940e-01 
   254 :  8.2149307e-01  9.3762820e-01 
   255 :  6.4317641e-01  7.8204059e-01 
   256 :  6.0765457e-01  9.6634678e-02 
   257 :  4.2700994e-01  2.3446295e-02 
   258 :  5.3488272e-01  8.8279979e-02 
   259 :  3.1216919e-01  1.3707136e-01 
   260 :  3.2910124e-01  9.3864099e-01 
   261 :  3.9059765e-01  8.0279281e-01 
   262 :  1.1410420e-01  8.2264603e-01 
   263 :  8.5720048e-01  8.7511623e-01 
   264 :  9.6428918e-01  7.8125714e-01 
   265 :  7.8581478e-01  9.3769942e-01 
   266 :  8.2151946e-01  8.7518417e-01 
   267 :  6.3192522e-01  3.3529179e-02 
   268 :  4.6047325e-01  1.2864446e-01 
   269 :  4.0445417e-01  9.5331953e-02 
   270 :  1.1016118e-01  9.2983474e-01 
   271 :  7.5639782e-02  7.4849123e-01 
   272 :  4.4084453e-01  8.5844644e-01 
   273 :  1.9598707e-01  5.4322720e-01 
   274 :  2.2563527e-01  5.9587715e-02 
   275 :  1.3631741e-01  5.9106334e-01 
   276 :  2.2389033e-01  3.5468967e-01 
   277 :  2.8448551e-01  1.9654574e-01 
   278 :  2.7805031e-01  8.0440723e-01 
   279 :  8.2208296e-01  1.5902616e-01 
   280 :  7.4983706e-01  1.0221586e-01 
   281 :  7.5209831e-01  1.3275893e-01 
   282 :  9.6428424e-01  3.1378656e-02 
   283 :  3.3819794e-01  8.7865697e-01 
   284 :  3.7765022e-02  8.2155345e-01 
   285 :  3.8334966e-01  8.2774041e-01 
   286 :  4.4170893e-01  1.0822061e-01 
   287 :  2.0080159e-01  4.2631893e-01 
   288 :  2.2481878e-01  4.6476114e-01 
   289 :  6.7359020e-01  1.0786862e-01 
   290 :  6.9158345e-01  1.3988769e-01 
   291 :  7.1567461e-01  1.0861461e-01 
   292 :  1.6439261e-01  5.4758804e-01 
   293 :  1.3151998e-01  5.5267974e-01 
   294 :  2.1787154e-01  2.8125403e-01 
   295 :  2.7309431e-01  2.5747960e-01 
   296 :  2.5037627e-01  1.7112087e-01 
   297 :  2.0371979e-01  1.2242709e-01 
   298 :  8.2442646e-02  2.9359592e-01 
   299 :  2.7611445e-01  3.2780892e-01 
   300 :  2.4943808e-01  7.1026311e-01 
   301 :  3.8253480e-01  7.4746826e-01 
   302 :  7.8584533e-01  8.4402054e-01 
   303 :  6.0806955e-01  8.1477747e-01 
   304 :  6.1162370e-01  2.1995789e-01 
   305 :  4.9441356e-01  1.8870057e-01 
   306 :  1.2427172e-01  2.9916051e-01 
   307 :  1.7883905e-01  2.7142386e-01 
   308 :  3.9599669e-01  9.7050706e-01 
   309 :  3.5937881e-01  7.9474111e-01 
   310 :  3.7164428e-02  7.1277536e-01 
   311 :  3.2498462e-01  7.8425082e-01 
   312 :  8.9289273e-01  8.7507150e-01 
   313 :  6.4316290e-01  9.6930680e-01 
   314 :  8.2151270e-01  9.0641868e-01 
   315 :  6.7906414e-01  8.4480559e-01 
   316 :  7.8585625e-01  8.7528879e-01 
   317 :  6.4344841e-01  8.1387603e-01 
   318 :  7.0796350e-01  3.7193515e-02 
   319 :  4.7394812e-01  7.2889815e-02 
   320 :  4.4992279e-01  1.9742877e-01 
   321 :  4.3944279e-01  1.6884619e-01 
   322 :  5.5996605e-01  3.0033841e-02 
   323 :  5.1823778e-01  1.1831943e-01 
   324 :  3.9610674e-01  4.8204679e-02 
   325 :  4.2538748e-01  1.4287135e-01 
   326 :  6.0764082e-01  7.8261421e-01 
   327 :  7.8584551e-01  9.0651329e-01 
   328 :  8.9289009e-01  9.0631592e-01 
   329 :  6.4714324e-01  2.2064573e-01 
   330 :  4.9134808e-01  1.5299570e-01 
   331 :  6.5691104e-01  7.0186331e-02 
   332 :  3.2934559e-01  2.6272825e-01 
   333 :  2.0250088e-01  3.1454979e-01 
   334 :  9.6429236e-01  9.3751323e-01 
   335 :  6.7877118e-01  9.6912724e-01 
   336 :  9.2859036e-01  9.0628786e-01 
   337 :  4.9137026e-01  2.5592768e-02 
   338 :  3.9918617e-01  7.1861943e-02 
   339 :  3.3519933e-01  7.9262055e-02 
   340 :  7.1656220e-01  2.2111817e-01 
   341 :  6.8533892e-01  1.9266828e-01 
   342 :  6.8197648e-01  2.2113584e-01 
   343 :  3.5329829e-02  6.3993750e-01 
   344 :  7.2867652e-02  6.7397569e-01 
   345 :  3.6361093e-02  6.7632862e-01 
   346 :  4.1293939e-01  7.5932404e-01 
   347 :  1.9528978e-01  7.0818552e-01 
   348 :  3.6996077e-01  7.6986078e-01 
   349 :  8.2146315e-01  7.8132202e-01 
   350 :  6.4367787e-01  8.7667821e-01 
   351 :  8.9288997e-01  8.4381623e-01 
   352 :  2.4315068e-01  7.5684217e-01 
   353 :  4.1080224e-02  2.8935400e-01 
   354 :  2.4466137e-01  1.4486216e-01 
   355 :  5.7288970e-01  8.1635665e-01 
   356 :  8.5716473e-01  7.8129509e-01 
   357 :  5.7339366e-01  8.7885533e-01 
   358 :  3.3028927e-01  5.2957322e-02 
   359 :  3.6041033e-01  2.5381411e-02 
   360 :  9.6429487e-01  8.7501859e-01 
   361 :  6.4362444e-01  8.4541984e-01 
   362 :  5.7212551e-01  9.6986197e-01 
   363 :  7.1460046e-01  9.0687898e-01 
   364 :  8.8904526e-02  1.7701789e-01 
   365 :  2.8829988e-02  4.6464884e-01 
   366 :  2.1720835e-01  2.1235210e-01 
   367 :  3.3268578e-02  3.9722373e-01 
   368 :  9.6429213e-01  8.1251316e-01 
   369 :  6.7894985e-01  8.1334690e-01 
   370 :  6.7877596e-01  7.8172523e-01 
   371 :  6.0800817e-01  9.3904184e-01 
   372 :  8.9288251e-01  9.3755032e-01 
   373 :  6.0841339e-01  8.7756578e-01 
   374 :  9.2858579e-01  8.1252904e-01 
   375 :  8.5719598e-01  8.4385797e-01 
   376 :  9.2859020e-01  8.4378791e-01 
   377 :  5.7220277e-01  7.8374258e-01 
   378 :  8.2149265e-01  8.1263239e-01 
   379 :  7.8474311e-01  3.3538090e-02 
   380 :  8.5701382e-01  6.4045650e-02 
   381 :  8.5747205e-01  1.5804714e-01 
   382 :  8.5735368e-01  1.2703243e-01 
   383 :  8.2138780e-01  9.6922691e-02 
   384 :  7.8658334e-01  1.3002858e-01 
   385 :  7.8448410e-01  6.6748067e-02 
   386 :  7.5277606e-01  1.6225287e-01 
   387 :  9.6431423e-01  1.2532535e-01 
   388 :  8.5716254e-01  9.5707908e-02 
   389 :  8.9297410e-01  1.2624956e-01 
   390 :  8.9289132e-01  9.4936835e-02 
   391 :  7.4749087e-01  3.5009061e-02 
   392 :  7.8705401e-01  1.6041556e-01 
   393 :  2.5350539e-01  9.6743285e-01 
   394 :  2.6125532e-01  9.0248598e-01 
   395 :  3.4389106e-01  8.4958770e-01 
   396 :  3.0264766e-01  8.7444956e-01 
   397 :  8.2183325e-01  1.2821802e-01 
   398 :  8.9282662e-01  6.3427903e-02 
   399 :  9.2857025e-01  6.3023850e-02 
   400 :  5.0146842e-01  9.7055572e-01 
   401 :  4.6820430e-01  9.4169227e-01 
   402 :  4.3116859e-01  9.7078362e-01 
   403 :  4.6629617e-01  9.7077988e-01 
   404 :  5.3765658e-01  9.4041550e-01 
   405 :  5.3674082e-01  9.7021684e-01 
   406 :  7.1452853e-01  8.1302805e-01 
   407 :  5.7273498e-01  9.3967152e-01 
   408 :  3.7841379e-02  7.8545602e-01 
   409 :  2.8685424e-01  7.7136646e-01 
   410 :  4.1843972e-01  8.0846655e-01 
   411 :  8.4826683e-02  1.3993891e-01 
   412 :  3.7153555e-02  3.5192648e-02 
   413 :  2.5540280e-01  2.8808850e-02 
   414 :  5.0171334e-01  7.9237260e-01 
   415 :  5.3804674e-01  8.1916906e-01 
   416 :  5.3690121e-01  7.8621273e-01 
   417 :  9.6431998e-01  1.8772419e-01 
   418 :  7.8695376e-01  1.9041386e-01 
   419 :  5.9665650e-01  1.2704966e-01 
   420 :  3.7013323e-01  2.1683653e-01 
   421 :  3.7387333e-01  1.0087347e-01 
   422 :  2.9072907e-01  2.7697419e-02 
   423 :  3.2518470e-01  9.6920482e-01 
   424 :  1.8962529e-01  8.6254080e-01 
   425 :  3.5410822e-01  1.5953383e-01 
   426 :  5.8385532e-01  6.2650896e-02 
   427 :  1.0708001e-01  3.7331520e-01 
   428 :  3.8727581e-02  7.0453463e-02 
   429 :  3.1416758e-02  5.3222484e-01 
   430 :  3.2867213e-02  5.6769966e-01 
   431 :  6.2762732e-02  5.2799044e-01 
   432 :  2.9813649e-02  4.9774938e-01 
   433 :  2.5762416e-01  3.5961747e-01 
   434 :  8.2206059e-01  1.8950619e-01 
   435 :  8.2106886e-01  3.2643245e-02 
   436 :  9.6430072e-01  9.4054852e-02 
   437 :  9.2863523e-01  1.2571596e-01 
   438 :  7.5133931e-01  2.2073415e-01 
   439 :  8.9302129e-01  1.8833793e-01 
   440 :  1.5436189e-01  7.8705400e-01 
   441 :  6.8242788e-02  5.9993327e-01 
   442 :  3.4155869e-02  6.0368808e-01 
   443 :  4.5450547e-01  4.6420409e-02 
   444 :  2.4375532e-01  6.1204977e-01 
   445 :  1.9309493e-01  5.0459802e-01 
   446 :  2.2550500e-01  5.3925836e-01 
   447 :  2.2285476e-01  5.0212550e-01 
   448 :  3.4709782e-01  1.3228157e-01 
   449 :  4.0997605e-01  2.0689565e-01 
   450 :  2.6023756e-01  6.4818022e-01 
   451 :  7.6909814e-02  3.3072423e-01 
   452 :  2.7224300e-01  1.1332318e-01 
   453 :  5.5660721e-02  4.6502226e-01 
   454 :  6.6212448e-02  4.0244020e-01 
   455 :  3.0637268e-02  4.3163181e-01 
   456 :  4.6007846e-01  7.8206355e-01 
   457 :  4.2495351e-01  7.8735620e-01 
   458 :  4.3962397e-01  7.6961320e-01 
   459 :  1.1436897e-01  7.4815179e-01 
   460 :  2.5720486e-01  9.3495101e-01 
   461 :  1.1164416e-01  8.9450796e-01 
   462 :  3.0853512e-01  8.4371970e-01 
   463 :  4.0957806e-01  8.5740815e-01 
   464 :  3.0106399e-01  8.2441249e-02 
   465 :  4.0010773e-01  1.7912489e-01 
   466 :  3.9016272e-01  1.5222769e-01 
   467 :  3.3336389e-01  9.0840968e-01 
   468 :  1.9701438e-01  7.5066988e-01 
   469 :  3.7253493e-01  8.8210312e-01 
   470 :  4.0586778e-01  8.8441016e-01 
   471 :  4.1978565e-01  2.3438136e-01 
   472 :  5.1405549e-01  5.4857854e-02 
   473 :  5.7507303e-01  2.1937511e-01 
   474 :  5.2499019e-01  2.7919518e-02 
   475 :  1.0612454e-01  6.3338053e-01 
   476 :  9.8582845e-02  5.5848785e-01 
   477 :  1.0233561e-01  5.9571442e-01 
   478 :  2.8945210e-01  9.6832953e-01 
   479 :  1.4912161e-01  8.9567689e-01 
   480 :  1.5448293e-01  7.4857074e-01 
   481 :  2.1090832e-01  3.8961450e-01 
   482 :  7.7356738e-02  6.9181789e-02 
   483 :  9.0012958e-02  4.4366059e-01 
   484 :  1.3263780e-01  4.1882488e-01 
   485 :  2.1224355e-01  1.5074933e-01 
   486 :  9.9365671e-02  4.0951725e-01 
   487 :  7.1987799e-01  1.6424585e-01 
   488 :  6.5710492e-01  1.6303930e-01 
   489 :  6.8864173e-01  1.6517654e-01 
   490 :  1.1276649e-01  7.0987545e-01 
   491 :  1.0978148e-01  6.7147237e-01 
   492 :  6.4222737e-01  1.0090386e-01 
   493 :  5.5906611e-01  1.2351539e-01 
   494 :  5.9572785e-01  3.1792746e-02 
   495 :  1.9633345e-01  9.2640469e-02 
   496 :  1.6445913e-01  3.0693660e-01 
   497 :  2.3815967e-01  1.1728004e-01 
   498 :  7.5015592e-01  8.1283203e-01 
   499 :  9.2857922e-01  7.8126572e-01 
   500 :  6.4342464e-01  9.3855917e-01 
   501 :  6.0829230e-01  9.0840870e-01 
   502 :  7.5020393e-01  8.4417546e-01 
   503 :  5.0162689e-01  8.0964100e-02 
   504 :  3.7121865e-02  8.9323484e-01 
   505 :  1.9260301e-01  8.2690239e-01 
   506 :  1.8668654e-01  8.9737646e-01 
   507 :  5.0479777e-01  8.5352192e-01 
   508 :  5.3875179e-01  8.8060668e-01 
   509 :  5.3868107e-01  8.5030008e-01 
   510 :  1.5258515e-01  3.4315275e-01 
   511 :  2.3933197e-01  3.2126109e-01 
   512 :  1.9391652e-01  1.9071607e-01 
   513 :  4.3621234e-01  9.1317999e-01 
   514 :  2.9770455e-01  9.0551866e-01 
   515 :  1.9697374e-01  2.3802238e-01 
   516 :  1.5961432e-01  9.7116181e-02 
   517 :  1.5237992e-01  7.0871867e-01 
   518 :  7.2408123e-02  9.6466831e-01 
   519 :  3.9915702e-01  9.4126372e-01 
   520 :  3.7502773e-02  8.5747120e-01 
   521 :  8.5718385e-01  9.3758145e-01 
   522 :  5.0393970e-01  9.1186396e-01 
   523 :  5.3836570e-01  9.1057354e-01 
   524 :  8.9281819e-01  3.1758005e-02 
   525 :  9.6432234e-01  1.5654636e-01 
   526 :  1.8386619e-01  9.3175504e-01 
   527 :  1.9534039e-01  7.8990599e-01 
   528 :  1.6025934e-01  4.6546858e-01 
   529 :  1.6760749e-01  4.2364529e-01 
   530 :  4.7186911e-01  8.3015428e-01 
   531 :  4.7136829e-01  8.8453577e-01 
   532 :  4.7220938e-01  8.5685631e-01 
   533 :  9.2865746e-01  1.5689865e-01 
   534 :  1.4168702e-01  6.2955526e-01 
   535 :  4.5067040e-01  6.6791327e-02 
   536 :  3.4076546e-01  1.0563166e-01 
   537 :  4.3015455e-01  8.9059710e-02 
   538 :  4.6994075e-01  9.1288692e-01 
   539 :  5.4661066e-01  1.5511790e-01 
   540 :  3.6825748e-01  7.5717542e-02 
   541 :  5.3708860e-01  2.1923683e-01 
   542 :  4.4349879e-01  8.1116426e-01 
   543 :  2.2803212e-01  8.6580330e-01 
   544 :  2.8191079e-01  2.2605160e-01 
   545 :  4.4433685e-02  2.1525890e-01 
   546 :  2.7774077e-01  1.4089640e-01 
   547 :  8.2151242e-01  8.4392167e-01 
   548 :  6.7905734e-01  9.0721150e-01 
   549 :  6.0760729e-01  9.6955121e-01 
   550 :  7.5015567e-01  9.3780757e-01 
   551 :  9.6429429e-01  9.0626719e-01 
   552 :  6.4360593e-01  9.0770323e-01 
   553 :  7.3385206e-02  9.2927630e-01 
   554 :  3.6069064e-01  9.6996032e-01 
   555 :  1.8116840e-01  9.6590601e-01 
   556 :  5.7318252e-01  9.0937066e-01 
   557 :  1.6748941e-01  1.2924582e-01 
   558 :  1.5327015e-01  6.4866393e-02 
   559 :  2.5639766e-01  2.8908863e-01 
   560 :  7.1462765e-01  8.7570141e-01 
   561 :  2.1168982e-01  6.1957001e-01 
   562 :  2.5321925e-01  1.9634530e-01 
   563 :  1.2764389e-01  1.3610652e-01 
   564 :  1.8986588e-01  6.2147226e-02 
   565 :  1.5119097e-01  8.6027632e-01 
   566 :  1.2686745e-01  5.1310549e-01 
   567 :  8.8377099e-02  4.8778822e-01 
   568 :  9.4559765e-02  5.2200105e-01 
   569 :  8.5701765e-01  3.2098145e-02 
   570 :  8.2101369e-01  6.5043543e-02 
   571 :  8.0874393e-02  1.0418228e-01 
   572 :  2.6586160e-01  8.6996398e-01 
   573 :  3.5080947e-01  8.2148590e-01 
   574 :  3.2222054e-01  1.9429597e-01 
   575 :  6.3169551e-01  1.3072716e-01 
   576 :  3.3664277e-01  7.5668279e-01 
   577 :  2.2546822e-01  6.6004741e-01 
   578 :  2.9941508e-01  7.3896713e-01 
   579 :  7.5237142e-01  1.9149194e-01 
   580 :  7.1555737e-02  3.6706574e-01 
   581 :  9.1636125e-02  2.1599424e-01 
   582 :  1.6086571e-01  5.0783867e-01 
   583 :  2.8437076e-01  6.8423308e-01 
   584 :  3.6394403e-01  5.0601569e-02 
   585 :  4.0442348e-02  1.0592702e-01 
   586 :  4.0242137e-01  9.1247706e-01 
   587 :  7.5732427e-02  8.2187876e-01 
   588 :  5.8708167e-01  1.5760858e-01 
   589 :  4.8301686e-01  5.0041610e-02 
   590 :  1.4781749e-01  3.2520698e-02 
   591 :  8.7846951e-02  2.5543511e-01 
   592 :  1.5304994e-01  8.2417796e-01 
   593 :  4.1367115e-01  8.3191833e-01 
   594 :  3.9423247e-01  2.4215998e-02 
   595 :  4.5780435e-01  2.2576755e-01 
   596 :  3.2579887e-01  2.6570365e-02 
   597 :  2.3244834e-01  5.7586198e-01 
   598 :  3.8544864e-02  3.2579580e-01 
   599 :  4.6896732e-01  8.0490941e-01 
   600 :  3.7747690e-01  8.5429799e-01 
   601 :  1.1568766e-01  6.7341040e-02 
   602 :  7.7712940e-02  4.6552456e-01 
   603 :  7.5008418e-01  7.8143223e-01 
   604 :  4.8529398e-01  1.0623174e-01 
   605 :  5.4808432e-01  5.9266224e-02 
   606 :  1.0864501e-01  9.6495718e-01 
   607 :  5.7330465e-01  8.4794513e-01 
   608 :  4.2618123e-01  4.6364126e-02 
   609 :  2.9338589e-01  9.3682901e-01 
   610 :  3.5055927e-01  7.3203649e-01 
   611 :  4.3259821e-02  2.5248078e-01 
   612 :  8.9302683e-01  1.5737175e-01 
   613 :  3.1579773e-01  8.1352218e-01 
   614 :  6.2342267e-01  1.6024094e-01 
   615 :  2.3167114e-01  4.2811361e-01 
   616 :  6.9338795e-01  1.1908540e-01 
   617 :  1.6985929e-01  5.8627225e-01 
   618 :  1.7728748e-01  3.8548586e-01 
   619 :  2.3376992e-01  2.5002733e-01 
   620 :  2.9876095e-01  2.9677586e-01 
   621 :  7.8581442e-01  8.1270966e-01 
   622 :  5.7996917e-01  1.8854859e-01 
   623 :  2.6651693e-01  8.5470100e-02 
   624 :  7.1441564e-01  9.6900102e-01 
   625 :  7.5008427e-01  9.6891492e-01 
   626 :  7.8576873e-01  9.6885726e-01 
   627 :  8.2146357e-01  9.6881910e-01 
   628 :  8.5716513e-01  9.6879396e-01 
   629 :  8.9287094e-01  9.6877716e-01 
   630 :  9.2857941e-01  9.6876566e-01 
   631 :  9.6428937e-01  9.6875722e-01 
   632 :  7.8644310e-01  2.2024165e-01 
   633 :  8.2180946e-01  2.1979741e-01 
   634 :  8.5733885e-01  2.1945077e-01 
   635 :  8.9295728e-01  2.1919654e-01 
   636 :  9.2862104e-01  2.1901154e-01 
   637 :  9.6430643e-01  2.1887045e-01 
   638 :  3.6674417e-02  9.2888272e-01 
   639 :  3.6196812e-02  9.6445722e-01 
Number of edges 150 
     0 :      0      8 
     1 :      8     22 
     2 :     22      9 
     3 :      9     23 
     4 :     23     10 
     5 :     10     24 
     6 :     24     11 
     7 :     11     25 
     8 :     25     12 
     9 :     12     26 
    10 :     26     13 
    11 :     13     27 
    12 :     27     14 
    13 :     14     28 
    14 :     28     15 
    15 :     15     29 
    16 :     29     16 
    17 :     16     30 
    18 :     30     17 
    19 :     17     31 
    20 :     31     18 
    21 :     18     32 
    22 :     32     19 
    23 :     19     33 
    24 :     33     20 
    25 :     20     34 
    26 :     34     21 
    27 :     21      1 
    28 :      2     35 
    29 :     35     49 
    30 :     49     36 
    31 :     36     50 
    32 :     50     37 
    33 :     37     51 
    34 :     51     38 
    35 :     38     52 
    36 :     52     39 
    37 :     39     53 
    38 :     53     40 
    39 :     40     54 
    40 :     54     41 
    41 :     41     55 
    42 :     55     42 
    43 :     42     56 
    44 :     56     43 
    45 :     43     57 
    46 :     57     44 
    47 :     44     58 
    48 :     58     45 
    49 :     45     59 
    50 :     59     46 
    51 :     46     60 
    52 :     60     47 
    53 :     47     61 
    54 :     61     48 
    55 :     48      0 
    56 :      3     62 
    57 :     62     66 
    58 :     66     63 
    59 :     63     67 
    60 :     67     64 
    61 :     64     68 
    62 :     68     65 
    63 :     65      2 
    64 :      3     69 
    65 :     69     76 
    66 :     76     70 
    67 :     70     77 
    68 :     77     71 
    69 :     71     78 
    70 :     78     72 
    71 :     72     79 
    72 :     79     73 
    73 :     73     80 
    74 :     80     74 
    75 :     74     81 
    76 :     81     75 
    77 :     75      4 
    78 :      4     82 
    79 :     82     93 
    80 :     93     83 
    81 :     83     94 
    82 :     94     84 
    83 :     84     95 
    84 :     95     85 
    85 :     85     96 
    86 :     96     86 
    87 :     86     97 
    88 :     97     87 
    89 :     87     98 
    90 :     98     88 
    91 :     88     99 
    92 :     99     89 
    93 :     89    100 
    94 :    100     90 
    95 :     90    101 
    96 :    101     91 
    97 :     91    102 
    98 :    102     92 
    99 :     92      5 
   100 :      5    103 
   101 :    103    110 
   102 :    110    104 
   103 :    104    111 
   104 :    111    105 
   105 :    105    112 
   106 :    112    106 
   107 :    106    113 
   108 :    113    107 
   109 :    107    114 
   110 :    114    108 
   111 :    108    115 
   112 :    115    109 
   113 :    109      6 
   114 :      7    116 
   115 :    116    120 
   116 :    120    117 
   117 :    117    121 
   118 :    121    118 
   119 :    118    122 
   120 :    122    119 
   121 :    119      6 
   122 :      1    123 
   123 :    123    137 
   124 :    137    124 
   125 :    124    138 
   126 :    138    125 
   127 :    125    139 
   128 :    139    126 
   129 :    126    140 
   130 :    140    127 
   131 :    127    141 
   132 :    141    128 
   133 :    128    142 
   134 :    142    129 
   135 :    129    143 
   136 :    143    130 
   137 :    130    144 
   138 :    144    131 
   139 :    131    145 
   140 :    145    132 
   141 :    132    146 
   142 :    146    133 
   143 :    133    147 
   144 :    147    134 
   145 :    134    148 
   146 :    148    135 
   147 :    135    149 
   148 :    149    136 
   149 :    136      7 
Number of quads 564 
     0 :    364    154    246    411
     1 :    139    126    413    241
     2 :    166    241    274    564
     3 :     44    423    554     57
     4 :    178    310    197    271
     5 :    606    270    239    176
     6 :    238    262    592    565
     7 :    628    627    254    521
     8 :    630    629    372    189
     9 :    363    548    185    560
    10 :    302    502    498    621
    11 :    187    370     73     79
    12 :    314    327    316    266
    13 :     64    551    360     67
    14 :    501    556    357    373
    15 :    164    420    171    574
    16 :    305    202    541    201
    17 :    494    322    144    131
    18 :    222    575    492    289
    19 :    201    541    103      5
    20 :    539    588    622    202
    21 :    258    503    472    605
    22 :    165    258    605    426
    23 :    482    428    412    240
    24 :    615     88     98    288
    25 :     98     87    447    288
    26 :    357    508    509    607
    27 :    607    509    415    355
    28 :    378    621    186    349
    29 :    317    303    326    255
    30 :    304    329    111    104
    31 :    322    474    130    144
    32 :    536    339    540    421
    33 :    286    537    214    163
    34 :    620     90    100    299
    35 :    563    169    516    557
    36 :    315    361    317    369
    37 :    625    624    199    550
    38 :    186    603     72     78
    39 :    221    376    374    368
    40 :    420    205    332    171
    41 :    471    102     91    205
    42 :    339    358    584    540
    43 :    472    589    337    474
    44 :    151    341    342    329
    45 :    329    342    105    111
    46 :    342    340    112    105
    47 :    341    150    340    342
    48 :    196    344    345    343
    49 :    343    345     12     26
    50 :    345    310     25     12
    51 :    344    197    310    345
    52 :    470    463    272    207
    53 :    576    610    301    348
    54 :    347    517    195    247
    55 :    547    302    621    378
    56 :    361    161    303    317
    57 :    371    407    556    501
    58 :    406    369    370    187
    59 :     11     25    310    178
    60 :    176    239    526    555
    61 :    300    347    247    577
    62 :    580    454    367    252
    63 :    245    124    138    590
    64 :    295    544    171    332
    65 :    336    328    312    193
    66 :    328    190    263    312
    67 :    377    416     75     81
    68 :     68    334    551     64
    69 :    208    231    591    581
    70 :    571    585    428    482
    71 :    231    307    496    306
    72 :    558    590    166    564
    73 :    201      5     92    595
    74 :    596    127    141    359
    75 :    419    493    165    256
    76 :    286    170    269    537
    77 :    334    189    336    551
    78 :    627    626    265    254
    79 :    372    521    190    328
    80 :    502    253    406    498
    81 :    556    523    508    357
    82 :    199    220    548    363
    83 :    356    349     71     77
    84 :     67    360    221     63
    85 :    512    251    485    174
    86 :    252    367     16     30
    87 :    452    217    259    546
    88 :    365     15     29    455
    89 :    455    367    454    155
    90 :    550    199    363    219
    91 :     66    368    264     62
    92 :    349    186     78     71
    93 :     65    631    334     68
    94 :    551    336    193    360
    95 :    159    560    253    502
    96 :     62    264     69      3
    97 :     52     39    335    624
    98 :    326    377     81     74
    99 :     53     40    549    313
   100 :    603    187     79     72
   101 :    376    351    191    374
   102 :    548    552    350    185
   103 :    626    625    550    265
   104 :    500    371    501    552
   105 :    370    255     80     73
   106 :    183    434    279    381
   107 :    390    388    380    398
   108 :    116    282    136      7
   109 :    280    291    210    184
   110 :    387    437    203    436
   111 :    384    281    280    229
   112 :    391    318    146    133
   113 :    525    533    437    387
   114 :    106    112    340    438
   115 :    435    379    147    134
   116 :    612    381    382    389
   117 :    436    203    399    227
   118 :    386    487    204    281
   119 :    438    340    150    579
   120 :    122    417    525    118
   121 :    633    632    418    434
   122 :    389    382    388    390
   123 :    637    636    228    417
   124 :    524    569    148    135
   125 :    113    106    438    632
   126 :    554    152    519    308
   127 :    462    613    573    395
   128 :    249    469    470    586
   129 :    417    228    533    525
   130 :    118    525    387    121
   131 :    229    280    184    385
   132 :    381    279    397    382
   133 :     56    402    403     42
   134 :     42    403    400     55
   135 :    403    401    158    400
   136 :    402    206    401    403
   137 :     55    400    405     41
   138 :    368    374    499    264
   139 :    631    630    189    334
   140 :    400    158    404    405
   141 :    193    312    351    376
   142 :    264    499     76     69
   143 :    185    350    361    315
   144 :    499    188     70     76
   145 :    408    178    271    242
   146 :    593    410    542    233
   147 :    423    260    152    554
   148 :    480    517    347    468
   149 :    611    353     31     18
   150 :    236    226    464    623
   151 :    235    173    574    277
   152 :    545     32     19    154
   153 :    629    628    521    372
   154 :     75    416    414      4
   155 :    416    415    209    414
   156 :    327    219    159    316
   157 :    385    184    391    379
   158 :    398    380    569    524
   159 :    632    438    579    418
   160 :    117    436    227    120
   161 :    205     91    101    332
   162 :    464    226    358    339
   163 :    338    324    608    212
   164 :    337    172    129    143
   165 :    250    427    580    451
   166 :    283    395    600    469
   167 :     61    518    606     47
   168 :    393    460    609    478
   169 :    465    449    420    164
   170 :    541    473    110    103
   171 :    359    141    128    594
   172 :    319    535    443    589
   173 :    125    139    241    166
   174 :    601    245    590    558
   175 :    208    515    307    231
   176 :    591    298    353    611
   177 :    429    430     27     14
   178 :    429    431    157    430
   179 :    429     14     28    432
   180 :    429    432    156    431
   181 :    180     99     88    615
   182 :    581    545    154    364
   183 :    533    612    389    437
   184 :    228    439    612    533
   185 :    570    385    379    435
   186 :    399    398    524    211
   187 :    388    383    570    380
   188 :    439    183    381    612
   189 :    635    634    183    439
   190 :    279    392    384    397
   191 :    437    389    390    203
   192 :    121    387    436    117
   193 :    120    227    282    116
   194 :    119    637    417    122
   195 :    518    553    270    606
   196 :    224    352    409    278
   197 :    157    441    442    430
   198 :    430    442     13     27
   199 :    442    343     26     13
   200 :    441    196    343    442
   201 :    330    539    202    305
   202 :    321    320    449    465
   203 :    446    447     87     97
   204 :    208    512    366    515
   205 :    447    445    182    288
   206 :    300    577    450    583
   207 :    256    165    426    200
   208 :    539    493    419    588
   209 :    320    595    471    449
   210 :    466    425    448    213
   211 :     85    450    444     96
   212 :    505    527    224    153
   213 :    600    285    593    463
   214 :    250    510    216    427
   215 :    154     19     33    246
   216 :    495    244    497    297
   217 :    333    294    559    511
   218 :    365    453    156    432
   219 :    365    432     28     15
   220 :    365    455    155    453
   221 :     29     16    367    455
   222 :    468    347    300    352
   223 :    592    440    527    505
   224 :    215    457    458    456
   225 :    456    458     82      4
   226 :    458    346     93     82
   227 :    457    175    346    458
   228 :    506    424    543    177
   229 :    262    230    440    592
   230 :    526    506    177    248
   231 :    248    177    394    460
   232 :    573    309    261    285
   233 :    565    592    505    424
   234 :    311    576    348    309
   235 :     60    176    555     46
   236 :    479    565    424    506
   237 :    309    348    175    261
   238 :    261    175    457    410
   239 :    520    284    587    218
   240 :    422    140    127    596
   241 :    257    142    129    172
   242 :    330    323    493    539
   243 :    474    337    143    130
   244 :    639    638    553    518
   245 :     57    554    308     43
   246 :    352    300    578    409
   247 :    514    396    283    467
   248 :    213    448    536    421
   249 :    305    201    595    320
   250 :    594    128    142    257
   251 :    200    426    494    267
   252 :    196    441    477    475
   253 :    478    609    260    423
   254 :    441    157    476    477
   255 :     24     11    178    408
   256 :    218    587    262    238
   257 :     47    606    176     60
   258 :    467    283    469    249
   259 :    618    167    276    481
   260 :    544    277    574    171
   261 :    245    240    137    124
   262 :    428     34     21    412
   263 :    454    486    483    155
   264 :    486    484    168    483
   265 :    150    341    489    487
   266 :    487    489    290    204
   267 :    489    488    222    290
   268 :    341    151    488    489
   269 :    197    344    491    490
   270 :    638    504    225    553
   271 :    284    408    242    587
   272 :    344    196    475    491
   273 :    212    608    443    535
   274 :    226    422    596    358
   275 :    614    575    222    488
   276 :    170    213    421    269
   277 :    413    422    226    236
   278 :    619    179    544    295
   279 :    512    174    243    366
   280 :    180    433     89     99
   281 :    373    357    607    161
   282 :    351    375    192    191
   283 :    313    549    371    500
   284 :    253    315    369    406
   285 :    161    607    355    303
   286 :    312    263    375    351
   287 :     63    221    368     66
   288 :     40     54    362    549
   289 :    268    325    170    286
   290 :    331    200    267    223
   291 :    595     92    102    471
   292 :    164    574    173    425
   293 :    587    242    230    262
   294 :     46    555    232     59
   295 :    553    225    461    270
   296 :    209    415    509    507
   297 :    507    509    508    160
   298 :    190    314    266    263
   299 :    407    404    523    556
   300 :    563    411    571    169
   301 :    598    252     30     17
   302 :    198    364    411    563
   303 :    427    216    484    486
   304 :    496    307    294    333
   305 :    232    248    460    393
   306 :    395    573    285    600
   307 :    270    461    479    239
   308 :    519    586    513    206
   309 :    251    557    297    485
   310 :    546    259    173    235
   311 :    366    243    562    179
   312 :    307    515    619    294
   313 :    597     86     96    444
   314 :    181    273    446    597
   315 :     10     24    408    284
   316 :    572    237    462    396
   317 :     23     10    284    520
   318 :    609    514    467    260
   319 :    560    185    315    253
   320 :    552    501    373    350
   321 :    523    522    160    508
   322 :    404    158    522    523
   323 :    434    418    392    279
   324 :    383    229    385    570
   325 :    382    397    383    388
   326 :    392    386    281    384
   327 :    410    457    215    542
   328 :    153    224    278    237
   329 :    308    519    206    402
   330 :     22      9    504    638
   331 :    168    484    529    528
   332 :    528    529    287    182
   333 :    516    558    564    495
   334 :    497    452    546    354
   335 :    160    531    532    507
   336 :    507    532    530    209
   337 :    532    272    233    530
   338 :    531    207    272    532
   339 :    282    211    149    136
   340 :    634    633    434    183
   341 :    380    570    435    569
   342 :    569    435    134    148
   343 :    247    195    534    194
   344 :    267    494    131    145
   345 :    540    584    324    338
   346 :    321    465    466    325
   347 :    493    323    258    165
   348 :    158    401    538    522
   349 :    522    538    531    160
   350 :    538    513    207    531
   351 :    401    206    513    538
   352 :    492    256    200    331
   353 :    622    162    304    473
   354 :    421    540    338    269
   355 :    426    605    322    494
   356 :    225    218    238    461
   357 :    463    593    233    272
   358 :    461    238    565    479
   359 :    242    271    459    230
   360 :    208    581    364    198
   361 :    240    412    123    137
   362 :    590    138    125    166
   363 :    216    510    167    618
   364 :    369    317    255    370
   365 :    263    266    547    375
   366 :    316    159    502    302
   367 :    521    254    314    190
   368 :    303    355    377    326
   369 :    549    362    407    371
   370 :    375    547    378    192
   371 :    350    373    161    361
   372 :     54     41    405    362
   373 :    219    363    560    159
   374 :    610     94     83    301
   375 :    613    311    309    573
   376 :    394    572    396    514
   377 :    498    406    187    603
   378 :    188    356     77     70
   379 :    266    316    302    547
   380 :    220    500    552    548
   381 :    198    563    557    251
   382 :    297    497    354    485
   383 :    515    366    179    619
   384 :    255    326     74     80
   385 :    355    415    416    377
   386 :    624    335    220    199
   387 :    360    193    376    221
   388 :    275    477    476    293
   389 :    292    582    445    273
   390 :    534    475    477    275
   391 :    208    198    251    512
   392 :    287    481    180    615
   393 :    484    216    618    529
   394 :    301     83     93    346
   395 :    177    543    572    394
   396 :    348    301    346    175
   397 :    617    275    293    292
   398 :    156    567    568    431
   399 :    431    568    476    157
   400 :    273    445    447    446
   401 :    567    168    566    568
   402 :    211    524    135    149
   403 :    379    391    133    147
   404 :    579    150    487    386
   405 :    174    296    562    243
   406 :    241    413    236    274
   407 :    306    250    451    298
   408 :    586    470    207    513
   409 :     58    478    423     44
   410 :    260    467    249    152
   411 :    269    338    212    537
   412 :    210    331    223    318
   413 :    503    319    589    472
   414 :    584    359    594    324
   415 :    293    476    568    566
   416 :    195    517    490    491
   417 :    636    635    439    228
   418 :    184    210    318    391
   419 :    397    384    229    383
   420 :    623    464    217    452
   421 :    481    276    433    180
   422 :    274    236    623    244
   423 :    529    618    481    287
   424 :    545    611     18     32
   425 :    451    580    252    598
   426 :    411    246    585    571
   427 :    511    559    620    299
   428 :    194    617    181    561
   429 :    445    582    528    182
   430 :    582    566    168    528
   431 :    292    293    566    582
   432 :    583    450     85     95
   433 :    578    234    610    576
   434 :    217    464    339    536
   435 :    358    596    359    584
   436 :    268    286    163    604
   437 :    608    257    172    443
   438 :    585     20     34    428
   439 :    231    306    298    591
   440 :    169    601    558    516
   441 :    543    153    237    572
   442 :    300    583    234    578
   443 :    234     84     94    610
   444 :     43    308    402     56
   445 :    588    614    162    622
   446 :    323    604    503    258
   447 :    473    304    104    110
   448 :    465    164    425    466
   449 :    427    486    454    580
   450 :    306    496    510    250
   451 :    294    619    295    559
   452 :    504    520    218    225
   453 :    152    249    586    519
   454 :    614    488    151    162
   455 :    425    173    259    448
   456 :    448    259    217    536
   457 :    604    163    319    503
   458 :    202    622    473    541
   459 :    449    471    205    420
   460 :    575    419    256    492
   461 :    605    472    474    322
   462 :    597    446     97     86
   463 :    179    562    277    544
   464 :    353    598     17     31
   465 :    167    333    511    276
   466 :    412     21      1    123
   467 :    215    456    599    542
   468 :    542    599    530    233
   469 :    599    414    209    530
   470 :    456      4    414    599
   471 :     45    393    478     58
   472 :      9     23    520    504
   473 :    460    394    514    609
   474 :    239    479    506    526
   475 :    469    600    463    470
   476 :    230    459    480    440
   477 :    246     33     20    585
   478 :    581    591    611    545
   479 :    169    571    482    601
   480 :    155    483    602    453
   481 :    156    453    602    567
   482 :    485    354    296    174
   483 :    483    168    567    602
   484 :    510    496    333    167
   485 :    244    623    452    497
   486 :    254    265    327    314
   487 :    191    192    356    188
   488 :    192    378    349    356
   489 :    324    594    257    608
   490 :    162    151    329    304
   491 :    588    419    575    614
   492 :    330    305    320    321
   493 :    330    268    604    323
   494 :    237    278    613    462
   495 :    424    505    153    543
   496 :    527    468    352    224
   497 :    621    498    603    186
   498 :    335    313    500    220
   499 :    189    372    328    336
   500 :     39     53    313    335
   501 :    325    466    213    170
   502 :    318    223    132    146
   503 :    537    212    535    214
   504 :    271    197    490    459
   505 :    459    490    517    480
   506 :    285    261    410    593
   507 :    194    534    275    617
   508 :    247    194    561    577
   509 :    396    462    395    283
   510 :    440    480    468    527
   511 :    195    491    475    534
   512 :    276    511    299    433
   513 :    559    295    332    620
   514 :    278    409    311    613
   515 :     59    232    393     45
   516 :    203    390    398    399
   517 :    227    399    211    282
   518 :    281    204    291    280
   519 :    418    579    386    392
   520 :    409    578    576    311
   521 :     48    639    518     61
   522 :    223    267    145    132
   523 :    589    443    172    337
   524 :    288    182    287    615
   525 :    210    291    616    289
   526 :    289    616    290    222
   527 :    291    204    290    616
   528 :    617    292    273    181
   529 :    561    181    597    444
   530 :    583     95     84    234
   531 :    601    482    240    245
   532 :    354    546    235    296
   533 :    557    516    495    297
   534 :    296    235    277    562
   535 :    100     89    433    299
   536 :    620    332    101     90
   537 :    298    451    598    353
   538 :    577    561    444    450
   539 :    555    526    248    232
   540 :    362    405    404    407
   541 :    374    191    188    499
   542 :    265    550    219    327
   543 :    289    492    331    210
   544 :    330    321    325    268
   545 :    163    214    535    319
   546 :    564    274    244    495
   547 :    126    140    422    413
   548 :     38     52    624    625
   549 :     51     38    625    626
   550 :     37     51    626    627
   551 :     50     37    627    628
   552 :     36     50    628    629
   553 :     49     36    629    630
   554 :     35     49    630    631
   555 :      2     35    631     65
   556 :    107    113    632    633
   557 :    114    107    633    634
   558 :    108    114    634    635
   559 :    115    108    635    636
   560 :    109    115    636    637
   561 :      6    109    637    119
   562 :      8     22    638    639
   563 :      0      8    639     48
Number of domains 8
  Domain :      0 
  Name : Symmetry
  Number of elements :     28
     0     1     2     3     4     5     6     7     8     9
    10    11    12    13    14    15    16    17    18    19
    20    21    22    23    24    25    26    27
  Domain :      1 
  Name : Entity 1 
  Number of elements :     28
    28    29    30    31    32    33    34    35    36    37
    38    39    40    41    42    43    44    45    46    47
    48    49    50    51    52    53    54    55
  Domain :      2 
  Name : Entity 2 
  Number of elements :      8
    56    57    58    59    60    61    62    63
  Domain :      3 
  Name : Entity 3 
  Number of elements :     14
    64    65    66    67    68    69    70    71    72    73
    74    75    76    77
  Domain :      4 
  Name : Entity 4 
  Number of elements :     22
    78    79    80    81    82    83    84    85    86    87
    88    89    90    91    92    93    94    95    96    97
    98    99
  Domain :      5 
  Name : Entity 5 
  Number of elements :     14
   100   101   102   103   104   105   106   107   108   109
   110   111   112   113
  Domain :      6 
  Name : Entity 6 
  Number of elements :      8
   114   115   116   117   118   119   120   121
  Domain :      7 
  Name : Bottom
  Number of elements :     28
   122   123   124   125   126   127   128   129   130   131
   132   133   134   135   136   137   138   139   140   141
   142   143   144   145   146   147   148   149
