Number of nodes 640 
     0 :  0.0000000e+00  1.0000000e+00 
     1 :  0.0000000e+00  0.0000000e+00 
     2 :  1.0000000e+00  1.0000000e+00 
     3 :  1.0000000e+00  7.5000000e-01 
     4 :  5.0000000e-01  7.5000000e-01 
     5 :  5.0000000e-01  2.5000000e-01 
     6 :  1.0000000e+00  2.5000000e-01 
     7 :  1.0000000e+00  0.0000000e+00 
     8 :  0.0000000e+00  9.6428571e-01 
     9 :  0.0000000e+00  8.9285714e-01 
    10 :  0.0000000e+00  8.2142857e-01 
    11 :  0.0000000e+00  7.5000000e-01 
    12 :  0.0000000e+00  6.7857143e-01 
    13 :  0.0000000e+00  6.0714286e-01 
    14 :  0.0000000e+00  5.3571429e-01 
    15 :  0.0000000e+00  4.6428571e-01 
    16 :  0.0000000e+00  3.9285714e-01 
    17 :  0.0000000e+00  3.2142857e-01 
    18 :  0.0000000e+00  2.5000000e-01 
    19 :  0.0000000e+00  1.7857143e-01 
    20 :  0.0000000e+00  1.0714286e-01 
    21 :  0.0000000e+00  3.5714286e-02 
    22 :  0.0000000e+00  9.2857143e-01 
    23 :  0.0000000e+00  8.5714286e-01 
    24 :  0.0000000e+00  7.8571429e-01 
    25 :  0.0000000e+00  7.1428571e-01 
    26 :  0.0000000e+00  6.4285714e-01 
    27 :  0.0000000e+00  5.7142857e-01 
    28 :  0.0000000e+00  5.0000000e-01 
    29 :  0.0000000e+00  4.2857143e-01 
    30 :  0.0000000e+00  3.5714286e-01 
    31 :  0.0000000e+00  2.8571429e-01 
    32 :  0.0000000e+00  2.1428571e-01 
    33 :  0.0000000e+00  1.4285714e-01 
    34 :  0.0000000e+00  7.1428571e-02 
    35 :  9.6428571e-01  1.0000000e+00 
    36 :  8.9285714e-01  1.0000000e+00 
    37 :  8.2142857e-01  1.0000000e+00 
    38 :  7.5000000e-01  1.0000000e+00 
    39 :  6.7857143e-01  1.0000000e+00 
    40 :  6.0714286e-01  1.0000000e+00 
    41 :  5.3571429e-01  1.0000000e+00 
    42 :  4.6428571e-01  1.0000000e+00 
    43 :  3.9285714e-01  1.0000000e+00 
    44 :  3.2142857e-01  1.0000000e+00 
    45 :  2.5000000e-01  1.0000000e+00 
    46 :  1.7857143e-01  1.0000000e+00 
    47 :  1.0714286e-01  1.0000000e+00 
    48 :  3.5714286e-02  1.0000000e+00 
    49 :  9.2857143e-01  1.0000000e+00 
    50 :  8.5714286e-01  1.0000000e+00 
    51 :  7.8571429e-01  1.0000000e+00 
    52 :  7.1428571e-01  1.0000000e+00 
    53 :  6.4285714e-01  1.0000000e+00 
    54 :  5.7142857e-01  1.0000000e+00 
    55 :  5.0000000e-01  1.0000000e+00 
    56 :  4.2857143e-01  1.0000000e+00 
    57 :  3.5714286e-01  1.0000000e+00 
    58 :  2.8571429e-01  1.0000000e+00 
    59 :  2.1428571e-01  1.0000000e+00 
    60 :  1.4285714e-01  1.0000000e+00 
    61 :  7.1428571e-02  1.0000000e+00 
    62 :  1.0000000e+00  7.8125000e-01 
    63 :  1.0000000e+00  8.4375000e-01 
    64 :  1.0000000e+00  9.0625000e-01 
    65 :  1.0000000e+00  9.6875000e-01 
    66 :  1.0000000e+00  8.1250000e-01 
    67 :  1.0000000e+00  8.7500000e-01 
    68 :  1.0000000e+00  9.3750000e-01 
    69 :  9.6428571e-01  7.5000000e-01 
    70 :  8.9285714e-01  7.5000000e-01 
    71 :  8.2142857e-01  7.5000000e-01 
    72 :  7.5000000e-01  7.5000000e-01 
    73 :  6.7857143e-01  7.5000000e-01 
    74 :  6.0714286e-01  7.5000000e-01 
    75 :  5.3571429e-01  7.5000000e-01 
    76 :  9.2857143e-01  7.5000000e-01 
    77 :  8.5714286e-01  7.5000000e-01 
    78 :  7.8571429e-01  7.5000000e-01 
    79 :  7.1428571e-01  7.5000000e-01 
    80 :  6.4285714e-01  7.5000000e-01 
    81 :  5.7142857e-01  7.5000000e-01 
    82 :  4.6442129e-01  7.4745536e-01 
    83 :  3.9614625e-01  7.2740800e-01 
    84 :  3.3628482e-01  6.8893739e-01 
    85 :  2.8968662e-01  6.3516020e-01 
    86 :  2.6012676e-01  5.7043314e-01 
    87 :  2.5000000e-01  5.0000000e-01 
    88 :  2.6012676e-01  4.2956686e-01 
    89 :  2.8968662e-01  3.6483980e-01 
    90 :  3.3628482e-01  3.1106261e-01 
    91 :  3.9614625e-01  2.7259200e-01 
    92 :  4.6442129e-01  2.5254464e-01 
    93 :  4.2956686e-01  7.3987324e-01 
    94 :  3.6483980e-01  7.1031338e-01 
    95 :  3.1106261e-01  6.6371518e-01 
    96 :  2.7259200e-01  6.0385375e-01 
    97 :  2.5254464e-01  5.3557871e-01 
    98 :  2.5254464e-01  4.6442129e-01 
    99 :  2.7259200e-01  3.9614625e-01 
   100 :  3.1106261e-01  3.3628482e-01 
   101 :  3.6483980e-01  2.8968662e-01 
   102 :  4.2956686e-01  2.6012676e-01 
   103 :  5.3571429e-01  2.5000000e-01 
   104 :  6.0714286e-01  2.5000000e-01 
   105 :  6.7857143e-01  2.5000000e-01 
   106 :  7.5000000e-01  2.5000000e-01 
   107 :  8.2142857e-01  2.5000000e-01 
   108 :  8.9285714e-01  2.5000000e-01 
   109 :  9.6428571e-01  2.5000000e-01 
   110 :  5.7142857e-01  2.5000000e-01 
   111 :  6.4285714e-01  2.5000000e-01 
   112 :  7.1428571e-01  2.5000000e-01 
   113 :  7.8571429e-01  2.5000000e-01 
   114 :  8.5714286e-01  2.5000000e-01 
   115 :  9.2857143e-01  2.5000000e-01 
   116 :  1.0000000e+00  3.1250000e-02 
   117 :  1.0000000e+00  9.3750000e-02 
   118 :  1.0000000e+00  1.5625000e-01 
   119 :  1.0000000e+00  2.1875000e-01 
   120 :  1.0000000e+00  6.2500000e-02 
   121 :  1.0000000e+00  1.2500000e-01 
   122 :  1.0000000e+00  1.8750000e-01 
   123 :  3.5714286e-02  0.0000000e+00 
   124 :  1.0714286e-01  0.0000000e+00 
   125 :  1.7857143e-01  0.0000000e+00 
   126 :  2.5000000e-01  0.0000000e+00 
   127 :  3.2142857e-01  0.0000000e+00 
   128 :  3.9285714e-01  0.0000000e+00 
   129 :  4.6428571e-01  0.0000000e+00 
   130 :  5.3571429e-01  0.0000000e+00 
   131 :  6.0714286e-01  0.0000000e+00 
   132 :  6.7857143e-01  0.0000000e+00 
   133 :  7.5000000e-01  0.0000000e+00 
   134 :  8.2142857e-01  0.0000000e+00 
   135 :  8.9285714e-01  0.0000000e+00 
   136 :  9.6428571e-01  0.0000000e+00 
   137 :  7.1428571e-02  0.0000000e+00 
   138 :  1.4285714e-01  0.0000000e+00 
   139 :  2.1428571e-01  0.0000000e+00 
   140 :  2.8571429e-01  0.0000000e+00 
   141 :  3.5714286e-01  0.0000000e+00 
   142 :  4.2857143e-01  0.0000000e+00 
   143 :  5.0000000e-01  0.0000000e+00 
   144 :  5.7142857e-01  0.0000000e+00 
   145 :  6.4285714e-01  0.0000000e+00 
   146 :  7.1428571e-01  0.0000000e+00 
   147 :  7.8571429e-01  0.0000000e+00 
   148 :  8.5714286e-01  0.0000000e+00 
   149 :  9.2857143e-01  0.0000000e+00 
   150 :  7.1854560e-01  1.9245307e-01 
   151 :  6.5176474e-01  1.9157317e-01 
   152 :  1.5436104e-01  7.8705319e-01 
   153 :  1.4700166e-01  9.3063903e-01 
   154 :  2.1787122e-01  2.8125386e-01 
   155 :  6.0482305e-02  4.3576972e-01 
   156 :  5.9065507e-02  4.9451365e-01 
   157 :  6.5667989e-02  5.6350981e-01 
   158 :  5.0281637e-01  9.4115862e-01 
   159 :  7.5020433e-01  8.4417507e-01 
   160 :  5.0468440e-01  8.8268310e-01 
   161 :  9.6428932e-01  7.8125711e-01 
   162 :  4.8529235e-01  1.0623155e-01 
   163 :  4.4992179e-01  1.9742863e-01 
   164 :  4.4170774e-01  1.0822028e-01 
   165 :  5.3708786e-01  2.1923688e-01 
   166 :  2.3376986e-01  2.5002669e-01 
   167 :  2.2563577e-01  5.9587676e-02 
   168 :  1.2017050e-01  4.6600766e-01 
   169 :  3.6168679e-01  1.8770384e-01 
   170 :  3.2591402e-01  2.2605834e-01 
   171 :  3.4709737e-01  1.3228100e-01 
   172 :  3.1753963e-01  1.6503142e-01 
   173 :  1.3557766e-01  2.6009278e-01 
   174 :  3.9995718e-01  7.7975346e-01 
   175 :  3.6995988e-01  7.6986046e-01 
   176 :  3.9599688e-01  9.7050702e-01 
   177 :  3.5080835e-01  8.2148584e-01 
   178 :  2.0219150e-01  5.8125223e-01 
   179 :  1.9427385e-01  4.6510968e-01 
   180 :  8.5747205e-01  1.5804685e-01 
   181 :  8.2101364e-01  6.5043816e-02 
   182 :  9.2859051e-01  8.4378778e-01 
   183 :  7.5008453e-01  7.8143199e-01 
   184 :  7.1441718e-01  7.8154202e-01 
   185 :  6.7877625e-01  7.8172500e-01 
   186 :  5.7212573e-01  9.6986180e-01 
   187 :  6.0834076e-01  8.4639829e-01 
   188 :  8.2151991e-01  8.7518385e-01 
   189 :  7.1452649e-01  9.3797014e-01 
   190 :  6.0760731e-01  9.6955111e-01 
   191 :  3.6069071e-01  9.6996036e-01 
   192 :  7.0665588e-02  6.3681211e-01 
   193 :  7.4608270e-02  7.1127581e-01 
   194 :  1.1118496e-01  3.3662522e-02 
   195 :  8.5719638e-01  9.0635662e-01 
   196 :  5.8385465e-01  6.2651205e-02 
   197 :  3.7387293e-01  1.0087292e-01 
   198 :  6.0765412e-01  9.6634871e-02 
   199 :  9.6432190e-01  1.5654624e-01 
   200 :  7.1968924e-01  1.3663192e-01 
   201 :  6.4222678e-01  1.0090418e-01 
   202 :  4.3371516e-01  9.4177380e-01 
   203 :  4.3862434e-01  8.8527250e-01 
   204 :  1.4233235e-01  3.8009205e-01 
   205 :  5.0390901e-01  8.2395962e-01 
   206 :  6.9916290e-01  7.8259075e-02 
   207 :  8.5735363e-01  1.2703205e-01 
   208 :  4.1334188e-01  1.1867388e-01 
   209 :  5.2498975e-01  2.7919560e-02 
   210 :  4.4253070e-01  7.9388609e-01 
   211 :  2.2174615e-01  1.7586661e-01 
   212 :  1.5961450e-01  9.7115987e-02 
   213 :  3.0656505e-01  1.0967704e-01 
   214 :  7.3384691e-02  9.2927636e-01 
   215 :  5.7318304e-01  9.0937028e-01 
   216 :  7.1460107e-01  9.0687861e-01 
   217 :  7.1460311e-01  8.4441888e-01 
   218 :  6.6371376e-01  1.3533134e-01 
   219 :  4.0997521e-01  2.0689554e-01 
   220 :  3.6433551e-01  9.4017900e-01 
   221 :  2.2064907e-01  9.3321011e-01 
   222 :  2.9579838e-01  5.5151972e-02 
   223 :  7.4623943e-01  6.9968995e-02 
   224 :  8.2106882e-01  3.2643521e-02 
   225 :  7.4983718e-01  1.0221612e-01 
   226 :  1.8386528e-01  9.3175532e-01 
   227 :  4.4263736e-01  8.3335204e-01 
   228 :  2.1168949e-01  6.1957001e-01 
   229 :  1.6985879e-01  5.8627154e-01 
   230 :  3.5925973e-02  3.6180065e-01 
   231 :  4.0586774e-01  8.8441014e-01 
   232 :  1.4490481e-01  9.6536048e-01 
   233 :  2.3739352e-01  7.9546225e-01 
   234 :  1.6445836e-01  3.0693661e-01 
   235 :  7.4243933e-02  3.4544641e-02 
   236 :  4.1367080e-01  8.3191850e-01 
   237 :  2.8437070e-01  6.8423293e-01 
   238 :  1.2427090e-01  2.9916102e-01 
   239 :  2.5321908e-01  1.9634442e-01 
   240 :  3.8727266e-02  7.0453723e-02 
   241 :  2.4652625e-01  2.2184390e-01 
   242 :  3.3819724e-01  8.7865699e-01 
   243 :  2.9338538e-01  9.3682925e-01 
   244 :  1.5231977e-01  2.1563647e-01 
   245 :  9.1636509e-02  2.1599477e-01 
   246 :  4.3770413e-02  1.7821241e-01 
   247 :  7.8584579e-01  8.4402024e-01 
   248 :  9.6429221e-01  9.3751323e-01 
   249 :  7.5020389e-01  9.0665802e-01 
   250 :  4.6225042e-01  9.3415768e-02 
   251 :  6.6899050e-01  3.5502071e-02 
   252 :  3.7013252e-01  2.1683622e-01 
   253 :  4.5904311e-01  2.3761722e-02 
   254 :  3.1216916e-01  1.3707068e-01 
   255 :  7.2407762e-02  9.6466834e-01 
   256 :  1.1436830e-01  7.4815104e-01 
   257 :  2.7804890e-01  8.0440697e-01 
   258 :  6.4367859e-01  8.7667768e-01 
   259 :  8.5716493e-01  7.8129495e-01 
   260 :  9.6429436e-01  9.0626723e-01 
   261 :  7.8581485e-01  8.1270938e-01 
   262 :  4.8301588e-01  5.0041673e-02 
   263 :  4.0445349e-01  9.5331157e-02 
   264 :  4.9730274e-01  2.2046897e-01 
   265 :  7.5731944e-02  8.2187857e-01 
   266 :  2.2415955e-01  8.9967456e-01 
   267 :  4.4084424e-01  8.5844653e-01 
   268 :  3.8253432e-01  7.4746806e-01 
   269 :  1.4737757e-01  6.6872437e-01 
   270 :  1.9598673e-01  5.4322671e-01 
   271 :  1.5237924e-01  7.0871763e-01 
   272 :  1.8403514e-01  3.1241430e-02 
   273 :  1.7728655e-01  3.8548605e-01 
   274 :  8.4826751e-02  1.3993893e-01 
   275 :  1.0864435e-01  9.6495736e-01 
   276 :  4.0957778e-01  8.5740814e-01 
   277 :  7.8448398e-01  6.6748433e-02 
   278 :  7.8554919e-01  9.8900981e-02 
   279 :  9.2859906e-01  9.4423899e-02 
   280 :  9.6428884e-01  6.2735851e-02 
   281 :  3.8334892e-01  8.2774033e-01 
   282 :  1.1164313e-01  8.9450802e-01 
   283 :  1.5448206e-01  7.4856977e-01 
   284 :  3.8110879e-01  2.4618325e-01 
   285 :  2.0080124e-01  4.2631938e-01 
   286 :  2.2481853e-01  4.6476128e-01 
   287 :  6.7358986e-01  1.0786880e-01 
   288 :  6.9158305e-01  1.3988800e-01 
   289 :  7.1567442e-01  1.0861488e-01 
   290 :  1.6439187e-01  5.4758724e-01 
   291 :  1.3151913e-01  5.5267887e-01 
   292 :  1.4168637e-01  6.2955482e-01 
   293 :  2.7774060e-01  1.4089576e-01 
   294 :  1.0707930e-01  3.7331569e-01 
   295 :  2.6088294e-01  5.7297270e-02 
   296 :  7.6909506e-02  3.3072472e-01 
   297 :  2.7611458e-01  3.2780882e-01 
   298 :  3.2498341e-01  7.8425040e-01 
   299 :  3.5055869e-01  7.3203613e-01 
   300 :  6.7906471e-01  8.4480495e-01 
   301 :  8.2151312e-01  9.0641844e-01 
   302 :  3.5410730e-01  1.5953337e-01 
   303 :  3.6041037e-01  2.5381273e-02 
   304 :  1.5258440e-01  3.4315302e-01 
   305 :  1.7883874e-01  2.7142373e-01 
   306 :  3.5937775e-01  7.9474077e-01 
   307 :  3.3336333e-01  9.0840968e-01 
   308 :  3.7163844e-02  7.1277504e-01 
   309 :  2.9770353e-01  9.0551881e-01 
   310 :  6.7910195e-01  8.7608711e-01 
   311 :  6.4316296e-01  9.6930670e-01 
   312 :  6.7905813e-01  9.0721106e-01 
   313 :  8.5718365e-01  8.1258281e-01 
   314 :  8.5719620e-01  8.4385767e-01 
   315 :  9.2857924e-01  7.8126566e-01 
   316 :  7.0796341e-01  3.7193808e-02 
   317 :  5.5996571e-01  3.0034035e-02 
   318 :  5.5906483e-01  1.2351551e-01 
   319 :  3.6825728e-01  7.5717050e-02 
   320 :  4.0010653e-01  1.7912462e-01 
   321 :  6.3192507e-01  3.3529351e-02 
   322 :  4.9134644e-01  1.5299540e-01 
   323 :  5.7996817e-01  1.8854860e-01 
   324 :  1.9391655e-01  1.9071544e-01 
   325 :  2.4275578e-01  3.9301054e-01 
   326 :  9.2859045e-01  9.0628777e-01 
   327 :  5.7220281e-01  7.8374241e-01 
   328 :  6.4362499e-01  8.4541933e-01 
   329 :  6.4714280e-01  2.2064586e-01 
   330 :  3.9918590e-01  7.1861428e-02 
   331 :  6.1162328e-01  2.1995779e-01 
   332 :  3.2934573e-01  2.6272793e-01 
   333 :  1.2764410e-01  1.3610624e-01 
   334 :  6.7894190e-01  9.3821105e-01 
   335 :  7.8585667e-01  8.7528848e-01 
   336 :  5.7330499e-01  8.4794483e-01 
   337 :  4.2700955e-01  2.3446045e-02 
   338 :  4.1978524e-01  2.3438124e-01 
   339 :  6.5691057e-01  7.0186578e-02 
   340 :  7.1656190e-01  2.2111836e-01 
   341 :  6.8533862e-01  1.9266863e-01 
   342 :  6.8197629e-01  2.2113609e-01 
   343 :  3.5329455e-02  6.3993710e-01 
   344 :  7.2867109e-02  6.7397528e-01 
   345 :  3.6360692e-02  6.7632831e-01 
   346 :  4.1293904e-01  7.5932406e-01 
   347 :  1.9528849e-01  7.0818435e-01 
   348 :  1.1410350e-01  8.2264567e-01 
   349 :  8.5720068e-01  8.7511595e-01 
   350 :  6.7895029e-01  8.1334642e-01 
   351 :  7.5015608e-01  9.3780743e-01 
   352 :  3.1784258e-01  7.1176316e-01 
   353 :  1.4781756e-01  3.2520643e-02 
   354 :  8.2442197e-02  2.9359662e-01 
   355 :  4.2217878e-02  1.4178791e-01 
   356 :  6.0829270e-01  9.0840833e-01 
   357 :  6.7877151e-01  9.6912709e-01 
   358 :  8.2149292e-01  8.1263220e-01 
   359 :  3.9423236e-01  2.4215688e-02 
   360 :  6.2342192e-01  1.6024110e-01 
   361 :  9.6429454e-01  8.4376719e-01 
   362 :  8.9289020e-01  9.0631571e-01 
   363 :  9.6429521e-01  8.7501861e-01 
   364 :  7.8581526e-01  9.3769925e-01 
   365 :  2.8227421e-01  1.6841390e-01 
   366 :  3.0636974e-02  4.3163175e-01 
   367 :  7.7356424e-02  6.9182092e-02 
   368 :  3.3268365e-02  3.9722403e-01 
   369 :  8.9287075e-01  7.8127743e-01 
   370 :  7.8576863e-01  7.8136430e-01 
   371 :  6.4344866e-01  8.1387567e-01 
   372 :  7.1462822e-01  8.7570092e-01 
   373 :  7.1452895e-01  8.1302762e-01 
   374 :  7.5015642e-01  8.1283168e-01 
   375 :  9.2858598e-01  8.1252892e-01 
   376 :  6.0806992e-01  8.1477706e-01 
   377 :  5.7273539e-01  9.3967125e-01 
   378 :  8.5718396e-01  9.3758127e-01 
   379 :  8.2151281e-01  8.4392135e-01 
   380 :  7.8695367e-01  1.9041386e-01 
   381 :  8.5716241e-01  9.5707651e-02 
   382 :  8.2183328e-01  1.2821782e-01 
   383 :  8.9282626e-01  6.3427781e-02 
   384 :  7.8474292e-01  3.3538460e-02 
   385 :  9.2857010e-01  6.3023642e-02 
   386 :  7.4749075e-01  3.5009244e-02 
   387 :  8.2138774e-01  9.6922688e-02 
   388 :  7.5209835e-01  1.3275934e-01 
   389 :  9.6431365e-01  1.2532536e-01 
   390 :  9.2863479e-01  1.2571569e-01 
   391 :  7.8705401e-01  1.6041561e-01 
   392 :  8.9281811e-01  3.1758111e-02 
   393 :  9.2865303e-01  1.8798802e-01 
   394 :  3.7659002e-02  7.4918085e-01 
   395 :  4.1843926e-01  8.0846650e-01 
   396 :  1.1016028e-01  9.2983497e-01 
   397 :  8.5701754e-01  3.2098298e-02 
   398 :  8.9302122e-01  1.8833764e-01 
   399 :  9.6430019e-01  9.4054791e-02 
   400 :  5.0146890e-01  9.7055548e-01 
   401 :  4.6820485e-01  9.4169197e-01 
   402 :  4.3116893e-01  9.7078353e-01 
   403 :  4.6629658e-01  9.7077980e-01 
   404 :  5.3765712e-01  9.4041506e-01 
   405 :  5.3674118e-01  9.7021663e-01 
   406 :  8.9289287e-01  8.7507129e-01 
   407 :  6.4360647e-01  9.0770283e-01 
   408 :  2.8945192e-01  9.6832966e-01 
   409 :  2.6586039e-01  8.6996404e-01 
   410 :  3.7764655e-02  8.2155334e-01 
   411 :  8.8904889e-02  1.7701822e-01 
   412 :  2.6651720e-01  8.5469856e-02 
   413 :  2.0372005e-01  1.2242674e-01 
   414 :  5.0171339e-01  7.9237233e-01 
   415 :  5.3804701e-01  8.1916874e-01 
   416 :  5.3690127e-01  7.8621255e-01 
   417 :  7.8658334e-01  1.3002867e-01 
   418 :  9.6431969e-01  1.8772393e-01 
   419 :  3.6394388e-01  5.0601144e-02 
   420 :  5.7507257e-01  2.1937525e-01 
   421 :  6.3169487e-01  1.3072742e-01 
   422 :  2.9072905e-01  2.7697491e-02 
   423 :  1.5118962e-01  8.6027619e-01 
   424 :  2.2803077e-01  8.6580335e-01 
   425 :  2.1738899e-01  9.6660459e-01 
   426 :  5.7156474e-01  9.2929647e-02 
   427 :  3.3028947e-01  5.2957003e-02 
   428 :  4.1080371e-02  2.8935444e-01 
   429 :  2.9813038e-02  4.9774916e-01 
   430 :  3.2866735e-02  5.6769942e-01 
   431 :  6.2761973e-02  5.2798982e-01 
   432 :  3.1416174e-02  5.3222439e-01 
   433 :  2.5762382e-01  3.5961765e-01 
   434 :  8.2206088e-01  1.8950599e-01 
   435 :  9.2856185e-01  3.1535970e-02 
   436 :  8.9289093e-01  9.4936528e-02 
   437 :  8.9297386e-01  1.2624927e-01 
   438 :  7.5133930e-01  2.2073428e-01 
   439 :  8.5746459e-01  1.8882523e-01 
   440 :  3.7253454e-01  8.8210306e-01 
   441 :  6.8242232e-02  5.9993268e-01 
   442 :  3.4155431e-02  6.0368781e-01 
   443 :  6.1999010e-01  6.5868419e-02 
   444 :  2.4375545e-01  6.1204991e-01 
   445 :  1.9309434e-01  5.0459779e-01 
   446 :  2.2550487e-01  5.3925834e-01 
   447 :  2.2285464e-01  5.0212566e-01 
   448 :  4.2673767e-01  6.8253954e-02 
   449 :  4.3015388e-01  8.9059082e-02 
   450 :  2.6023762e-01  6.4818025e-01 
   451 :  1.3688251e-01  1.7286915e-01 
   452 :  1.9697363e-01  2.3802170e-01 
   453 :  5.5660128e-02  4.6502211e-01 
   454 :  6.6211822e-02  4.0244053e-01 
   455 :  2.8829782e-02  4.6464873e-01 
   456 :  4.6007829e-01  7.8206381e-01 
   457 :  4.2495296e-01  7.8735616e-01 
   458 :  4.3962375e-01  7.6961301e-01 
   459 :  2.3239281e-01  8.3127527e-01 
   460 :  2.4314962e-01  7.5684137e-01 
   461 :  3.4389020e-01  8.4958764e-01 
   462 :  2.5350489e-01  9.6743312e-01 
   463 :  2.7131064e-01  8.3729747e-01 
   464 :  3.0106419e-01  8.2440939e-02 
   465 :  4.6047187e-01  1.2864394e-01 
   466 :  5.4808349e-01  5.9266529e-02 
   467 :  7.5639121e-02  7.4849073e-01 
   468 :  3.2518459e-01  9.6920494e-01 
   469 :  3.7747635e-01  8.5429800e-01 
   470 :  3.9610645e-01  4.8204193e-02 
   471 :  6.1686318e-01  1.9000794e-01 
   472 :  5.9665573e-01  1.2704970e-01 
   473 :  3.8122585e-01  1.2624784e-01 
   474 :  1.0612379e-01  6.3338009e-01 
   475 :  9.8581869e-02  5.5848742e-01 
   476 :  1.0233481e-01  5.9571364e-01 
   477 :  3.7121611e-02  8.9323457e-01 
   478 :  1.1300785e-01  8.5883265e-01 
   479 :  2.6125424e-01  9.0248615e-01 
   480 :  2.5540296e-01  2.8808988e-02 
   481 :  2.8448486e-01  1.9654479e-01 
   482 :  2.7224306e-01  1.1332267e-01 
   483 :  9.0012150e-02  4.4366058e-01 
   484 :  1.3263707e-01  4.1882515e-01 
   485 :  2.3173125e-01  8.8748170e-02 
   486 :  9.9364860e-02  4.0951745e-01 
   487 :  7.1987770e-01  1.6424623e-01 
   488 :  6.5710429e-01  1.6303962e-01 
   489 :  6.8864141e-01  1.6517696e-01 
   490 :  1.1276596e-01  7.0987489e-01 
   491 :  1.0978098e-01  6.7147178e-01 
   492 :  5.1823606e-01  1.1831941e-01 
   493 :  5.8708060e-01  1.5760879e-01 
   494 :  5.1405438e-01  5.4858022e-02 
   495 :  1.8986625e-01  6.2147174e-02 
   496 :  4.4433711e-02  2.1525949e-01 
   497 :  1.1513076e-01  3.3655741e-01 
   498 :  7.5022091e-01  8.7545043e-01 
   499 :  5.7288989e-01  8.1635635e-01 
   500 :  6.4342492e-01  9.3855891e-01 
   501 :  8.9288233e-01  8.1255062e-01 
   502 :  8.9288245e-01  9.3755024e-01 
   503 :  5.9572744e-01  3.1792871e-02 
   504 :  2.5720408e-01  9.3495125e-01 
   505 :  1.9701307e-01  7.5066863e-01 
   506 :  1.8668543e-01  8.9737668e-01 
   507 :  5.0479806e-01  8.5352173e-01 
   508 :  5.3875247e-01  8.8060625e-01 
   509 :  5.3868167e-01  8.5029972e-01 
   510 :  7.1555453e-02  3.6706631e-01 
   511 :  2.1090778e-01  3.8961473e-01 
   512 :  2.3933167e-01  3.2126085e-01 
   513 :  4.3621266e-01  9.1317986e-01 
   514 :  3.9915722e-01  9.4126371e-01 
   515 :  1.9633385e-01  9.2640250e-02 
   516 :  1.7710626e-01  6.2515776e-01 
   517 :  7.5961445e-02  7.8539041e-01 
   518 :  2.8685316e-01  7.7136573e-01 
   519 :  4.0242160e-01  9.1247696e-01 
   520 :  9.2859208e-01  8.7504087e-01 
   521 :  5.0394045e-01  9.1186359e-01 
   522 :  5.3836638e-01  9.1057314e-01 
   523 :  9.6428418e-01  3.1378556e-02 
   524 :  8.9302672e-01  1.5737142e-01 
   525 :  7.4315904e-02  8.9374046e-01 
   526 :  1.8116795e-01  9.6590624e-01 
   527 :  1.6025845e-01  4.6546821e-01 
   528 :  1.6760653e-01  4.2364575e-01 
   529 :  4.7186909e-01  8.3015425e-01 
   530 :  4.7136862e-01  8.8453560e-01 
   531 :  4.7220964e-01  8.5685622e-01 
   532 :  9.2865727e-01  1.5689835e-01 
   533 :  4.2618073e-01  4.6363716e-02 
   534 :  3.9016163e-01  1.5222734e-01 
   535 :  3.4076538e-01  1.0563100e-01 
   536 :  4.6994126e-01  9.1288668e-01 
   537 :  4.9441241e-01  1.8870038e-01 
   538 :  4.7394714e-01  7.2889848e-02 
   539 :  4.4778940e-01  8.2910853e-02 
   540 :  4.4349867e-01  8.1116452e-01 
   541 :  1.9260171e-01  8.2690206e-01 
   542 :  1.6748956e-01  1.2924545e-01 
   543 :  3.8544945e-02  3.2579627e-01 
   544 :  2.5639737e-01  2.8908817e-01 
   545 :  6.0800835e-01  9.3904163e-01 
   546 :  8.2146333e-01  7.8132195e-01 
   547 :  8.2149349e-01  9.3762808e-01 
   548 :  7.8584595e-01  9.0651307e-01 
   549 :  6.4317645e-01  7.8204036e-01 
   550 :  9.2858589e-01  9.3752899e-01 
   551 :  1.9533904e-01  7.8990519e-01 
   552 :  3.0264654e-01  8.7444961e-01 
   553 :  9.6429244e-01  8.1251315e-01 
   554 :  2.1986317e-01  2.9980746e-02 
   555 :  8.7846947e-02  2.5543577e-01 
   556 :  2.7309401e-01  2.5747893e-01 
   557 :  2.3815986e-01  1.1727955e-01 
   558 :  8.9289010e-01  8.4381602e-01 
   559 :  1.3631663e-01  5.9106250e-01 
   560 :  1.2098445e-01  1.0132296e-01 
   561 :  1.8889520e-01  3.4931990e-01 
   562 :  2.5037610e-01  1.7112001e-01 
   563 :  2.0250071e-01  3.1454975e-01 
   564 :  1.8962407e-01  8.6254074e-01 
   565 :  3.3664186e-01  7.5668221e-01 
   566 :  1.2686656e-01  5.1310456e-01 
   567 :  8.8376050e-02  4.8778783e-01 
   568 :  9.4558733e-02  5.2200043e-01 
   569 :  8.5701367e-01  6.4045656e-02 
   570 :  8.2208309e-01  1.5902599e-01 
   571 :  4.0442066e-02  1.0592750e-01 
   572 :  3.6822631e-01  9.1082159e-01 
   573 :  3.0853404e-01  8.4371984e-01 
   574 :  3.2221973e-01  1.9429514e-01 
   575 :  4.5450487e-01  4.6420318e-02 
   576 :  2.4943730e-01  7.1026228e-01 
   577 :  7.5237145e-01  1.9149213e-01 
   578 :  8.0874399e-02  1.0418255e-01 
   579 :  1.5327044e-01  6.4866113e-02 
   580 :  1.6086501e-01  5.0783791e-01 
   581 :  3.7841311e-02  7.8545580e-01 
   582 :  4.5780395e-01  2.2576754e-01 
   583 :  1.7807630e-01  1.6092501e-01 
   584 :  3.1579653e-01  8.1352193e-01 
   585 :  1.1467923e-01  7.8578372e-01 
   586 :  3.3519943e-01  7.9261590e-02 
   587 :  5.4660919e-01  1.5511797e-01 
   588 :  2.2388965e-01  3.5468983e-01 
   589 :  2.1224353e-01  1.5074869e-01 
   590 :  3.2910093e-01  9.3864109e-01 
   591 :  1.5304890e-01  8.2417748e-01 
   592 :  4.9136971e-01  2.5592936e-02 
   593 :  5.3994753e-01  1.8765260e-01 
   594 :  5.0162542e-01  8.0964072e-02 
   595 :  2.3244811e-01  5.7586205e-01 
   596 :  3.7153393e-02  3.5192872e-02 
   597 :  4.6896724e-01  8.0490928e-01 
   598 :  1.8592236e-01  6.6539549e-01 
   599 :  3.7502428e-02  8.5747100e-01 
   600 :  1.1568758e-01  6.7341125e-02 
   601 :  7.7712113e-02  4.6552440e-01 
   602 :  2.4466152e-01  1.4486153e-01 
   603 :  6.0841392e-01  8.7756536e-01 
   604 :  4.3944129e-01  1.6884593e-01 
   605 :  4.2538628e-01  1.4287083e-01 
   606 :  3.9059699e-01  8.0279264e-01 
   607 :  5.7339414e-01  8.7885501e-01 
   608 :  4.5066941e-01  6.6791078e-02 
   609 :  7.5133407e-02  8.5797115e-01 
   610 :  2.2546829e-01  6.6004758e-01 
   611 :  2.1720844e-01  2.1235130e-01 
   612 :  7.5277617e-01  1.6225308e-01 
   613 :  3.2579912e-01  2.6570119e-02 
   614 :  2.3167065e-01  4.2811389e-01 
   615 :  6.9338760e-01  1.1908561e-01 
   616 :  1.4912016e-01  8.9567702e-01 
   617 :  4.3259873e-02  2.5248095e-01 
   618 :  2.9876123e-01  2.9677523e-01 
   619 :  2.9941425e-01  7.3896644e-01 
   620 :  6.0764100e-01  7.8261403e-01 
   621 :  5.3488131e-01  8.8280129e-02 
   622 :  2.3064789e-01  1.9471898e-01 
   623 :  2.8191017e-01  2.2605091e-01 
   624 :  7.1441600e-01  9.6900093e-01 
   625 :  7.5008458e-01  9.6891479e-01 
   626 :  7.8576908e-01  9.6885713e-01 
   627 :  8.2146383e-01  9.6881904e-01 
   628 :  8.5716519e-01  9.6879388e-01 
   629 :  8.9287087e-01  9.6877721e-01 
   630 :  9.2857921e-01  9.6876575e-01 
   631 :  9.6428917e-01  9.6875718e-01 
   632 :  7.8644306e-01  2.2024156e-01 
   633 :  8.2180968e-01  2.1979724e-01 
   634 :  8.5733895e-01  2.1945066e-01 
   635 :  8.9295725e-01  2.1919633e-01 
   636 :  9.2862107e-01  2.1901130e-01 
   637 :  9.6430636e-01  2.1887025e-01 
   638 :  3.6674130e-02  9.2888267e-01 
   639 :  3.6196666e-02  9.6445729e-01 
Number of edges 150 
     0 :      0      8 
     1 :      8     22 
     2 :     22      9 
     3 :      9     23 
     4 :     23     10 
     5 :     10     24 
     6 :     24     11 
     7 :     11     25 
     8 :     25     12 
     9 :     12     26 
    10 :     26     13 
    11 :     13     27 
    12 :     27     14 
    13 :     14     28 
    14 :     28     15 
    15 :     15     29 
    16 :     29     16 
    17 :     16     30 
    18 :     30     17 
    19 :     17     31 
    20 :     31     18 
    21 :     18     32 
    22 :     32     19 
    23 :     19     33 
    24 :     33     20 
    25 :     20     34 
    26 :     34     21 
    27 :     21      1 
    28 :      2     35 
    29 :     35     49 
    30 :     49     36 
    31 :     36     50 
    32 :     50     37 
    33 :     37     51 
    34 :     51     38 
    35 :     38     52 
    36 :     52     39 
    37 :     39     53 
    38 :     53     40 
    39 :     40     54 
    40 :     54     41 
    41 :     41     55 
    42 :     55     42 
    43 :     42     56 
    44 :     56     43 
    45 :     43     57 
    46 :     57     44 
    47 :     44     58 
    48 :     58     45 
    49 :     45     59 
    50 :     59     46 
    51 :     46     60 
    52 :     60     47 
    53 :     47     61 
    54 :     61     48 
    55 :     48      0 
    56 :      3     62 
    57 :     62     66 
    58 :     66     63 
    59 :     63     67 
    60 :     67     64 
    61 :     64     68 
    62 :     68     65 
    63 :     65      2 
    64 :      3     69 
    65 :     69     76 
    66 :     76     70 
    67 :     70     77 
    68 :     77     71 
    69 :     71     78 
    70 :     78     72 
    71 :     72     79 
    72 :     79     73 
    73 :     73     80 
    74 :     80     74 
    75 :     74     81 
    76 :     81     75 
    77 :     75      4 
    78 :      4     82 
    79 :     82     93 
    80 :     93     83 
    81 :     83     94 
    82 :     94     84 
    83 :     84     95 
    84 :     95     85 
    85 :     85     96 
    86 :     96     86 
    87 :     86     97 
    88 :     97     87 
    89 :     87     98 
    90 :     98     88 
    91 :     88     99 
    92 :     99     89 
    93 :     89    100 
    94 :    100     90 
    95 :     90    101 
    96 :    101     91 
    97 :     91    102 
    98 :    102     92 
    99 :     92      5 
   100 :      5    103 
   101 :    103    110 
   102 :    110    104 
   103 :    104    111 
   104 :    111    105 
   105 :    105    112 
   106 :    112    106 
   107 :    106    113 
   108 :    113    107 
   109 :    107    114 
   110 :    114    108 
   111 :    108    115 
   112 :    115    109 
   113 :    109      6 
   114 :      7    116 
   115 :    116    120 
   116 :    120    117 
   117 :    117    121 
   118 :    121    118 
   119 :    118    122 
   120 :    122    119 
   121 :    119      6 
   122 :      1    123 
   123 :    123    137 
   124 :    137    124 
   125 :    124    138 
   126 :    138    125 
   127 :    125    139 
   128 :    139    126 
   129 :    126    140 
   130 :    140    127 
   131 :    127    141 
   132 :    141    128 
   133 :    128    142 
   134 :    142    129 
   135 :    129    143 
   136 :    143    130 
   137 :    130    144 
   138 :    144    131 
   139 :    131    145 
   140 :    145    132 
   141 :    132    146 
   142 :    146    133 
   143 :    133    147 
   144 :    147    134 
   145 :    134    148 
   146 :    148    135 
   147 :    135    149 
   148 :    149    136 
   149 :    136      7 
Number of quads 564 
     0 :    428    543     17     31
     1 :    611    622    239    241
     2 :    241    239    481    623
     3 :    573    584    177    461
     4 :    410    581    517    265
     5 :    467    193    490    256
     6 :    478    348    591    423
     7 :    625    624    189    351
     8 :    627    626    364    547
     9 :    215    522    508    607
    10 :    217    300    350    373
    11 :    185    549     80     73
    12 :    216    312    310    372
    13 :     64    260    363     67
    14 :    335    498    159    247
    15 :    169    574    172    302
    16 :    420    331    104    110
    17 :    321    503    131    145
    18 :    218    421    201    287
    19 :    264      5     92    582
    20 :    323    471    331    420
    21 :    209    592    143    130
    22 :    198    426    196    443
    23 :    325    433     89     99
    24 :     98     87    447    286
    25 :    370    183     72     78
    26 :    182    558    501    375
    27 :    375    501    369    315
    28 :    376    499    327    620
    29 :    471    151    329    331
    30 :    582     92    102    338
    31 :    422    140    127    613
    32 :    319    419    470    330
    33 :    618     90    100    297
    34 :    100     89    433    297
    35 :    520    406    558    182
    36 :    336    509    415    499
    37 :    311    190    545    500
    38 :    183    184     79     72
    39 :    470    359    337    533
    40 :    605    534    473    208
    41 :    320    169    302    534
    42 :    419    303    359    470
    43 :    151    341    342    329
    44 :    329    342    105    111
    45 :    342    340    112    105
    46 :    341    150    340    342
    47 :    192    344    345    343
    48 :    343    345     12     26
    49 :    345    308     25     12
    50 :    344    193    308    345
    51 :    347    271    269    598
    52 :    175    268    346    174
    53 :    237    450     85     95
    54 :    188    335    247    379
    55 :    159    217    373    374
    56 :     66    553    161     62
    57 :    500    545    356    407
    58 :    299     94     83    268
    59 :     11     25    308    394
    60 :    560    578    367    600
    61 :    354    296    543    428
    62 :    549    620     74     80
    63 :    326    362    406    520
    64 :    249    216    372    498
    65 :    327    416     75     81
    66 :    617    428     31     18
    67 :    285    511    325    614
    68 :    497    304    204    294
    69 :    496     32     19    246
    70 :    206    339    251    316
    71 :    322    587    593    537
    72 :    503    317    144    131
    73 :    499    415    416    327
    74 :    628    627    547    378
    75 :    502    378    195    362
    76 :    624    357    334    189
    77 :    547    364    548    301
    78 :    300    328    371    350
    79 :    372    310    300    217
    80 :    334    500    407    312
    81 :    600    367    235    194
    82 :    497    294    510    296
    83 :    305    452    166    154
    84 :    571     20     34    240
    85 :    455    366    155    453
    86 :    366    368    454    155
    87 :    480    422    222    295
    88 :     39     53    311    357
    89 :    161    315     76     69
    90 :    189    334    312    216
    91 :    358    261    370    546
    92 :    546    370     78     71
    93 :    631    630    550    248
    94 :    260    326    520    363
    95 :    607    508    509    336
    96 :    369    259     77     70
    97 :     52     39    357    624
    98 :    620    327     81     74
    99 :     40     54    186    190
   100 :    184    185     73     79
   101 :    314    379    358    313
   102 :    406    349    314    558
   103 :    357    311    500    334
   104 :    280    385    435    523
   105 :    199    532    390    389
   106 :    398    439    180    524
   107 :    436    381    569    383
   108 :    523    435    149    136
   109 :    278    225    223    277
   110 :    437    207    381    436
   111 :    388    200    289    225
   112 :    386    316    146    133
   113 :    118    199    389    121
   114 :    113    106    438    632
   115 :    384    386    133    147
   116 :    524    180    207    437
   117 :    279    436    383    385
   118 :    121    389    399    117
   119 :    633    632    380    434
   120 :    438    340    150    577
   121 :    634    633    434    439
   122 :    382    417    278    387
   123 :    637    636    393    418
   124 :    425    221    504    462
   125 :    191    220    514    176
   126 :    460    576    619    518
   127 :    106    112    340    438
   128 :    417    388    225    278
   129 :    122    418    199    118
   130 :    380    577    612    391
   131 :     56    402    403     42
   132 :     42    403    400     55
   133 :    403    401    158    400
   134 :    402    202    401    403
   135 :     55    400    405     41
   136 :    498    372    217    159
   137 :    377    404    522    215
   138 :    400    158    404    405
   139 :    629    628    378    502
   140 :    407    356    603    258
   141 :    258    603    187    328
   142 :    259    546     71     77
   143 :    462    504    243    408
   144 :     58    408    468     44
   145 :    440    469    276    231
   146 :    599    410    265    609
   147 :    412    464    213    482
   148 :    583    542    413    589
   149 :    557    482    293    602
   150 :    296    510    230    543
   151 :    195    301    188    349
   152 :     75    416    414      4
   153 :    416    415    205    414
   154 :    312    407    258    310
   155 :    577    150    487    612
   156 :    569    181    224    397
   157 :    116    523    136      7
   158 :    383    569    397    392
   159 :    284     91    101    332
   160 :    318    492    621    426
   161 :    534    302    171    473
   162 :    535    586    319    197
   163 :    139    126    480    554
   164 :    468    590    220    191
   165 :    282    478    423    616
   166 :    564    541    459    424
   167 :    443    196    503    321
   168 :    197    319    330    263
   169 :    322    604    605    465
   170 :    604    163    219    320
   171 :    234    305    154    563
   172 :    578    571    240    367
   173 :    294    204    484    486
   174 :    211    562    239    622
   175 :    432    430     27     14
   176 :    432    431    157    430
   177 :    432     14     28    429
   178 :    432    429    156    431
   179 :    204    304    561    273
   180 :    353    138    125    272
   181 :    555    354    428    617
   182 :    632    438    577    380
   183 :    532    524    437    390
   184 :    418    393    532    199
   185 :    223    206    316    386
   186 :    385    383    392    435
   187 :    381    387    181    569
   188 :    393    398    524    532
   189 :    636    635    398    393
   190 :    570    391    417    382
   191 :    207    382    387    381
   192 :    389    390    279    399
   193 :    225    289    206    223
   194 :    477    599    609    525
   195 :    236    395    540    227
   196 :    157    441    442    430
   197 :    430    442     13     27
   198 :    442    343     26     13
   199 :    441    192    343    442
   200 :    464    222    427    586
   201 :    593    323    420    165
   202 :    169    252    170    574
   203 :    465    605    208    164
   204 :    446    447     87     97
   205 :    595     86     96    444
   206 :    447    445    179    286
   207 :    619    352    299    565
   208 :    493    472    421    360
   209 :    252    284    332    170
   210 :    322    465    162    492
   211 :    164    449    539    250
   212 :    268     83     93    346
   213 :     85    450    444     96
   214 :    516    292    559    229
   215 :    173    305    234    238
   216 :    543    230     30     17
   217 :    126    140    422    480
   218 :    273    561    588    511
   219 :    455    453    156    429
   220 :     29     16    368    366
   221 :    455    429     28     15
   222 :    506    564    424    266
   223 :    616    423    564    506
   224 :    210    457    458    456
   225 :    456    458     82      4
   226 :    458    346     93     82
   227 :    457    174    346    458
   228 :    526    226    221    425
   229 :    348    585    152    591
   230 :     46    526    425     59
   231 :    266    424    409    479
   232 :    307    242    440    572
   233 :    153    616    506    226
   234 :    243    309    307    590
   235 :     60    232    526     46
   236 :    232    153    226    526
   237 :    242    461    469    440
   238 :    176    514    202    402
   239 :    219    338    284    252
   240 :    427    613    303    419
   241 :    538    608    575    262
   242 :    587    318    472    493
   243 :    518    619    565    298
   244 :     48    639    255     61
   245 :     57    191    176     43
   246 :    233    460    518    257
   247 :    250    539    608    538
   248 :    448    533    575    608
   249 :    338    102     91    284
   250 :    359    128    142    337
   251 :    192    441    476    474
   252 :    352     84     94    299
   253 :    269    271    490    491
   254 :    441    157    475    476
   255 :     24     11    394    581
   256 :    394    308    193    467
   257 :    265    517    585    348
   258 :     44    468    191     57
   259 :    304    234    563    561
   260 :    324    211    622    611
   261 :    246     19     33    355
   262 :    411    246    355    274
   263 :    454    486    483    155
   264 :    486    484    168    483
   265 :    150    341    489    487
   266 :    487    489    288    200
   267 :    489    488    218    288
   268 :    341    151    488    489
   269 :    193    344    491    490
   270 :    639    638    214    255
   271 :    178    270    446    595
   272 :    344    192    474    491
   273 :    621    594    494    466
   274 :    586    427    419    319
   275 :    360    488    151    471
   276 :    449    448    608    539
   277 :    623    481    574    170
   278 :    325     99     88    614
   279 :    324    583    589    211
   280 :    379    247    261    358
   281 :     68    248    260     64
   282 :    328    187    376    371
   283 :    553    375    315    161
   284 :    603    607    336    187
   285 :    558    314    313    501
   286 :     54     41    405    186
   287 :    537    264    582    163
   288 :    171    254    213    535
   289 :    473    171    535    197
   290 :    426    621    466    196
   291 :    275    396    153    232
   292 :    255    214    396    275
   293 :    229    559    291    290
   294 :    581    394    467    517
   295 :    205    415    509    507
   296 :    507    509    508    160
   297 :    545    377    215    356
   298 :    301    548    335    188
   299 :    230    368     16     30
   300 :    510    454    368    230
   301 :    496    617     18     32
   302 :    238    234    304    497
   303 :    589    602    562    211
   304 :    365    172    574    481
   305 :    495    167    485    515
   306 :     47    275    232     60
   307 :    519    231    203    513
   308 :    423    591    541    564
   309 :    591    152    551    541
   310 :    579    353    272    495
   311 :    602    293    365    562
   312 :    173    238    354    555
   313 :     10     24    581    410
   314 :     45    462    408     58
   315 :     23     10    410    599
   316 :    409    463    573    552
   317 :    630    629    502    550
   318 :    362    195    349    406
   319 :    522    521    160    508
   320 :    404    158    521    522
   321 :    612    487    200    388
   322 :    397    224    134    148
   323 :    439    434    570    180
   324 :    277    223    386    384
   325 :    395    457    210    540
   326 :    459    233    257    463
   327 :    237     95     84    352
   328 :      9     23    599    477
   329 :    168    484    528    527
   330 :    527    528    285    179
   331 :    235    596    123    137
   332 :    554    480    295    167
   333 :    160    530    531    507
   334 :    507    531    529    205
   335 :    531    267    227    529
   336 :    530    203    267    531
   337 :    224    384    147    134
   338 :    635    634    439    398
   339 :    180    570    382    207
   340 :    434    380    391    570
   341 :    609    265    348    478
   342 :    270    445    447    446
   343 :    292    474    476    559
   344 :    251    321    145    132
   345 :    263    330    448    449
   346 :    164    208    263    449
   347 :    472    318    426    198
   348 :    158    401    536    521
   349 :    521    536    530    160
   350 :    536    513    203    530
   351 :    401    202    513    536
   352 :    201    198    443    339
   353 :    322    537    163    604
   354 :    303    141    128    359
   355 :    339    443    321    251
   356 :    396    282    616    153
   357 :    525    609    478    282
   358 :    152    283    505    551
   359 :    306    175    174    606
   360 :    333    560    212    542
   361 :    482    213    254    293
   362 :    333    274    578    560
   363 :    562    365    481    239
   364 :    364    351    249    548
   365 :    315    369     70     76
   366 :    248    550    326    260
   367 :    247    159    374    261
   368 :    361    182    375    553
   369 :     65    631    248     68
   370 :    356    215    607    603
   371 :    363    520    182    361
   372 :    374    373    184    183
   373 :    190    186    377    545
   374 :     63    361    553     66
   375 :    576    237    352    619
   376 :    514    519    513    202
   377 :    552    573    461    242
   378 :    501    313    259    369
   379 :    349    188    379    314
   380 :    626    625    351    364
   381 :     67    363    361     63
   382 :    212    579    495    515
   383 :    515    485    557    413
   384 :    484    204    273    528
   385 :    560    600    579    212
   386 :    187    336    499    376
   387 :    371    376    620    549
   388 :     62    161     69      3
   389 :    548    249    498    335
   390 :    290    291    566    580
   391 :    228    178    595    444
   392 :    413    557    602    589
   393 :    596     21      1    123
   394 :    452    611    241    166
   395 :    559    476    475    291
   396 :    576    610    450    237
   397 :    517    467    256    585
   398 :    290    580    445    270
   399 :    156    567    568    431
   400 :    431    568    475    157
   401 :    572    440    231    519
   402 :    567    168    566    568
   403 :    435    392    135    149
   404 :    392    397    148    135
   405 :    391    612    388    417
   406 :    181    277    384    224
   407 :    544    556    332    618
   408 :    154    166    556    544
   409 :    298    565    175    306
   410 :    461    177    281    469
   411 :    541    551    233    459
   412 :    257    518    298    584
   413 :    592    253    129    143
   414 :    330    470    533    448
   415 :    533    337    253    575
   416 :    493    360    471    323
   417 :    291    475    568    566
   418 :    576    347    598    610
   419 :    309    552    242    307
   420 :    387    278    277    181
   421 :    390    437    436    279
   422 :    119    637    418    122
   423 :    399    279    385    280
   424 :    294    486    454    510
   425 :    245    496    246    411
   426 :    588    512    297    433
   427 :    240     34     21    596
   428 :    244    245    411    451
   429 :    244    324    611    452
   430 :    445    580    527    179
   431 :    580    566    168    527
   432 :    565    299    268    175
   433 :    606    174    457    395
   434 :    424    459    463    409
   435 :    214    525    282    396
   436 :    492    162    594    621
   437 :    594    538    262    494
   438 :    316    251    132    146
   439 :    264    165    103      5
   440 :    561    563    512    588
   441 :    528    273    511    285
   442 :    245    555    617    496
   443 :    194    124    138    353
   444 :     59    425    462     45
   445 :    463    257    584    573
   446 :    466    494    209    317
   447 :    163    582    338    219
   448 :    208    473    197    263
   449 :    322    492    318    587
   450 :    563    154    544    512
   451 :    293    254    172    365
   452 :    244    452    305    173
   453 :    276    236    227    267
   454 :    177    306    606    281
   455 :    281    606    395    236
   456 :    551    505    460    233
   457 :    494    262    592    209
   458 :    331    329    111    104
   459 :    604    320    534    605
   460 :    421    472    198    201
   461 :    213    464    586    535
   462 :    613    127    141    303
   463 :    222    422    613    427
   464 :    537    593    165    264
   465 :    595    446     97     86
   466 :    610    228    444    450
   467 :    244    451    583    324
   468 :    355     33     20    571
   469 :    210    456    597    540
   470 :    540    597    529    227
   471 :    597    414    205    529
   472 :    456      4    414    597
   473 :    585    256    283    152
   474 :     61    255    275     47
   475 :     22      9    477    638
   476 :    256    490    271    283
   477 :    226    506    266    221
   478 :    367    240    596    235
   479 :    238    497    296    354
   480 :    167    295    412    485
   481 :    155    483    601    453
   482 :    156    453    601    567
   483 :    455     15     29    366
   484 :    483    168    567    601
   485 :    451    333    542    583
   486 :    556    623    170    332
   487 :    274    355    571    578
   488 :    373    350    185    184
   489 :    186    405    404    377
   490 :    350    371    549    185
   491 :    587    493    323    593
   492 :    320    219    252    169
   493 :    337    142    129    253
   494 :    317    209    130    144
   495 :    360    421    218    488
   496 :    584    298    306    177
   497 :    469    281    236    276
   498 :    231    276    267    203
   499 :    378    547    301    195
   500 :     53     40    190    311
   501 :    313    358    546    259
   502 :    310    258    328    300
   503 :    162    250    538    594
   504 :    165    420    110    103
   505 :     43    176    402     56
   506 :    638    477    525    214
   507 :    590    307    572    220
   508 :    598    516    228    610
   509 :    408    243    590    468
   510 :    600    194    353    579
   511 :    269    491    474    292
   512 :    511    588    433    325
   513 :    512    544    618    297
   514 :    504    479    309    243
   515 :    505    347    576    460
   516 :    120    280    523    116
   517 :    117    399    280    120
   518 :    221    266    479    504
   519 :    220    572    519    514
   520 :    479    409    552    309
   521 :    465    164    250    162
   522 :    196    466    317    503
   523 :    614     88     98    286
   524 :    272    554    167    495
   525 :    286    179    285    614
   526 :    206    289    615    287
   527 :    287    615    288    218
   528 :    289    200    288    615
   529 :    229    290    270    178
   530 :    598    269    292    516
   531 :    451    411    274    333
   532 :    295    222    464    412
   533 :    194    235    137    124
   534 :    542    212    515    413
   535 :    618    332    101     90
   536 :    485    412    482    557
   537 :    244    173    555    245
   538 :    516    229    178    228
   539 :    283    271    347    505
   540 :    550    502    362    326
   541 :    261    374    183    370
   542 :    351    189    216    249
   543 :    287    201    339    206
   544 :    302    172    254    171
   545 :    262    575    253    592
   546 :    125    139    554    272
   547 :    166    241    623    556
   548 :     38     52    624    625
   549 :     51     38    625    626
   550 :     37     51    626    627
   551 :     50     37    627    628
   552 :     36     50    628    629
   553 :     49     36    629    630
   554 :     35     49    630    631
   555 :      2     35    631     65
   556 :    107    113    632    633
   557 :    114    107    633    634
   558 :    108    114    634    635
   559 :    115    108    635    636
   560 :    109    115    636    637
   561 :      6    109    637    119
   562 :      8     22    638    639
   563 :      0      8    639     48
Number of domains 8
  Domain :      0 
  Name : Symmetry
  Number of elements :     28
     0     1     2     3     4     5     6     7     8     9
    10    11    12    13    14    15    16    17    18    19
    20    21    22    23    24    25    26    27
  Domain :      1 
  Name : Entity 1 
  Number of elements :     28
    28    29    30    31    32    33    34    35    36    37
    38    39    40    41    42    43    44    45    46    47
    48    49    50    51    52    53    54    55
  Domain :      2 
  Name : Entity 2 
  Number of elements :      8
    56    57    58    59    60    61    62    63
  Domain :      3 
  Name : Entity 3 
  Number of elements :     14
    64    65    66    67    68    69    70    71    72    73
    74    75    76    77
  Domain :      4 
  Name : Entity 4 
  Number of elements :     22
    78    79    80    81    82    83    84    85    86    87
    88    89    90    91    92    93    94    95    96    97
    98    99
  Domain :      5 
  Name : Entity 5 
  Number of elements :     14
   100   101   102   103   104   105   106   107   108   109
   110   111   112   113
  Domain :      6 
  Name : Entity 6 
  Number of elements :      8
   114   115   116   117   118   119   120   121
  Domain :      7 
  Name : Bottom
  Number of elements :     28
   122   123   124   125   126   127   128   129   130   131
   132   133   134   135   136   137   138   139   140   141
   142   143   144   145   146   147   148   149
