Size 979,2
0.000000000000000000e+00,0.000000000000000000e+00
0.000000000000000000e+00,0.000000000000000000e+00
0.000000000000000000e+00,0.000000000000000000e+00
0.000000000000000000e+00,0.000000000000000000e+00
0.000000000000000000e+00,0.000000000000000000e+00
0.000000000000000000e+00,0.000000000000000000e+00
0.000000000000000000e+00,0.000000000000000000e+00
0.000000000000000000e+00,0.000000000000000000e+00
0.000000000000000000e+00,0.000000000000000000e+00
0.000000000000000000e+00,0.000000000000000000e+00
0.000000000000000000e+00,0.000000000000000000e+00
-1.174384871469977924e-06,-1.639227556570421211e-05
-1.535195879536891532e-06,-1.663745154430666906e-05
0.000000000000000000e+00,0.000000000000000000e+00
0.000000000000000000e+00,0.000000000000000000e+00
0.000000000000000000e+00,-1.126572329060494701e-04
0.000000000000000000e+00,-1.138924975618571262e-04
-1.073183552596821531e-06,-1.074133265039768870e-04
-1.917564293855966300e-05,-7.751795228935072469e-05
0.000000000000000000e+00,0.000000000000000000e+00
-1.489468853727540399e-06,-8.870518964643373826e-06
-2.977546376226612932e-07,-1.115147282439529373e-05
-2.685432264457611125e-06,-1.441996172724381905e-05
-2.606271501942177401e-06,-1.729077075496919554e-05
-1.382086493996657605e-06,-1.174698890108995808e-05
-2.184146624758384718e-06,-1.527598922829178193e-05
2.607799065603403655e-07,-1.846130241358291953e-05
-2.015974766442495937e-06,-2.214103953587330729e-05
-2.060161722974849841e-06,-7.284752702631490022e-06
-2.147131923317323554e-06,-1.571901432029487847e-05
-1.418643182590431944e-06,-1.716843139785982324e-05
1.842816784873844783e-06,-5.052620604063430559e-05
2.309627685756890254e-06,-8.068771485015165644e-06
8.305267447184532155e-06,-5.428533680249764755e-05
-3.619697703195856542e-06,-8.572615611872480223e-06
8.511254954601971077e-06,-3.065795890511737305e-05
-9.919899821113261620e-06,-3.257528520754408386e-05
-3.759763138759054487e-06,-6.679438316506270518e-05
8.394724874794527371e-07,-1.228918913043708104e-05
1.091357315883937856e-05,-6.808254040689869029e-05
-1.143076997506828942e-06,-1.035184079548917584e-04
-3.372991700593573693e-06,-6.911419919272928964e-05
-1.727505662141355799e-05,-9.383790587942579639e-05
1.068332229573305274e-05,-7.640957800770564257e-05
9.021621189639485145e-06,-3.204731855620010874e-05
3.130476393666377498e-06,-5.345973010600552403e-05
-9.906190703444702424e-06,-3.942854479551022756e-05
7.406862361553516040e-06,-6.060915336731463187e-05
-5.127318935405815806e-06,-1.063044792394298758e-05
-8.158863094365717582e-06,-1.838548711504268997e-05
-1.055021136713613901e-05,-2.786582411568997144e-05
-1.206950494387620397e-05,-3.857975422674789461e-05
-1.275857911401604657e-05,-4.982692941484863125e-05
-1.272331479755288467e-05,-6.066219964829236742e-05
-1.259434846071499987e-05,-7.085749855050639577e-05
-1.272493058520163557e-05,-8.090825191590188107e-05
-1.273887557454516632e-05,-9.131263418877328308e-05
-1.181691055263686930e-05,-1.018651862467642960e-04
-1.003282566361692070e-05,-1.111808943895985317e-04
-7.558675620839497125e-06,-1.186018428926134926e-04
-4.519827718089724799e-06,-1.235845090755151288e-04
-1.050813867412232694e-06,-1.257362347969538966e-04
2.696700320754176375e-06,-1.247660753433273660e-04
6.590408393533014849e-06,-1.204926749186430521e-04
1.049990120657207120e-05,-1.128603632691815004e-04
1.431522177782239051e-05,-1.018918144458340206e-04
1.787534163237298251e-05,-8.746484189705853898e-05
2.072390167731703083e-05,-6.945314806940478751e-05
2.136979250254694278e-05,-4.865538595311242015e-05
1.822942813997368048e-05,-2.762303970612855195e-05
1.063459874445727698e-05,-1.071045455039047020e-05
0.000000000000000000e+00,0.000000000000000000e+00
0.000000000000000000e+00,0.000000000000000000e+00
0.000000000000000000e+00,0.000000000000000000e+00
0.000000000000000000e+00,0.000000000000000000e+00
0.000000000000000000e+00,0.000000000000000000e+00
0.000000000000000000e+00,0.000000000000000000e+00
0.000000000000000000e+00,0.000000000000000000e+00
0.000000000000000000e+00,0.000000000000000000e+00
0.000000000000000000e+00,0.000000000000000000e+00
0.000000000000000000e+00,0.000000000000000000e+00
0.000000000000000000e+00,0.000000000000000000e+00
0.000000000000000000e+00,0.000000000000000000e+00
0.000000000000000000e+00,0.000000000000000000e+00
0.000000000000000000e+00,0.000000000000000000e+00
0.000000000000000000e+00,0.000000000000000000e+00
0.000000000000000000e+00,0.000000000000000000e+00
0.000000000000000000e+00,0.000000000000000000e+00
0.000000000000000000e+00,0.000000000000000000e+00
0.000000000000000000e+00,0.000000000000000000e+00
0.000000000000000000e+00,0.000000000000000000e+00
-4.057963817522155450e-06,-8.681412516278828517e-06
-6.357547289941216686e-06,-1.553294875367980588e-05
-7.960739205355147033e-06,-2.364221486064956468e-05
-8.756054830614221445e-06,-3.242040085010709289e-05
-8.817619840907281602e-06,-4.123526681375430523e-05
-8.267993722807466520e-06,-4.938221215113046018e-05
-7.482815347434301362e-06,-5.660303706674667181e-05
-6.619034467012104368e-06,-6.297167505373273827e-05
-5.536984852628687539e-06,-6.851307662008507260e-05
-3.993941079935959163e-06,-7.295557568549300507e-05
-2.135656482360405370e-06,-7.569927351873071699e-05
-1.141687587054664551e-07,-7.656364719942101407e-05
1.943723764730927533e-06,-7.544479090908619377e-05
3.900521615721420845e-06,-7.238878631290725446e-05
5.608866563785456759e-06,-6.753956299719463202e-05
6.930707822679550163e-06,-6.115424873870906411e-05
7.719773827694834050e-06,-5.362043822690733610e-05
7.804056759573568266e-06,-4.570085753552648140e-05
7.490863765254322797e-06,-3.790214683492195840e-05
7.052995663187584872e-06,-3.030543126004884658e-05
6.398919518566619851e-06,-2.278827531156255853e-05
5.116785874567103887e-06,-1.551921838859531572e-05
3.191591749829104752e-06,-9.030657785088118809e-06
0.000000000000000000e+00,0.000000000000000000e+00
0.000000000000000000e+00,0.000000000000000000e+00
0.000000000000000000e+00,0.000000000000000000e+00
0.000000000000000000e+00,0.000000000000000000e+00
0.000000000000000000e+00,0.000000000000000000e+00
0.000000000000000000e+00,0.000000000000000000e+00
0.000000000000000000e+00,0.000000000000000000e+00
0.000000000000000000e+00,0.000000000000000000e+00
0.000000000000000000e+00,0.000000000000000000e+00
0.000000000000000000e+00,0.000000000000000000e+00
0.000000000000000000e+00,0.000000000000000000e+00
0.000000000000000000e+00,0.000000000000000000e+00
0.000000000000000000e+00,0.000000000000000000e+00
0.000000000000000000e+00,0.000000000000000000e+00
0.000000000000000000e+00,0.000000000000000000e+00
0.000000000000000000e+00,0.000000000000000000e+00
0.000000000000000000e+00,0.000000000000000000e+00
0.000000000000000000e+00,0.000000000000000000e+00
0.000000000000000000e+00,0.000000000000000000e+00
0.000000000000000000e+00,0.000000000000000000e+00
-2.278130296017084701e-06,-2.312522422851619322e-06
-3.386147514449070457e-06,-5.407819176586055554e-06
-3.749884703337343126e-06,-8.878968418130404563e-06
-3.508798489012999518e-06,-1.209262486822828730e-05
-2.796800967656424558e-06,-1.460814520088179985e-05
-1.750996453619830752e-06,-1.604000831608501230e-05
-6.171310643600527579e-07,-1.622385383431252195e-05
4.581548327883742892e-07,-1.517237189022731578e-05
1.258954598713852882e-06,-1.300355532477669664e-05
1.547713801200194335e-06,-1.003886380445051917e-05
1.305638208418228601e-06,-6.615466005686616605e-06
0.000000000000000000e+00,0.000000000000000000e+00
0.000000000000000000e+00,0.000000000000000000e+00
3.040706810110115121e-07,-1.561922468366275178e-05
1.528654001682367812e-06,-1.386058446553842558e-05
2.413124250269879424e-06,-1.126783403963534528e-05
2.832367657343158955e-06,-8.143162156530241527e-06
2.695632268631333281e-06,-4.908432245800085575e-06
1.868189582514647128e-06,-2.070371373405938774e-06
-1.618955878562085044e-06,-1.683235900652719472e-05
-2.025687808281727994e-06,-1.690336435813160129e-05
-2.289932206369803176e-06,-1.686532523589681336e-05
-2.373611671924766124e-06,-1.671528590989138221e-05
-2.223155193611377518e-06,-1.650892914176902901e-05
-2.146523116471752148e-06,-1.478778188456045125e-05
-2.632408755726475683e-06,-1.182904405033868027e-05
-2.791455411030205631e-06,-7.469350712939655094e-06
-2.108371058532360047e-06,-2.884356416903220610e-06
0.000000000000000000e+00,0.000000000000000000e+00
0.000000000000000000e+00,0.000000000000000000e+00
1.978949933985651574e-06,-1.122835741026988611e-04
3.815397985073755105e-06,-1.113685927536810813e-04
5.487850717545536079e-06,-1.099778430344697553e-04
6.937800468644160394e-06,-1.082683634680480184e-04
8.220387285043374476e-06,-1.064088226157904152e-04
9.424912975030260589e-06,-1.044480877212527336e-04
1.072374158597361090e-05,-1.024583914258309981e-04
1.212677026056100749e-05,-1.002765011379686336e-04
1.364491159645266683e-05,-9.778787604008765740e-05
1.524124880688650986e-05,-9.491039878122853617e-05
1.684209232559382777e-05,-9.159842192432238401e-05
1.836499075260202850e-05,-8.786577804068721549e-05
1.972203542825415689e-05,-8.376956199611226221e-05
2.095071645160564091e-05,-7.935327121382526692e-05
2.194894506305975873e-05,-7.473519053401213330e-05
2.274746423177882631e-05,-6.993322882915054331e-05
2.331608483758318832e-05,-6.495265572531536569e-05
2.360821796159161758e-05,-5.996420893525747939e-05
2.356017477079215276e-05,-5.492225883402734529e-05
2.323635643393060104e-05,-4.996879158220258424e-05
2.255916634328725040e-05,-4.526529964416938889e-05
2.154840751234923121e-05,-4.086427449021540198e-05
2.027657588558059328e-05,-3.690005370689943096e-05
1.878848986539195069e-05,-3.340851094887181786e-05
1.719221131332200145e-05,-3.044655426105506477e-05
1.551895046366119177e-05,-2.801057774014317577e-05
1.377728119687407974e-05,-2.609217521904893630e-05
1.206225806033393132e-05,-2.467507915585761595e-05
1.028772542582503804e-05,-2.376240168465976782e-05
8.622077048830983966e-06,-2.336812642013425944e-05
6.940363019071065505e-06,-2.353021681617170591e-05
5.427198162981774927e-06,-2.420604294166381359e-05
4.020585611057905388e-06,-2.541206347424169114e-05
2.816227819495159833e-06,-2.713846923957552351e-05
1.861924854475799018e-06,-2.929680831016577143e-05
1.014355482711735165e-06,-3.185771523556100711e-05
3.180093215674835919e-07,-3.490423363596176996e-05
-1.039204662739875403e-07,-3.842432248215754464e-05
-2.043396641644169441e-07,-4.236275220404849793e-05
1.293216729090242707e-07,-4.646962004163745743e-05
9.097712415925477497e-07,-5.037985687470008064e-05
2.164274216656981026e-06,-5.371317341623926676e-05
3.651368515078369313e-06,-5.611743918932997577e-05
5.553088757880733014e-06,-5.737239982276511150e-05
7.434320650663432908e-06,-5.731088615624134827e-05
9.161961662935731444e-06,-5.597777102451442636e-05
1.065500080561605205e-05,-5.365045271995020834e-05
1.188550208189788816e-05,-5.047079140712492924e-05
1.272131878938883211e-05,-4.663634769928735646e-05
1.306106233297052053e-05,-4.238253991841087166e-05
1.284185406967899767e-05,-3.813745606520593627e-05
1.222884204706611122e-05,-3.425372205603750483e-05
1.127913729530604614e-05,-3.080061874539082359e-05
1.018090214883492034e-05,-2.791571699751299699e-05
8.975137048546262959e-06,-2.555180179093022579e-05
7.749420771615900461e-06,-2.373537554200343832e-05
6.623966156297589005e-06,-2.232131407147464674e-05
5.573241253879117597e-06,-2.119357272960445320e-05
4.628460537443183861e-06,-2.033889363744339961e-05
3.797921880584506786e-06,-1.971647058101201933e-05
3.083654877855432461e-06,-1.927710982491170614e-05
2.505773233134601158e-06,-1.897209425829347250e-05
2.091809076190511181e-06,-1.877509251510222003e-05
1.843599645885256686e-06,-1.858573081501483013e-05
1.791572675190577553e-06,-1.832452251301762452e-05
1.941643246153040361e-06,-1.784782173639687782e-05
2.255324717180853406e-06,-1.710183884075165594e-05
2.722177219825367550e-06,-1.595002754453786649e-05
3.244978780655665287e-06,-1.425332815877187682e-05
3.680030072986679195e-06,-1.190482985732441036e-05
3.849666486415729216e-06,-8.925086817685417615e-06
3.499919638784540576e-06,-5.655273751308177748e-06
2.392875897799681810e-06,-2.548952571431091569e-06
0.000000000000000000e+00,-1.130790073197344514e-04
0.000000000000000000e+00,-1.135485356111379793e-04
-4.884737848735283970e-07,-1.132094980581201978e-04
-9.345075078747341318e-07,-1.112653507567846735e-04
-2.548270216044394541e-05,-8.537680684987375543e-05
-2.656481121574458758e-05,-9.333315132571405365e-05
-2.095863855726107542e-05,-9.816378583059727839e-05
-1.382687020573801720e-05,-1.021955700660501850e-04
-6.391587988191707248e-06,-1.054435358748854540e-04
-9.796792671031708831e-06,-8.835735382436242909e-06
-1.634445081235322866e-05,-2.150873060436425387e-05
-2.004346802841652008e-05,-3.829153886124614809e-05
-2.110645944261470484e-05,-5.699385275495972588e-05
0.000000000000000000e+00,0.000000000000000000e+00
-4.916112985910224168e-07,-6.372493456530768161e-06
-1.176570846366418199e-06,-8.694651471411169897e-06
-3.314804912397526155e-06,-6.716552114063671393e-06
-4.047925858604077025e-06,-8.768861157137652635e-06
-3.965961415259512389e-06,-1.145158151822266702e-05
-3.304296901769148635e-06,-1.384327604058227289e-05
-2.780153935259138246e-06,-1.055478534623502214e-05
-3.415998315933313753e-06,-1.311806180342802889e-05
-2.826662758552608722e-06,-1.479890656476295432e-05
-2.208533807517192001e-06,-1.599415017380639368e-05
-1.646801776080419147e-06,-1.674485560920171474e-05
-1.344351998649573618e-06,-1.714316903544480924e-05
-1.953637020407223642e-06,-1.610880048732229392e-05
-2.277305825929592876e-06,-1.659592045213646619e-05
-2.277883234852032763e-06,-1.691939384094008698e-05
-2.113383304452575166e-06,-1.712378472502240807e-05
-1.817987019186962858e-06,-1.720767339532893567e-05
-2.399464955994255421e-07,-4.400397332708164415e-05
-1.449289979716619102e-06,-3.837579665325176008e-05
-2.118580848052356709e-06,-3.328332023284403277e-05
-2.495214905568486182e-06,-2.880045831013035453e-05
-2.468228426872292662e-06,-2.454896893895756451e-05
-2.149575449455649427e-06,-2.031643729112142795e-05
-6.318085040911481208e-07,-1.618827741977772364e-05
7.254029473133753703e-07,-1.192353922029470630e-05
1.128551530672388963e-06,-5.295881836928680985e-05
2.615109388422251773e-06,-5.479586238006101123e-05
5.349328882947019388e-06,-5.607689997017439621e-05
8.406028873419340271e-06,-5.684147130528455384e-05
1.075850208149806196e-05,-5.705633456118017563e-05
1.079337351430990662e-05,-5.595000031887312002e-05
9.635659379387316882e-06,-4.667229594394885450e-05
1.040191622737817987e-05,-3.858632577616490089e-05
1.056621239112750588e-05,-3.018637859379875895e-05
1.002339298567030365e-05,-2.192705744796079540e-05
8.557045993077125586e-06,-1.457439197999027678e-05
5.853837426545962491e-06,-8.864751376753147850e-06
-2.712601771974278309e-06,-1.207648186800287588e-05
-1.315335198276729180e-06,-1.521968754314502260e-05
1.398580978867669285e-06,-1.774172057334608314e-05
3.849313850022899310e-06,-2.020017640404594869e-05
6.211161813564830578e-06,-2.268938457357113804e-05
7.987465541011732690e-06,-2.589625899375521832e-05
-6.335115800952699729e-06,-8.839975654304482988e-06
-8.456470890827363484e-06,-1.302497424676989851e-05
-9.626944611777572263e-06,-1.892089255523379525e-05
-1.008357377628934228e-05,-2.544625231414106680e-05
-1.223410302840297494e-05,-3.512718562685660260e-05
-9.973399920962827233e-06,-3.670601437535721148e-05
-4.630870449002833169e-06,-3.650759597588932063e-05
1.435972701074181733e-06,-3.544455105439914814e-05
6.376566062055074074e-06,-3.350633928336435715e-05
-5.208374222444436341e-06,-5.772842837881006554e-05
-5.304850635738734272e-06,-5.003938673467509988e-05
-4.939464840308116951e-06,-4.278389101823757904e-05
-4.106906180759562806e-06,-3.546598367311266399e-05
-2.984706040436057516e-06,-2.779418851377449468e-05
-1.871762651746924831e-06,-1.975592394505449806e-05
9.065742314851191612e-08,-7.066877107773381691e-05
7.026968679808803183e-06,-7.255168586959038764e-05
1.198492891211774020e-05,-7.176583907687556841e-05
1.204787175977709432e-05,-5.708642921963992799e-05
1.244630088060148442e-05,-4.636485707702789170e-05
1.215112827676437617e-05,-3.576904366767395127e-05
1.106874148639160910e-05,-2.576132837371514786e-05
8.914361981066833214e-06,-1.724372012554206023e-05
5.293134740444168413e-06,-1.113015822837913137e-05
-3.397932791303100735e-07,-1.036059329781274617e-04
-4.484848280989138013e-07,-1.013231067626709479e-04
-9.318951330797240649e-07,-9.795570395782308428e-05
-1.624910903712483831e-06,-9.359736620512712729e-05
-2.339703730140322017e-06,-8.846306832647557743e-05
-3.010807664938583969e-06,-8.259523888174343811e-05
-3.445972474834224552e-06,-7.616900196159190849e-05
-7.894342062111685810e-06,-9.932158538142090147e-05
-1.533773811046012448e-05,-9.577084847898767125e-05
-2.238115776924663283e-05,-9.277656096485760798e-05
-2.724757939437812251e-05,-9.056315772988582705e-05
-2.684656593226142173e-05,-9.149935720550559802e-05
1.160805897574921909e-05,-7.071576896716114927e-05
5.580867954110044629e-06,-6.771064044662092145e-05
-1.699287055686837340e-06,-6.728563287691820684e-05
-1.381569292743184788e-05,-1.064825403656378841e-04
-1.014356657779213161e-05,-1.160441068463800938e-04
-6.418189236713551714e-06,-1.223685747460292572e-04
-2.744663302297007261e-06,-1.254573673150985729e-04
7.255851118076142317e-07,-1.254186916669769458e-04
3.929770482930786207e-06,-1.224478153934747200e-04
6.719648695828366180e-06,-1.168260320775825565e-04
8.876808650034518402e-06,-1.089994696623147134e-04
1.038227851982085392e-05,-9.947628932743694862e-05
1.106443974519298541e-05,-8.874999899442816945e-05
9.664015635681374688e-06,-3.684653068290997559e-05
9.668948320517215921e-06,-4.219950715602852455e-05
9.262042666784139886e-06,-4.791262084492807109e-05
8.512939218072778782e-06,-5.307462405218399295e-05
7.502088669188795182e-06,-5.671095971909635312e-05
6.288600413496172352e-06,-5.793436921002151504e-05
4.803400164183327362e-06,-5.679507887764744970e-05
8.173821086662321354e-06,-3.095616380981787603e-05
3.866637252072226067e-06,-3.071972609622235440e-05
-2.546309020938012525e-06,-3.130652295783397358e-05
-8.999527169566559758e-06,-3.265075138073621588e-05
-1.208575814830960980e-05,-3.559163183493244939e-05
1.080705669752839290e-05,-5.788801527751350590e-05
1.051643461079748215e-05,-5.561599061522920490e-05
7.688887729634678444e-06,-5.444542879597348485e-05
4.463134943003098348e-06,-5.359728002491645119e-05
1.780058441233048438e-06,-5.310671398555085382e-05
7.210484740253929207e-07,-5.301322324899312635e-05
-9.979050653347231335e-06,-4.843946840734766001e-05
-9.277434055635787032e-06,-5.639544536218308414e-05
-8.030830299449031806e-06,-6.343370410419816436e-05
-6.346348805619059562e-06,-6.921953484820170016e-05
-4.355713711949960943e-06,-7.344340323792603606e-05
-2.145235350860700172e-06,-7.589038989724387885e-05
1.575273222080853250e-07,-7.643317710373967824e-05
2.348933821433172485e-06,-7.508925304438180673e-05
4.397072969616071093e-06,-7.196139396221029128e-05
6.109944915164748886e-06,-6.720086318209586237e-05
1.679912317000427561e-05,-3.473367165823757358e-05
2.934550841136669305e-06,-1.921549315361113609e-05
9.043096288077720309e-06,-2.304055669401436221e-05
6.076504481802966719e-06,-2.277993185576570448e-05
1.301250428947662557e-05,-2.656161761085410321e-05
1.933482059134876898e-05,-4.732224110670091435e-05
-1.567269614638663802e-06,-3.651990996476285660e-05
-4.178950105987700859e-07,-3.162889022633913972e-06
-1.939743331606237353e-07,-2.476891432185408100e-06
1.936099351960433905e-05,-6.312825898035591464e-05
-1.578162146798447237e-06,-1.648611894969104720e-05
5.469702062869766019e-06,-2.093024694273336639e-05
-1.763339952822131870e-06,-2.487367109355291477e-05
-2.151772729581192878e-06,-1.715556992208360773e-05
-8.198204759699431131e-08,-3.748556868610459840e-06
5.001606037849133412e-08,-2.658853715665839463e-06
-7.750079084513410668e-07,-5.113843376158175812e-05
1.223744438602515370e-06,-2.151187631937164247e-05
1.764186787794674722e-05,-7.795382661622271352e-05
1.622304608680065285e-06,-1.852893484074019830e-05
7.861528204791085002e-06,-2.861500738555105300e-05
5.545462084545946394e-06,-2.446144198296390840e-05
1.631355443948361227e-07,-2.170389940441949540e-06
1.383401476614114577e-07,-1.676762771383500024e-06
1.040634252294893264e-07,-8.616816071846191192e-07
8.083229401373766990e-08,-7.289545952282047231e-07
4.532579420003263287e-08,-6.620193273464442950e-05
4.259119949125159135e-06,-2.042716923611000550e-05
1.528629622257474799e-05,-8.610295224690900720e-05
1.329435016911311544e-05,-9.375379852698477836e-05
1.045496854287024449e-05,-9.949578088627032788e-05
-1.345492636784685968e-07,-1.395967194420530323e-06
-2.116593705599429834e-07,-1.765204822046120917e-06
-8.683138945238383296e-08,-6.059583014898556032e-07
-1.081788699371152916e-07,-7.027696750174876021e-07
6.960468212676375280e-06,-1.054464602217475045e-04
1.332429781576878645e-06,-1.808294908665661029e-05
4.384204204826908179e-06,-2.807530601223367494e-05
4.908406040949271709e-06,-1.094654726274465480e-04
8.754543901922484634e-06,-3.623884363003337255e-05
1.374619253194663841e-06,-7.806602175804582585e-05
-9.626485176101784224e-07,-1.738040147252518659e-05
7.318794048110316438e-06,-2.589167153636636704e-05
4.750954890768638002e-07,-3.335814023086054866e-05
2.514049065792967244e-06,-9.046785013830690558e-05
-4.370185271492937743e-07,-5.057690993656749242e-06
-5.173025720403454689e-07,-5.516277042811186900e-06
-4.933030894967880914e-07,-4.371403720346690720e-06
-6.316983492844205000e-07,-5.908509759984259681e-06
-4.534509478209975580e-07,-4.800443475376529091e-06
8.404785245878068041e-09,-4.088596763910696288e-06
-5.296445567070366980e-08,-4.252184032291465961e-06
-1.904341247184879646e-07,-3.348631751165000841e-06
-1.583893650903129328e-07,-4.438268133777648933e-06
-1.695617714731948597e-07,-3.636330851760053272e-06
1.224385680138953657e-06,-1.062975570406913536e-04
4.491135020535873251e-09,-4.994068022949310914e-07
5.402819415291575108e-09,-5.669291549770836430e-07
2.200952167066756782e-06,-9.952547844107310264e-05
-4.085204705235633125e-07,-4.139119665037467203e-06
-1.156545251328107948e-06,-6.097040246304216025e-06
9.778919108658173345e-06,-4.456367002691604350e-05
3.216632217336053248e-06,-3.278799003510265585e-05
1.367507053437364931e-06,-1.674754345470773630e-05
-3.507465460040693100e-07,-4.647415532824644787e-06
-9.782475550314783248e-07,-6.607434523047242862e-06
6.971101849946763543e-07,-1.123531178845395457e-04
-1.775518496316339334e-07,-5.234252214985566555e-06
-8.691444355561457463e-07,-7.024429213668661380e-06
-1.571778841624067341e-06,-8.751440180641632788e-06
-3.558262180217431995e-07,-6.039366431227078553e-06
-1.712816678264534690e-08,-3.537148633730242460e-06
-2.337753351164565331e-07,-4.868285454539488419e-06
8.812628621776699223e-06,-5.239245984501498079e-05
-3.677984582205418997e-06,-6.907617507903180035e-06
-2.215867331140627806e-06,-5.727876006650396187e-06
2.278077163923207580e-06,-1.122677190427763712e-04
8.937579680933653363e-08,-3.902471455376427915e-07
1.051881521009481268e-07,-4.413533951217661727e-07
-4.451928731401902553e-06,-1.318955936835548352e-05
-1.675024029366552744e-06,-1.503323002217793555e-05
-4.704977331423132649e-06,-2.893586696379899255e-05
-6.811136840182962201e-06,-6.704589226907063345e-05
-1.212659958483145119e-07,-1.100131288491954041e-06
2.149733506864870382e-07,-1.458978858873817074e-06
-4.651152376655396479e-06,-1.559447809364885137e-05
-2.350515122986848223e-06,-1.012184494549094972e-05
2.835738598852834967e-06,-4.097048920330886640e-05
1.547579622734287565e-06,-1.338083778269270429e-05
2.411097809982550255e-06,-8.535239096580644029e-06
2.799081130698129602e-06,-6.329135572793865502e-06
5.476463830738987411e-06,-3.735646760448368411e-05
5.700687449506690880e-07,-6.198639132098098596e-06
3.867300394022619764e-06,-1.979597045165694725e-05
4.030075243157338748e-06,-1.688463301000749897e-05
4.219407522849898214e-06,-3.403694632086410200e-05
2.269674804417374138e-07,-1.268025596951036044e-05
4.317489156621528854e-06,-4.049254983460048196e-05
-7.911319515983828264e-07,-1.635823787196401347e-05
3.226935961331527718e-06,-5.066937668439106863e-05
3.368196376834018479e-06,-6.249193552913250992e-05
2.357792960213633127e-06,-6.384156443575491756e-05
2.982523638000878601e-06,-8.191119053339808226e-05
4.547827484777903265e-06,-4.438358458622598959e-05
2.793771360562309723e-06,-1.038076477095551027e-04
1.173095447242098048e-06,-7.378647065872111807e-05
-5.183533600487040051e-06,-1.008131228105036813e-04
1.341906948187416227e-06,-1.201607401414077857e-04
-5.229312898426958229e-07,-7.679661841424727535e-05
-7.666244743799881339e-07,-1.263993193775523661e-04
-1.919878658179615784e-06,-7.188906928251718499e-05
-2.827171022359512472e-06,-1.202347295135342583e-04
-3.042550632359354529e-06,-6.026051739598480944e-05
-3.693515761714598688e-06,-4.410936992381378366e-05
-2.055097222951197149e-07,-2.659773067769297936e-06
-1.316338593622994875e-07,-2.940134830048349860e-06
-4.516569506317163214e-08,-3.459418156223358431e-06
-2.271416740033779197e-08,-2.758667720636465804e-06
-4.013348057513020983e-07,-3.459476949259930485e-06
-2.822142558618603784e-07,-3.817821361222935668e-06
-2.116095269914564337e-07,-4.567652403708752003e-06
-9.695108684567091830e-08,-3.555813581509829914e-06
7.283306577557350894e-06,-5.717942875712273096e-05
3.378604314866175803e-06,-4.820373949292900827e-05
7.332592700031947638e-06,-3.297820321855752309e-05
-7.714700482680175573e-07,-1.649392706485819227e-05
1.534135321468731905e-06,-7.448077305092883983e-06
-7.813913758050392731e-07,-1.728331767060853824e-05
-7.382728524092231916e-07,-6.323509085861138083e-06
-2.302802515022758258e-07,-4.597053264082737624e-06
7.548064921074253353e-06,-3.024510239743152646e-05
6.534276128967992713e-06,-2.655563902980315953e-05
-1.879062061953440671e-06,-2.967947390226070378e-05
4.137423716110461494e-07,-3.170320091571262661e-05
1.475637577800011550e-06,-3.722876441124683538e-05
3.312754453660427481e-06,-3.314529655931145233e-05
4.735304136996868813e-06,-3.799148417003634146e-05
6.390089112223892324e-06,-3.427279021693165745e-05
4.847656591309012820e-06,-2.994390839567782943e-05
7.787501730172594511e-06,-3.094976033989302083e-05
6.227364555034014453e-06,-2.742561342628350939e-05
8.086923205985239741e-06,-3.914424852983263564e-05
5.963612927443846058e-06,-4.355905836675572469e-05
9.784069156383200648e-06,-4.421732509641198975e-05
8.080033908189839889e-06,-4.917763251770750207e-05
8.879101687341382353e-06,-2.820405960139136075e-05
7.344027194737549363e-06,-2.542296699437258424e-05
1.145125271648703543e-05,-3.989844221512828845e-05
1.177796047137807401e-05,-4.945181255293545680e-05
9.735439230520672214e-06,-5.459474635482424300e-05
6.227528101706539258e-06,-5.412512588190419892e-05
7.395881508078510677e-06,-6.010245275594434342e-05
1.367198084692204100e-05,-5.463216739237683695e-05
3.710341097933983181e-06,-2.654749647277893939e-05
1.071069529356901426e-05,-3.183974543093451293e-05
9.570450260753010261e-06,-2.610783976690587101e-05
8.095842107714870415e-06,-2.392043450188951697e-05
6.198027765492053740e-06,-2.334594496225686169e-05
7.032298800675548884e-06,-2.241125770113988646e-05
5.455290686401771849e-06,-2.184059159866504280e-05
6.372612158424857365e-06,-2.148310272931582156e-05
7.472560942587587835e-06,-2.204117225603996569e-05
6.911858142161268129e-06,-2.171671807312068248e-05
7.448088040416677234e-06,-2.221871530212806906e-05
5.044319827010343287e-06,-2.079434001277524689e-05
7.000059411855343555e-06,-2.248244691753193238e-05
9.954490851144165959e-06,-2.447634051594220586e-05
6.724378943737098132e-06,-2.198015914779971535e-05
7.013905580122268576e-06,-2.291580639431567833e-05
5.396990504400269255e-06,-4.974745090280911227e-05
5.160016987553719454e-06,-5.586798457371681866e-05
-2.077222526609380456e-06,-6.666606056447287386e-06
-1.069452711673042823e-06,-5.558955718293829946e-06
-2.316461106444220838e-06,-2.155542749479043792e-05
-1.395367792277467312e-06,-2.212744619072679170e-05
-2.631845759127886748e-07,-2.466471252363814038e-05
1.130221221153737592e-07,-2.229212511591576896e-05
1.614709251035068402e-06,-2.431307579304488762e-05
1.817965026318312416e-06,-2.220764166080244314e-05
3.904685237922151098e-07,-2.061615367228512288e-05
1.868864589782077581e-06,-2.066667046536427643e-05
5.861842595142074076e-07,-1.945847402260985284e-05
1.806165840537971090e-06,-1.961096790159879837e-05
6.442484789641336637e-07,-1.866805618759369263e-05
3.570838010415648595e-06,-2.401594344746768464e-05
3.455509783459493150e-06,-2.665114307047285725e-05
1.635590972267384931e-06,-1.891488025934791160e-05
5.844275071222634973e-07,-1.817565305735221892e-05
-2.775137893378420373e-07,-1.781253925789521951e-05
-3.089335809822243461e-07,-1.748546095466956530e-05
4.615398001977522870e-07,-1.793210207688449565e-05
-1.027462203248526151e-06,-1.694031599873236591e-05
-3.516711001442017394e-07,-1.743323579921559293e-05
3.214567982279921523e-07,-1.788091654188764474e-05
1.179647699771210604e-06,-1.829866814916085262e-05
-2.156104601074629589e-06,-1.984872447579564278e-05
-6.527517741985602937e-07,-1.925076205530529998e-05
3.065077678177876299e-06,-2.062648505446853373e-05
-1.373424122523422841e-06,-1.720306646804689810e-05
-1.850329705627500180e-06,-1.592712985029728825e-05
-1.205014345830982256e-06,-1.704001501461437497e-05
3.469072335579360028e-06,-1.935147636264200496e-05
-2.186130850773986535e-06,-1.558151371023475327e-05
-1.301494678530395639e-06,-1.624957971235495966e-05
2.631375455729547703e-06,-3.820954187320115550e-05
3.759242511754538313e-06,-3.311688564437826173e-05
6.056127560371003339e-06,-3.965988709760095087e-05
-7.445342115370854198e-07,-2.586299681255559797e-05
-7.131151833983813190e-06,-8.478557426595607265e-05
2.550374130016924499e-07,-1.738284636587412803e-05
8.274713369034793152e-08,-1.775145368459723818e-05
5.484656398381073977e-06,-3.057703487785764357e-05
-4.840016175843032569e-06,-3.555278932880177065e-05
6.711808576024215436e-06,-2.357272375611969660e-05
1.952641574044574671e-06,-2.961900672251007320e-05
-3.727133573086498675e-07,-6.461562447052788722e-06
-1.140114597210485791e-06,-8.783570520849120735e-06
9.910772219459657425e-07,-1.824086771115483212e-05
2.453954203767868004e-07,-1.792934322215635455e-05
1.744127660307383938e-06,-1.857220982832933774e-05
3.131864868989659813e-06,-5.761550977986726861e-05
3.787055337935033110e-06,-7.222650248151249008e-05
7.739703407150890407e-06,-2.266710982676814121e-05
-1.071189197116498897e-07,-2.268385568224813041e-06
1.093514732151527936e-08,-2.178094257752696533e-06
-5.650386302897589227e-08,-1.807839543970814376e-06
2.139234802065386511e-08,-1.722459630325608479e-06
-6.506009608968102189e-08,-1.418463648516943052e-06
9.964208860064753511e-09,-1.330978106053977846e-06
8.643119854172131613e-08,-1.665558152459876223e-06
-1.870586252893956064e-07,-2.875332836079070866e-06
-1.038181188679029075e-08,-2.732513516620903947e-06
-9.298051937310500944e-08,-2.232972317750171663e-06
1.928794121729813482e-08,-2.103244135540655357e-06
-9.169083042426915739e-08,-1.709813120430973405e-06
1.017212517213623270e-08,-1.583374737880138490e-06
1.066525068845839992e-07,-2.055529854731497796e-06
5.714786451286707933e-06,-2.603296063708351223e-05
4.064205438547188806e-06,-2.263855311905992870e-05
7.108503113302064194e-06,-2.336020077238550949e-05
3.795999874169538115e-07,-1.135127531202153678e-04
1.178502547594838045e-06,-1.129249698897144994e-04
2.315342092376493331e-06,-1.109037595970541391e-04
-1.198014672572272902e-06,-7.214681518159397852e-06
-5.270983026327505354e-07,-6.130741209281779383e-06
-2.150971598867107122e-06,-8.926996180910281266e-06
-1.365623313961481362e-06,-7.806458046728997414e-06
6.713135224691369492e-06,-3.699756780873299326e-05
-5.712270226160076862e-07,-2.847993265044464943e-05
-4.824697564018516142e-07,-1.358415851411297425e-05
1.141969322967027820e-07,-1.139656948885169474e-05
1.196261504341684447e-05,-2.921202099534633148e-05
-1.117000179668301369e-07,-1.068584956786294420e-06
-1.573675184416663865e-07,-1.303855776426931082e-06
-6.604462147476713690e-08,-1.074873089042988588e-06
7.305794764507732292e-09,-9.622379953263994332e-07
-8.495491561253672450e-08,-1.264731450979206181e-06
8.483983681872427701e-09,-1.118125255775075765e-06
-5.316138843434085322e-07,-9.168127745800831217e-06
1.021864084722773701e-06,-6.222279278406091441e-06
8.476182130815256108e-06,-2.296844248066605770e-05
9.701936613078518217e-06,-2.343446919265512905e-05
8.337909544569409569e-06,-2.253750544814014082e-05
-1.901736876707469106e-07,-8.226733522946947887e-06
-7.196249637315754594e-07,-6.872618646593460234e-06
-1.908655261421886631e-06,-1.200341653592488425e-05
-2.099954064931014178e-06,-9.757341410118182087e-06
8.823882360785663381e-07,-7.154708109396948226e-05
5.257172598612781068e-06,-7.361079813526718186e-05
5.781290693233544812e-06,-7.962675793897956331e-05
9.486762442496274360e-06,-7.545627072196199603e-05
9.911244163832139860e-06,-8.089727082245726892e-05
9.189346955462486362e-06,-6.995495455647671027e-05
1.334177513219719933e-05,-7.145498919905162046e-05
1.261683604540376731e-05,-6.626473337413473701e-05
6.456857471776469551e-06,-8.483277203681432403e-05
1.041210745159619075e-05,-8.589260467767634885e-05
4.945845089544780800e-06,-6.686734378600643950e-05
6.768305975690687051e-10,-5.924845252533234350e-05
-4.055353092444354384e-07,-1.474811846855391292e-05
8.913387572262488831e-07,-1.821858726771705830e-05
3.324673591587195990e-06,-2.203689244204053242e-05
7.313600813235773356e-06,-8.983310111696586652e-05
5.196914384821327867e-06,-9.354562665633130451e-05
8.418532859487887411e-06,-9.321144023013911209e-05
5.881371890539772192e-06,-9.694125869364582924e-05
-6.439559870615562187e-07,-4.315064141157380916e-05
1.086644884707870810e-06,-1.096249278704568118e-04
2.866964250324413568e-06,-1.080832036099037058e-04
3.164874985895646042e-06,-1.056429662637453024e-04
1.398029878914311422e-05,-8.222630683107539425e-05
1.147894431533109103e-05,-8.978676658527752616e-05
6.211701923903606758e-06,-5.776515677592708610e-05
-8.550512800137539435e-08,-8.388901403136111376e-07
-7.117200669492848036e-08,-7.293266257550954282e-07
-9.460522493571180208e-08,-4.083414126089137770e-07
-1.114988063671595690e-07,-4.638213360766585026e-07
-2.098758344308929654e-06,-2.203495016634317774e-05
-8.190848973343469617e-07,-8.483216192572038428e-06
-4.609367420108240063e-07,-1.216971717371540325e-05
1.333876434299740302e-05,-4.470165457782040476e-05
1.502569052110914507e-05,-4.033103099278617486e-05
1.259662135283671881e-05,-3.590198403888163024e-05
9.478444261442213988e-06,-3.515953061688419854e-05
2.028019041146816048e-06,-1.026469510733617955e-04
4.966633446133394565e-06,-1.005076545204387480e-04
4.761630772761812642e-06,-1.029273534100531607e-04
8.407345789177533802e-06,-9.858313413639434883e-05
7.310534801315646895e-06,-1.012605455856208602e-04
6.710322109407621468e-06,-1.035077662644446337e-04
2.993405571308991256e-06,-1.979631450968613533e-05
2.734303340161702466e-06,-4.633484477229989708e-05
-4.309456576480024918e-07,-5.744400817616595417e-06
-1.355745304809681771e-06,-8.019205054688029760e-06
1.030378817249006976e-06,-1.040964051224294192e-04
-1.495723345077321204e-06,-1.094790504401099270e-05
-1.941056478914398564e-06,-2.887229481079093323e-05
-3.422042281121515742e-06,-3.409704071332363818e-05
1.662379682689728752e-05,-6.748513521545274833e-05
1.409159075752471545e-06,-1.849394149319727115e-05
-2.566087320543785031e-06,-1.811655153634873094e-05
1.400951622155838884e-06,-5.290478066767602699e-06
8.933694131034115791e-08,-1.198619385368075164e-06
7.145555759023705127e-08,-1.021530760218935855e-06
4.704488728611538518e-06,-1.068813805847306772e-04
-1.551472880116610364e-06,-7.149926313663330631e-05
-4.674435539868206168e-06,-9.765508018327256434e-05
5.389365974609821414e-06,-2.380718200141077956e-05
1.836581426767104043e-06,-8.415607551740989672e-05
-5.193673258210812430e-07,-1.747690208629286467e-05
9.544099961682160514e-08,-2.081700786832037928e-06
1.016805185559566735e-07,-2.642628917161128201e-06
1.195609493802389885e-05,-6.053493373490109839e-05
1.641331915590610012e-05,-5.919324883527013871e-05
1.808040293315365949e-05,-5.472614390707799685e-05
1.573390345785586705e-05,-4.996340507056000317e-05
4.830530240986747182e-07,-1.045288646361046261e-05
-4.551586549499833385e-07,-7.676897590125570173e-05
-3.256046558521200070e-06,-1.163323920877920131e-04
-4.017812543776141547e-06,-1.122383967823968609e-04
6.221112834910431884e-06,-5.477894298879297069e-05
-3.481612443079245624e-06,-5.263179077389537830e-05
2.625239876050960461e-07,-1.247854882092035112e-04
-1.781650714735767088e-06,-1.249272371245860173e-04
-1.310971880251580944e-06,-7.528090377441554659e-05
-2.542615040040765942e-06,-6.679651282101056644e-05
3.952520965083260359e-06,-5.170871910986421234e-05
3.814418125106883971e-06,-4.275300762489829385e-05
-2.582726671102428029e-07,-1.504955003969894576e-05
1.786565599160781139e-05,-3.853593942927036655e-05
1.537547172446729953e-05,-3.139536572341199724e-05
1.871636647262851750e-05,-4.276464531003805708e-05
3.554975060560309761e-06,-1.972461872264841891e-05
2.447593809936089530e-06,-1.909238909154673507e-05
6.962045881581668850e-06,-2.338869020156923804e-05
5.105750004695407913e-06,-2.140745649382495933e-05
3.201859861786459799e-07,-1.879788882832543405e-05
-5.765132410707177976e-07,-1.158523679897514449e-05
-3.685392418588004480e-07,-9.972890014881896227e-06
2.046165756433066633e-06,-1.873892170899264366e-05
6.760818194653801292e-06,-2.333775512191845532e-05
4.775261675485678356e-06,-2.594949402991632591e-05
1.311168350059474846e-06,-1.761000323100655638e-05
3.414903514120848256e-06,-3.038909273513591548e-05
1.840037576090013450e-05,-7.253199849269048041e-05
9.800905930953773246e-06,-4.016495998082032440e-05
8.795969719241517146e-06,-3.216511224817256360e-05
6.070179363076580800e-06,-3.069649141457843491e-05
-4.556064139945746936e-06,-2.211547265262808315e-05
-6.580885974771823313e-06,-4.745217160889956149e-05
-5.671478684234175815e-06,-2.850571931427749991e-05
-4.421734408835790952e-06,-1.003423592634592284e-05
-2.514618243156933850e-06,-7.321856943875159021e-06
-2.004997089187692544e-06,-1.286060456647282903e-05
9.295607460762416843e-06,-1.018896549897139417e-04
1.182853039107130592e-05,-9.682129623245664209e-05
6.554300115747473297e-06,-5.807888175227121614e-05
-9.908008056901111602e-07,-1.647999782255996640e-05
5.740014213748269636e-06,-4.473306672455315607e-05
5.552579291772001442e-06,-2.669752638124707407e-05
-1.044324460919635002e-06,-1.686999794200881486e-05
-5.610960864966507853e-07,-1.417665227512125269e-05
8.822741645026035054e-07,-2.590875934092323914e-05
6.063001926523562725e-06,-2.110649943102458641e-05
4.878101129455562805e-07,-2.371028774866051951e-05
3.691547486264773848e-06,-1.110714569002565420e-04
5.952887103202593886e-06,-1.076232545903884399e-04
1.146557709842973423e-05,-2.477209197855863927e-05
1.410359259481728936e-05,-2.862877205756874619e-05
8.781370080106014851e-06,-4.911830509220571015e-05
4.843710381607098331e-06,-1.872254282978384358e-05
1.287092111243625099e-06,-1.771152140266051215e-05
3.473010905412166757e-06,-1.979089508116128773e-05
-5.707219080039751824e-07,-1.412858419985807454e-05
3.444165811013479425e-06,-3.678975945194960703e-05
4.559841059962413999e-06,-9.336835368346232348e-05
-1.630505513901802822e-06,-1.443535932605545180e-05
1.479585842062612127e-06,-1.533352792359773123e-05
1.405505932539755286e-06,-1.835893554202772346e-05
-2.610408813227270926e-06,-1.431818781712736892e-05
1.362842205322257833e-05,-7.673539928576326942e-05
1.290798704066410508e-06,-4.031521395447117421e-05
7.233223208134841886e-08,-3.403334565454177172e-07
8.367818212572178010e-08,-3.831596392100772588e-07
-2.077749970573321692e-06,-1.593734492745594840e-05
4.025518207065840207e-06,-5.245444407427621493e-05
1.374423226064098305e-05,-3.307984458609843222e-05
3.605249980263440640e-06,-6.012588674560586261e-05
9.115002247817724097e-06,-6.464914225107354785e-05
-1.027191762937020524e-06,-2.040269194287213912e-05
2.077143672103756040e-06,-2.865720967675701260e-05
-1.678304546526839525e-06,-6.194232123507011560e-06
-1.416722574097547771e-06,-4.939045639658229007e-06
6.062919062028782089e-06,-2.495788399435485059e-05
-9.991418205102001014e-07,-3.511708606715151469e-06
4.045848856529314767e-06,-1.088947271206795622e-04
-2.104751059283061656e-06,-6.045067296489936792e-05
-4.632337854043684015e-06,-7.651029783493526026e-05
1.219439297948411631e-07,-1.933040045681204921e-06
8.680745571706194914e-08,-2.935671529557637434e-06
1.091192004887010688e-07,-2.607234066680818732e-06
1.470835984307348053e-08,-3.909272862857113504e-06
6.726830218625371883e-06,-3.378808046193813332e-05
-7.544706433114720757e-07,-1.588611078319995915e-05
-3.592240825113578078e-07,-2.354653407154242320e-06
-1.985138520446066269e-07,-1.821908587856595734e-06
5.845103265145397058e-06,-7.747265475590474695e-05
1.093507873787942939e-06,-3.308530263794432652e-05
5.030236142185008676e-06,-2.470871644064934794e-05
6.783915483109837846e-07,-2.949432805518931743e-06
-1.739713641398300599e-06,-1.884746524740268052e-05
1.329361575443672876e-06,-3.709541297759758910e-06
-3.668093000635900875e-07,-4.725062812357497107e-06
-4.496252566908854211e-07,-1.836332571013900858e-05
-2.116124025136321656e-06,-5.393995591348162366e-05
-4.299703891444649444e-06,-6.687014728802784529e-05
8.131235433113905882e-06,-5.520460343465743514e-05
3.510542979632830432e-06,-2.101046916623563695e-05
-8.249337764700290132e-08,-3.848213998316757305e-07
-7.135028058248603915e-08,-3.407664212576341111e-07
-2.640323273704620221e-07,-1.859269702533409393e-06
-1.583500826261336812e-07,-1.446871125053431304e-06
-1.272353513033153630e-06,-1.586373658420964911e-05
-2.333532126677038564e-06,-4.638458161433079531e-05
-4.381468601171079717e-06,-5.653908799219281193e-05
-8.896774452244222324e-08,-7.921558683580197706e-07
-1.182627676767787625e-07,-9.424446112154265359e-07
9.857124055407696171e-06,-9.550285298673678012e-05
8.645612962275090125e-06,-1.035957527973057338e-04
-2.245767999469000680e-06,-3.771537783000126804e-05
-1.443435585948982930e-06,-1.390505160330891118e-05
-4.021194372804819421e-06,-4.517122146732524421e-05
3.793228969790892773e-06,-1.069904522870331878e-04
1.867777707176722473e-06,-4.862908258122014663e-05
3.067354853585650097e-06,-5.281487360100827134e-05
2.583899956822827917e-06,-1.167255918292595818e-04
1.825321635270081687e-06,-5.670413181549839468e-05
1.457502533188771243e-05,-9.027725279986538139e-05
4.807002072844249375e-06,-2.030561751036413800e-05
1.461037817481986239e-07,-1.478673570671587408e-06
1.135274072994769577e-07,-1.182096918692088301e-06
1.592671621648728225e-06,-6.389230815942364213e-05
1.309311663590424488e-06,-1.230978027080764311e-04
4.015142853121186929e-06,-2.499003972530331448e-05
3.936833794959481362e-06,-2.936378956501833331e-05
4.475468978171339292e-07,-9.488178429128698666e-06
9.882945481021009260e-08,-1.598216157922220101e-06
7.772615471386220901e-08,-1.329507991932330664e-06
2.342294951426164542e-08,-1.261028914742852133e-04
1.218239825262257053e-06,-6.979477753938178697e-05
7.560615318419237221e-06,-2.603550489035237308e-05
-1.509274540172391182e-06,-7.197461923651827598e-06
-1.475451524738494162e-06,-1.969830568031949341e-05
-2.621971938180636243e-06,-2.310410989334871478e-05
7.084467488518846758e-07,-7.407255748029348708e-05
-1.240506457690062755e-06,-1.258279627497350364e-04
9.970160365210087852e-08,-6.408611609789032800e-07
8.081366861920022038e-08,-5.554870775217391994e-07
1.124888921348100061e-07,-7.644469363372695522e-05
-2.354784690923738596e-06,-1.224002889377290694e-04
-4.976481057547402050e-08,-6.755122034132567447e-06
3.234826404749483969e-07,-5.316051126558137718e-06
4.219147176818232137e-06,-1.112446920271399356e-05
3.953139912993770651e-06,-1.337602817544238218e-05
3.252339014151201775e-07,-7.623923625620292828e-05
1.985900739336259529e-06,-1.128387926573778109e-04
2.423805210702438109e-06,-4.456239442640921552e-05
1.163533055789272190e-05,-2.667515769359665313e-05
-4.059998585081621300e-06,-1.078018046915104673e-04
-1.033055610920476657e-06,-7.506934995296949830e-05
1.719249934167533447e-06,-6.953682424736043466e-05
2.732935654000839486e-06,-9.319502943628601435e-05
9.319835583808047321e-08,-8.072550911957989951e-07
7.780094666659066892e-08,-7.036573143259532996e-07
-1.924385583091620649e-06,-6.642810980860956065e-05
-4.877473947938069438e-06,-8.677978704601338087e-05
9.212008391855191311e-08,-9.179112002025732272e-07
1.207994759224125511e-07,-1.114173453993637419e-06
-2.377592209523804238e-06,-1.840736990824691163e-05
2.416733280786280041e-06,-1.889928147016090615e-05
7.839184442072730003e-06,-2.305790928749998687e-05
1.601684467739588231e-06,-1.091947887802202291e-05
-1.458832599350134355e-07,-4.262193277189417426e-06
-5.281529034373521448e-07,-5.731199363599216293e-06
9.848263537164501828e-07,-1.130815297586190899e-04
-1.922664748283483138e-06,-1.605484412250581734e-05
6.974115396407270605e-06,-4.622025710227253104e-05
1.051438550353925008e-05,-2.381488089245476709e-05
2.645249608700137165e-06,-2.396171192024263311e-05
6.383506786689433791e-06,-5.784123852293027938e-05
-2.447661211976765496e-05,-8.694010589011738480e-05
1.743711098015854414e-05,-8.184673723758803705e-05
-1.203846410859710979e-05,-3.575185509163560473e-05
-8.813148347553770547e-07,-6.802998791864464335e-06
-2.513187092081227501e-07,-4.993398989973937916e-06
-1.341980495104671143e-06,-1.815371971012879820e-05
-2.848937425651171159e-07,-5.072131438141234285e-06
-4.477389501181785403e-08,-3.764781659593860307e-06
7.151606633480789541e-06,-2.429490727931864441e-05
1.181215043242060685e-06,-2.665813134366861527e-05
4.424382649300047443e-06,-2.171414674256392713e-05
-1.001682791900168826e-06,-7.592315356503157412e-06
-1.611804812026435745e-06,-9.788767763590452522e-06
7.894219172339445738e-07,-1.809063086930179712e-05
-1.798692879078080698e-06,-9.438514844283496408e-06
6.268557279685508992e-06,-5.056497132018651972e-05
2.016984007358845791e-05,-5.839008418521945260e-05
1.966323547746261117e-06,-1.978292423745505371e-05
5.008714391615620378e-06,-1.049513491945856466e-04
-1.546098695689588301e-06,-1.632615939834256041e-05
-2.764250134116625449e-05,-9.018718179052258592e-05
3.969355086780117746e-06,-2.937224929491368433e-05
1.966311369802246265e-06,-9.630007172872118474e-05
1.261713520614438428e-05,-7.176515164523634093e-05
1.013120611809900210e-05,-5.707319560816870812e-05
1.990292922901906554e-05,-5.135191153974962334e-05
6.409239396924050003e-06,-5.786214860276810075e-05
-3.053446250604219218e-06,-1.187163100929730784e-05
3.430461075729627785e-06,-1.105378674213002905e-04
-4.018472634982269893e-07,-6.000013880680927772e-06
-1.321029525339463689e-06,-8.241299020868680169e-06
3.508168174515443789e-07,-1.631635210196786639e-05
-6.271527741995724024e-07,-1.754875554610946706e-05
5.275856662477118714e-06,-3.386284637591141571e-05
-5.389653991439263566e-07,-1.300111686057404787e-06
-2.149821832947940980e-06,-1.581629632104891126e-05
1.588156139441083305e-05,-6.377267044419880041e-05
-1.397712219849815387e-06,-4.239342349780070334e-06
-8.662141303262956980e-07,-3.553483321454418251e-06
-2.003785054014151780e-06,-1.141398756628010480e-05
1.640321183846184036e-05,-4.493942757569794938e-05
1.115161202864135143e-05,-5.670236330427271340e-05
1.633905588550911044e-08,-3.425057473818162078e-06
6.091274450751280887e-08,-2.633465838801088000e-06
6.986380121338204087e-08,-1.730729006054854206e-07
7.940669701810248735e-08,-1.927168994521612969e-07
-8.694850487545115074e-07,-7.199408666001509349e-06
-1.468369984100749335e-07,-5.481488803683061864e-06
6.580710539283788813e-06,-5.657450761739561793e-05
6.428889487355736112e-06,-2.193984639543492796e-05
6.157203495643319588e-06,-2.820350056907084763e-05
-7.485065561459328160e-08,-1.886418035772064224e-07
-8.539241367496752525e-08,-2.112339048350375776e-07
2.394859879041855263e-06,-1.119221194018988399e-04
5.351283778379919832e-06,-4.828328603047195679e-05
1.122769700299426084e-05,-9.274101459644620198e-05
-3.800077694461475326e-07,-1.766960725613272101e-05
9.828721045599280489e-06,-7.100216586620741526e-05
1.520913724742297343e-05,-3.631572836929047317e-05
-2.847104362686054936e-06,-4.887499228661544123e-06
-9.518394657709815086e-07,-1.704730491048579759e-05
2.081256923218591674e-06,-1.873966497669755146e-05
6.414685753207838230e-06,-2.374904685059452594e-05
1.537710227690947274e-07,-1.790495975292783756e-05
-1.158361325979249701e-05,-3.531084208963936467e-05
-2.229227516666091516e-06,-1.647259967706034267e-05
6.754634094403646665e-06,-2.478658339718065159e-05
-1.572379074042195030e-07,-2.207201918692437352e-06
-2.784283539116858539e-07,-2.831576989232593114e-06
7.878814444902903393e-07,-1.282837600736892876e-06
-2.699399122729298368e-07,-5.330393636747516769e-06
4.711851480274007758e-07,-3.756612592243874867e-06
-7.039600539695047980e-07,-1.088675213306081104e-06
2.030614813003291333e-05,-6.756231200542093098e-05
5.320622552384818079e-06,-3.610882344646275052e-05
6.195322167281199954e-06,-5.411792333427712970e-05
7.419327540012601105e-06,-4.301658845956834185e-05
4.850132267803940357e-07,-9.729950608303948026e-07
5.374279337984981001e-06,-2.808758552731948466e-05
6.589502307121417278e-06,-5.219433014009543248e-05
3.076820187117987860e-06,-1.040250188292432396e-04
-8.420555222758541393e-08,-1.257639841453375522e-05
5.280597326496410155e-06,-5.715020899835086587e-05
1.069284324147773122e-06,-1.127870936238967512e-04
-9.013488949433343127e-07,-8.094068961301286754e-06
-2.373201552351193956e-06,-1.130345474656506015e-05
-1.891350103672765403e-06,-9.170606505324604315e-06
-7.486497830999638413e-07,-6.629351884539739511e-06
5.538284145691498600e-06,-4.045973762062659982e-05
-1.097861763009476341e-07,-1.461831919535402307e-06
-1.672254509785185679e-07,-1.819149419146661734e-06
1.143046132329830686e-05,-2.549776490308919120e-05
7.126320476099342581e-06,-2.803837218716848326e-05
7.419951482452974879e-07,-1.783890979279100124e-05
-7.011702146206821394e-07,-1.235860943938720139e-05
3.968930916419496606e-06,-2.069207322288012918e-05
2.898052936425699486e-06,-4.129474290929734760e-05
1.524536986106393999e-06,-2.572440823523863634e-05
