Size 979,2
0.000000000000000000e+00,0.000000000000000000e+00
0.000000000000000000e+00,0.000000000000000000e+00
0.000000000000000000e+00,0.000000000000000000e+00
0.000000000000000000e+00,0.000000000000000000e+00
0.000000000000000000e+00,0.000000000000000000e+00
0.000000000000000000e+00,0.000000000000000000e+00
0.000000000000000000e+00,0.000000000000000000e+00
0.000000000000000000e+00,0.000000000000000000e+00
0.000000000000000000e+00,0.000000000000000000e+00
0.000000000000000000e+00,0.000000000000000000e+00
0.000000000000000000e+00,0.000000000000000000e+00
-1.172414242306970865e-06,-1.622052289340912104e-05
-1.460847302471647971e-06,-1.638952805131332994e-05
0.000000000000000000e+00,0.000000000000000000e+00
0.000000000000000000e+00,0.000000000000000000e+00
0.000000000000000000e+00,-1.126582574445364509e-04
0.000000000000000000e+00,-1.138948570275635720e-04
-1.067920472254378091e-06,-1.074168427188189790e-04
-1.917588013333469438e-05,-7.752092678732894519e-05
0.000000000000000000e+00,0.000000000000000000e+00
-1.506633856435897022e-06,-8.848426518123425947e-06
-3.159381701159281993e-07,-1.118900902726214036e-05
-2.737623164974116280e-06,-1.439668985718305197e-05
-2.648300410600359717e-06,-1.734917339066020044e-05
-1.375417181926678987e-06,-1.174957257781469923e-05
-2.176844286038171102e-06,-1.527813594167862091e-05
2.755650839597515684e-07,-1.846510025631587691e-05
-2.001997828145667872e-06,-2.214525853887383108e-05
-2.055330735561309929e-06,-7.268300290829696229e-06
-2.133781607643769279e-06,-1.554906816853420892e-05
-1.369942509611931905e-06,-1.693756701774916712e-05
1.931120675211260350e-06,-5.069900177033832161e-05
2.303960159953055095e-06,-8.093170706710183030e-06
8.321819499963718721e-06,-5.441348917282173137e-05
-3.616688893106133522e-06,-8.571416146812101860e-06
8.542878878803395308e-06,-3.066507488763348723e-05
-9.926331798474877677e-06,-3.258665580811771371e-05
-3.744539759431407662e-06,-6.680418516965263437e-05
8.439650315774674452e-07,-1.229338993984384295e-05
1.091688194659486359e-05,-6.809208768886595910e-05
-1.136969645163778246e-06,-1.035220309830050774e-04
-3.357839465492917451e-06,-6.912478090667311770e-05
-1.727524117095989781e-05,-9.384147276929673167e-05
1.068638467292693882e-05,-7.642061171699937811e-05
9.057260503950083041e-06,-3.205357467607892661e-05
3.217579676229298469e-06,-5.362262263927807687e-05
-9.914721669476759969e-06,-3.944712138221105553e-05
7.419280773849758572e-06,-6.075252897998684507e-05
-5.126761993751702215e-06,-1.063430564466187463e-05
-8.157904263760926296e-06,-1.839089943771283152e-05
-1.054902582112502513e-05,-2.787242018270019120e-05
-1.206819283072078222e-05,-3.858737216078817758e-05
-1.275719274471470137e-05,-4.983545230812458859e-05
-1.272190269030906996e-05,-6.067158499153529070e-05
-1.259287667772255060e-05,-7.086771836896339294e-05
-1.272327574965067613e-05,-8.091916423255057572e-05
-1.273693603483720994e-05,-9.132391916908685165e-05
-1.181472548082681494e-05,-1.018764179153658724e-04
-1.003045684527588370e-05,-1.111917717376767337e-04
-7.556181672239930737e-06,-1.186121269143676011e-04
-4.517265702329336816e-06,-1.235940054978891273e-04
-1.048241079557511175e-06,-1.257447989720141262e-04
2.699225712646976914e-06,-1.247736103709970240e-04
6.592827930924206222e-06,-1.204991317004917389e-04
1.050215506087289121e-05,-1.128657428249218780e-04
1.431724698616690772e-05,-1.018962002134061177e-04
1.787713652991679899e-05,-8.746833698471736260e-05
2.072549100162215829e-05,-6.945580634099888617e-05
2.137115748192940253e-05,-4.865720948087558332e-05
1.823045712722702537e-05,-2.762405953506843920e-05
1.063515560915175660e-05,-1.071086083037739449e-05
0.000000000000000000e+00,0.000000000000000000e+00
0.000000000000000000e+00,0.000000000000000000e+00
0.000000000000000000e+00,0.000000000000000000e+00
0.000000000000000000e+00,0.000000000000000000e+00
0.000000000000000000e+00,0.000000000000000000e+00
0.000000000000000000e+00,0.000000000000000000e+00
0.000000000000000000e+00,0.000000000000000000e+00
0.000000000000000000e+00,0.000000000000000000e+00
0.000000000000000000e+00,0.000000000000000000e+00
0.000000000000000000e+00,0.000000000000000000e+00
0.000000000000000000e+00,0.000000000000000000e+00
0.000000000000000000e+00,0.000000000000000000e+00
0.000000000000000000e+00,0.000000000000000000e+00
0.000000000000000000e+00,0.000000000000000000e+00
0.000000000000000000e+00,0.000000000000000000e+00
0.000000000000000000e+00,0.000000000000000000e+00
0.000000000000000000e+00,0.000000000000000000e+00
0.000000000000000000e+00,0.000000000000000000e+00
0.000000000000000000e+00,0.000000000000000000e+00
0.000000000000000000e+00,0.000000000000000000e+00
-4.068660585018883080e-06,-8.699724481221829544e-06
-6.374374426201114941e-06,-1.556557345596726297e-05
-7.981951791459197010e-06,-2.369355079445742537e-05
-8.779145442107661094e-06,-3.249330706243976069e-05
-8.839911447685039138e-06,-4.133048732784403231e-05
-8.286714638992485183e-06,-4.949780299031112947e-05
-7.495753404415010823e-06,-5.673471494030828561e-05
-6.624797103843050042e-06,-6.311340256624898930e-05
-5.535432209138192395e-06,-6.865807512152169337e-05
-3.986089494511313184e-06,-7.309744687343243158e-05
-2.122705342010643946e-06,-7.583323365333600877e-05
-9.725723067833088655e-08,-7.668600717331428766e-05
1.963475603985660518e-06,-7.555274591632211490e-05
3.921987652916691655e-06,-7.248049822112460471e-05
5.630909613987544477e-06,-6.761412995097232598e-05
6.952187131488768630e-06,-6.121170772282710001e-05
7.739526349036374080e-06,-5.366179600818765509e-05
7.820875753162091166e-06,-4.572855344339895185e-05
7.504444126466546457e-06,-3.791924118778355868e-05
7.063523456265990123e-06,-3.031480371911420238e-05
6.406730500649838698e-06,-2.279224085362127912e-05
5.121989259260757763e-06,-1.551968254484237684e-05
3.194217453382301065e-06,-9.029637877761273387e-06
0.000000000000000000e+00,0.000000000000000000e+00
0.000000000000000000e+00,0.000000000000000000e+00
0.000000000000000000e+00,0.000000000000000000e+00
0.000000000000000000e+00,0.000000000000000000e+00
0.000000000000000000e+00,0.000000000000000000e+00
0.000000000000000000e+00,0.000000000000000000e+00
0.000000000000000000e+00,0.000000000000000000e+00
0.000000000000000000e+00,0.000000000000000000e+00
0.000000000000000000e+00,0.000000000000000000e+00
0.000000000000000000e+00,0.000000000000000000e+00
0.000000000000000000e+00,0.000000000000000000e+00
0.000000000000000000e+00,0.000000000000000000e+00
0.000000000000000000e+00,0.000000000000000000e+00
0.000000000000000000e+00,0.000000000000000000e+00
0.000000000000000000e+00,0.000000000000000000e+00
0.000000000000000000e+00,0.000000000000000000e+00
0.000000000000000000e+00,0.000000000000000000e+00
0.000000000000000000e+00,0.000000000000000000e+00
0.000000000000000000e+00,0.000000000000000000e+00
0.000000000000000000e+00,0.000000000000000000e+00
-2.259521388850698699e-06,-2.296176328222051201e-06
-3.356727510921517248e-06,-5.365832810633611722e-06
-3.715232052624356279e-06,-8.804645743344889761e-06
-3.474658229840518782e-06,-1.198464053236226886e-05
-2.768849818889854429e-06,-1.446977643569170754e-05
-1.735064192598607117e-06,-1.588042100215539601e-05
-6.170592403835180332e-07,-1.605710818470677023e-05
4.406727693120542175e-07,-1.501617131479093589e-05
1.227307531232980211e-06,-1.287661910236885970e-05
1.511998376412537787e-06,-9.954444701418472589e-06
1.279397924729248008e-06,-6.574848976020900459e-06
0.000000000000000000e+00,0.000000000000000000e+00
0.000000000000000000e+00,0.000000000000000000e+00
2.901313143918775894e-07,-1.546511639120523885e-05
1.504175742885561325e-06,-1.373090402740832113e-05
2.383098015205163871e-06,-1.116810876918078627e-05
2.801833421756311071e-06,-8.075304408500052998e-06
2.669524694151588430e-06,-4.870174715473670404e-06
1.851703041837022193e-06,-2.055420188716371986e-06
-1.572450209243366852e-06,-1.659711966419716476e-05
-1.990104021243302473e-06,-1.668143312796634226e-05
-2.263799004095755826e-06,-1.665668638213588617e-05
-2.355575371775465086e-06,-1.651991517436149354e-05
-2.210261803116709992e-06,-1.632720543812518868e-05
-2.047957844513525256e-06,-1.455811470611565069e-05
-2.533620492799869289e-06,-1.165114843107564529e-05
-2.709495635619604182e-06,-7.362582348508551332e-06
-2.060038204957301244e-06,-2.844545063944712498e-06
0.000000000000000000e+00,0.000000000000000000e+00
0.000000000000000000e+00,0.000000000000000000e+00
1.979637025518871226e-06,-1.122846666648776780e-04
3.816787331785089772e-06,-1.113698596547994910e-04
5.489955682618550806e-06,-1.099793867603221449e-04
6.940636532772501721e-06,-1.082702699912338701e-04
8.223966337268514231e-06,-1.064111698541785685e-04
9.429248043250138326e-06,-1.044509540445126257e-04
1.072883526120235743e-05,-1.024618499656928606e-04
1.213265636950417891e-05,-1.002806152599570316e-04
1.365162950109846679e-05,-9.779269040250787018e-05
1.524884690935258956e-05,-9.491593227119197518e-05
1.685062185322204931e-05,-9.160466097513699510e-05
1.837450183650542318e-05,-8.787268177094863068e-05
1.973256683479720575e-05,-8.377705505972714403e-05
2.096231966924994006e-05,-7.936126999668103340e-05
2.196164251274168914e-05,-7.474357813589763426e-05
2.276127864217176929e-05,-6.994186942901923045e-05
2.333104384789615348e-05,-6.496141192179747032e-05
2.362430462173293491e-05,-5.997293948204975342e-05
2.357738976322457894e-05,-5.493082145325182622e-05
2.325468797551552330e-05,-4.997704632253805601e-05
2.257859411833854061e-05,-4.527311598830566902e-05
2.156890096435055387e-05,-4.087152683807825830e-05
2.029809253794045986e-05,-3.690662649724814494e-05
1.881097529332319477e-05,-3.341431845934697575e-05
1.721560501893927924e-05,-3.045154241970704761e-05
1.554319490746342269e-05,-2.801471913272503817e-05
1.380231840200188001e-05,-2.609547571485418366e-05
1.208803499323692223e-05,-2.467758445274135181e-05
1.031416934049956608e-05,-2.376418207163751947e-05
8.649143498650241723e-06,-2.336931976587108915e-05
6.967958505196906113e-06,-2.353102121725077076e-05
5.455314813970407895e-06,-2.420672001375620254e-05
4.049165343449418194e-06,-2.541291674726304281e-05
2.845225705701992377e-06,-2.713988957463482965e-05
1.891293385829961674e-06,-2.929931582628369634e-05
1.043683187289879191e-06,-3.186196641483682659e-05
3.468329247801689689e-07,-3.491158661601481564e-05
-7.573828374728442223e-08,-3.843679496277216742e-05
-1.770798834893343686e-07,-4.238300418380339996e-05
1.555212339017419632e-07,-4.650073848269246278e-05
9.356650089576919887e-07,-5.042500251777374230e-05
2.190617602452716182e-06,-5.377549656919528779e-05
3.679655219518291814e-06,-5.619920877082413001e-05
5.584595286764840171e-06,-5.747482619367764615e-05
7.470854659018892089e-06,-5.743357817027981769e-05
9.204936477103896878e-06,-5.611888599958030945e-05
1.070541515729545171e-05,-5.380720569392458201e-05
1.194401913969064566e-05,-5.063992753342266785e-05
1.278805935183864991e-05,-4.681486370469486444e-05
1.313717321253808446e-05,-4.256719046554357247e-05
1.292736241805118698e-05,-3.832476574639905021e-05
1.232280329758325883e-05,-3.444088546298952678e-05
1.138056567016217983e-05,-3.098838411938015193e-05
1.028997485386454440e-05,-2.811018797445907790e-05
9.098204415359845864e-06,-2.578577737405497071e-05
7.898113876932758365e-06,-2.394553484107256550e-05
6.785489175697456980e-06,-2.244536168572368133e-05
5.737878414907511513e-06,-2.126547819273162855e-05
4.793977358923735588e-06,-2.036717851724695785e-05
3.963790162799917327e-06,-1.970377805148575500e-05
3.249262897521274181e-06,-1.922328642529350584e-05
2.670048054027727509e-06,-1.887549792166195490e-05
2.252666205807259839e-06,-1.863095385614310485e-05
1.995830975266387456e-06,-1.838567171356820514e-05
1.921858973851068965e-06,-1.803690680426150338e-05
2.035729315514295094e-06,-1.753922334477251915e-05
2.320620797856732973e-06,-1.684078902143159003e-05
2.763004046325112121e-06,-1.571452677203250762e-05
3.262261001294730165e-06,-1.404728429109554027e-05
3.676657912164160588e-06,-1.173814248529633803e-05
3.831337110803420280e-06,-8.806253372670658368e-06
3.475356905619284908e-06,-5.586012673353892150e-06
2.373425013313390762e-06,-2.522568846990190474e-06
0.000000000000000000e+00,-1.130802310622157423e-04
0.000000000000000000e+00,-1.135500369707768856e-04
-4.867271335633575840e-07,-1.132119844835607919e-04
-9.310043881889639394e-07,-1.112681759122091489e-04
-2.548277235492323677e-05,-8.538036827079970525e-05
-2.656385910067763755e-05,-9.333715722354515474e-05
-2.095615729656932503e-05,-9.816792536654829102e-05
-1.382289082440975811e-05,-1.021997291621020240e-04
-6.386373442581913723e-06,-1.054475932313002465e-04
-9.797016217891527830e-06,-8.835976984415539249e-06
-1.634481320197596037e-05,-2.150940901619893155e-05
-2.004387972984529411e-05,-3.829284474424923357e-05
-2.110683815796224246e-05,-5.699590667701428907e-05
0.000000000000000000e+00,0.000000000000000000e+00
-4.994702143179891854e-07,-6.376231473010036670e-06
-1.171100843455637325e-06,-8.695877045298398370e-06
-3.289986329236293511e-06,-6.680120971357010570e-06
-4.011872788077245639e-06,-8.699134247516732976e-06
-3.928933642576873106e-06,-1.134033877051417050e-05
-3.275469539698621296e-06,-1.369525787209211022e-05
-2.800111947706590563e-06,-1.053680821489846649e-05
-3.456337967340263752e-06,-1.307986410868168083e-05
-2.871095557712423534e-06,-1.472976738045227052e-05
-2.242471563895901237e-06,-1.588389473022322010e-05
-1.660807462200933591e-06,-1.658905764230705156e-05
-1.329691907169842943e-06,-1.694296011357522672e-05
-1.946013969725036318e-06,-1.593208655451129919e-05
-2.263504422361759473e-06,-1.640898137282940166e-05
-2.257292912978774616e-06,-1.672149819339904529e-05
-2.084562418176832696e-06,-1.691488071973503029e-05
-1.779732820510756977e-06,-1.698778541950604962e-05
-1.546677290980349997e-07,-4.419325806690361662e-05
-1.375511624768619959e-06,-3.857101305183000304e-05
-2.065771437377490635e-06,-3.347405032022494783e-05
-2.468782638653303696e-06,-2.897362235583581037e-05
-2.469298726137618343e-06,-2.469274711822697853e-05
-2.172015552354523736e-06,-2.042363546099334253e-05
-6.582979017390949245e-07,-1.626011472639369226e-05
7.072285840039889024e-07,-1.196564295653153500e-05
1.221402147814684677e-06,-5.312236098181943200e-05
2.704064827996573300e-06,-5.495112357620971324e-05
5.428036497506408915e-06,-5.622480838263758550e-05
8.470048443766557911e-06,-5.698288766261365153e-05
1.080513166566387826e-05,-5.719202746204148818e-05
1.082133766124365515e-05,-5.608056339890819309e-05
9.656827949814668745e-06,-4.678173459415959501e-05
1.042511329661549002e-05,-3.867533403616816982e-05
1.058898045402825215e-05,-3.025423352946704373e-05
1.004330280449991932e-05,-2.197479802196901881e-05
8.571349655853131391e-06,-1.460542708637115306e-05
5.859101517201960441e-06,-8.884688162035363494e-06
-2.705587836460297934e-06,-1.207451446304906589e-05
-1.303046808705981871e-06,-1.521789432049477753e-05
1.415627057817063700e-06,-1.774069395811398833e-05
3.870043072491165366e-06,-2.020017895919850700e-05
6.235641117821002810e-06,-2.269054134142847902e-05
8.015753877153520337e-06,-2.589930798293600602e-05
-6.333709543851197403e-06,-8.838810437905510021e-06
-8.456818561970535394e-06,-1.302469638404538869e-05
-9.629215731522388573e-06,-1.892284764750378222e-05
-1.008786194503819518e-05,-2.545194549358904530e-05
-1.224321822279649660e-05,-3.514167299255642571e-05
-9.977018529436129771e-06,-3.672209846621778281e-05
-4.624897121565453368e-06,-3.652296837981442021e-05
1.452633145341210419e-06,-3.545820052386493997e-05
6.402523579818104429e-06,-3.351725267624399373e-05
-5.192697904811213066e-06,-5.773857076244287817e-05
-5.289193245635412845e-06,-5.004953251331621314e-05
-4.924211328086275195e-06,-4.279382915389545392e-05
-4.092680187079316193e-06,-3.547553886718812338e-05
-2.972535475831342890e-06,-2.780288874363377012e-05
-1.863564552430318560e-06,-1.976279299987922065e-05
1.033210986322851877e-07,-7.067787752800883659e-05
7.036080979630981095e-06,-7.256048241510262603e-05
1.199041941951904891e-05,-7.177471218946318641e-05
1.205129479739819337e-05,-5.709543167044784880e-05
1.244989207721678280e-05,-4.637308937211756722e-05
1.215491793462389008e-05,-3.577638725630273353e-05
1.107274921240998014e-05,-2.576764590551149564e-05
8.918572902563869621e-06,-1.724887847592212082e-05
5.297479781480674177e-06,-1.113414632620757682e-05
-3.318795613908472866e-07,-1.036104896607287451e-04
-4.390341955608747295e-07,-1.013286177522412638e-04
-9.210586786053038119e-07,-9.796221015737172446e-05
-1.612848241144935614e-06,-9.360485981617657045e-05
-2.326576542700724227e-06,-8.847146977699380888e-05
-2.996789691458054904e-06,-8.260444705233229757e-05
-3.431264602745264268e-06,-7.617888634186723929e-05
-7.889212975742009278e-06,-9.932478848052402238e-05
-1.533387027169886920e-05,-9.577379674571952293e-05
-2.237877774895484341e-05,-9.277936560529819311e-05
-2.724666000031689716e-05,-9.056594483641223158e-05
-2.684667151254625236e-05,-9.150244935347285333e-05
1.161378297359483614e-05,-7.072749726691040378e-05
5.590557460508761603e-06,-6.772245765850121093e-05
-1.685944305118555304e-06,-6.729711504546717431e-05
-1.381587076996488942e-05,-1.064871681114060338e-04
-1.014367078911445256e-05,-1.160497799349694453e-04
-6.418166931678421109e-06,-1.223753112883666991e-04
-2.744460451407930585e-06,-1.254651506221859535e-04
7.260226144555659686e-07,-1.254274602286141742e-04
3.930499554152583424e-06,-1.224574623659000123e-04
6.720727951360740474e-06,-1.168364032764021581e-04
8.878288560948585618e-06,-1.090103661606300298e-04
1.038422049163839130e-05,-9.948746917766110949e-05
1.106689159884875252e-05,-8.876119240393615301e-05
9.706438831438856957e-06,-3.685865392820761598e-05
9.718519901989095916e-06,-4.222085455998053052e-05
9.318985264573858855e-06,-4.794967846190874934e-05
8.578104938438467448e-06,-5.313334100505324320e-05
7.574757848249950393e-06,-5.679645806566646898e-05
6.368135379386253561e-06,-5.804871148797373831e-05
4.888077144322096920e-06,-5.693651005000904217e-05
8.203536009843795553e-06,-3.096097118765600022e-05
3.887624315313497967e-06,-3.072445000087363341e-05
-2.536712092210425881e-06,-3.131241878388930867e-05
-9.001267543970939688e-06,-3.265898648300218321e-05
-1.209402103523409780e-05,-3.560455001993378656e-05
1.083774797109177609e-05,-5.803583852776539396e-05
1.056635255866133730e-05,-5.576831268897420609e-05
7.756708157182543690e-06,-5.460178173403573422e-05
4.545667020059038788e-06,-5.375675999485427208e-05
1.872043926677676889e-06,-5.326833697759316040e-05
8.150044135222185224e-07,-5.317594274405318378e-05
-9.991276593139249317e-06,-4.847169208723106827e-05
-9.292085759345034690e-06,-5.644255845594027727e-05
-8.046838045400110014e-06,-6.349708575542636576e-05
-6.362645376178107454e-06,-6.929981670907763361e-05
-4.371229431428292364e-06,-7.354033498693065467e-05
-2.158869463722655972e-06,-7.600283595814692501e-05
1.469110440982306609e-07,-7.655908566211567601e-05
2.342352960551331890e-06,-7.522568605633219937e-05
4.395710522793428421e-06,-7.210454758108128070e-05
6.114747246767680943e-06,-6.734616370146895411e-05
1.682054006546249619e-05,-3.474010620705734564e-05
3.067386048224584278e-06,-1.918034987391246450e-05
9.069353876985912380e-06,-2.304221789954854704e-05
6.193982543672467292e-06,-2.294075084165965369e-05
1.303647563933769835e-05,-2.656554424119393146e-05
1.935338328431411369e-05,-4.733054305982619579e-05
-1.551498794573494201e-06,-3.652924093586469947e-05
-4.176275257695897142e-07,-3.162960229469279630e-06
-1.958902837046010055e-07,-2.475138685254056800e-06
1.937637201753495734e-05,-6.313730960807855677e-05
-1.589009065439736634e-06,-1.637976514599502522e-05
5.493201514999470470e-06,-2.093146474601102335e-05
-1.737858097715623042e-06,-2.501651451081242277e-05
-2.181714928034521836e-06,-1.717869260892616174e-05
-8.162837731519943476e-08,-3.749387508042585480e-06
4.813970225172621161e-08,-2.664179619903052019e-06
-7.590482916204503686e-07,-5.114846813319376840e-05
1.240786594526068144e-06,-2.151618098070997028e-05
1.765417188277169504e-05,-7.796224293172718072e-05
1.737092059003754001e-06,-1.836488637223658671e-05
7.969960523482189576e-06,-2.880643856700495923e-05
5.574031816149939781e-06,-2.446234094446252303e-05
1.631995428864763981e-07,-2.170764763285291930e-06
1.378950604295047956e-07,-1.678195504638834660e-06
1.040728528270731327e-07,-8.617616261951088290e-07
8.084891130503188332e-08,-7.292240827046674068e-07
6.067329859527933579e-08,-6.621203498691518891e-05
4.387800990766315936e-06,-2.047697332254244518e-05
1.529686776934799364e-05,-8.611046657862904527e-05
1.330292769293702365e-05,-9.375989764480066157e-05
1.046185259551084794e-05,-9.950045720286366873e-05
-1.350103200100441551e-07,-1.396581828754662565e-06
-2.116782727632363801e-07,-1.765306426105983173e-06
-8.688986185564015646e-08,-6.061734936041311083e-07
-1.081912151668674542e-07,-7.028103401471875328e-07
6.965071361252807365e-06,-1.054493774246009172e-04
1.432133259125395674e-06,-1.780152366883409328e-05
4.414909894379644790e-06,-2.807753238429978429e-05
4.911182001673834953e-06,-1.094673880206205720e-04
8.844585317848184048e-06,-3.642907810573387569e-05
1.388504877836730838e-06,-7.807554992657317859e-05
-9.199937976546544312e-07,-1.718457863358639209e-05
7.348621971965248688e-06,-2.589459270652373976e-05
5.495839859289930512e-07,-3.354854282538975176e-05
2.525777871311921903e-06,-9.047566635896693750e-05
-4.358135713135422880e-07,-5.057937810821539833e-06
-5.164129748629497468e-07,-5.516765931295758107e-06
-4.929975824568395944e-07,-4.371695323036479253e-06
-6.309881445951963455e-07,-5.909131609114261026e-06
-4.532235887097838281e-07,-4.800896084983273795e-06
3.201402243515082277e-09,-4.082433010271741903e-06
-5.874569606320093765e-08,-4.249688745915444714e-06
-1.937068101951239401e-07,-3.348332273042010987e-06
-1.644388758044645430e-07,-4.439347879167719022e-06
-1.729336857234957073e-07,-3.637895811088703073e-06
1.229642001110491898e-06,-1.063008899890368085e-04
4.489981987664717976e-09,-4.995489971689528025e-07
5.400497837486404508e-09,-5.669624577461490021e-07
2.210212370219214467e-06,-9.953123575123821261e-05
-4.141683051995200943e-07,-4.150103515670901363e-06
-1.155478743127145853e-06,-6.098283413942145843e-06
9.855300770690106905e-06,-4.474791868676921943e-05
3.248857306919753119e-06,-3.279326632698969357e-05
1.440881055528071082e-06,-1.649250983975437588e-05
-3.571995998471576433e-07,-4.656837544295552519e-06
-9.773431726262060124e-07,-6.608535011505159831e-06
6.994087503306416463e-07,-1.123553348161976932e-04
-1.866649568747666689e-07,-5.234500773280375290e-06
-8.675782420823825495e-07,-7.025312291464312234e-06
-1.569622327505748940e-06,-8.752832637146447752e-06
-3.655931268399595775e-07,-6.055257386032655311e-06
-2.028145584521661170e-08,-3.542502865556997094e-06
-2.334115771349639005e-07,-4.869147576716413158e-06
8.877113093890489181e-06,-5.255752528734079044e-05
-3.675921108166711912e-06,-6.906231997093849524e-06
-2.210732586722098666e-06,-5.708476500331357962e-06
2.279222223843097170e-06,-1.122690455899150001e-04
8.940456818742452223e-08,-3.903484536970594091e-07
1.051948659739295041e-07,-4.413811907189579934e-07
-4.451909764560613782e-06,-1.318997117253382807e-05
-1.666866082013627567e-06,-1.487406662516890004e-05
-4.705522796512478851e-06,-2.894373645209181843e-05
-6.810857522342033757e-06,-6.704838861898796819e-05
-1.206646425253445781e-07,-1.093102043767771482e-06
2.214979395968408614e-07,-1.442725841077710829e-06
-4.650308686924563283e-06,-1.559474390019626469e-05
-2.338673720015860809e-06,-1.003341359811264938e-05
2.870108787644260522e-06,-4.098774267544499266e-05
1.586162358618184326e-06,-1.318546979998351922e-05
2.414572163697731174e-06,-8.538701144018421275e-06
2.799943379983021962e-06,-6.344437833149341332e-06
5.477082848002677552e-06,-3.735780201023542634e-05
5.626121886880852851e-07,-6.149518105436032318e-06
3.870518723941461754e-06,-1.980162612617729541e-05
4.035514681373172166e-06,-1.692029165486998418e-05
4.227297247592577501e-06,-3.411425488599791343e-05
2.196025228969020097e-07,-1.256556458037495805e-05
4.320435558241330474e-06,-4.050034836790426167e-05
-7.899481590078691958e-07,-1.619261959053723562e-05
3.233158023034685261e-06,-5.078887139105192833e-05
3.370914747919458091e-06,-6.250131906854455160e-05
2.362512162187231238e-06,-6.398672986887737923e-05
2.984939553868718062e-06,-8.192233703472478774e-05
4.630769946303672134e-06,-4.457139221454582527e-05
2.795678687655744167e-06,-1.038188260931518798e-04
1.173641820625604298e-06,-7.392819221392298826e-05
-5.182959953322566312e-06,-1.008172431590577698e-04
1.343347474507642903e-06,-1.201708659656773630e-04
-5.252498272946908913e-07,-7.691711218123257413e-05
-7.655029950000828810e-07,-1.264076579328254196e-04
-1.922398103617105016e-06,-7.197789642950708688e-05
-2.826342885689542389e-06,-1.202409665286349326e-04
-3.044822436962538297e-06,-6.031539082366520682e-05
-3.694511076259416862e-06,-4.413412378931086833e-05
-2.073194332493403351e-07,-2.660529089473345879e-06
-1.333234552199659512e-07,-2.941658352171364343e-06
-4.762342396433645713e-08,-3.462024448759121319e-06
-2.389758728939578190e-08,-2.760460717408994720e-06
-4.012667263834368080e-07,-3.459700533334275430e-06
-2.821823226668173789e-07,-3.818176378626508553e-06
-2.114772949759116996e-07,-4.568229383327811190e-06
-9.693790707928061397e-08,-3.556222394088080480e-06
7.336875089508277112e-06,-5.731216361138523243e-05
3.415973073779499049e-06,-4.824017590063253924e-05
7.369859394772514619e-06,-3.298479978118681530e-05
-6.849001173464643211e-07,-1.624143213524110649e-05
1.545916350406348502e-06,-7.348843241918478797e-06
-7.040611593831781060e-07,-1.703488819624927259e-05
-7.375493506616374543e-07,-6.324441021415352350e-06
-2.365196955512709674e-07,-4.602659251048128927e-06
7.582273106582915240e-06,-3.025030826612582844e-05
6.564974725747269767e-06,-2.655833826808092702e-05
-1.864205497455467628e-06,-2.968786627878246430e-05
4.304519364451112360e-07,-3.171131834066851142e-05
1.492521558587529965e-06,-3.723770789714749918e-05
3.330583789524638115e-06,-3.315321494783412816e-05
4.753037921557671119e-06,-3.800008069896106545e-05
6.408799048540964674e-06,-3.428049036662927755e-05
4.866529600780759104e-06,-2.995074034096145823e-05
7.807348008391589540e-06,-3.095642660158557931e-05
6.247444815241245294e-06,-2.743141377811016623e-05
8.105295043035123118e-06,-3.915260327872916449e-05
5.980975691194120481e-06,-4.356819632386305053e-05
9.801989300273981345e-06,-4.422614079808623636e-05
8.097062152452947351e-06,-4.918701739284402319e-05
8.900202921386778793e-06,-2.820966119012762618e-05
7.365457756404586669e-06,-2.542774934014160562e-05
1.147019284019860653e-05,-3.990652534457342636e-05
1.179535191160139457e-05,-4.946091365995924439e-05
9.751953201382292162e-06,-5.460428044182486065e-05
6.243868463359402964e-06,-5.413486476802215156e-05
7.411657110204896603e-06,-6.011225038195039882e-05
1.368872087760189837e-05,-5.464141969521440774e-05
3.729205775827333607e-06,-2.655338705565492323e-05
1.073130378619823455e-05,-3.184621944696388256e-05
9.592813303950571243e-06,-2.611242356367946452e-05
8.118702450505016369e-06,-2.392420859055890836e-05
6.219719895460950877e-06,-2.334998136500363388e-05
7.055623183685181651e-06,-2.241434427710015768e-05
5.477221786075058858e-06,-2.184396666107813590e-05
6.396400211585308548e-06,-2.148558055927697136e-05
7.497466321830413224e-06,-2.204339224383512161e-05
6.937410348471067751e-06,-2.171852098161730773e-05
7.474441154381640816e-06,-2.222026365836230117e-05
5.066455589643957910e-06,-2.079697918796418702e-05
7.027237724372544864e-06,-2.248385619800060534e-05
9.978268124183982992e-06,-2.447984046190910092e-05
6.750659820942287680e-06,-2.198173466080790840e-05
7.041482515461333573e-06,-2.291696832767490242e-05
5.477243340856088506e-06,-4.992263549194475309e-05
5.205071919605842679e-06,-5.594435561089922604e-05
-2.074937935541033292e-06,-6.666312924491267146e-06
-1.070893082892482709e-06,-5.548085177346774646e-06
-2.319805325153933786e-06,-2.166546686932301381e-05
-1.376016710966602963e-06,-2.224239564728342384e-05
-2.165794334872573232e-07,-2.481030094792470038e-05
1.535940130504137463e-07,-2.241303118170412398e-05
1.680099690713927599e-06,-2.446492211449632714e-05
1.878073018124995829e-06,-2.233409321704469245e-05
4.262128640353166840e-07,-2.070691794702099529e-05
1.926293661904340515e-06,-2.075657720661719494e-05
6.207844894507022168e-07,-1.951315135690602365e-05
1.865836502526878052e-06,-1.965755687857562677e-05
6.812464004572525315e-07,-1.868203766658510333e-05
3.654776683235228619e-06,-2.417919083271677228e-05
3.541695914225302411e-06,-2.682768078258312096e-05
1.700893404340403793e-06,-1.891591946406784554e-05
6.263599007626882251e-07,-1.814634273991559978e-05
-2.615663886195614079e-07,-1.779825759070017863e-05
-2.875582156000433797e-07,-1.742938033152528182e-05
5.101534812467836050e-07,-1.785679463758810831e-05
-1.031138046914624813e-06,-1.690196870147877265e-05
-3.212854362285320846e-07,-1.733359040503008002e-05
3.778453066127136483e-07,-1.775694199753521975e-05
1.256979378763214739e-06,-1.820387888603644292e-05
-2.163036016571183194e-06,-1.993331588224819847e-05
-6.400805185444541152e-07,-1.930914939776419721e-05
3.145249043824355863e-06,-2.070912792957880689e-05
-1.387451133675272592e-06,-1.720275981959880221e-05
-1.879295769877782312e-06,-1.589025632522353030e-05
-1.189697063935172713e-06,-1.688695443353685334e-05
3.489313645299554091e-06,-1.935251339340551997e-05
-2.220601597050640859e-06,-1.551219305601813552e-05
-1.296306674042932550e-06,-1.607819272367309434e-05
2.715287738092683467e-06,-3.840399599962579708e-05
3.846424034366310274e-06,-3.330750914367647676e-05
6.141252200045219069e-06,-3.985149970647444343e-05
-7.284960033001038774e-07,-2.586936223033977077e-05
-7.130815325091061110e-06,-8.478880109327522729e-05
3.435114144996550783e-07,-1.711766881572143203e-05
1.644125937620026024e-07,-1.750335688591874464e-05
5.518217756124976736e-06,-3.058113840931039781e-05
-4.841486428725966148e-06,-3.556678185281703818e-05
6.740178548062524552e-06,-2.357406647808260933e-05
2.030989629435549934e-06,-2.980024572786826563e-05
-3.861762127222357761e-07,-6.454754382548346604e-06
-1.136092063042201428e-06,-8.785174179728128801e-06
1.073188802114221531e-06,-1.809494771660042443e-05
3.113682849228212571e-07,-1.775590795714826684e-05
1.851499308839458150e-06,-1.846173060798195551e-05
3.137578147925270697e-06,-5.775122427084558412e-05
3.789573539708576034e-06,-7.223682137785131816e-05
7.766525619702696799e-06,-2.266838841792903283e-05
-1.078716352841206858e-07,-2.269518484541872139e-06
1.044785482569612124e-08,-2.179305456885366620e-06
-5.683565732655578501e-08,-1.808696676106038098e-06
2.121001210609224631e-08,-1.723270621512316153e-06
-6.521803559818241305e-08,-1.419073845939727560e-06
9.899442155567814900e-09,-1.331510724180144660e-06
8.624991509895703689e-08,-1.666423894131122083e-06
-1.870850204411080547e-07,-2.875571365571944851e-06
-1.039583001557158039e-08,-2.732795521875173146e-06
-9.300809682972572050e-08,-2.233151260866883456e-06
1.927380170192862691e-08,-2.103435961641228882e-06
-9.171306049102056718e-08,-1.709940249940594010e-06
1.016217262827518636e-08,-1.583500878018087509e-06
1.066569655881670977e-07,-2.055760951039328364e-06
5.818929303389604226e-06,-2.622343798419260097e-05
4.084226311844399572e-06,-2.264279155425887692e-05
7.135903444030353366e-06,-2.336199334694347729e-05
3.806793272633575107e-07,-1.135147391967467794e-04
1.179916836351181770e-06,-1.129267181992030944e-04
2.318120649237977433e-06,-1.109058909237648665e-04
-1.202496391491270916e-06,-7.199323515572647325e-06
-5.338383655463227177e-07,-6.120211837928763926e-06
-2.147482077362049702e-06,-8.927408665535305183e-06
-1.362865621076923321e-06,-7.807304208139357886e-06
6.753170734046928083e-06,-3.700879278192434547e-05
-5.148328386233479933e-07,-2.865126169291267797e-05
-4.801364828207143170e-07,-1.358888537919149047e-05
1.113886837876257296e-07,-1.142011532988489803e-05
1.198457984428785709e-05,-2.921744323214159014e-05
-1.118957587875839867e-07,-1.069076806093963267e-06
-1.573898716539186108e-07,-1.303940527249834347e-06
-6.612026116123972901e-08,-1.075279074727941392e-06
7.287539350504021044e-09,-9.625660456824538857e-07
-8.497057396602307676e-08,-1.264816980485511579e-06
8.478492277375408829e-09,-1.118202770925389673e-06
-5.287385651385855397e-07,-9.170466564954094481e-06
1.016208607129459981e-06,-6.241561948901772576e-06
8.500470393318091192e-06,-2.297125784866061303e-05
9.727009916453931070e-06,-2.343697993798064201e-05
8.363552317038173650e-06,-2.253944965851100658e-05
-2.031999670082635004e-07,-8.252532868063764199e-06
-7.338211989720662274e-07,-6.887220757081070912e-06
-1.904603099140260887e-06,-1.200543507221655629e-05
-2.096481357575393917e-06,-9.758558777219644866e-06
8.970490746670201073e-07,-7.155718932689523202e-05
5.271262789656095891e-06,-7.362048785404061554e-05
5.794436046591316719e-06,-7.963587653924676343e-05
9.500250763481450696e-06,-7.546552551532385346e-05
9.923705448915947361e-06,-8.090595751563948892e-05
9.203765966867315441e-06,-6.996454411935380433e-05
1.335573243082275020e-05,-7.146422296590162029e-05
1.263172097367319157e-05,-6.627420488984701440e-05
6.469004526864897644e-06,-8.484119906623914271e-05
1.042345716497129635e-05,-8.590056829766424509e-05
4.960895047389927110e-06,-6.687728216900283421e-05
1.627304647336682854e-08,-5.925845138722840431e-05
-3.305706156954619424e-07,-1.452335183937979606e-05
9.769819872241606112e-07,-1.801888833360246775e-05
3.402994590982629298e-06,-2.216608401994690151e-05
7.324534095777389515e-06,-8.984064883136120433e-05
5.207331647478368020e-06,-9.355261108974629800e-05
8.428353377064423020e-06,-9.321819648681500565e-05
5.890576692580108859e-06,-9.694734514017030102e-05
-6.277987678242522318e-07,-4.316040295338424904e-05
1.090476692465735268e-06,-1.096276703807107000e-04
2.871155204683752373e-06,-1.080859460417788706e-04
3.170263824251005524e-06,-1.056462715906526887e-04
1.399201260951061977e-05,-8.223451602405023057e-05
1.148914462930008581e-05,-8.979395404239209693e-05
6.269269626559214528e-06,-5.786577657959273487e-05
-8.551591561558367492e-08,-8.389407474959253267e-07
-7.121270648496844535e-08,-7.295629298142844963e-07
-9.464564829037956323e-08,-4.084652360007879864e-07
-1.115081788343747997e-07,-4.638456863539055415e-07
-2.086624737629665563e-06,-2.204121680255961323e-05
-8.272769044177766336e-07,-8.420163925061867899e-06
-4.581673286343855652e-07,-1.216887884971493255e-05
1.335712419535278263e-05,-4.471018858417299399e-05
1.504519735195587222e-05,-4.033881081343073836e-05
1.261667116012196791e-05,-3.590920551182370926e-05
9.497877506516252689e-06,-3.516699055501239918e-05
2.035690582714249289e-06,-1.026515684929705570e-04
4.974587182788813904e-06,-1.005127088533827595e-04
4.768259784395325907e-06,-1.029314599696714493e-04
8.415237033132283144e-06,-9.858840634253734827e-05
7.317422850733267220e-06,-1.012649970897677238e-04
6.716127945414615849e-06,-1.035114320418617241e-04
3.087181104623277675e-06,-1.983159200824594344e-05
2.750880224126245647e-06,-4.634450240713809075e-05
-4.420282282495894538e-07,-5.752153246945726450e-06
-1.353831216319522226e-06,-8.020298280692993024e-06
1.036773142882732158e-06,-1.041001494092688072e-04
-1.483745295460458294e-06,-1.085263276616465784e-05
-1.947963972230181617e-06,-2.893644920226309269e-05
-3.419903797255855381e-06,-3.410429523456086966e-05
1.663836548630058252e-05,-6.749430316791019742e-05
1.480581007262420429e-06,-1.844804403359759633e-05
-2.596304532713385498e-06,-1.819262760903481537e-05
1.401111404588686087e-06,-5.290645312821786123e-06
8.933972456201779145e-08,-1.198715451412983505e-06
7.145970771023475910e-08,-1.021896329688515638e-06
4.708919502046780514e-06,-1.068841719449041853e-04
-1.548132232863376107e-06,-7.164409495231789334e-05
-4.672370228956012566e-06,-9.766640290415128187e-05
5.492221920500869652e-06,-2.398627264343605359e-05
1.849564790492757828e-06,-8.416488837054852696e-05
-4.787133101525043310e-07,-1.732515738019417439e-05
9.490614066904650424e-08,-2.083063361233722630e-06
1.017020386493361707e-07,-2.642979666443741158e-06
1.197188001641981497e-05,-6.054446834735286538e-05
1.642940555224768642e-05,-5.920245716836770367e-05
1.809737210862432912e-05,-5.473507508309396813e-05
1.575158552499550903e-05,-4.997222982421448449e-05
4.682897186232314397e-07,-1.048877148543522169e-05
-4.484869271335967737e-07,-7.689695228102771832e-05
-3.254049932075457047e-06,-1.163429457498093775e-04
-4.017120752139824748e-06,-1.122435650949183577e-04
6.294411811429924277e-06,-5.493494496032742764e-05
-3.483459237607130371e-06,-5.267084087825974522e-05
2.637868770275013156e-07,-1.247947757728022373e-04
-1.780684603931425278e-06,-1.249345444228545563e-04
-1.313666775612435404e-06,-7.538617614356665103e-05
-2.545178133127480134e-06,-6.686826640104858431e-05
3.955350868916783077e-06,-5.171738022810475212e-05
3.821894236478814642e-06,-4.285255174060590994e-05
-2.620195874003421787e-07,-1.490523229414168963e-05
1.788614207116202595e-05,-3.854311189410679356e-05
1.539773567697323006e-05,-3.140100043206654588e-05
1.873589902482259044e-05,-4.277244629570373162e-05
3.684912253927442156e-06,-1.973331370333425685e-05
2.546088237901430317e-06,-1.907547506023970810e-05
6.990196072718636038e-06,-2.339033692044395835e-05
5.231216098931151519e-06,-2.150452246726636304e-05
3.237300503561383085e-07,-1.879942538092685406e-05
-5.857298211965402613e-07,-1.147764221908581880e-05
-3.168631066760046443e-07,-9.830544526987132297e-06
2.148929118814870937e-06,-1.867621033585388621e-05
6.788576142883913356e-06,-2.333864076735955089e-05
4.804722937441768776e-06,-2.595079228654190878e-05
1.402862867400664822e-06,-1.733011727638596145e-05
3.446091787464601688e-06,-3.039254959285729419e-05
1.841384103144331848e-05,-7.254081345629646979e-05
9.884261521570018478e-06,-4.035357524518738578e-05
8.894503620157148468e-06,-3.235412129451068581e-05
6.166928248772008027e-06,-3.088587534293070106e-05
-4.555784619905969363e-06,-2.211875459806954367e-05
-6.580702309519973366e-06,-4.745386097462513222e-05
-5.671381578490966885e-06,-2.850668383947442791e-05
-4.420237378862605971e-06,-1.003301540966384069e-05
-2.504129897973341456e-06,-7.273605685064074116e-06
-1.995014306320160638e-06,-1.273145272092202375e-05
9.301568368572824287e-06,-1.018935897858514589e-04
1.183626638281631095e-05,-9.682669552196320872e-05
6.555131780399806129e-06,-5.808102890721966445e-05
-9.871433092213436022e-07,-1.631078966755014501e-05
5.783825796556575589e-06,-4.475919656296470616e-05
5.583065711552668442e-06,-2.669955575130773578e-05
-1.041056738853262721e-06,-1.678970655175717979e-05
-5.679409192865883969e-07,-1.403189080923182135e-05
8.867077895363327955e-07,-2.591438362674947351e-05
6.087403654076289149e-06,-2.110832105206135199e-05
5.045091602129550740e-07,-2.371526289186174161e-05
3.693524041537366328e-06,-1.110730371130329010e-04
5.956507611954937568e-06,-1.076255945245441654e-04
1.149031625384261430e-05,-2.477516745591867137e-05
1.412671613235147829e-05,-2.863354276584248223e-05
8.852677299692118126e-06,-4.929404690127016619e-05
4.844144578127056267e-06,-1.872319078619239335e-05
1.303786296794605381e-06,-1.771312729504614497e-05
3.493021745438922154e-06,-1.979343281501443112e-05
-5.990026301245026348e-07,-1.417981708587210109e-05
3.478416152124520361e-06,-3.679983748243659448e-05
4.560961787451838307e-06,-9.337208322359844979e-05
-1.619958349900149273e-06,-1.443594972534651948e-05
1.533590594826665611e-06,-1.510464918800826651e-05
1.509873978098876470e-06,-1.812490329471420228e-05
-2.658317057996067509e-06,-1.427803984382252250e-05
1.364134436493773635e-05,-7.674424378336073573e-05
1.296970258056804712e-06,-4.033483374825406125e-05
7.235410931503987467e-08,-3.404203968432865015e-07
8.368244489583325870e-08,-3.831820064719051811e-07
-2.071375389550794357e-06,-1.594112632797238031e-05
4.065407171455646909e-06,-5.250834667915996098e-05
1.376537314236070362e-05,-3.308622944537327227e-05
3.620977835504780706e-06,-6.013585920510002507e-05
9.130200369463826156e-06,-6.465886073545956767e-05
-1.012391499450074357e-06,-2.049094408507377436e-05
2.094861871351842150e-06,-2.866407077334617675e-05
-1.676209519614019108e-06,-6.192828417687088015e-06
-1.420254460603291760e-06,-4.916806851262448558e-06
6.092290287167967603e-06,-2.495934707404991260e-05
-9.911761757355204316e-07,-3.486019524627767720e-06
4.049296035526293379e-06,-1.088970307706863710e-04
-2.106544098552069980e-06,-6.059030109018236901e-05
-4.630322561225131562e-06,-7.652097569553936956e-05
1.210660232973997638e-07,-1.935645337507076880e-06
8.509646524471430600e-08,-2.938763898727407587e-06
1.092679308478134553e-07,-2.607773368928104376e-06
1.486097490788960249e-08,-3.909916904130165194e-06
6.819553753365902303e-06,-3.397881617999484461e-05
-7.559941671746903380e-07,-1.572001255319051079e-05
-3.591339294454700577e-07,-2.354712454190059107e-06
-1.996981991805755922e-07,-1.821694397641951200e-06
5.846078509506367830e-06,-7.747559711240074268e-05
1.098757785603708372e-06,-3.309679877153092316e-05
5.050402290545386312e-06,-2.471367013064317846e-05
6.712322215303788045e-07,-2.928011574649622195e-06
-1.748019527683089545e-06,-1.890556169155727223e-05
1.329382632402885956e-06,-3.665504005409787674e-06
-3.366279632644618840e-07,-4.663211644891984119e-06
-4.379733890891068688e-07,-1.838766858834669241e-05
-2.120209597160630506e-06,-5.406695892066067056e-05
-4.297655542360987905e-06,-6.688003148305957774e-05
8.190521282215224813e-06,-5.535560424763000080e-05
3.530308007679031832e-06,-2.101406562994243495e-05
-8.250016787175780047e-08,-3.848417579153664481e-07
-7.137582257356971634e-08,-3.408625216440589012e-07
-2.640264648197981384e-07,-1.859348668406288534e-06
-1.590534948659031011e-07,-1.447304105614805164e-06
-1.263795122972342327e-06,-1.570772155110584895e-05
-2.339622413360611043e-06,-4.649320560272805661e-05
-4.379365597966963901e-06,-5.654811580995422493e-05
-8.906605154578313646e-08,-7.924847158918529186e-07
-1.182789353625974263e-07,-9.425032763098117248e-07
9.865869735362940772e-06,-9.550887759651379165e-05
8.650774516549057479e-06,-1.035991063399515694e-04
-2.252703118762767704e-06,-3.780188150460882224e-05
-1.432332743274372090e-06,-1.377602403642005577e-05
-4.019070587066803279e-06,-4.517940137353456970e-05
3.794575878488170086e-06,-1.069951365771685349e-04
1.875685287086199988e-06,-4.866099583912102269e-05
3.083521526932775706e-06,-5.282473637363193974e-05
2.585403118756176737e-06,-1.167313330647191331e-04
1.833966536514012929e-06,-5.675115902649973158e-05
1.458450619762552643e-05,-9.028403783785241736e-05
4.829203093028409023e-06,-2.030745848208284906e-05
1.461310706992086936e-07,-1.478884001183416541e-06
1.134043186893724711e-07,-1.182806763237008711e-06
1.601707146785225519e-06,-6.395599960370890907e-05
1.310955564536260777e-06,-1.231046361797497686e-04
4.021643445157270839e-06,-2.504481273213458880e-05
3.939869969290518723e-06,-2.937057278982099423e-05
4.397844385757814355e-07,-9.407711737843278322e-06
9.883136005585825174e-08,-1.598367380720808161e-06
7.768003310195618327e-08,-1.330075514311989223e-06
2.518843240749015269e-08,-1.261107987859858123e-04
1.227339964942708077e-06,-6.987585498776148843e-05
7.680264531339075075e-06,-2.624204536228769101e-05
-1.496932182899853365e-06,-7.139474355092082050e-06
-1.481686246353270777e-06,-1.974028595986213397e-05
-2.619840968788194919e-06,-2.311022579032807195e-05
7.171967828645715749e-07,-7.417088521350932218e-05
-1.238640244429754201e-06,-1.258368868590062015e-04
9.970917743746868439e-08,-6.409095726819613357e-07
8.084107021798331179e-08,-5.556569153264888693e-07
1.203416566645989673e-07,-7.655913830481703131e-05
-2.352845149866559949e-06,-1.224101202482850048e-04
-4.779996437428511182e-08,-6.757958134277799165e-06
3.213457237514737064e-07,-5.327682181609334633e-06
4.223652328919312571e-06,-1.114796713731202189e-05
3.956673151592882691e-06,-1.338061010138806768e-05
3.244291159457690565e-07,-7.637236815872658813e-05
1.987581503458513083e-06,-1.128495746766468354e-04
2.457708507231424899e-06,-4.458798535187133660e-05
1.165846183462056905e-05,-2.667951284771390120e-05
-4.057959633174974502e-06,-1.078128796492705560e-04
-1.027904803619274568e-06,-7.520792166547051968e-05
1.721847171134062324e-06,-6.968282063525008997e-05
2.735102089565290024e-06,-9.320633719829844645e-05
9.320247038481935056e-08,-8.073096862715676236e-07
7.782319793724339349e-08,-7.038693176617916324e-07
-1.923294863022731794e-06,-6.657393743427067251e-05
-4.875406193805102977e-06,-8.679102945979666570e-05
9.210299828527281555e-08,-9.183313762710376856e-07
1.208137821984183041e-07,-1.114301304451872104e-06
-2.402549480255400547e-06,-1.846937782356620453e-05
2.551272840622194596e-06,-1.882013517300914799e-05
7.866287929512965816e-06,-2.305901208701693824e-05
1.626596617140484362e-06,-1.076538178508506051e-05
-1.508881336876236497e-07,-4.265402841592202550e-06
-5.276819396615179785e-07,-5.731918129786485477e-06
9.855068651644676974e-07,-1.130829246533466057e-04
-1.914126766723138202e-06,-1.588144738166227720e-05
7.052920346809858113e-06,-4.640335228703004901e-05
1.054004075758829427e-05,-2.381716147768000855e-05
2.663726844528619263e-06,-2.396673328383506791e-05
6.431114482138643994e-06,-5.795389400008165852e-05
-2.447689142875152834e-05,-8.694339871021364611e-05
1.744849084791629424e-05,-8.185470485306299354e-05
-1.204784979135025741e-05,-3.576659088693188879e-05
-8.802047211402147965e-07,-6.803857988675001244e-06
-2.594228797461473966e-07,-4.997275618884949382e-06
-1.348768899294856672e-06,-1.818660660235762715e-05
-2.845835604264874097e-07,-5.072886350106848964e-06
-4.829337467244849287e-08,-3.768651712171498103e-06
7.273830180086198655e-06,-2.450179665961820237e-05
1.248466138732314592e-06,-2.682389102974795075e-05
4.522171929324796276e-06,-2.183535883291634982e-05
-1.012678866949949835e-06,-7.575395521212691333e-06
-1.607345996873801555e-06,-9.790240093902571571e-06
8.774232174764395167e-07,-1.784683060338630050e-05
-1.814750607106847965e-06,-9.415691795538020401e-06
6.318835342666599735e-06,-5.061053831906455489e-05
2.018617962817766110e-05,-5.839901165961716798e-05
1.984086173172748467e-06,-1.978641342488896148e-05
5.014106669997764509e-06,-1.049546809649808403e-04
-1.562827052677217213e-06,-1.626224237112964050e-05
-2.764217922994345172e-05,-9.019053758979727882e-05
4.058675059561100082e-06,-2.955713045267760288e-05
1.976753174109653539e-06,-9.630672798513522292e-05
1.262150488088315732e-05,-7.177539656028375265e-05
1.015386605154262549e-05,-5.721010394563898460e-05
1.992068697617872130e-05,-5.136051338074033352e-05
6.474375441671937224e-06,-5.798555049618611950e-05
-3.091018118920047190e-06,-1.184564635638487541e-05
3.433040609773730108e-06,-1.105397839515299876e-04
-4.149404946172325651e-07,-6.002037372608958164e-06
-1.318200099025437855e-06,-8.242481603897993558e-06
4.278332027593925212e-07,-1.606751135037514644e-05
-5.620732734943107637e-07,-1.732471503289197124e-05
5.311491995441814676e-06,-3.386968414069249937e-05
-5.219623435813773943e-07,-1.283987026624347836e-06
-2.186144385956121141e-06,-1.579922485226230685e-05
1.589683103881467643e-05,-6.378194661287837919e-05
-1.395994972789980651e-06,-4.238850542239219610e-06
-8.692827331841240253e-07,-3.544690698239088658e-06
-1.998026343541015323e-06,-1.141458955562123881e-05
1.642193808613342859e-05,-4.494770800435249423e-05
1.118983159841515928e-05,-5.684336822084676928e-05
1.639660469704991584e-08,-3.425547040999365922e-06
5.973347780550697779e-08,-2.635574246862753222e-06
6.988252050191013755e-08,-1.731117769362808153e-07
7.941115091208126299e-08,-1.927273394025350057e-07
-8.673842548993883729e-07,-7.200337037083424174e-06
-1.558430974081026006e-07,-5.476899395414418125e-06
6.647676288238045336e-06,-5.671595724241942628e-05
6.454491100752674432e-06,-2.194139689857156351e-05
6.189224512915220739e-06,-2.820671160115515835e-05
-7.487453493929323581e-08,-1.886923471274464247e-07
-8.539781943857882377e-08,-2.112440373959465148e-07
2.396700986585336021e-06,-1.119238008254197909e-04
5.368067544588248616e-06,-4.829282478637328429e-05
1.123706882466402210e-05,-9.274758539603530124e-05
-3.217319102826646384e-07,-1.747432813001692785e-05
9.836012428564698353e-06,-7.101234692221334557e-05
1.522968564760453693e-05,-3.632272324004765321e-05
-2.847119951810439722e-06,-4.887636920884957684e-06
-9.367271086920872638e-07,-1.693058934724171245e-05
2.218544548541676133e-06,-1.861944013221906080e-05
6.443037146212208692e-06,-2.375010673595024584e-05
2.273090694905286113e-07,-1.768832604886311403e-05
-1.159050129675046936e-05,-3.532429229955458554e-05
-2.216909526352437219e-06,-1.628853737046162599e-05
6.783997890149451706e-06,-2.478859511680053910e-05
-1.582692841866688799e-07,-2.208145016546780847e-06
-2.784344633452929039e-07,-2.831776303301684601e-06
7.848022789081729414e-07,-1.269747390937012469e-06
-2.680262939844208953e-07,-5.332064482896215771e-06
4.679759979651607148e-07,-3.766864879661577690e-06
-6.982584554660952458e-07,-1.081569619441457013e-06
2.032059190841477062e-05,-6.757121599726334993e-05
5.408717797922372780e-06,-3.630105845808587591e-05
6.248752173035543450e-06,-5.418139005657957350e-05
7.500580326780382273e-06,-4.320429474724363586e-05
4.803727882082432170e-07,-9.665497417218532264e-07
5.472646989126668704e-06,-2.827394629115709236e-05
6.663872768124003245e-06,-5.236122886786587774e-05
3.083076617037767883e-06,-1.040287808044825532e-04
-2.530138751743441511e-08,-1.239072291235906395e-05
5.321665952495669665e-06,-5.724286908800139940e-05
1.069781101950929438e-06,-1.127882859505189650e-04
-9.173688205378004578e-07,-8.114307848705432815e-06
-2.368226283064977367e-06,-1.130476203694310310e-05
-1.887118686297321400e-06,-9.171782503392285268e-06
-7.634224433167354346e-07,-6.636534322835017465e-06
5.578664483822796439e-06,-4.047669103116724167e-05
-1.101455487322649334e-07,-1.462519127696400849e-06
-1.672523807090080515e-07,-1.819270335574495817e-06
1.145438434413692958e-05,-2.550144664723873775e-05
7.157856352078590855e-06,-2.804256230139320219e-05
8.335858845775435786e-07,-1.757131402632336210e-05
-6.968612742880697348e-07,-1.236163755439207292e-05
4.074518234731807229e-06,-2.076592186029382534e-05
2.915023086115722631e-06,-4.130397358547981433e-05
1.542112911555533713e-06,-2.573024839973964660e-05
