Size 979,2
0.000000000000000000e+00,0.000000000000000000e+00
0.000000000000000000e+00,0.000000000000000000e+00
0.000000000000000000e+00,0.000000000000000000e+00
0.000000000000000000e+00,0.000000000000000000e+00
0.000000000000000000e+00,0.000000000000000000e+00
0.000000000000000000e+00,0.000000000000000000e+00
0.000000000000000000e+00,0.000000000000000000e+00
0.000000000000000000e+00,0.000000000000000000e+00
0.000000000000000000e+00,0.000000000000000000e+00
0.000000000000000000e+00,0.000000000000000000e+00
0.000000000000000000e+00,0.000000000000000000e+00
-1.114685109122562045e-06,-1.543520720132039552e-05
-9.546945543207793017e-07,-1.530047970742121896e-05
0.000000000000000000e+00,0.000000000000000000e+00
0.000000000000000000e+00,0.000000000000000000e+00
0.000000000000000000e+00,-1.166551653372318751e-04
0.000000000000000000e+00,-1.179792424162149804e-04
-5.757167155900407337e-07,-1.116767343694242590e-04
-1.991699406763529909e-05,-8.051448111211346830e-05
0.000000000000000000e+00,0.000000000000000000e+00
-1.412144331626576084e-06,-8.340808557885665545e-06
-2.986562640497352889e-07,-1.074956784123098089e-05
-2.580793743935258829e-06,-1.350536900357675385e-05
-2.593712557081741605e-06,-1.656968189007001669e-05
-1.497319000820595926e-06,-1.190699058273217827e-05
-2.420634031274052483e-06,-1.591976952251530076e-05
6.843859401101344453e-08,-1.875326704702604805e-05
-2.355653979167781327e-06,-2.303798996377668816e-05
-1.954334949735032014e-06,-6.837620472949395308e-06
-2.029060077084428962e-06,-1.480650379424202826e-05
-8.481576183357153488e-07,-1.575293731615040661e-05
2.301683740647531928e-06,-5.016641256286836305e-05
2.285804890036514264e-06,-7.793728931679984963e-06
8.233350679580813184e-06,-5.396456994387672813e-05
-3.696539001384374672e-06,-8.678355921173246484e-06
9.118712425700421822e-06,-3.024415153421517919e-05
-9.886445979045473746e-06,-3.232725774361565931e-05
-3.854129689936184534e-06,-7.108441066278185533e-05
8.306434710835942870e-07,-1.281628204290619681e-05
1.141325013289296543e-05,-7.211863529841590088e-05
-5.613852522519015716e-07,-1.077920945691430987e-04
-3.348900409672346304e-06,-7.364844721391041848e-05
-1.796075432931783797e-05,-9.743651831485411051e-05
1.111561492181589618e-05,-8.082233981562665323e-05
9.718454918785434534e-06,-3.154500206551068942e-05
3.647909930814731416e-06,-5.317018345709538188e-05
-9.879801560853947688e-06,-3.908253671564543410e-05
7.335093893022068655e-06,-6.027702484827701304e-05
-5.469095158398582665e-06,-1.114372365231031260e-05
-8.706293407061673620e-06,-1.937292713904178914e-05
-1.124510098336454010e-05,-2.945807351549277733e-05
-1.283749266656956590e-05,-4.085349562987872170e-05
-1.352663564977198016e-05,-5.279665938574918885e-05
-1.342276732765656341e-05,-6.426251230526582535e-05
-1.319695136979413077e-05,-7.498382177750904812e-05
-1.323410678108829555e-05,-8.546312227401486558e-05
-1.315961770773689340e-05,-9.622360070734082053e-05
-1.213127138988523295e-05,-1.070671265333779696e-04
-1.022809549993013560e-05,-1.165760820596508935e-04
-7.629128809898488655e-06,-1.240858427773940034e-04
-4.464998464077335762e-06,-1.290504351221838277e-04
-8.739201670939183812e-07,-1.310814330517119902e-04
2.990894207866745393e-06,-1.298932976348382280e-04
6.997416944428557768e-06,-1.253091750636636684e-04
1.101560290487050887e-05,-1.172775896186998478e-04
1.493686827739610235e-05,-1.058258504062459894e-04
1.860513831186945700e-05,-9.081748769410026795e-05
2.154736142468139097e-05,-7.210371023536379096e-05
2.220819801553443494e-05,-5.050111669222303310e-05
1.893626809555311872e-05,-2.865905649448689541e-05
1.104209189139767777e-05,-1.110594017851435620e-05
0.000000000000000000e+00,0.000000000000000000e+00
0.000000000000000000e+00,0.000000000000000000e+00
0.000000000000000000e+00,0.000000000000000000e+00
0.000000000000000000e+00,0.000000000000000000e+00
0.000000000000000000e+00,0.000000000000000000e+00
0.000000000000000000e+00,0.000000000000000000e+00
0.000000000000000000e+00,0.000000000000000000e+00
0.000000000000000000e+00,0.000000000000000000e+00
0.000000000000000000e+00,0.000000000000000000e+00
0.000000000000000000e+00,0.000000000000000000e+00
0.000000000000000000e+00,0.000000000000000000e+00
0.000000000000000000e+00,0.000000000000000000e+00
0.000000000000000000e+00,0.000000000000000000e+00
0.000000000000000000e+00,0.000000000000000000e+00
0.000000000000000000e+00,0.000000000000000000e+00
0.000000000000000000e+00,0.000000000000000000e+00
0.000000000000000000e+00,0.000000000000000000e+00
0.000000000000000000e+00,0.000000000000000000e+00
0.000000000000000000e+00,0.000000000000000000e+00
0.000000000000000000e+00,0.000000000000000000e+00
-4.064516583563986216e-06,-8.524044548989631224e-06
-6.370924204953075952e-06,-1.534472602153595170e-05
-7.973742977988856686e-06,-2.342912035163511683e-05
-8.767419946214442746e-06,-3.217957502029458175e-05
-8.828962044441779819e-06,-4.096494135468242611e-05
-8.281634071430251306e-06,-4.908448341551263660e-05
-7.498825712493706055e-06,-5.628115755314618733e-05
-6.635643393291580728e-06,-6.262703741098486830e-05
-5.553204308679684224e-06,-6.814432067448410830e-05
-4.011992513961342722e-06,-7.256050236057976714e-05
-2.157981318523695611e-06,-7.527978761985000490e-05
-1.430838518414506045e-07,-7.612369611251363613e-05
1.905884980921597446e-06,-7.499030180320507936e-05
3.851414821646877752e-06,-7.192758107196997749e-05
5.546188030844991103e-06,-6.708136417055734742e-05
6.852112987622905277e-06,-6.071068247188963628e-05
7.622708127953443398e-06,-5.320513701662361563e-05
7.685508417191878246e-06,-4.533219432123863067e-05
7.352110679740809692e-06,-3.760116671851587933e-05
6.900862770995192262e-06,-3.009168099159719253e-05
6.248638631302007730e-06,-2.267209920176478956e-05
4.989393265191507013e-06,-1.549417650801360646e-05
3.113090892025330406e-06,-9.067743046240809876e-06
0.000000000000000000e+00,0.000000000000000000e+00
0.000000000000000000e+00,0.000000000000000000e+00
0.000000000000000000e+00,0.000000000000000000e+00
0.000000000000000000e+00,0.000000000000000000e+00
0.000000000000000000e+00,0.000000000000000000e+00
0.000000000000000000e+00,0.000000000000000000e+00
0.000000000000000000e+00,0.000000000000000000e+00
0.000000000000000000e+00,0.000000000000000000e+00
0.000000000000000000e+00,0.000000000000000000e+00
0.000000000000000000e+00,0.000000000000000000e+00
0.000000000000000000e+00,0.000000000000000000e+00
0.000000000000000000e+00,0.000000000000000000e+00
0.000000000000000000e+00,0.000000000000000000e+00
0.000000000000000000e+00,0.000000000000000000e+00
0.000000000000000000e+00,0.000000000000000000e+00
0.000000000000000000e+00,0.000000000000000000e+00
0.000000000000000000e+00,0.000000000000000000e+00
0.000000000000000000e+00,0.000000000000000000e+00
0.000000000000000000e+00,0.000000000000000000e+00
0.000000000000000000e+00,0.000000000000000000e+00
-2.167949423028081953e-06,-2.220050354707199498e-06
-3.208915035070037243e-06,-5.173926553841779435e-06
-3.536026865463752282e-06,-8.466871363725330169e-06
-3.289832531780457628e-06,-1.149475685782046420e-05
-2.604040344267926468e-06,-1.384243854692598455e-05
-1.616793419650290356e-06,-1.515977755641551498e-05
-5.572890142531355905e-07,-1.530737707823131817e-05
4.442986094332672106e-07,-1.430467378043386699e-05
1.192039995032788547e-06,-1.225954360287137126e-05
1.461314061579972950e-06,-9.465046663163113538e-06
1.231786824514919442e-06,-6.236164745891072750e-06
0.000000000000000000e+00,0.000000000000000000e+00
0.000000000000000000e+00,0.000000000000000000e+00
2.682415005414984357e-07,-1.477037774988910564e-05
1.428308191451710295e-06,-1.314833357420368685e-05
2.275535555724567206e-06,-1.072116109698577044e-05
2.685112176659067065e-06,-7.772289049335676279e-06
2.565841046854863014e-06,-4.700684990980701230e-06
1.784615697413586187e-06,-1.990647257567873602e-06
-1.000852135357571287e-06,-1.551852465350526798e-05
-1.436724945223803371e-06,-1.563104136877141838e-05
-1.808874943890063076e-06,-1.565144026855275479e-05
-2.041168989254212473e-06,-1.557602755332348181e-05
-2.034212717671829064e-06,-1.546166164458239435e-05
-1.574899767510520365e-06,-1.367651098930640082e-05
-2.134280257988580521e-06,-1.102770340143217595e-05
-2.412008959113808557e-06,-7.013197866658933745e-06
-1.897165671161076768e-06,-2.725060182235249156e-06
0.000000000000000000e+00,0.000000000000000000e+00
0.000000000000000000e+00,0.000000000000000000e+00
1.981420845617561463e-06,-1.162955299312119328e-04
3.821216886328801667e-06,-1.154181139547546614e-04
5.496418088287900549e-06,-1.140919340586821418e-04
6.949677357976601518e-06,-1.124775924851444293e-04
8.242177435011563730e-06,-1.107467039651708105e-04
9.471842393429325886e-06,-1.089443907212116707e-04
1.081600090654552053e-05,-1.071414641011298239e-04
1.229613796428796745e-05,-1.051517074208962050e-04
1.392261696091279491e-05,-1.028487883170606655e-04
1.565711212390591319e-05,-1.001425792641697302e-04
1.742962668765241684e-05,-9.700803969855564433e-05
1.915801005719185016e-05,-9.338718574732698962e-05
2.072479864800856302e-05,-8.927013396522724838e-05
2.216862753343059984e-05,-8.474064550131452827e-05
2.335693410543853552e-05,-7.993117048887600506e-05
2.432570333812736487e-05,-7.487071002240865841e-05
2.504488825256097115e-05,-6.957065009126976968e-05
2.545306636156547891e-05,-6.422300395179460534e-05
2.548960477787204471e-05,-5.877723139868993972e-05
2.522489018795802621e-05,-5.338142498206284263e-05
2.456439431296917545e-05,-4.817873702941728611e-05
2.352284593486760514e-05,-4.328877958370509543e-05
2.218904018856175496e-05,-3.891691826762548335e-05
2.062254883925019759e-05,-3.506846228116825085e-05
1.894307853369831758e-05,-3.179376097495270761e-05
1.718476910027814732e-05,-2.908210150632627703e-05
1.535790403482188536e-05,-2.692036561759574866e-05
1.356363049914323987e-05,-2.528717593486738975e-05
1.171152233024966711e-05,-2.418194563063794648e-05
9.976897767243323960e-06,-2.361441680410973480e-05
8.227873297194744355e-06,-2.362086653652355363e-05
6.652915644402186351e-06,-2.415485372484351101e-05
5.184607395680217560e-06,-2.523432982010181857e-05
3.919902341173699634e-06,-2.685153399557489151e-05
2.907616741867991476e-06,-2.891800121079331315e-05
1.999078595707458875e-06,-3.140469701855784084e-05
1.240907506030805706e-06,-3.439900025300890446e-05
7.597560908546207473e-07,-3.789200556726958209e-05
6.005723359860910182e-07,-4.183032296105653662e-05
8.794654537920596052e-07,-4.596280683242394931e-05
1.615647530288001451e-06,-4.991825762116066327e-05
2.836436024388655439e-06,-5.330858815725455368e-05
4.301092223702410171e-06,-5.577087973445785807e-05
6.192934573008956083e-06,-5.707551292236218810e-05
8.073902602753184891e-06,-5.704440734065748610e-05
9.806736682810857368e-06,-5.571714695546117546e-05
1.130767241983170268e-05,-5.337045483719800792e-05
1.254450142144088646e-05,-5.014956626176086046e-05
1.338260228976651880e-05,-4.625998207936378708e-05
1.372563191730170380e-05,-4.194094905480872130e-05
1.350984887003037656e-05,-3.762211492756474546e-05
1.289974348557143766e-05,-3.365650117682354346e-05
1.195676338034054722e-05,-3.011214979405358423e-05
1.086736594067078914e-05,-2.712104956594419710e-05
9.673632442844705894e-06,-2.462731411443622688e-05
8.452606932989134924e-06,-2.262009829602882477e-05
7.310589831129272475e-06,-2.101467667367381908e-05
6.233077594490064802e-06,-1.975571908967806820e-05
5.259040563512176933e-06,-1.879551360751297395e-05
4.395638461837258579e-06,-1.808567425805310803e-05
3.641198168614814305e-06,-1.757478994871005017e-05
3.012303415298841424e-06,-1.721688972453300719e-05
2.530407843802667607e-06,-1.699067109839944527e-05
2.206857411025906696e-06,-1.680698753082431770e-05
2.062933049920246352e-06,-1.660400059061448386e-05
2.119244943929798708e-06,-1.628266369180595151e-05
2.353950138757240681e-06,-1.572723596072847201e-05
2.744915838234982856e-06,-1.475345142569867232e-05
3.196511775135337502e-06,-1.325650590384552520e-05
3.574442008430677239e-06,-1.113534746089231081e-05
3.710808234630684764e-06,-8.399145409727690718e-06
3.361146628485055583e-06,-5.360652670130429336e-06
2.297219026244543481e-06,-2.441110165740182007e-06
0.000000000000000000e+00,-1.170817244704252190e-04
0.000000000000000000e+00,-1.175633890877611683e-04
-3.227143255829067676e-07,-1.173208936299889447e-04
-6.027495480805892778e-07,-1.154412466935335698e-04
-2.638722835684444390e-05,-8.874651856711379032e-05
-2.733977876321679946e-05,-9.705874520265603028e-05
-2.133581217966203011e-05,-1.021041125569215844e-04
-1.378330157772842031e-05,-1.063063756234828335e-04
-5.988261870228064338e-06,-1.096799422651690799e-04
-1.016524705850240141e-05,-9.159464434896722951e-06
-1.696492288460453460e-05,-2.230928462673687878e-05
-2.081058666852132145e-05,-3.973458534881877557e-05
-2.192026964789497894e-05,-5.916487589974228113e-05
0.000000000000000000e+00,0.000000000000000000e+00
-4.437011847672674737e-07,-6.111900749868528049e-06
-1.265122773211255194e-06,-8.945221089782269739e-06
-3.133896106263898866e-06,-6.320059748251796585e-06
-3.821388851517044008e-06,-8.259052145430663514e-06
-3.741754810740713884e-06,-1.078858564276633669e-05
-3.117581366079806994e-06,-1.304213589899828383e-05
-2.633029129383435858e-06,-9.869432170145359665e-06
-3.222675770664310640e-06,-1.218686152710473566e-05
-2.609102455583571656e-06,-1.364701919560566436e-05
-1.907769512671150916e-06,-1.464718907242511767e-05
-1.241697168564353706e-06,-1.526927294213070477e-05
-8.328371915419008818e-07,-1.563221370421341564e-05
-1.805202330922280892e-06,-1.517037430886322909e-05
-1.994103253786855852e-06,-1.559236352395208951e-05
-1.856490676516698767e-06,-1.583332541813728389e-05
-1.577797196073087243e-06,-1.594196882193621480e-05
-1.222581278805330984e-06,-1.591608281181718221e-05
1.311603627254358164e-07,-4.358020104066058606e-05
-1.168995285155574007e-06,-3.787142146239078858e-05
-1.924860200354379557e-06,-3.269835418637532181e-05
-2.375694580645764582e-06,-2.815341189750905743e-05
-2.409289112641253338e-06,-2.387764297480088249e-05
-2.142678985826128324e-06,-1.967376462056310622e-05
-6.912238458270017195e-07,-1.562058178266915198e-05
6.676496027494778451e-07,-1.147706223286598784e-05
1.504855066676267967e-06,-5.259190744311795397e-05
2.895528624150545415e-06,-5.442523812942533928e-05
5.530076485419999526e-06,-5.570597518022004572e-05
8.490362816830588502e-06,-5.647333765034640279e-05
1.075829118222828847e-05,-5.669467436412739552e-05
1.073564431409871385e-05,-5.560744461491011996e-05
9.560171627386554558e-06,-4.638232481535043583e-05
1.032537636631868714e-05,-3.832465829576223567e-05
1.049060232443166191e-05,-2.995296939948397159e-05
9.951136654435951428e-06,-2.172141351111175973e-05
8.493404884105629457e-06,-1.439195209491772345e-05
5.808907526097564609e-06,-8.690900233617804212e-06
-2.867724917691955351e-06,-1.222528270952592057e-05
-1.483875499460475117e-06,-1.532233894393005165e-05
1.331524904261887979e-06,-1.774554760086047669e-05
3.953983954160133898e-06,-2.007972903856492850e-05
6.505478082626643148e-06,-2.244815624815448628e-05
8.455374482854217423e-06,-2.555226000269123700e-05
-6.369020735442307758e-06,-8.886779705339211021e-06
-8.457533122404675496e-06,-1.301999098144782977e-05
-9.603716452314109482e-06,-1.884802482457617812e-05
-1.004819718077030715e-05,-2.529136184962343128e-05
-1.212461039088814425e-05,-3.486030265388652584e-05
-9.757269134333447863e-06,-3.641211205025088966e-05
-4.309149403078524740e-06,-3.618545493228312226e-05
1.859867623855632605e-06,-3.509304862878112776e-05
6.896705879777430781e-06,-3.312427697080320906e-05
-5.497017974702934254e-06,-6.145733194424550581e-05
-5.706159842104159125e-06,-5.318924961663544173e-05
-5.400157246149837275e-06,-4.534861433955650768e-05
-4.571156723835263625e-06,-3.744047646586385475e-05
-3.395695810398260274e-06,-2.919193073814124728e-05
-2.143983153725165567e-06,-2.064459814542199777e-05
1.011496253424233445e-07,-7.504916896716123215e-05
7.316454726515040551e-06,-7.693133214749283137e-05
1.248306844412720598e-05,-7.603001578523844789e-05
1.268294166301198741e-05,-6.049918376804924443e-05
1.314887339007009689e-05,-4.913535402026698244e-05
1.285887451734989113e-05,-3.787779717210162152e-05
1.171562767473039346e-05,-2.723008344684207935e-05
9.422855358474451187e-06,-1.816589572530467146e-05
5.569158073612542708e-06,-1.166271236766910502e-05
4.178844924729947084e-07,-1.082973064906313330e-04
3.765384064929905893e-07,-1.063241482173156661e-04
-1.177826424208322543e-07,-1.032072187349558103e-04
-8.998255990757946801e-07,-9.900377541030841845e-05
-1.758845537459097906e-06,-9.389761229412817243e-05
-2.617992019064550817e-06,-8.790391714508553282e-05
-3.251955386895163162e-06,-8.118741099038253521e-05
-7.566289463517451033e-06,-1.033197169330497833e-04
-1.537432331080129696e-05,-9.954538295572389127e-05
-2.283450044801138540e-05,-9.636997383261084935e-05
-2.806624061408671505e-05,-9.402656361905909550e-05
-2.781228555852828090e-05,-9.498459920010039617e-05
1.212380812805462825e-05,-7.494310192440979343e-05
5.831226624513650289e-06,-7.191583123166611820e-05
-1.730888389448261207e-06,-7.159288734871859362e-05
-1.441207893147800902e-05,-1.106098384990043582e-04
-1.064348017929171733e-05,-1.206182669260457769e-04
-6.817592057889105121e-06,-1.273047750864049834e-04
-3.039336831923965716e-06,-1.306683280171581029e-04
5.388927266616148068e-07,-1.308143416106110669e-04
3.856413495802249018e-06,-1.279368986950723424e-04
6.763529077787833009e-06,-1.223074487862623502e-04
9.033460577444648703e-06,-1.143668356076742908e-04
1.064693500760587008e-05,-1.046289495727486266e-04
1.142280792689813305e-05,-9.359135692364818127e-05
1.043804038813273623e-05,-3.629179430864879808e-05
1.048072661945070409e-05,-4.163703923420719979e-05
1.007801799802756178e-05,-4.739396268604636331e-05
9.307868150714442796e-06,-5.263023888064237465e-05
8.250195842804473106e-06,-5.635081485552595780e-05
6.974173072450857652e-06,-5.763771766558842578e-05
5.411343478449471818e-06,-5.652509844881633790e-05
8.744851741000279601e-06,-3.047649342134001182e-05
4.335911322614365335e-06,-3.026548788795208701e-05
-2.187026833905467014e-06,-3.087914561605964973e-05
-8.755237876604195601e-06,-3.225162090602716849e-05
-1.195742986941753716e-05,-3.522158955484404466e-05
1.075099338262276148e-05,-5.757903649219775792e-05
1.052183772505670223e-05,-5.532594528375798354e-05
7.787176880016494852e-06,-5.416167468127243049e-05
4.663350311907200201e-06,-5.331646049702026564e-05
2.084330752608149597e-06,-5.282522659342343743e-05
1.123429157317796499e-06,-5.272716601717513047e-05
-9.972795164078244112e-06,-4.804837426495573566e-05
-9.288662122226650059e-06,-5.596791467621909885e-05
-8.057521630870850078e-06,-6.298331376214270840e-05
-6.386398218528061998e-06,-6.875876022034115422e-05
-4.406866343501599031e-06,-7.298286651663244112e-05
-2.205420858899708391e-06,-7.543891322998651043e-05
9.047899306196936734e-08,-7.599782957051324660e-05
2.277410737982712256e-06,-7.467518345392551177e-05
4.323184347059396104e-06,-7.157195915045770314e-05
6.035838329349955370e-06,-6.683804561374895629e-05
1.838706463111122201e-05,-3.654937481736693453e-05
3.459266009993837211e-06,-1.759511232858383624e-05
1.026365238877403667e-05,-2.335469162610212686e-05
6.655145542519616023e-06,-2.161712334493639669e-05
1.442218324180749879e-05,-2.748836060393948535e-05
2.098513299753422304e-05,-5.043632871231929605e-05
-1.772332481105962064e-06,-3.857942798831810299e-05
-4.443380987501213166e-07,-3.226710655822040989e-06
-1.885595073566647695e-07,-2.359696806555106954e-06
2.085208671468418969e-05,-6.758082735763589323e-05
-1.192986644769825993e-06,-1.512221394271978382e-05
5.758259031009953199e-06,-2.088583623693807432e-05
-1.629890936064784891e-06,-2.415546426793415398e-05
-2.024669482470962929e-06,-1.623008061146834221e-05
-9.870180244507376893e-08,-3.879768190036116338e-06
4.236556226871112712e-08,-2.567226034662421646e-06
-7.703457470737418317e-07,-5.439503463293194246e-05
1.168064971183641373e-06,-2.212669401195400287e-05
1.879070696743857831e-05,-8.326341870184679971e-05
2.052069059219323411e-06,-1.679261275854118446e-05
8.433403062610228689e-06,-2.786476521882769798e-05
6.630415232688706672e-06,-2.432731707007082411e-05
1.643436789947227789e-07,-2.226107581486835607e-06
1.297037644267586499e-07,-1.624559661254915172e-06
1.064485558294355363e-07,-8.760969455670559464e-07
7.786673626413298412e-08,-7.137994113376733175e-07
2.797873913844922941e-07,-7.055590349042309254e-05
4.816495526530529385e-06,-1.899175565848810262e-05
1.616661781348075098e-05,-9.161249854103599855e-05
1.388574594774930462e-05,-9.909891302917353897e-05
1.081500964236832533e-05,-1.044903823310176864e-04
-1.294707640415929963e-07,-1.352943213071729449e-06
-2.208804252531029569e-07,-1.804114081724992182e-06
-8.457086781222394698e-08,-5.952332704271153251e-07
-1.105460823415392972e-07,-7.132349199132840969e-07
7.142595436731619608e-06,-1.098919313817361488e-04
1.657422340961943494e-06,-1.645264710252905319e-05
5.352783082410368042e-06,-2.771446329903434581e-05
4.998764485164997915e-06,-1.136259098326202789e-04
9.329981982549787593e-06,-3.568981735844916264e-05
1.893060824581905821e-06,-8.322243011665808024e-05
-4.461930554931603877e-07,-1.583922119535601284e-05
7.965897066696866273e-06,-2.557350171816165254e-05
7.794458140526028277e-07,-3.276313670755442715e-05
3.201968190868389636e-06,-9.593588364872603167e-05
-4.896814074097165566e-07,-5.140507718515868050e-06
-5.759707398461398793e-07,-5.633551821525527383e-06
-5.318807084851954503e-07,-4.472113261660491369e-06
-6.947237516163726055e-07,-6.058236972509117350e-06
-4.913616001762848223e-07,-4.921886803598222028e-06
-2.805454331307101829e-09,-3.869984809855016719e-06
-6.536307620412098951e-08,-4.053668989862272651e-06
-1.900833803700761831e-07,-3.206970746137732993e-06
-1.675866318677667937e-07,-4.253958802326320825e-06
-1.717110075113530694e-07,-3.497267674676784203e-06
1.669890337337363149e-06,-1.105948353325425087e-04
4.371836547787839669e-09,-4.918066848127922721e-07
5.472865852681020437e-09,-5.742314060027838191e-07
2.879965904661326841e-06,-1.046701980862868743e-04
-4.020396296074080640e-07,-3.994891682228909562e-06
-1.237015492491207801e-06,-6.335546608511333707e-06
1.038589367998979569e-05,-4.415528185345340474e-05
4.129529552922204226e-06,-3.229727462960371183e-05
1.583733034571400964e-06,-1.542761473586543906e-05
-3.501507404114781565e-07,-4.480832102709880662e-06
-1.055099714407549360e-06,-6.840607644199073473e-06
8.899386535542024054e-07,-1.164557478048016249e-04
-1.921864047404527313e-07,-5.004306498878660474e-06
-9.617447414102312123e-07,-7.200922015273588975e-06
-1.692155885906901482e-06,-9.089615042429894111e-06
-3.431066064075931839e-07,-5.820760726425542865e-06
-2.634735165074679657e-08,-3.413183409158087317e-06
-2.637817511613101680e-07,-5.023151415170268103e-06
9.434259093407784723e-06,-5.209373791747716080e-05
-3.748789036796438866e-06,-6.981669538906230214e-06
-2.093641303612303350e-06,-5.388437347188256460e-06
2.310892347829911505e-06,-1.162974073863089604e-04
8.755187031234598705e-08,-3.844051643676433410e-07
1.068753251279406178e-07,-4.468752858836180319e-07
-4.618466538731710547e-06,-1.367529001791428298e-05
-1.580724069501215573e-06,-1.416649144417750052e-05
-4.732214493783218478e-06,-2.873593831261137788e-05
-7.065689128225930278e-06,-6.961176572148031715e-05
-1.133363663352658652e-07,-1.061500160188217147e-06
2.392532089658754998e-07,-1.397485987816825268e-06
-4.689875875913593250e-06,-1.556455279045945955e-05
-2.217968371703222762e-06,-9.539220294027675324e-06
3.657951914130957028e-06,-4.042198767404194275e-05
1.656583789089696668e-06,-1.246431129717006308e-05
2.493658375419146880e-06,-8.902553850944135312e-06
2.741662469541918190e-06,-6.155707684221692787e-06
5.696610660329125596e-06,-3.876382020886695877e-05
5.459096521050690415e-07,-5.929219503611127536e-06
4.057929464094499954e-06,-2.088007021425648067e-05
3.975785788848065290e-06,-1.669542609762161161e-05
4.164406690557909066e-06,-3.379084082965381445e-05
2.178654577341725990e-07,-1.204923292858672680e-05
4.540324329326479553e-06,-4.289793192012313517e-05
-7.390901811708075861e-07,-1.544296306611080954e-05
3.173712844245753694e-06,-5.036518448607428820e-05
3.513258938609408667e-06,-6.621920491042469867e-05
2.303854735173789876e-06,-6.349549330159987362e-05
3.086824551466638121e-06,-8.652941008096938307e-05
5.033334405738516934e-06,-4.396804276999701313e-05
2.845990139331621721e-06,-1.090730813513996877e-04
1.117953525457083546e-06,-7.338625868544730862e-05
-5.391040940979540658e-06,-1.046907123460380615e-04
1.320721637898101986e-06,-1.256736475156927310e-04
-5.757610425461572987e-07,-7.635204219268902984e-05
-8.498530932950311045e-07,-1.317322180393708383e-04
-1.967527944790745857e-06,-7.142538241622881188e-05
-2.967923852141049740e-06,-1.250173748852011961e-04
-3.083222322411975070e-06,-5.981728810294485520e-05
-3.723585722337577251e-06,-4.374001083059008484e-05
-2.008893502985858030e-07,-2.560289259728417812e-06
-1.310874532627274021e-07,-2.838610525151508125e-06
-5.147878300570696479e-08,-3.338221404854856357e-06
-2.623187352257342204e-08,-2.670360223423204877e-06
-4.261033331174724096e-07,-3.541644188317426755e-06
-3.025549142282101618e-07,-3.910903608755366690e-06
-2.357354913110908962e-07,-4.688355014658371129e-06
-1.083003105910353673e-07,-3.642419986343382422e-06
7.926421017260562943e-06,-5.691821966696529477e-05
4.140101793562607344e-06,-4.770219369442731691e-05
8.133945278025676411e-06,-3.246342117244683704e-05
-3.119383006831479539e-07,-1.518377884788462028e-05
1.557736408532021253e-06,-7.021935726081140520e-06
-2.732626547385085371e-07,-1.583156915291436453e-05
-8.056637455666683854e-07,-6.517346192036056612e-06
-2.369070067188150690e-07,-4.425458261496913912e-06
8.309516406455709896e-06,-2.980281729689779604e-05
7.334319612670838886e-06,-2.623706948542476846e-05
-2.175187552084706364e-06,-3.119869277760692317e-05
3.621626370216144199e-07,-3.335897250076420503e-05
1.561303599218394545e-06,-3.935034278093278292e-05
3.544579490081723270e-06,-3.490766405937040890e-05
5.116799312966178208e-06,-4.017975860785709711e-05
6.916821696953468068e-06,-3.612061730624665357e-05
5.221368548705616074e-06,-3.139342660032140234e-05
8.462252497397874471e-06,-3.246359993709807161e-05
6.749515014875548274e-06,-2.859385625551518341e-05
8.769663064896790128e-06,-4.143855332523202007e-05
6.470390336231170127e-06,-4.623885208346840617e-05
1.061356521472538179e-05,-4.697784654438556313e-05
8.777791182867260557e-06,-5.235609091209541584e-05
9.698089246247080047e-06,-2.941204656725925374e-05
8.009445232452103511e-06,-2.633508799899113141e-05
1.243822806171528864e-05,-4.226282603525093875e-05
1.277017766341825652e-05,-5.269567250449653107e-05
1.057731089025630523e-05,-5.824638326534223092e-05
6.804435704677745309e-06,-5.768554476767963010e-05
8.094925568189234561e-06,-6.415016745787058250e-05
1.480691442662456322e-05,-5.834328274123001270e-05
3.961529458709156336e-06,-2.767247127119596556e-05
1.168951348825737632e-05,-3.341306012827510073e-05
1.051447302771548573e-05,-2.705503146979316913e-05
8.890253561238391312e-06,-2.460135132786204977e-05
6.726893042065767750e-06,-2.400968113853677477e-05
7.692046503866218271e-06,-2.287045321023720832e-05
5.868790134416655117e-06,-2.229169868076145703e-05
6.919015267794746195e-06,-2.175604560868370297e-05
8.249851461182805372e-06,-2.232332330747079801e-05
7.577426624272076816e-06,-2.183203364809805128e-05
8.319784801856498305e-06,-2.234212493344662147e-05
5.360941527212264095e-06,-2.106019544300712700e-05
7.766505602794384643e-06,-2.245368454691123837e-05
1.102207584846325116e-05,-2.517905054755097493e-05
7.309339422788025785e-06,-2.194325906628684516e-05
7.959430724171498379e-06,-2.290493711255879252e-05
5.934501977355414569e-06,-4.939729342900836052e-05
5.860103570500023081e-06,-5.549799595991281590e-05
-2.151971163648177989e-06,-6.760823283727351847e-06
-1.019692413531255742e-06,-5.231998605967121858e-06
-2.239349932865887229e-06,-2.083701523456430916e-05
-1.236882179607657636e-06,-2.132154405294666016e-05
-4.255449328981207151e-08,-2.388037804939338368e-05
3.553968167501476348e-07,-2.139677195631192939e-05
1.922110108657807923e-06,-2.345310122780053621e-05
2.145219417431879486e-06,-2.121575280642546923e-05
6.630281591464146418e-07,-1.959511614272868902e-05
2.224220010814820897e-06,-1.953079574071080258e-05
8.965464235352230323e-07,-1.830696205775029175e-05
2.194607191488986254e-06,-1.833620065681949054e-05
9.968694549813269342e-07,-1.739131333581459034e-05
3.970749116181632478e-06,-2.308202759699038732e-05
3.844220181827225733e-06,-2.585755507100990410e-05
2.054615250109100211e-06,-1.751515672600404243e-05
9.789227992325229012e-07,-1.678558999811929209e-05
5.347607331496686083e-08,-1.654936360986701861e-05
7.641046814690700970e-08,-1.611689618769177482e-05
8.947135405612394510e-07,-1.644102527261118000e-05
-7.131899510409455495e-07,-1.570493786676258134e-05
8.496398700827304838e-08,-1.596756393200367215e-05
7.828611911457453488e-07,-1.631027188801202789e-05
1.637801886538548075e-06,-1.670008927201303969e-05
-2.039781719990714094e-06,-1.904138881203445475e-05
-4.198603573158870942e-07,-1.821866201760963705e-05
3.499615869078790783e-06,-1.937866373432623856e-05
-1.145770433259611262e-06,-1.611037536846963780e-05
-1.616767957897333620e-06,-1.481511715206375554e-05
-7.307394540612541624e-07,-1.554993377757676591e-05
3.554028883648430442e-06,-1.941843802632759757e-05
-1.915366545575508481e-06,-1.439241254261885965e-05
-1.228776160827127794e-06,-1.531314545885878163e-05
3.039212767052872108e-06,-3.770166898335411572e-05
4.177893319883548816e-06,-3.250845378813871963e-05
6.563633809250844008e-06,-3.917430533350311139e-05
-9.398605747679729211e-07,-2.704750678880620964e-05
-7.409646095956624812e-06,-8.803746338207385264e-05
6.472490385145180208e-07,-1.592918994985632972e-05
5.308705535187818284e-07,-1.619450348859756953e-05
6.357760811782367665e-06,-3.012289968380786853e-05
-4.865033297991955186e-06,-3.526512209715562337e-05
7.564492783387215956e-06,-2.344369927771471827e-05
2.288848216564928622e-06,-2.893607566808512518e-05
-3.796652657471296335e-07,-6.142607358672483249e-06
-1.266159153133117370e-06,-8.968839226035017393e-06
1.448561447327798154e-06,-1.658348375976552612e-05
7.171643458040617313e-07,-1.631164502811258094e-05
2.209166077254504640e-06,-1.688852179812445523e-05
3.075813264402826946e-06,-5.728946654812294291e-05
3.940268230545800446e-06,-7.644980885229453601e-05
8.803586279473030388e-06,-2.280461831435761424e-05
-1.049050152262486149e-07,-2.198914629299571252e-06
8.371679337057930465e-09,-2.116197575679676973e-06
-5.524999954126025857e-08,-1.759773901641623385e-06
1.970296572379313080e-08,-1.679694991256907555e-06
-6.316601167818643004e-08,-1.385744230402312127e-06
9.267905397139619660e-09,-1.302575194935593674e-06
8.168474361500564945e-08,-1.621904180314764015e-06
-1.976326327922805742e-07,-2.940030213902789342e-06
-1.427271196187624381e-08,-2.792648301931763705e-06
-9.786895037791521582e-08,-2.278610008956048598e-06
1.835095406237873413e-08,-2.144473582854616071e-06
-9.498223029783790413e-08,-1.741201702069561715e-06
9.901488758601290272e-09,-1.610682761426834226e-06
1.080052853423596743e-07,-2.098112574632699259e-06
6.207158442033061671e-06,-2.517883213108858525e-05
4.322155813294790763e-06,-2.328199184402226731e-05
7.628377416411723992e-06,-2.314957478902956924e-05
4.679481257511717728e-07,-1.175722146796346295e-04
1.274952118547925945e-06,-1.169746072269508186e-04
2.506425241536477449e-06,-1.150291872975819300e-04
-1.145790038368118795e-06,-6.783351311769511030e-06
-5.173075513842357193e-07,-5.790094809660020741e-06
-2.242343009063013914e-06,-9.046800977731516270e-06
-1.456016266776453972e-06,-7.931652334815103092e-06
7.533888804718829880e-06,-3.644376667074458639e-05
-3.491247215708730665e-07,-2.779600503336765663e-05
-5.674752634919221319e-07,-1.427229986911327962e-05
6.701140137603638828e-08,-1.122352317542895621e-05
1.312984265550927464e-05,-3.048684876999153533e-05
-1.077049527427695791e-07,-1.042245495446170498e-06
-1.626469597490234240e-07,-1.329095888655840058e-06
-6.428309521853303907e-08,-1.053626780025515714e-06
6.977920068940575540e-09,-9.446859204796174713e-07
-8.716498713963666938e-08,-1.285233113357381138e-06
8.499774004346914290e-09,-1.134986616719647326e-06
-6.010756170843790024e-07,-9.547326323400029028e-06
1.010745814769778120e-06,-5.999416435906382967e-06
9.386563612946665811e-06,-2.344843523896222431e-05
1.085016754938851688e-05,-2.392581486152782787e-05
9.336495420805818231e-06,-2.283430508577340184e-05
-1.728559049212354872e-07,-7.934545326258264899e-06
-6.986014934660335951e-07,-6.615952624046651970e-06
-2.071028107177906299e-06,-1.250565290045856437e-05
-2.267362093608112181e-06,-1.011221543524749426e-05
1.281114239141657988e-06,-7.631617477134863077e-05
5.923932110153849935e-06,-7.856523594282628880e-05
6.501599102867596429e-06,-8.489021575707614091e-05
1.035271678507249946e-05,-8.056323401579111435e-05
1.077053609317488097e-05,-8.624608112668993409e-05
1.004253890053603555e-05,-7.473593250422633802e-05
1.440155539156263990e-05,-7.638554392007549179e-05
1.366098234122140631e-05,-7.085032973601296323e-05
7.204974254418532150e-06,-9.026326849187991941e-05
1.123669880231457112e-05,-9.136512420897091168e-05
5.537499594073480886e-06,-7.137147334837684370e-05
1.260715035464038177e-07,-6.310493678888860574e-05
-6.392745010503635219e-08,-1.366989754287875174e-05
1.328499144276797804e-06,-1.654201768483041878e-05
3.734483068406461444e-06,-2.094723094661032385e-05
8.054008247674991497e-06,-9.530489321917315348e-05
5.893757454805789476e-06,-9.895892884134138939e-05
9.108033000362181271e-06,-9.862308072488908833e-05
6.515040983602747372e-06,-1.022154657033405790e-04
-6.998869140644385920e-07,-4.576139049587433561e-05
1.414671833198350321e-06,-1.138171054939267433e-04
3.166734969278671941e-06,-1.123319047669212473e-04
3.537484317307355413e-06,-1.100589564855139160e-04
1.493235962125125911e-05,-8.765545403168385904e-05
1.224165610366623942e-05,-9.526663488609274670e-05
6.897397739127864467e-06,-5.745524667741936758e-05
-8.711558625894827308e-08,-8.507365369645709853e-07
-6.965424150911791142e-08,-7.170800282744149135e-07
-9.275206957792272614e-08,-4.021945653137898863e-07
-1.133493401807921091e-07,-4.698269169967917624e-07
-2.448056953332057168e-06,-2.303210107517532129e-05
-7.723781571487337675e-07,-7.996796219885020021e-06
-5.399062752609683189e-07,-1.218313670734688597e-05
1.447137181578218579e-05,-4.752632439401989798e-05
1.634418086248795490e-05,-4.273245568192451618e-05
1.372516194737536565e-05,-3.787134370707094630e-05
1.030252278729350095e-05,-3.707473580618398550e-05
2.610562823680990741e-06,-1.074667580401695389e-04
5.508551262087241530e-06,-1.055204435875964299e-04
5.186746506433074994e-06,-1.076601783953254446e-04
8.914316077184397501e-06,-1.037013159112956873e-04
7.718721502488984249e-06,-1.061485233701771672e-04
7.018001234834554041e-06,-1.081576790630591487e-04
3.466175467531868929e-06,-1.839759375966145032e-05
2.988562468069861028e-06,-4.922783699251035620e-05
-4.316299831513663748e-07,-5.520333165486602885e-06
-1.475305190135432802e-06,-8.276225969444628058e-06
1.533268215999568336e-06,-1.085749329114339706e-04
-1.402201407538120896e-06,-1.042217550585367147e-05
-1.975272569163529326e-06,-2.864300472952252926e-05
-3.667008574938607982e-06,-3.609264315439693349e-05
1.789328668703662141e-05,-7.220741544285325011e-05
1.852809510593382633e-06,-1.698481630455920126e-05
-2.539399115349454090e-06,-1.744423198315936784e-05
1.456739381146941355e-06,-5.481315348492353699e-06
9.111376639580376847e-08,-1.217801722175242764e-06
6.910444900909845283e-08,-1.001455836832689455e-06
4.952076044034229779e-06,-1.112221616924385860e-04
-1.587494937630276156e-06,-7.111485845395013451e-05
-4.822359176870378783e-06,-1.027629915348889333e-04
5.886793338821460479e-06,-2.280184887165775400e-05
2.451997150332829339e-06,-8.954514485332148717e-05
-3.770903756850607337e-08,-1.593642222633266409e-05
8.852726149869905486e-08,-2.020095585488608748e-06
1.004972085729665996e-07,-2.704417637087534314e-06
1.296494359034744878e-05,-6.469203652146905952e-05
1.773416214190922651e-05,-6.331102040342980440e-05
1.955804563272914726e-05,-5.850241154648282924e-05
1.704668893263775045e-05,-5.329617438596007150e-05
4.774729643715122027e-07,-1.008489698386421963e-05
-4.955866596750329115e-07,-7.633538858409349829e-05
-3.315355946518324151e-06,-1.218153074913470938e-04
-4.192422195108022983e-06,-1.166143446275040433e-04
6.819479965348139596e-06,-5.450673113537515282e-05
-3.517157390118471731e-06,-5.221800061980563958e-05
2.066417688486521406e-07,-1.302576237820280347e-04
-1.894404817256680655e-06,-1.300294008763102401e-04
-1.361315068488042192e-06,-7.482254084720442065e-05
-2.587115063547699424e-06,-6.633727449897369375e-05
4.145619229001293356e-06,-5.480595667104376972e-05
3.759984131390779212e-06,-4.247728360460045668e-05
-2.400116072718552203e-07,-1.425447732397869031e-05
1.949425763285093555e-05,-4.073784399986213204e-05
1.688554650338547217e-05,-3.286915067922386555e-05
2.036395852511453704e-05,-4.540633023007192398e-05
4.097077024810341811e-06,-1.819525226896694079e-05
2.926468061624538918e-06,-1.757248854379721761e-05
7.647290908828274642e-06,-2.322533953812036281e-05
5.677751723066407786e-06,-2.008625664380904588e-05
2.359623453264939976e-07,-1.873232114551293958e-05
-5.420844017104777076e-07,-1.092141101773707854e-05
-1.462308251930230407e-07,-9.347481094261876435e-06
2.523615814105313986e-06,-1.712802356815485975e-05
7.877875646067630875e-06,-2.334372094916894186e-05
5.809237606898394109e-06,-2.569864459943183900e-05
1.588124933265077065e-06,-1.611696761584003218e-05
4.367606749570441258e-06,-2.995804341368431281e-05
1.969334571116819479e-05,-7.758440957421453119e-05
1.040223771108373197e-05,-3.968695143041370093e-05
9.381384986073528431e-06,-3.152326585424716191e-05
6.563761315787449380e-06,-3.002036248383445973e-05
-4.588236953683108429e-06,-2.200499853267673145e-05
-6.826701110764250095e-06,-4.924927195088098594e-05
-5.883350324043852671e-06,-2.957250637695009021e-05
-4.475648133380355045e-06,-1.006511639145614275e-05
-2.373764296453150042e-06,-6.897921400694223306e-06
-1.891414183456791634e-06,-1.212041625670100418e-05
9.556569128842823131e-06,-1.066718779873951307e-04
1.229562921509996032e-05,-1.020025862936818742e-04
6.821423007182933442e-06,-6.028905518082320654e-05
-9.208654249932997451e-07,-1.555147059818396747e-05
6.541020177136932574e-06,-4.418985261644515166e-05
6.473268078429512578e-06,-2.638805341392146101e-05
-6.611496162286613063e-07,-1.552165452636244665e-05
-5.252833676581432109e-07,-1.336301587780820887e-05
7.950013957940922132e-07,-2.575025743318390677e-05
6.507468036052128571e-06,-2.118451337525258281e-05
3.944369642003957418e-07,-2.463653406282195361e-05
3.753045575523103139e-06,-1.151538035405550987e-04
6.079666762905080034e-06,-1.118975719519543202e-04
1.278910812484169019e-05,-2.545787671154011366e-05
1.555282181093508171e-05,-2.980280936638939694e-05
9.385208396153062150e-06,-4.877329361308974212e-05
5.034647032360135938e-06,-1.941782605088691389e-05
1.180977344194344276e-06,-1.788934068931561007e-05
3.576458261890575605e-06,-2.002611919862541776e-05
-6.236634945398616200e-07,-1.359909329200254086e-05
4.302762003646705457e-06,-3.624855294092924562e-05
4.756439374841414365e-06,-9.695032396094975307e-05
-1.813148195793941845e-06,-1.461347037867513338e-05
1.637375291854465059e-06,-1.420664629646329809e-05
1.780667729998089511e-06,-1.664405824825563685e-05
-2.442986178797082349e-06,-1.333144671396244659e-05
1.465123203780715005e-05,-8.195350900092825857e-05
1.214232178964885089e-06,-3.998502819779882971e-05
7.104113950269156346e-08,-3.354676796878935852e-07
8.488953419469042183e-08,-3.877879097081534174e-07
-2.305578399513704405e-06,-1.664606345331783222e-05
4.752347315740869241e-06,-5.201313766911091162e-05
1.503419153432618898e-05,-3.475059595025053089e-05
4.029723241144070629e-06,-6.410699225808952221e-05
9.947805083083134360e-06,-6.906310844536542564e-05
-8.346203228346846315e-07,-1.948949511389651902e-05
2.169082030780121947e-06,-3.002676080545862793e-05
-1.752460818374834644e-06,-6.249909018145805257e-06
-1.337408889378613619e-06,-4.653208226914077893e-06
6.983945124266164811e-06,-2.473975635641182947e-05
-9.443493067641276184e-07,-3.369451421583644193e-06
4.233641161321261095e-06,-1.131007784648115994e-04
-2.140357087726287293e-06,-6.011576277469150278e-05
-4.841436020115161477e-06,-8.090781288569380537e-05
1.127424100656705137e-07,-1.868472281000033793e-06
7.641215243014161303e-08,-2.836451125506050010e-06
1.056975341104854175e-07,-2.686002322941887875e-06
2.466674290325718915e-09,-4.019419049153905006e-06
7.243383145528113317e-06,-3.318810392046481162e-05
-7.041010377106302701e-07,-1.497593112411049278e-05
-3.782850506594821957e-07,-2.407149619545431937e-06
-1.914945846774228663e-07,-1.746238996802788932e-06
6.086896158594623849e-06,-8.043403160282748792e-05
1.009400717961662954e-06,-3.283317040494783152e-05
5.419008359467370393e-06,-2.559213810602111410e-05
6.484623181273092792e-07,-2.832736415037310172e-06
-1.583621870249649087e-06,-1.792667299237130462e-05
1.314489687782859656e-06,-3.529975117384848920e-06
-2.394841385087286233e-07,-4.472028358647944076e-06
-1.755923911189263281e-07,-1.722150488599918550e-05
-2.151455022641245199e-06,-5.362672151202229254e-05
-4.530179093725643514e-06,-7.081923153746060538e-05
8.762376722733176688e-06,-5.493803063468808616e-05
3.665521566917221041e-06,-2.143857636482169422e-05
-8.371393914716973273e-08,-3.895887158131802503e-07
-7.011130923436076260e-08,-3.358541668967438858e-07
-2.766792606442197248e-07,-1.901769058371308472e-06
-1.524826969395592649e-07,-1.395837202617991531e-06
-1.181533721054028279e-06,-1.500256071052357238e-05
-2.367087226600536829e-06,-4.609645654752482914e-05
-4.647706185066638071e-06,-5.991917164765301398e-05
-8.607749296322078265e-08,-7.754730143118356787e-07
-1.215686902510754237e-07,-9.586454326342087966e-07
1.045696199390456733e-05,-1.008025314165472838e-04
8.827993166905621366e-06,-1.082045497088022503e-04
-2.279239160895143032e-06,-3.745695390025049803e-05
-1.346701569836226113e-06,-1.319288165998234137e-05
-4.287652391638945149e-06,-4.786470784728973559e-05
3.974601989851588652e-06,-1.111311586866213963e-04
1.797853804058139604e-06,-4.823592543240988435e-05
3.388132255331306369e-06,-5.622841042468732311e-05
2.731051492880963604e-06,-1.213195017017857963e-04
1.761754906309019766e-06,-5.627340716933768310e-05
1.530616263779171151e-05,-9.575117626616674090e-05
5.052262166608576312e-06,-2.042542030781400650e-05
1.490107378427210555e-07,-1.511487752502016405e-06
1.076494805772629665e-07,-1.149197313468630548e-06
1.535117436136349502e-06,-6.343922583984659344e-05
1.419628193422684287e-06,-1.280588759646313014e-04
3.961417378740335625e-06,-2.477384062006999398e-05
4.136917662640422187e-06,-3.106094982496515730e-05
4.287235553062992056e-07,-9.045955346194340584e-06
1.007363611883924182e-07,-1.627403041104835992e-06
7.438750015779977991e-08,-1.299155672374345488e-06
9.443273049387212466e-08,-1.313410530967537614e-04
1.166092324594300174e-06,-6.933197902697138114e-05
8.150368943283587929e-06,-2.516135525644187728e-05
-1.422166699522997872e-06,-6.877178730245717180e-06
-1.511867075509620948e-06,-1.949768315633448399e-05
-2.828637435996365560e-06,-2.439489302459936485e-05
6.611038281970920994e-07,-7.361099746965488232e-05
-1.211935638782098440e-06,-1.312506728724023466e-04
1.016894911546410574e-07,-6.501007690695429550e-07
7.855932802977321560e-08,-5.457209695523747093e-07
6.907284270401263363e-08,-7.599368938713525702e-05
-2.370953464367873613e-06,-1.279067823262670055e-04
-1.064851983766612916e-07,-7.052578946132237620e-06
2.788805618624991236e-07,-5.188295810998186604e-06
4.164823161524799564e-06,-1.095101273499556746e-05
4.143363150862175730e-06,-1.405156922772802623e-05
2.713783666280624241e-07,-7.581513218980106194e-05
1.999382282530550700e-06,-1.182797739281605956e-04
3.212242052850055586e-06,-4.403128555596393784e-05
1.284280404601869291e-05,-2.764901031993009697e-05
-4.164614134619514532e-06,-1.131496667518722571e-04
-1.070973091202859630e-06,-7.465886887933657835e-05
1.665142060280702538e-06,-6.916334563850597725e-05
2.805345579279585155e-06,-9.818065733636780401e-05
9.480533356107315305e-08,-8.184599975701989959e-07
7.597578432677664433e-08,-6.919030008997626260e-07
-1.959565479935813093e-06,-6.607025609577302900e-05
-5.061147682540484612e-06,-9.156065162651991175e-05
8.802156116704896722e-08,-8.956752581842914873e-07
1.236264684335502158e-07,-1.135630881668049041e-06
-2.289873766129732207e-06,-1.759366401628106302e-05
2.914858060834185727e-06,-1.720676587319626720e-05
9.048522493488159508e-06,-2.321273894320002940e-05
1.666580526163372473e-06,-1.022715235315679379e-05
-1.539790025530424351e-07,-4.099888807509126167e-06
-5.803217956481436266e-07,-5.889593646914123400e-06
1.016975239137732248e-06,-1.170973862671676456e-04
-1.798395995409036433e-06,-1.509991926962795588e-05
7.526102442911027131e-06,-4.583205863906735428e-05
1.183820705056483668e-05,-2.431390672316998869e-05
2.771555080945752484e-06,-2.482708814041484585e-05
7.039988979915267677e-06,-5.755939636100514963e-05
-2.539182235604521031e-05,-9.030153037008000903e-05
1.847803634695214918e-05,-8.729049510634430908e-05
-1.195948056218633795e-05,-3.544530298736067514e-05
-9.661305847462418867e-07,-6.997163666329262691e-06
-2.604942586182560312e-07,-4.793147596967804782e-06
-1.139749432154364584e-06,-1.713011737227843458e-05
-3.189814744051907189e-07,-5.217971876833753906e-06
-5.409085520425738406e-08,-3.630003374717976185e-06
7.757837249280603794e-06,-2.328215887859158618e-05
1.472115538798035999e-06,-2.589842840119240786e-05
4.916135137979980819e-06,-2.051182754279408409e-05
-9.632162226536275043e-07,-7.149646935441124403e-06
-1.720970573557678232e-06,-9.926618069284433844e-06
1.199573091864097091e-06,-1.645083315068090552e-05
-1.711960547443566178e-06,-8.848026932305439764e-06
7.042349708114480532e-06,-5.008457120719362932e-05
2.177684790984353011e-05,-6.249031586482253113e-05
1.937963549604333583e-06,-2.012316925614774304e-05
5.325542786718361941e-06,-1.094504392886957149e-04
-1.230536896595231568e-06,-1.508399591938572699e-05
-2.855686868548826021e-05,-9.369588450896666992e-05
4.385115216138878554e-06,-2.866637130045067506e-05
2.680421780310719652e-06,-1.016350073152982815e-04
1.316102518519054859e-05,-7.599318348082949055e-05
1.006163587128429617e-05,-5.674679768511879993e-05
2.156585702851520359e-05,-5.485584373170729913e-05
7.065972005873743042e-06,-5.758943343871469585e-05
-2.901128815471027903e-06,-1.110447731336225346e-05
3.559117464361681985e-06,-1.146616198067524229e-04
-4.085604126322530388e-07,-5.741115304085909899e-06
-1.453322358503287413e-06,-8.467345862811161041e-06
6.676774194490554848e-07,-1.504867970152968821e-05
-1.247111619770980186e-07,-1.601270230155384499e-05
6.130778176702621722e-06,-3.334460862442276938e-05
-4.655775928014728622e-07,-1.238614303357803648e-06
-1.981931279671482081e-06,-1.480269284956544485e-05
1.713774944229800719e-05,-6.822674510170384054e-05
-1.461258820676699285e-06,-4.295724305400631953e-06
-8.218862504546556402e-07,-3.347708444235638079e-06
-2.125868708773549281e-06,-1.154960959507092175e-05
1.780769149442809431e-05,-4.779973548836395896e-05
1.111765660096747382e-05,-5.637487281946627150e-05
8.105788263734728002e-09,-3.512864794409566527e-06
5.336725221155293550e-08,-2.548667488746835790e-06
6.877567476748840268e-08,-1.708283137396296691e-07
8.043229695284163313e-08,-1.948375635598389260e-07
-9.623473369055456219e-07,-7.348987209714552698e-06
-1.624002000531313684e-07,-5.211932883947976385e-06
7.208632496288330901e-06,-5.631036661001069489e-05
6.877072000130049045e-06,-2.185041666914529522e-05
7.003572422189738209e-06,-2.782401643777547066e-05
-7.368177612153703101e-08,-1.861387492446092047e-07
-8.653967560313498988e-08,-2.136812377579054726e-07
2.491242167895740874e-06,-1.159885194524030630e-04
5.828217284956346752e-06,-5.135718922835607789e-05
1.190543623941777892e-05,-9.814884549979750392e-05
1.137490813460192168e-07,-1.609055983745853667e-05
1.024785842338423216e-05,-7.527923050030376222e-05
1.660078934349875368e-05,-3.830768639685992754e-05
-2.953741122128111270e-06,-5.064485157162075318e-06
-5.132156051670322281e-07,-1.560519348053797113e-05
2.546438629607368925e-06,-1.699905767842488317e-05
7.402530307236617590e-06,-2.364800819895686166e-05
6.180781085068804559e-07,-1.629416749406322235e-05
-1.141679583011574622e-05,-3.498475025489094419e-05
-2.003805434475108193e-06,-1.545197980868087055e-05
7.525135337990253436e-06,-2.455148402775964465e-05
-1.529461443875716426e-07,-2.133400468426357193e-06
-2.938161158582135793e-07,-2.897110487730079931e-06
7.684075084714740460e-07,-1.232026923448869609e-06
-3.207441998891393626e-07,-5.547704270400106896e-06
4.467268105389679639e-07,-3.634288445105679633e-06
-6.681543216980592427e-07,-1.048773322611528586e-06
2.179103273872518831e-05,-7.232804615115376995e-05
5.798466921717881826e-06,-3.555857383441223240e-05
6.940404346955729256e-06,-5.370075375634616164e-05
7.969859464857948706e-06,-4.258319385190792341e-05
4.635042222979886828e-07,-9.383735476907074650e-07
5.843886754342929002e-06,-2.732945152503213817e-05
7.173228626600594286e-06,-5.188824572989391370e-05
3.510111383713857309e-06,-1.085944208279868893e-04
1.671921332802736055e-07,-1.172191983712497147e-05
5.948083718084577381e-06,-5.682776527955989967e-05
1.081335021774837587e-06,-1.167943830900055799e-04
-8.663567897642678052e-07,-7.798291981225373415e-06
-2.563916064660700060e-06,-1.173788644410936577e-05
-2.052372642167966318e-06,-9.458138900206986260e-06
-7.292172680464286323e-07,-6.361844516142072763e-06
6.357369334329301253e-06,-3.990300214536202046e-05
-1.060976616261789954e-07,-1.421181603360530802e-06
-1.742336716691448528e-07,-1.857232716588180175e-06
1.267544678125388795e-05,-2.630776492390112347e-05
7.850926975155136410e-06,-2.766783777103184287e-05
1.119087701735736387e-06,-1.627627544465573288e-05
-8.000960679383065687e-07,-1.288913079561767504e-05
4.475998163070712228e-06,-1.935739215170043987e-05
3.134327411361663813e-06,-4.376484492304581796e-05
1.549501212876642996e-06,-2.682073332084058224e-05
