Size 979,2
0.000000000000000000e+00,0.000000000000000000e+00
0.000000000000000000e+00,0.000000000000000000e+00
0.000000000000000000e+00,0.000000000000000000e+00
0.000000000000000000e+00,0.000000000000000000e+00
0.000000000000000000e+00,0.000000000000000000e+00
0.000000000000000000e+00,0.000000000000000000e+00
0.000000000000000000e+00,0.000000000000000000e+00
0.000000000000000000e+00,0.000000000000000000e+00
0.000000000000000000e+00,0.000000000000000000e+00
0.000000000000000000e+00,0.000000000000000000e+00
0.000000000000000000e+00,0.000000000000000000e+00
-1.130208955149530513e-06,-1.549754470348689944e-05
-1.133425182464418740e-06,-1.536358268957139313e-05
0.000000000000000000e+00,0.000000000000000000e+00
0.000000000000000000e+00,0.000000000000000000e+00
0.000000000000000000e+00,-1.127790410597115514e-04
0.000000000000000000e+00,-1.140134153237992449e-04
-1.039904831123654570e-06,-1.075675407309991701e-04
-1.920725553602126853e-05,-7.764628658798462108e-05
0.000000000000000000e+00,0.000000000000000000e+00
-1.486465168091739112e-06,-8.360014854178167762e-06
-3.748494039673089290e-07,-1.077442948698678422e-05
-2.737942035337899430e-06,-1.354817152997722159e-05
-2.756414401324216711e-06,-1.660634641518262121e-05
-1.403269329181971257e-06,-1.221435126608033719e-05
-2.124287071868533120e-06,-1.568856897772341911e-05
2.779943098608143092e-07,-1.926639832951985214e-05
-1.892173951326678712e-06,-2.283834143269057907e-05
-1.996861762692540796e-06,-6.882426354928161813e-06
-2.049172590711131696e-06,-1.486198494356549643e-05
-1.037788591612066062e-06,-1.582043030437187456e-05
1.839294482917724630e-06,-5.029597500784457458e-05
2.245770032986962243e-06,-7.778636649023961514e-06
8.288763357285246084e-06,-5.415210131972100430e-05
-3.695764119162287503e-06,-8.934759386401596365e-06
8.295241518920883048e-06,-3.174275926259548556e-05
-1.009294725490098393e-05,-3.334210362842562441e-05
-3.571960247161626341e-06,-6.737485593580601968e-05
8.873018601027034149e-07,-1.261836836940322675e-05
1.100445711302038556e-05,-6.858948560888067944e-05
-1.101774068033832334e-06,-1.036798681107407985e-04
-3.198971856227116394e-06,-6.965910361931642008e-05
-1.730773874881242049e-05,-9.400560847313452716e-05
1.076193071052500208e-05,-7.695673067111550355e-05
8.826466042688430646e-06,-3.306383080836120626e-05
3.147848508941855693e-06,-5.331450234231920212e-05
-1.005100796557062744e-05,-4.027608709815988009e-05
7.405340639130538568e-06,-6.053113736749911696e-05
-5.131643275154610287e-06,-1.083204686092561723e-05
-8.161238052999093430e-06,-1.864553878707487668e-05
-1.055650722021842438e-05,-2.817913183727164546e-05
-1.207844925933194069e-05,-3.894992731387002211e-05
-1.276550082894646280e-05,-5.025413833349724193e-05
-1.272277917511554115e-05,-6.114069684338307347e-05
-1.258186449565450769e-05,-7.137689194598448100e-05
-1.269717188104003429e-05,-8.145419443355010787e-05
-1.269495671128385153e-05,-9.186827891138326925e-05
-1.175892697148321862e-05,-1.024135778344657110e-04
-9.963482807145091215e-06,-1.117087312017067354e-04
-7.480571480316210837e-06,-1.190984010200942921e-04
-4.435509316333641670e-06,-1.240410575229341974e-04
-9.628427484926807111e-07,-1.261462657764835795e-04
2.785723661121168942e-06,-1.251252192416063612e-04
6.677876438341994974e-06,-1.207987046309395249e-04
1.058317167807714323e-05,-1.131132722329759752e-04
1.439157686170879485e-05,-1.020947958055269336e-04
1.794404896527676898e-05,-8.762220828108337526e-05
2.078487056412139103e-05,-6.956829552699771190e-05
2.142155647388964971e-05,-4.873100564443394044e-05
1.826804438800314919e-05,-2.766351354958775558e-05
1.065514579629701926e-05,-1.072551559684763972e-05
0.000000000000000000e+00,0.000000000000000000e+00
0.000000000000000000e+00,0.000000000000000000e+00
0.000000000000000000e+00,0.000000000000000000e+00
0.000000000000000000e+00,0.000000000000000000e+00
0.000000000000000000e+00,0.000000000000000000e+00
0.000000000000000000e+00,0.000000000000000000e+00
0.000000000000000000e+00,0.000000000000000000e+00
0.000000000000000000e+00,0.000000000000000000e+00
0.000000000000000000e+00,0.000000000000000000e+00
0.000000000000000000e+00,0.000000000000000000e+00
0.000000000000000000e+00,0.000000000000000000e+00
0.000000000000000000e+00,0.000000000000000000e+00
0.000000000000000000e+00,0.000000000000000000e+00
0.000000000000000000e+00,0.000000000000000000e+00
0.000000000000000000e+00,0.000000000000000000e+00
0.000000000000000000e+00,0.000000000000000000e+00
0.000000000000000000e+00,0.000000000000000000e+00
0.000000000000000000e+00,0.000000000000000000e+00
0.000000000000000000e+00,0.000000000000000000e+00
0.000000000000000000e+00,0.000000000000000000e+00
-4.085768605098066357e-06,-8.507309536891027548e-06
-6.410332245203793831e-06,-1.533182923573099765e-05
-8.031476699405170971e-06,-2.343421013878257814e-05
-8.843072900270833317e-06,-3.221603248425646638e-05
-8.922602862218749148e-06,-4.104635435412038027e-05
-8.393114216829903460e-06,-4.922282568942990504e-05
-7.630709183870320017e-06,-5.648978562930964838e-05
-6.792205834548955852e-06,-6.292492219217719126e-05
-5.734205879765109535e-06,-6.855551962812019224e-05
-4.207907532730032907e-06,-7.310801176972820965e-05
-2.358257838677108067e-06,-7.597224293149463332e-05
-3.375900620836893506e-07,-7.696067295463020761e-05
1.727308262412724078e-06,-7.596293545776123624e-05
3.698982542732708125e-06,-7.301856905347191707e-05
5.430023582167047488e-06,-6.826503697670914083e-05
6.782426918963494137e-06,-6.195296429335177149e-05
7.610190595508585980e-06,-5.446327748830085471e-05
7.741743983601311144e-06,-4.654832440675241953e-05
7.477364374010093582e-06,-3.870870299408930154e-05
7.083852459237904106e-06,-3.102480420122272491e-05
6.458933472120348541e-06,-2.338222276711977431e-05
5.183427710192269000e-06,-1.596781818104907669e-05
3.245729698733739383e-06,-9.326391233202393482e-06
0.000000000000000000e+00,0.000000000000000000e+00
0.000000000000000000e+00,0.000000000000000000e+00
0.000000000000000000e+00,0.000000000000000000e+00
0.000000000000000000e+00,0.000000000000000000e+00
0.000000000000000000e+00,0.000000000000000000e+00
0.000000000000000000e+00,0.000000000000000000e+00
0.000000000000000000e+00,0.000000000000000000e+00
0.000000000000000000e+00,0.000000000000000000e+00
0.000000000000000000e+00,0.000000000000000000e+00
0.000000000000000000e+00,0.000000000000000000e+00
0.000000000000000000e+00,0.000000000000000000e+00
0.000000000000000000e+00,0.000000000000000000e+00
0.000000000000000000e+00,0.000000000000000000e+00
0.000000000000000000e+00,0.000000000000000000e+00
0.000000000000000000e+00,0.000000000000000000e+00
0.000000000000000000e+00,0.000000000000000000e+00
0.000000000000000000e+00,0.000000000000000000e+00
0.000000000000000000e+00,0.000000000000000000e+00
0.000000000000000000e+00,0.000000000000000000e+00
0.000000000000000000e+00,0.000000000000000000e+00
-2.176863878617719434e-06,-2.226592024163616555e-06
-3.223916523242495440e-06,-5.189632992897553881e-06
-3.555221465598017233e-06,-8.494081680767557701e-06
-3.311221718248848498e-06,-1.153400478292623032e-05
-2.625626931846258201e-06,-1.389260527968016742e-05
-1.636538718670301823e-06,-1.521726761927145494e-05
-5.747648721466418751e-07,-1.536760804330969949e-05
4.286848077807926066e-07,-1.436391955569710697e-05
1.178168572962138930e-06,-1.231514227970649133e-05
1.450285781610970047e-06,-9.514495930730490085e-06
1.225883782784436177e-06,-6.274073767670240248e-06
0.000000000000000000e+00,0.000000000000000000e+00
0.000000000000000000e+00,0.000000000000000000e+00
2.607090318386980789e-07,-1.482488885838227037e-05
1.426564604349240957e-06,-1.319375742800871252e-05
2.277815403673982526e-06,-1.075578975298369376e-05
2.689653959859820830e-06,-7.795524254088697313e-06
2.570898374857036463e-06,-4.713384262133880683e-06
1.788296751158372992e-06,-1.995172192885015918e-06
-1.185697599004135647e-06,-1.559084977401405250e-05
-1.595795603109541974e-06,-1.570932090107732225e-05
-1.928692840219912755e-06,-1.573193360746471248e-05
-2.116559978309911218e-06,-1.565520158177691065e-05
-2.071341376229872175e-06,-1.553432026904076708e-05
-1.727146140802081998e-06,-1.372135401513446244e-05
-2.252773123192972179e-06,-1.105477463282257392e-05
-2.490421905775606111e-06,-7.026473621554153841e-06
-1.932997474569728660e-06,-2.731420363307379869e-06
0.000000000000000000e+00,0.000000000000000000e+00
0.000000000000000000e+00,0.000000000000000000e+00
1.970320308865858237e-06,-1.124072853316048973e-04
3.798343643618847926e-06,-1.114972814898218284e-04
5.462358142404002093e-06,-1.101147495635989302e-04
6.903694266964858430e-06,-1.084166083130407411e-04
8.177434012046711298e-06,-1.065718607981232176e-04
9.373148410371506264e-06,-1.046298980229992285e-04
1.066263871348635057e-05,-1.026627184703939516e-04
1.205706154040074227e-05,-1.005069261701207155e-04
1.356720345658154077e-05,-9.804789757897093832e-05
1.515616952613517167e-05,-9.520323040089522437e-05
1.675032096348221954e-05,-9.192669278039361275e-05
1.826719086488556881e-05,-8.823159960080062666e-05
1.961897862540206661e-05,-8.417484180870566659e-05
2.084266326247495284e-05,-7.979954626332882788e-05
2.183638754744114205e-05,-7.522355517471459880e-05
2.263037204739055432e-05,-7.046503688722952823e-05
2.319376153445962737e-05,-6.552909098000264090e-05
2.348005573001371856e-05,-6.058697170494574717e-05
2.342429015972510923e-05,-5.559391286113617045e-05
2.309077487082626345e-05,-5.069352330475496800e-05
2.240074404370720929e-05,-4.605010131149761744e-05
2.137382631358442762e-05,-4.172131397720218424e-05
2.008417148237805073e-05,-3.785241056395725797e-05
1.858733907096679616e-05,-3.451538448233177958e-05
1.699891173494014177e-05,-3.170592734717432039e-05
1.534254165342647714e-05,-2.936071664254668012e-05
1.362061118958705431e-05,-2.750560652490849882e-05
1.192471806847685101e-05,-2.613294278498241708e-05
1.017444511722439980e-05,-2.525007346937888301e-05
8.534270081536592795e-06,-2.486791038488125809e-05
6.888257852066710380e-06,-2.502033253556184875e-05
5.412328298553779757e-06,-2.565271017780637114e-05
4.042870731849118867e-06,-2.674301228595963835e-05
2.863049261179066389e-06,-2.833905967005991307e-05
1.928720416144401967e-06,-3.041102343233634001e-05
1.102881805176809257e-06,-3.289304325856205464e-05
4.322203202109259057e-07,-3.585799316676239866e-05
3.733538781725388677e-08,-3.928824713796455324e-05
-3.544880435657934991e-08,-4.312630407244123754e-05
3.245921176470801527e-07,-4.712287212816086132e-05
1.127621661404980135e-06,-5.091571295279208911e-05
2.400938885155647899e-06,-5.412782825467224321e-05
3.903186137477890234e-06,-5.641103121296409725e-05
5.816128020393196604e-06,-5.754820375659428460e-05
7.705961295604722540e-06,-5.737529613884423304e-05
9.441061421408520433e-06,-5.593818278676064749e-05
1.094131738689607100e-05,-5.351425882642355349e-05
1.218114331049386756e-05,-5.024249905377786035e-05
1.302825147703465075e-05,-4.631536496963261322e-05
1.337803472265327673e-05,-4.196702680156195976e-05
1.316761717405161541e-05,-3.762759051678068767e-05
1.256353836985494405e-05,-3.365048033594891775e-05
1.162592944311566840e-05,-3.010168483961626548e-05
1.054327849669225403e-05,-2.711210109985928598e-05
9.357214196282041005e-06,-2.462372658001733421e-05
8.145144977339043729e-06,-2.262444673024106522e-05
7.013571508811314892e-06,-2.102827530133528951e-05
5.947716970417924545e-06,-1.977921100897840563e-05
4.986500140902327796e-06,-1.882887931708398976e-05
4.137058948895841008e-06,-1.812819887432212776e-05
3.397771657729715807e-06,-1.762524511801756303e-05
2.785235821096018655e-06,-1.727350759724537635e-05
2.321044121258475231e-06,-1.705132378551021019e-05
2.015641991093298758e-06,-1.686898811796559529e-05
1.890883209283740945e-06,-1.666429446606013584e-05
1.967005885760018137e-06,-1.633802051602857507e-05
2.221636755534676910e-06,-1.577469526831650330e-05
2.632479091713869902e-06,-1.479021789382928747e-05
3.103532410452574420e-06,-1.328090526163711415e-05
3.500204395623635972e-06,-1.114697651682942070e-05
3.654743854795310547e-06,-8.399693586853930808e-06
3.322953955350698891e-06,-5.353447381745432291e-06
2.276499593874203477e-06,-2.431732405742274950e-06
0.000000000000000000e+00,-1.131990594343276697e-04
0.000000000000000000e+00,-1.136670316987150041e-04
-4.777747311473410953e-07,-1.133339926606982088e-04
-9.125234340158298123e-07,-1.114000146495083696e-04
-2.552895355561604965e-05,-8.552249711458370836e-05
-2.660260590853162402e-05,-9.349239398958204003e-05
-2.097186372108068996e-05,-9.832722204967849888e-05
-1.381491210909848055e-05,-1.023601439605532247e-04
-6.359693212887687787e-06,-1.056061416672727935e-04
-9.809173962245752449e-06,-8.846102886768328745e-06
-1.636616325607902374e-05,-2.153719678332414013e-05
-2.007145979156069553e-05,-3.834678927499365778e-05
-2.113797161332512951e-05,-5.708197364561654849e-05
0.000000000000000000e+00,0.000000000000000000e+00
-5.029912531362340514e-07,-6.124495697127621115e-06
-1.174425596712214340e-06,-8.938733742000653346e-06
-3.171802064627037033e-06,-6.358483144058829013e-06
-3.855700940793434196e-06,-8.303497409278259235e-06
-3.771335325866078829e-06,-1.083969318194662909e-05
-3.142264338337055573e-06,-1.309731586139860416e-05
-2.717729113777412222e-06,-9.942195423855221522e-06
-3.360817857210609186e-06,-1.227463407292952899e-05
-2.784296651292183584e-06,-1.373885090798423511e-05
-2.102748831134308509e-06,-1.473713404839763597e-05
-1.444902084063823791e-06,-1.535495450340792532e-05
-1.034892481190296934e-06,-1.571083466180390949e-05
-1.838969290164230240e-06,-1.521808054551801833e-05
-2.061680460583797498e-06,-1.563648392452031269e-05
-1.964108151298471533e-06,-1.587877029102879682e-05
-1.723630565502998572e-06,-1.599167289744524961e-05
-1.397892366983597779e-06,-1.597311166976163793e-05
-2.812206700334286530e-07,-4.363958598475929868e-05
-1.530053212136216527e-06,-3.789551606367616300e-05
-2.236484094354920570e-06,-3.270266145134329602e-05
-2.644384629623269794e-06,-2.814759987179856290e-05
-2.637011161713507153e-06,-2.386503279679240118e-05
-2.331084002924179647e-06,-1.965435193916744704e-05
-8.282720541849709564e-07,-1.559564605529810150e-05
5.866429575769209137e-07,-1.145212440566715398e-05
1.072708852970166385e-06,-5.276368467214200301e-05
2.547420878414738762e-06,-5.462915823788670326e-05
5.296230424994419686e-06,-5.593235325418901546e-05
8.381035963001119782e-06,-5.671333008603180831e-05
1.076153525605714783e-05,-5.693869261461492867e-05
1.080743936656607035e-05,-5.583012390256613717e-05
9.601522016200655037e-06,-4.650011097245414530e-05
1.035226146657303108e-05,-3.839051959530846009e-05
1.050327198463087342e-05,-2.997987404941427882e-05
9.950255207074268783e-06,-2.172152518505980951e-05
8.479129893687948057e-06,-1.437761892117155267e-05
5.781114692550354519e-06,-8.673234585636651792e-06
-2.791513247497742143e-06,-1.263081310882961536e-05
-1.393842591777437459e-06,-1.596841371417062193e-05
1.340807779893108883e-06,-1.866356792398147414e-05
3.752870419493439519e-06,-2.126513645240656777e-05
6.057786048150345854e-06,-2.383600522966533035e-05
7.788229727986514049e-06,-2.705330110049659000e-05
-6.482752434163522291e-06,-9.155964598410803139e-06
-8.653968859864205135e-06,-1.342819570713025272e-05
-9.839873157816771368e-06,-1.944598811175904867e-05
-1.028774039744922021e-05,-2.609223067463500612e-05
-1.244615351597743747e-05,-3.593244390797352482e-05
-1.024180213366389928e-05,-3.756688594646636183e-05
-4.929084621598726897e-06,-3.742035921907696695e-05
1.133226870341193624e-06,-3.641169493800496947e-05
6.099114943385560367e-06,-3.453091807326067337e-05
-5.001224269663176313e-06,-5.838117838312925406e-05
-5.091653731600380206e-06,-5.074786687771052506e-05
-4.729162607515178102e-06,-4.352659628546384551e-05
-3.910921604629275307e-06,-3.620662538870989927e-05
-2.810767739186554579e-06,-2.847524512090980053e-05
-1.764897638456180330e-06,-2.029349351778128187e-05
2.839965285675875205e-07,-7.122215357709780624e-05
7.195927199875615319e-06,-7.308414067841248897e-05
1.210954061592255642e-05,-7.227851040073937476e-05
1.215242362769250719e-05,-5.754759743482119508e-05
1.255933179524881212e-05,-4.677461312517599255e-05
1.226760772961775177e-05,-3.612376623562907026e-05
1.118313774119599678e-05,-2.606033906076523751e-05
9.017779613432271333e-06,-1.749352266938751361e-05
5.370892858948338760e-06,-1.135119697954618802e-05
-2.808286247709171295e-07,-1.038011502214323167e-04
-3.743260724164627367e-07,-1.015549174829613870e-04
-8.422171331233734818e-07,-9.822926130001738757e-05
-1.519209308708418852e-06,-9.391771770951268629e-05
-2.217676873271302352e-06,-8.883404305174196424e-05
-2.871592571130343133e-06,-8.302070763915827720e-05
-3.289090314032601664e-06,-7.665215252109197196e-05
-7.864430851441695319e-06,-9.947357237121563745e-05
-1.532817095179308904e-05,-9.591690133864255177e-05
-2.239657924531618892e-05,-9.291962529996868731e-05
-2.728561489889486718e-05,-9.070669071816488311e-05
-2.689334542632700883e-05,-9.165293428725825866e-05
1.174018342952297739e-05,-7.127114149976355539e-05
5.759537722747946945e-06,-6.826686898021353781e-05
-1.500733819991772086e-06,-6.784099794815747484e-05
-1.385110859491293876e-05,-1.067011076972667206e-04
-1.017879522860970608e-05,-1.163141694423729724e-04
-6.450807267155179325e-06,-1.226910435613655826e-04
-2.772235723386256338e-06,-1.258314555771278568e-04
7.054821411070651489e-07,-1.258416080680268016e-04
3.919684190653602349e-06,-1.229147442736171659e-04
6.722202473301504513e-06,-1.173300423552546692e-04
8.894264312236151775e-06,-1.095316326507334964e-04
1.041740888923573683e-05,-1.000257210651804839e-04
1.111942326180210737e-05,-8.930409133993568024e-05
9.494300346827985797e-06,-3.776067776617366719e-05
9.535609399556954361e-06,-4.298338216708669148e-05
9.167761745305268300e-06,-4.854389968229913885e-05
8.455772587816738159e-06,-5.354094842888248724e-05
7.478685600276365180e-06,-5.700872744994529991e-05
6.290387428960867057e-06,-5.807156247655319514e-05
4.819658449786055189e-06,-5.678468792581514599e-05
7.908827597873360887e-06,-3.194923012921948164e-05
3.557707988118668058e-06,-3.168549875693639180e-05
-2.860569520330368423e-06,-3.224154921242916848e-05
-9.289036636892821684e-06,-3.355149301121886302e-05
-1.232007498250889410e-05,-3.646201657190144816e-05
1.081602500027985918e-05,-5.777833102369204707e-05
1.051425383358153046e-05,-5.547911647686256721e-05
7.654871450389060609e-06,-5.429375835129426046e-05
4.401357634922247951e-06,-5.343694521998581311e-05
1.707979083693933470e-06,-5.294434794774341218e-05
6.711702409888519559e-07,-5.285596162175469929e-05
-1.007207106660981413e-05,-4.929273422578388562e-05
-9.327503757839679881e-06,-5.722540898912122445e-05
-8.045478113518514607e-06,-6.420945752748191909e-05
-6.332939633180252900e-06,-6.991532369690621766e-05
-4.321806357798021866e-06,-7.403964765078925418e-05
-2.098106333272988843e-06,-7.637359255558636730e-05
2.103062369904647815e-07,-7.679594072646562413e-05
2.399721376687103081e-06,-7.533050783808779719e-05
4.438215615466928310e-06,-7.208610836953358947e-05
6.134292052272439934e-06,-6.721945831022743732e-05
1.669417468093788298e-05,-3.574329032479643681e-05
3.214428974025388915e-06,-1.764578042484408086e-05
8.948391873614082169e-06,-2.447299374880926027e-05
6.358416806125679523e-06,-2.162786769874996338e-05
1.289948345467124929e-05,-2.788603184510607787e-05
1.923481809891840845e-05,-4.807492359576534551e-05
-1.369179813660741701e-06,-3.727546248879089441e-05
-4.232306769246000712e-07,-3.263988661465516027e-06
-1.920869703502653441e-07,-2.368664367312928588e-06
1.927768669803152902e-05,-6.372084386792603724e-05
-1.398164102658910131e-06,-1.520616983728291065e-05
5.343567138719178385e-06,-2.201529706833235445e-05
-1.893005136752067338e-06,-2.415678116011401482e-05
-2.215144183986670195e-06,-1.627383829347046565e-05
-7.505861909936751784e-08,-3.844440192501363978e-06
3.927885327567187547e-08,-2.567810588948278032e-06
-5.985552320011175506e-07,-5.183957988722102858e-05
1.276672436031841191e-06,-2.236907425542611024e-05
1.756718720166398380e-05,-7.841399088117548776e-05
1.849709284632897573e-06,-1.685904635796794626e-05
8.107087851820855324e-06,-2.785719471649868701e-05
5.484265496495810246e-06,-2.581332847834979074e-05
1.705656373724372637e-07,-2.221448342140534463e-06
1.297583931682399199e-07,-1.625685605118417892e-06
1.067625361456713090e-07,-8.760253153024964185e-07
7.803639059596419923e-08,-7.143865805301070086e-07
1.855827622038893389e-07,-6.677890810106917115e-05
4.544964499191668068e-06,-1.902351055660839817e-05
1.522328855348334652e-05,-8.648790844917532861e-05
1.323482823729253527e-05,-9.406164479159403893e-05
1.040806917098129625e-05,-9.973808925564634398e-05
-1.298191958845718314e-07,-1.355811314278190360e-06
-2.169242343356852377e-07,-1.804627332966535628e-06
-8.465792181874914807e-08,-5.958104496141977518e-07
-1.103481979840568879e-07,-7.128163626209305629e-07
6.931758448375471390e-06,-1.056186675838683981e-04
1.490232167852246908e-06,-1.651564056053542103e-05
4.350475947099175903e-06,-2.922845681846084144e-05
4.888827623540077137e-06,-1.096058165228062421e-04
8.977558125860121151e-06,-3.569222878788318659e-05
1.475517800784517343e-06,-7.853019147638544222e-05
-6.420402989764237080e-07,-1.591820983581974632e-05
7.133407492855359953e-06,-2.706576315451562461e-05
4.380655243141461704e-07,-3.276970317850043737e-05
2.580505059713823821e-06,-9.081719115664935562e-05
-4.274923970815807457e-07,-5.243062315462361007e-06
-5.078108141315134923e-07,-5.690813984024073220e-06
-4.956336104240372048e-07,-4.497520761224550085e-06
-6.261616976309105899e-07,-6.076434204650988813e-06
-4.544172961303013550e-07,-4.928150342352213409e-06
-1.470059153142191395e-08,-3.884736397896227823e-06
-7.431244974174813975e-08,-4.065687833032011181e-06
-1.938180676832028525e-07,-3.216390746120411157e-06
-1.749869299369495819e-07,-4.264280537333285443e-06
-1.744289277913933444e-07,-3.505309061944466586e-06
1.247044914138004497e-06,-1.064543089347305612e-04
4.404871685214678463e-09,-4.921697683101211535e-07
5.485219719030801782e-09,-5.740723566423973324e-07
2.247595284024498021e-06,-9.977753425929970017e-05
-4.140974010613984845e-07,-3.996645681365758138e-06
-1.162119730899788971e-06,-6.252062063428308941e-06
1.001024486738465515e-05,-4.419805196946924791e-05
3.239584142018237194e-06,-3.379892042471066874e-05
1.450730753358534435e-06,-1.547593220368292916e-05
-3.600756495564429671e-07,-4.486237892464645163e-06
-9.804836539507869316e-07,-6.776303216343639198e-06
7.047184917867585645e-07,-1.124798188866930790e-04
-2.081741243356039778e-07,-5.016088637862649162e-06
-8.554098234520458680e-07,-7.233738018753918971e-06
-1.578113055445282896e-06,-8.976172044142751677e-06
-3.663024775741951943e-07,-5.828987793752325863e-06
-2.960845554210377519e-08,-3.416490795503202780e-06
-2.272876102610046313e-07,-4.992047891770112188e-06
9.021901857125550010e-06,-5.221268573366122070e-05
-3.777502914128431820e-06,-7.178278100998340265e-06
-2.126755095101875579e-06,-5.424189031738612948e-06
2.269161750334103431e-06,-1.123918229835122189e-04
8.765058547100900075e-08,-3.846611132588370878e-07
1.068834566488499401e-07,-4.468518685809037261e-07
-4.455388443965043534e-06,-1.320606549654643266e-05
-1.601188267334937494e-06,-1.422379215773399334e-05
-4.820576413167800558e-06,-2.964594869812963546e-05
-6.813817115349240394e-06,-6.715283971412920052e-05
-1.149365138218241076e-07,-1.063974482435859938e-06
2.228892518549709849e-07,-1.394846924588931141e-06
-4.776238154058805500e-06,-1.605133481077854760e-05
-2.244737976246149030e-06,-9.588403817826232512e-06
2.909422782664337148e-06,-4.177617788714400816e-05
1.560989790723158385e-06,-1.248812569813973562e-05
2.491184844357120571e-06,-8.747625331070168624e-06
2.714409913888079390e-06,-6.137896176374824602e-06
5.495397626582007778e-06,-3.741104813148075301e-05
5.434751088023801057e-07,-5.946329023336369561e-06
3.944544290211166618e-06,-2.006148887785503095e-05
3.955011582949996702e-06,-1.668267726755803227e-05
4.151895643484787004e-06,-3.383161487654811668e-05
2.110271333867941877e-07,-1.208974630388019470e-05
4.392171993505920502e-06,-4.087319591465461634e-05
-7.531936937207061748e-07,-1.550233223445745924e-05
3.166498550992603308e-06,-5.051148342783202445e-05
3.433298086009733954e-06,-6.297869635138489918e-05
2.305363767497723705e-06,-6.379964792342445682e-05
3.038089856217113837e-06,-8.246479743908019793e-05
4.626069302514291599e-06,-4.402073782944837868e-05
2.832184825993322392e-06,-1.043544114033704201e-04
1.133360413780201725e-06,-7.395684889758300049e-05
-5.179800258344443225e-06,-1.010058126230629558e-04
1.365733929231929955e-06,-1.206508916805360405e-04
-5.620293987050318945e-07,-7.721635902542694249e-05
-7.505013359551207329e-07,-1.267998378641304290e-04
-1.974994038851692808e-06,-7.254063407606561290e-05
-2.818067334770383293e-06,-1.205316550964861738e-04
-3.114817361185519695e-06,-6.107303794907881884e-05
-3.791732712723699150e-06,-4.496860053901683096e-05
-2.023342527338734001e-07,-2.566913842070918219e-06
-1.317769053365730172e-07,-2.844291985552017792e-06
-5.267643324606654241e-08,-3.343667270060605551e-06
-2.627164058815401247e-08,-2.674404386502449563e-06
-4.073450017145129248e-07,-3.549560126949685144e-06
-2.848407984389094821e-07,-3.911864010179122347e-06
-2.085320470272482451e-07,-4.682328648892729309e-06
-9.548873037737470015e-08,-3.639163832881544790e-06
7.473236282834850054e-06,-5.719837052314602949e-05
3.485636120741056291e-06,-4.881636733158749194e-05
7.216152653080786326e-06,-3.398279172701697569e-05
-4.645020720066621878e-07,-1.523963783578252364e-05
1.502705178405018087e-06,-7.023343159475879754e-06
-4.476946794356358077e-07,-1.589895547410114738e-05
-7.352308674890487873e-07,-6.489494953056847860e-06
-2.445017425902627626e-07,-4.432498533869423408e-06
7.396800636437070097e-06,-3.132937676885171773e-05
6.393169489568917949e-06,-2.774199686915914740e-05
-1.685938057655337229e-06,-3.039760548922537179e-05
5.831655393862425944e-07,-3.248305752744032467e-05
1.642935865422397280e-06,-3.801047447823122441e-05
3.450900724376594604e-06,-3.397390441162687649e-05
4.863542037672820317e-06,-3.880191949079537627e-05
6.489630167655728373e-06,-3.514435465711655544e-05
4.949854457648425848e-06,-3.084108091154867925e-05
7.851793701729772100e-06,-3.190670667498255152e-05
6.288295531244633692e-06,-2.841317974526139673e-05
8.168768950194431179e-06,-3.997266975276339069e-05
6.074785045123946876e-06,-4.432786541219987340e-05
9.838537393856126189e-06,-4.499358000894553624e-05
8.154708608098236263e-06,-4.989931557218222756e-05
8.902313534205734616e-06,-2.926690970504624466e-05
7.360002236254649345e-06,-2.651035424644103454e-05
1.147879169696345895e-05,-4.073998597591209868e-05
1.179736911558571460e-05,-5.017408252497427862e-05
9.778482517050902082e-06,-5.526667785142501740e-05
6.318736398293094851e-06,-5.480220731636776908e-05
7.460315618682752676e-06,-6.072640552264293919e-05
1.365986248087542435e-05,-5.530329377693007844e-05
3.799891644866198764e-06,-2.745869758174142891e-05
1.073014715908205002e-05,-3.284442666499159892e-05
9.551212991516143269e-06,-2.727762805518762305e-05
8.066953246269358203e-06,-2.510575339443844327e-05
6.196483215509094415e-06,-2.443511192885038986e-05
6.983981112218667965e-06,-2.358785208722427175e-05
5.428978756639520509e-06,-2.291630930299285766e-05
6.297023214736663443e-06,-2.263654260575878089e-05
7.386226677281069039e-06,-2.329347786503575528e-05
6.797340995881280045e-06,-2.293598395950704601e-05
7.338632417070279689e-06,-2.352671927922580516e-05
4.989172616458420373e-06,-2.184564322635769058e-05
6.863914385080820101e-06,-2.374367053601422850e-05
9.891586230061055515e-06,-2.575517675098701198e-05
6.578144680090049810e-06,-2.316984195033028736e-05
6.900213612255505217e-06,-2.425208123561480031e-05
5.493777911263891258e-06,-4.950012993749621166e-05
5.294368402048331720e-06,-5.620255792746395545e-05
-2.113465212185966276e-06,-6.938221423150654352e-06
-1.048217997572739683e-06,-5.259115535296207734e-06
-2.467153583906814137e-06,-2.084071139090824148e-05
-1.491509966498600838e-06,-2.133469181079493935e-05
-3.267355063418088462e-07,-2.388728783797560218e-05
8.396920999622609413e-08,-2.141291661755319217e-05
1.628384514592337436e-06,-2.346123605815668593e-05
1.865160886844810695e-06,-2.123265771843186160e-05
4.034559066947838170e-07,-1.962227250080812865e-05
1.957007584565178125e-06,-1.955868093848571042e-05
6.473404575430278877e-07,-1.834526349809654638e-05
1.939055100635322528e-06,-1.837550751352837080e-05
7.567011457659363360e-07,-1.744082287942208545e-05
3.672201807790047175e-06,-2.308914260505902973e-05
3.530157782565994246e-06,-2.585815449027454869e-05
1.810388810405822933e-06,-1.756536069813376762e-05
7.478022141058458164e-07,-1.684538245326972609e-05
-1.729932607357009843e-07,-1.660749950496289321e-05
-1.437801128477366897e-07,-1.618506352180666544e-05
6.731528686186778313e-07,-1.650944745001159655e-05
-9.270814522455242923e-07,-1.577030466831641002e-05
-1.284324036841990697e-07,-1.604315667395139910e-05
5.719229106200952148e-07,-1.638417942376380792e-05
1.417637162845810582e-06,-1.676716466946001068e-05
-2.264342797667164012e-06,-1.906342978060804463e-05
-6.580197036129828084e-07,-1.825570026497776960e-05
3.228985759378547103e-06,-1.940737589429842401e-05
-1.356496458895980354e-06,-1.616347534128726078e-05
-1.815409140295048395e-06,-1.487876634762697946e-05
-9.347042796273735701e-07,-1.563334122996146990e-05
3.399476267504515490e-06,-2.032213369933219717e-05
-2.110796681818868155e-06,-1.447230350129799488e-05
-1.245341165416360631e-06,-1.537295697367943616e-05
2.662770085565345739e-06,-3.772067300181862617e-05
3.828498370420698051e-06,-3.251030228285205486e-05
6.186932977939283821e-06,-3.919458107315856139e-05
-5.974568137093170740e-07,-2.660719077961657612e-05
-7.133767034383799788e-06,-8.493074983840083166e-05
4.902236955776285746e-07,-1.599026407796397861e-05
3.559455559516114766e-07,-1.626401544808142843e-05
5.418568376926278537e-06,-3.165068561811710672e-05
-4.951509212036036070e-06,-3.635540291789861680e-05
6.577215660553423325e-06,-2.485165505788279418e-05
1.962425517122098708e-06,-2.893662081638136068e-05
-4.213676734098152359e-07,-6.154722415797804468e-06
-1.114271716243723317e-06,-9.071759361794547798e-06
1.241672603619392783e-06,-1.665431348357817012e-05
5.178308905106173724e-07,-1.638677998392655609e-05
1.991111163199291424e-06,-1.695320585634764923e-05
3.078332000671662253e-06,-5.750568410038101763e-05
3.848058503604933544e-06,-7.275423128957921970e-05
7.643639835864064817e-06,-2.405868783793088536e-05
-1.049839330273943201e-07,-2.202853490716774701e-06
8.644213858826631587e-09,-2.119062523577999048e-06
-5.515145609780746527e-08,-1.762374226820069296e-06
1.995590976279101841e-08,-1.681697480523827510e-06
-6.314273801845519443e-08,-1.387466728302099871e-06
9.414574572555482662e-09,-1.303916045499388171e-06
8.202373557221575321e-08,-1.623607080685768740e-06
-1.903063699380659856e-07,-2.939801622712322476e-06
-8.975630411154247743e-09,-2.790847359624242512e-06
-9.479649751337355379e-08,-2.277809569999933311e-06
2.037575245858243357e-08,-2.143488772714593236e-06
-9.376959848758835803e-08,-1.740420946679794822e-06
1.059983655557663891e-08,-1.610085631803776371e-06
1.105722703909589019e-07,-2.096978220086718151e-06
5.893253596519856084e-06,-2.517746199768773911e-05
4.088839494154622518e-06,-2.362520378726435120e-05
6.928382374800512450e-06,-2.453362202587762756e-05
3.827081811390001544e-07,-1.136333791721677453e-04
1.178320046564370523e-06,-1.130471298003326631e-04
2.315229533043208170e-06,-1.110365015320045103e-04
-1.187603905758546960e-06,-6.813095029748289772e-06
-5.476428287805432834e-07,-5.809335928149009511e-06
-2.178550172575975070e-06,-9.291845289809279825e-06
-1.363702624381759183e-06,-8.100780191657906842e-06
6.643180155247239063e-06,-3.790588888491645472e-05
-6.526160280417374635e-07,-2.779777825387162385e-05
-4.258466372760081690e-07,-1.381389733871478937e-05
3.956019995922009086e-08,-1.120358937799262233e-05
1.193191199766690828e-05,-3.034684294805173007e-05
-1.078714353934119068e-07,-1.043804154244300498e-06
-1.613386426386922085e-07,-1.328346218835059076e-06
-6.429724027879170332e-08,-1.054717768612716225e-06
7.057168536261518397e-09,-9.455184907591112854e-07
-8.674155715529236481e-08,-1.284646893002111347e-06
8.696211484029880507e-09,-1.134626701342772515e-06
-5.115205889833717205e-07,-9.412823207185443375e-06
9.831087123309021093e-07,-5.995927441043336289e-06
8.409079167950586972e-06,-2.424200221139305867e-05
9.613437787487042358e-06,-2.479815033847910139e-05
8.246872098229437491e-06,-2.388130619256134056e-05
-2.143180315829421103e-07,-7.944968238134710782e-06
-7.359042798071214722e-07,-6.630260915996198477e-06
-1.903489019723674823e-06,-1.231311084952555152e-05
-2.104724979806820507e-06,-1.001175557905735040e-05
1.000363943307824427e-06,-7.206963799655825701e-05
5.322304827078799151e-06,-7.411337749013554514e-05
5.831020171694551939e-06,-8.007523957517050138e-05
9.501503147006357916e-06,-7.594094941933830811e-05
9.913575196808846650e-06,-8.133283811806138908e-05
9.215071736467825660e-06,-7.048917406850797548e-05
1.331873625107656453e-05,-7.197433371057771140e-05
1.260773964529739849e-05,-6.683045647995090725e-05
6.490542716893602285e-06,-8.523348484992391064e-05
1.040087019299070762e-05,-8.628165879444528897e-05
5.026524121018278767e-06,-6.743244065074507378e-05
1.581263609158832311e-07,-5.988728054932804961e-05
-1.871314823060695170e-07,-1.370793106938405789e-05
1.135694460324426966e-06,-1.661299091144886878e-05
3.450547162808080039e-06,-2.096447934667926708e-05
7.328476102520762774e-06,-9.018565171215766046e-05
5.226882396058316497e-06,-9.386182484402304151e-05
8.413686783551385870e-06,-9.352877970418622846e-05
5.894289532623634126e-06,-9.721994057224228960e-05
-4.569278042999635139e-07,-4.389827505777299798e-05
1.100905251378957889e-06,-1.097659286201834654e-04
2.871058655943856833e-06,-1.082316928100090158e-04
3.171813084025412988e-06,-1.058099901611423712e-04
1.393738610247493682e-05,-8.264839848293779412e-05
1.144872587921222975e-05,-9.013738553640157191e-05
6.314216670354530035e-06,-5.796513235907873956e-05
-8.698553212184138006e-08,-8.503843742875227995e-07
-6.968839424915328056e-08,-7.176964483218089466e-07
-9.282936703878595445e-08,-4.025152153646084428e-07
-1.132598216752763267e-07,-4.695891434459559378e-07
-1.930824438767503892e-06,-2.263226919973924451e-05
-7.924924422180416748e-07,-8.042380851490925432e-06
-5.060745789000158257e-07,-1.254866819985856379e-05
1.333489031486001312e-05,-4.548045913500262566e-05
1.498699068669137553e-05,-4.118106256896998831e-05
1.259708756191657789e-05,-3.683074616665906403e-05
9.532736231317262166e-06,-3.606484290213837198e-05
2.060562056343970991e-06,-1.028555994108357625e-04
4.976431431406298514e-06,-1.007429767752939952e-04
4.761996546695480399e-06,-1.031286024645232082e-04
8.386442228834005742e-06,-9.883913170337747247e-05
7.291377070076711770e-06,-1.014830469731027525e-04
6.689535001632062216e-06,-1.037016484642373060e-04
3.206094513829794977e-06,-1.843649609536869769e-05
2.882099281093318618e-06,-4.707123923652349227e-05
-4.521754254492227496e-07,-5.531168073914123245e-06
-1.352781556028900129e-06,-8.234631668145408454e-06
1.058201286689759991e-06,-1.042718871313685197e-04
-1.414713083491822170e-06,-1.045629165218776682e-05
-2.017254548219310828e-06,-2.866285106082682059e-05
-3.386595920851126579e-06,-3.444425716486273261e-05
1.656845282979185017e-05,-6.803902548933123042e-05
1.620249218652631675e-06,-1.704468706825465764e-05
-2.726225129214565555e-06,-1.745514925895954659e-05
1.405641114541807374e-06,-5.296528548656114932e-06
9.142273947050744318e-08,-1.217543612397357140e-06
6.928340054153878296e-08,-1.002333310856843752e-06
4.694280134615232463e-06,-1.070402009602423215e-04
-1.677002971341589620e-06,-7.160080284580774401e-05
-4.626944204425812312e-06,-9.821029638826306361e-05
5.585474503773152698e-06,-2.280766846415162666e-05
1.921910736383589199e-06,-8.456517884213840585e-05
-2.414770868868118709e-07,-1.601605130923137313e-05
8.882803035726320691e-08,-2.022282107372112261e-06
1.071127880228634173e-07,-2.701542396870083194e-06
1.196144532149167883e-05,-6.115202776984352646e-05
1.636374981568325965e-05,-5.982161385330401891e-05
1.800858532142787980e-05,-5.539725501345115009e-05
1.569250429095889402e-05,-5.068222252876601705e-05
4.194593790044048319e-07,-1.008727032930611878e-05
-5.847543021986258711e-07,-7.711677088398862672e-05
-3.205280224619455402e-06,-1.168436574592255088e-04
-4.011850063182185231e-06,-1.124826718412688274e-04
6.330947399829266765e-06,-5.467283620231994643e-05
-3.565605228147084854e-06,-5.348458327852049246e-05
2.817200089096878023e-07,-1.252332517008153943e-04
-1.769422927998663705e-06,-1.252768518643706944e-04
-1.356942220266770412e-06,-7.582355230290980933e-05
-2.605175737752047129e-06,-6.753991053036026188e-05
4.023212263461778634e-06,-5.214590712618666292e-05
3.750527739353587827e-06,-4.256468528455007469e-05
-2.503465338750667054e-07,-1.430573403871105463e-05
1.775799501071190193e-05,-3.943298274122631876e-05
1.527634299466489764e-05,-3.253491004671315537e-05
1.861124949626245462e-05,-4.358096089732085176e-05
3.838242102993078784e-06,-1.823675515900612077e-05
2.681210338563614314e-06,-1.762316012543950272e-05
6.799782269887476703e-06,-2.460774588642465965e-05
5.393568842254735593e-06,-2.010760221671897932e-05
2.820929051897627066e-07,-1.932004037267629314e-05
-5.611116973886036696e-07,-1.097446690602628146e-05
-2.279102275087676500e-07,-9.360989050782488735e-06
2.291652182144521592e-06,-1.718707697944269052e-05
6.681658986970047540e-06,-2.475107935862154256e-05
4.728185475808208172e-06,-2.720178275466720116e-05
1.436816375245535955e-06,-1.617457155893357564e-05
3.423302820129320723e-06,-3.146821966463883888e-05
1.832327114796808922e-05,-7.304091534823128570e-05
1.004088385068082427e-05,-3.970401255468463227e-05
9.042988810649607703e-06,-3.151631990494104630e-05
6.227913029770454237e-06,-3.001564102380156811e-05
-4.676014392527363035e-06,-2.270384936861064441e-05
-6.584078089692580535e-06,-4.752306055067905292e-05
-5.674762117870815915e-06,-2.854524552939670891e-05
-4.543789029911810986e-06,-1.036668925186226373e-05
-2.404441493549674268e-06,-6.939212477218535171e-06
-1.914674106139242843e-06,-1.217514400704187284e-05
9.253027662488210245e-06,-1.021025416129504312e-04
1.177568441090933959e-05,-9.709523572839962762e-05
6.580000955379994937e-06,-5.816965823369100796e-05
-9.372075180227292380e-07,-1.561157381627632126e-05
5.743946037685091468e-06,-4.544732666930778158e-05
5.463275335502583459e-06,-2.789927556668266064e-05
-8.723169703404312622e-07,-1.559782608052234291e-05
-5.434972965052690244e-07,-1.342034894756176396e-05
8.424000040591460746e-07,-2.656539019692414960e-05
5.947531669074560730e-06,-2.223290621788539357e-05
5.892482868335862349e-07,-2.452058117560621165e-05
3.677128331607603712e-06,-1.112022635603980716e-04
5.928629647406880694e-06,-1.077765061077114780e-04
1.136069659575550591e-05,-2.614556608981382009e-05
1.399736747321863792e-05,-2.987643407238083266e-05
8.983588591785216974e-06,-4.885443594031095311e-05
4.857475504562551585e-06,-1.874793682388274296e-05
1.271533010753798460e-06,-1.853545003619044715e-05
3.442895408407892068e-06,-2.074433728182753826e-05
-7.419541849865045256e-07,-1.360103759259260869e-05
3.477505973803536660e-06,-3.769964026983882872e-05
4.593598192887600484e-06,-9.353888888111922038e-05
-1.688982014411651051e-06,-1.507356166779124392e-05
1.523467196465789045e-06,-1.424303795859733239e-05
1.596902382852815294e-06,-1.671028737642874253e-05
-2.617358884725274986e-06,-1.339613470597177502e-05
1.359654944536982377e-05,-7.720757742409059218e-05
1.222240432199518872e-06,-4.114999267829292750e-05
7.111611431679643972e-08,-3.356890679371781779e-07
8.487615296202482392e-08,-3.877361050101549281e-07
-2.025352389715867035e-06,-1.635168440404860131e-05
4.152602630468307012e-06,-5.293267200200660647e-05
1.370779906326298166e-05,-3.410743825893389474e-05
3.717187279190509440e-06,-6.075321114592283452e-05
9.150045305488314470e-06,-6.523099107968716030e-05
-1.080498710720017445e-06,-1.951516181467098532e-05
2.209417259359071246e-06,-2.948716518052534575e-05
-1.745694528470885227e-06,-6.418992896047100470e-06
-1.359662490603680772e-06,-4.684503671786776798e-06
5.950520021904908723e-06,-2.622025838298784321e-05
-9.504547648996927348e-07,-3.378810057706012662e-06
4.036248226145414194e-06,-1.090386638874246981e-04
-2.212914671373981124e-06,-6.036846747895990915e-05
-4.592572445680486548e-06,-7.704960096867011926e-05
1.119504333593626240e-07,-1.869226033246484813e-06
7.553849021021454758e-08,-2.839360222251380102e-06
1.171219252026993128e-07,-2.672414267754056476e-06
2.255997622585302765e-08,-4.006152682211181359e-06
6.894943972555560963e-06,-3.318705252501813404e-05
-7.212100340209579791e-07,-1.503593545589787936e-05
-3.662738815386766973e-07,-2.421240492299162010e-06
-1.932454065027274989e-07,-1.752147329566313075e-06
5.875080908649562113e-06,-7.760250271045321445e-05
1.041332314134052491e-06,-3.385162751565836439e-05
5.075793920816568279e-06,-2.570688269552379491e-05
6.481484251690426775e-07,-2.839962106884490746e-06
-1.803065782184575160e-06,-1.796250499351493947e-05
1.284114409996297498e-06,-3.524692835049967167e-06
-2.836093536399690915e-07,-4.473769768866700069e-06
-4.064603994826673977e-07,-1.726860083103250095e-05
-2.213937379336907202e-06,-5.380213885502036804e-05
-4.262991807296850448e-06,-6.737673640282348584e-05
8.330172732187119812e-06,-5.511776548188547368e-05
3.509920422835174296e-06,-2.197671226462804319e-05
-8.367314296578994083e-08,-3.894343273729049183e-07
-7.015756298320958514e-08,-3.361010780293661474e-07
-2.701102655448103044e-07,-1.905275579752211449e-06
-1.531955880489656298e-07,-1.399579062766801327e-06
-1.197588274846123027e-06,-1.505851755133779392e-05
-2.423432364370743821e-06,-4.620838565667266198e-05
-4.347438403928810327e-06,-5.699955054873115747e-05
-8.618951379702045578e-08,-7.764146994897456103e-07
-1.210737460384131240e-07,-9.580242064577977060e-07
9.830240196750626239e-06,-9.579401061101552287e-05
8.604583223730462134e-06,-1.037879619617008623e-04
-2.328202223827117634e-06,-3.751567961009383701e-05
-1.361287354756039234e-06,-1.323911139209582552e-05
-3.987432068703429525e-06,-4.557608687284471163e-05
3.833767690570625704e-06,-1.072098734233393466e-04
1.782004651867722447e-06,-4.948870925197791307e-05
3.200876053187048150e-06,-5.350347873181266828e-05
2.628356876177025183e-06,-1.169972910203912484e-04
1.726138059103666851e-06,-5.754017527147767139e-05
1.451078213410440003e-05,-9.062111827159677910e-05
4.726634721188927992e-06,-2.134072777624573743e-05
1.512959148600046606e-07,-1.510324805366380767e-06
1.078741025759146710e-07,-1.150130924965827154e-06
1.482116966152360149e-06,-6.467158397222556149e-05
1.356968743759003672e-06,-1.234232585958120279e-04
3.943805087376775258e-06,-2.478059918090382011e-05
4.011570482214268971e-06,-2.968457533670862590e-05
4.242872020810643462e-07,-9.074237811066788043e-06
1.016968730090029708e-07,-1.626902268093902719e-06
7.465235405617551563e-08,-1.300426363644623513e-06
7.340628646779530046e-08,-1.264812476597547755e-04
1.098461534819810959e-06,-7.049057871049334235e-05
7.834474456782162716e-06,-2.515770464205835234e-05
-1.432287638338843756e-06,-6.898043378711656202e-06
-1.546997762234101381e-06,-1.949035621240292909e-05
-2.582527753116345514e-06,-2.339148456479923902e-05
5.819625303309294433e-07,-7.466374150705801206e-05
-1.189173877264426092e-06,-1.262566837503948638e-04
1.017786819704864726e-07,-6.500708617156407698e-07
7.868696863152875835e-08,-5.461297544338300411e-07
-1.680350131870595929e-08,-7.691628761993346509e-05
-2.303413939707224758e-06,-1.228744933061927185e-04
2.932604870368960570e-09,-6.912300948448491585e-06
2.580550729786238435e-07,-5.173158261102345271e-06
4.141209035235570983e-06,-1.093216949597345442e-05
4.032966977285918652e-06,-1.360492983598631638e-05
2.839049446095508315e-07,-7.653049644836981376e-05
2.017402144524822561e-06,-1.133631482426682141e-04
2.533460794835650357e-06,-4.527396510378066353e-05
1.157063238548332703e-05,-2.792032337455724480e-05
-4.010534954095139936e-06,-1.083412043405500535e-04
-1.161474624594472579e-06,-7.529003879448653645e-05
1.671254602584399216e-06,-6.959295363999223069e-05
2.779986404301207754e-06,-9.375218715922486491e-05
9.486250634649329465e-08,-8.183182576510559021e-07
7.609897368628677340e-08,-6.924326622295107060e-07
-2.042737598642449247e-06,-6.642577929714740402e-05
-4.833079540579840900e-06,-8.733641505804151705e-05
8.823638023100480944e-08,-8.964380582522520185e-07
1.244815064929718756e-07,-1.135348144255709614e-06
-2.487610150993581810e-06,-1.762699782642745212e-05
2.684680968933347610e-06,-1.726460206816504028e-05
7.756956497681672286e-06,-2.451015063851242048e-05
1.589475280018807831e-06,-1.023931999149076130e-05
-1.588303799927969134e-07,-4.107717885432862684e-06
-5.242275492926011584e-07,-5.883743232328974263e-06
9.819113811419249920e-07,-1.132018555050748787e-04
-1.823532765069728754e-06,-1.515853974585908567e-05
7.122307601438279750e-06,-4.589339029047929974e-05
1.040717868843049417e-05,-2.524209588948894545e-05
2.716243749822176047e-06,-2.486671779631662604e-05
6.569293178436848314e-06,-5.796858138103867320e-05
-2.452181994584334352e-05,-8.708914410409414190e-05
1.735945120286620151e-05,-8.227114831029996660e-05
-1.223530615844534375e-05,-3.657059508486786118e-05
-8.747870845627012687e-07,-6.990619406020093231e-06
-2.721183238001288508e-07,-4.803174111846202669e-06
-1.358708568304596610e-06,-1.717375213016454589e-05
-2.792429948753490594e-07,-5.202054593660075474e-06
-5.693198862677157102e-08,-3.635138200869567637e-06
7.450325761833583982e-06,-2.328449320480935260e-05
1.166612724706317875e-06,-2.590205563583496256e-05
4.631673952248277650e-06,-2.053075967502775002e-05
-1.013378905529138872e-06,-7.171213554073063247e-06
-1.620432908625108329e-06,-1.017310561501125261e-05
1.020557779873375743e-06,-1.651967219780159750e-05
-1.782909113327269000e-06,-8.888813366710687661e-06
6.288513834632047527e-06,-5.111328681486455942e-05
2.007625429964707037e-05,-5.902656110566801233e-05
1.975206176459193199e-06,-2.067287696631432670e-05
5.000331444135151240e-06,-1.051275129005996214e-04
-1.436198783628587850e-06,-1.515834107167181381e-05
-2.768774366995354052e-05,-9.033767400790591038e-05
4.055281729344073312e-06,-2.866422949533010048e-05
2.025842954745507058e-06,-9.658984926965409287e-05
1.272626027162035339e-05,-7.229394440736294834e-05
1.014017314518686755e-05,-5.696522598037566875e-05
1.980357890575494738e-05,-5.205855771818549267e-05
6.508852710466189395e-06,-5.794124952519883603e-05
-3.022744888741583774e-06,-1.116125808577389808e-05
3.420852772122195441e-06,-1.106721499131327026e-04
-4.382337332859190049e-07,-5.753386394341728910e-06
-1.306342162791554133e-06,-8.481342434216533800e-06
5.320026793043613078e-07,-1.509732998304518104e-05
-3.097922615567601753e-07,-1.608615660453412114e-05
5.235525747224812293e-06,-3.484680250779687390e-05
-4.827011350658730531e-07,-1.239175361769495991e-06
-2.169093818787923953e-06,-1.485441577020591440e-05
1.583649569253811151e-05,-6.435974737134474133e-05
-1.434364680339247042e-06,-4.407142997512746023e-06
-8.415633575816355826e-07,-3.366571353684562539e-06
-2.038264926383915212e-06,-1.189715014012273271e-05
1.634601700538875808e-05,-4.572003272197624080e-05
1.116169360660212618e-05,-5.658241793314919667e-05
2.168465974789171367e-08,-3.506532597040735287e-06
5.325677234418423978e-08,-2.551658106923014693e-06
6.883043991190508896e-08,-1.709290036189042560e-07
8.042428639819411717e-08,-1.948273342160311429e-07
-8.512841208434921377e-07,-7.438401898455567048e-06
-1.838069662171205461e-07,-5.225674642386480724e-06
6.703181260743809104e-06,-5.655238322926072018e-05
6.274508684819658085e-06,-2.308373803917339122e-05
6.046464305780357107e-06,-2.934785638474798940e-05
-7.373519839197286915e-08,-1.862672138187336705e-07
-8.649643040811406011e-08,-2.135846691517851345e-07
2.388734398273058165e-06,-1.120486815491780514e-04
5.463973349601240400e-06,-4.900921373359174284e-05
1.119329750330545447e-05,-9.306129771928773567e-05
-8.006183224079331382e-08,-1.616740296991343574e-05
9.979807670273056124e-06,-7.153978892697497106e-05
1.515454934982872485e-05,-3.725849331647396900e-05
-2.849789285213009097e-06,-4.892967970743589109e-06
-7.215083279998328465e-07,-1.568588649959062705e-05
2.329866608657644766e-06,-1.706085316724615332e-05
6.312370506993828270e-06,-2.508183111679866985e-05
4.308855927347884955e-07,-1.636749861342977810e-05
-1.183410522886405813e-05,-3.616579631050149664e-05
-2.053529111338083616e-06,-1.551106686957856375e-05
6.601253647739737485e-06,-2.600864093455071535e-05
-1.534653019794942208e-07,-2.138061411316406410e-06
-2.837052927153683051e-07,-2.899236041968939515e-06
7.557351620103404617e-07,-1.227650906179712984e-06
-2.405584293065688550e-07,-5.470396736200073610e-06
4.276618023837484137e-07,-3.628568632774555309e-06
-6.715001282863529200e-07,-1.051529463636309842e-06
2.021276020655111321e-05,-6.811534327150934275e-05
5.436332605636081459e-06,-3.556668039747331889e-05
6.243496024569608904e-06,-5.454037893900906704e-05
7.584637292547098102e-06,-4.262051609037184255e-05
4.639349656069981668e-07,-9.404013451736136287e-07
5.519995620802303126e-06,-2.732571516517549995e-05
6.718921438616443689e-06,-5.201100689620619512e-05
3.088402367016552034e-06,-1.042083699230298192e-04
6.674316346809968207e-08,-1.174656462421976345e-05
5.470261238969176958e-06,-5.738651433286723309e-05
1.064998655771335795e-06,-1.129085159477349182e-04
-9.215211807322982596e-07,-7.817254367028684614e-06
-2.373441693194300415e-06,-1.159654751612959588e-05
-1.886133469745034086e-06,-9.423696930429236235e-06
-7.753761528845598053e-07,-6.376370313563992486e-06
5.524977004087368540e-06,-4.128183315919788950e-05
-1.062253192909646904e-07,-1.423669950183635121e-06
-1.711996818730573781e-07,-1.856758148240632918e-06
1.134532974923413415e-05,-2.680621322550022812e-05
6.961757682776537366e-06,-2.918056684353885513e-05
9.532212268841124056e-07,-1.634085418771999627e-05
-6.723606648070896726e-07,-1.268379059126328989e-05
4.202313139297174626e-06,-1.938584333881983413e-05
3.049405898326543043e-06,-4.206603276901323813e-05
1.634666290162947858e-06,-2.656218500233371488e-05
