Size 979,2
0.000000000000000000e+00,0.000000000000000000e+00
0.000000000000000000e+00,0.000000000000000000e+00
0.000000000000000000e+00,0.000000000000000000e+00
0.000000000000000000e+00,0.000000000000000000e+00
0.000000000000000000e+00,0.000000000000000000e+00
0.000000000000000000e+00,0.000000000000000000e+00
0.000000000000000000e+00,0.000000000000000000e+00
0.000000000000000000e+00,0.000000000000000000e+00
0.000000000000000000e+00,0.000000000000000000e+00
0.000000000000000000e+00,0.000000000000000000e+00
0.000000000000000000e+00,0.000000000000000000e+00
-1.120267531041804414e-06,-1.545753458801561709e-05
-1.018821851252483638e-06,-1.532299498713779299e-05
0.000000000000000000e+00,0.000000000000000000e+00
0.000000000000000000e+00,0.000000000000000000e+00
0.000000000000000000e+00,-1.137320271788098226e-04
0.000000000000000000e+00,-1.150061071067033788e-04
-8.216985829916218392e-07,-1.086436131464981023e-04
-1.940476326858473846e-05,-7.842288403871892682e-05
0.000000000000000000e+00,0.000000000000000000e+00
-1.438934804748417074e-06,-8.347765067611278642e-06
-3.260937358786707129e-07,-1.075880662305770264e-05
-2.637520459892704481e-06,-1.352087493798416381e-05
-2.652507899767084024e-06,-1.658330383566038388e-05
-1.449496980064671501e-06,-1.207891659296265605e-05
-2.230991941519336435e-06,-1.589056847834349913e-05
1.509186277357491762e-07,-1.906482547348239411e-05
-2.069332691814099389e-06,-2.309493456927911862e-05
-1.969653546521160536e-06,-6.853792781163266759e-06
-2.036287426349855747e-06,-1.482638375776089848e-05
-9.162306121416380859e-07,-1.577704536336002565e-05
2.135308252669679904e-06,-5.021694140479885721e-05
2.271587959128611400e-06,-7.788441655692521280e-06
8.256209525270594385e-06,-5.403744628763932885e-05
-3.683819929542012964e-06,-8.812720885362461257e-06
8.797057906753506535e-06,-3.082941352551547186e-05
-9.963097835229275129e-06,-3.271553196850268984e-05
-3.329514636327247152e-06,-6.896328541528389260e-05
8.778877658549499264e-07,-1.281050447581060866e-05
1.116836801654207959e-05,-7.004065530271801369e-05
-8.454458680944835970e-07,-1.047657903759266306e-04
-2.901779109714534368e-06,-7.129729991972263460e-05
-1.749576902741123771e-05,-9.494482268801947874e-05
1.089456002942077760e-05,-7.853177970150325611e-05
9.380131068636446821e-06,-3.212796277843457871e-05
3.467969204286055489e-06,-5.322624701577949601e-05
-9.943489914935845419e-06,-3.954125576012048617e-05
7.363715978845904329e-06,-6.037594482713472651e-05
-5.270464014788892489e-06,-1.104309897405753903e-05
-8.370257354101850021e-06,-1.905369477001708686e-05
-1.080486820332737024e-05,-2.882144729083179833e-05
-1.233559225663733636e-05,-3.983812547438959331e-05
-1.300566566915335249e-05,-5.137758198799470891e-05
-1.292528613138201644e-05,-6.246580065155505723e-05
-1.273787263850782219e-05,-7.285927680912934420e-05
-1.280612969068635419e-05,-8.304961204882538263e-05
-1.276001007188909451e-05,-9.353748974316595231e-05
-1.178262785392853593e-05,-1.041215886022001845e-04
-9.949030596402956843e-06,-1.134221123172241376e-04
-7.431069418127002124e-06,-1.207869373517263267e-04
-4.353931227417248246e-06,-1.256766480810053862e-04
-8.521859694898649864e-07,-1.277035909390874385e-04
2.922315258019413183e-06,-1.265815286456298619e-04
6.837275306641168951e-06,-1.221338061559037146e-04
1.076226706197137835e-05,-1.143097610717770039e-04
1.458748597972268062e-05,-1.031393461555974345e-04
1.815742766404935532e-05,-8.849879801445545240e-05
2.101346129388871094e-05,-7.025390664209105369e-05
2.164727618697400154e-05,-4.920484852027654871e-05
1.845494767612562245e-05,-2.792764449815633975e-05
1.076166797939537615e-05,-1.082575978418944187e-05
0.000000000000000000e+00,0.000000000000000000e+00
0.000000000000000000e+00,0.000000000000000000e+00
0.000000000000000000e+00,0.000000000000000000e+00
0.000000000000000000e+00,0.000000000000000000e+00
0.000000000000000000e+00,0.000000000000000000e+00
0.000000000000000000e+00,0.000000000000000000e+00
0.000000000000000000e+00,0.000000000000000000e+00
0.000000000000000000e+00,0.000000000000000000e+00
0.000000000000000000e+00,0.000000000000000000e+00
0.000000000000000000e+00,0.000000000000000000e+00
0.000000000000000000e+00,0.000000000000000000e+00
0.000000000000000000e+00,0.000000000000000000e+00
0.000000000000000000e+00,0.000000000000000000e+00
0.000000000000000000e+00,0.000000000000000000e+00
0.000000000000000000e+00,0.000000000000000000e+00
0.000000000000000000e+00,0.000000000000000000e+00
0.000000000000000000e+00,0.000000000000000000e+00
0.000000000000000000e+00,0.000000000000000000e+00
0.000000000000000000e+00,0.000000000000000000e+00
0.000000000000000000e+00,0.000000000000000000e+00
-4.072273138600304667e-06,-8.518180104192588889e-06
-6.385376505055363445e-06,-1.534052286081501705e-05
-7.995019136606399849e-06,-2.343189849498751072e-05
-8.795420072899201352e-06,-3.219441641631993437e-05
-8.863762940803232430e-06,-4.099704697193215643e-05
-8.323230153850636858e-06,-4.913850390302704153e-05
-7.548200433308975790e-06,-5.636229765527634236e-05
-6.694389874372658206e-06,-6.274261410377444102e-05
-5.621184062727569602e-06,-6.830353103990916247e-05
-4.085547799173978406e-06,-7.277209154436506584e-05
-2.233064434485081584e-06,-7.554701818320143185e-05
-2.158069503462865493e-07,-7.644635697795466259e-05
1.839420934218716867e-06,-7.536494180652426693e-05
3.795130407400591703e-06,-7.234751114855554686e-05
5.503968848358739438e-06,-6.753668477585635154e-05
6.827880531346721171e-06,-6.118826959364361722e-05
7.620579095980324185e-06,-5.368853076217781147e-05
7.709971601426516329e-06,-4.579895054770092574e-05
7.403062003265874138e-06,-3.802544471334296287e-05
6.973355757961910450e-06,-3.044826287016311707e-05
6.330038713227821892e-06,-2.294346130935172445e-05
5.062554109487793465e-06,-1.567792850501341766e-05
3.162238567619888160e-06,-9.174535955778491975e-06
0.000000000000000000e+00,0.000000000000000000e+00
0.000000000000000000e+00,0.000000000000000000e+00
0.000000000000000000e+00,0.000000000000000000e+00
0.000000000000000000e+00,0.000000000000000000e+00
0.000000000000000000e+00,0.000000000000000000e+00
0.000000000000000000e+00,0.000000000000000000e+00
0.000000000000000000e+00,0.000000000000000000e+00
0.000000000000000000e+00,0.000000000000000000e+00
0.000000000000000000e+00,0.000000000000000000e+00
0.000000000000000000e+00,0.000000000000000000e+00
0.000000000000000000e+00,0.000000000000000000e+00
0.000000000000000000e+00,0.000000000000000000e+00
0.000000000000000000e+00,0.000000000000000000e+00
0.000000000000000000e+00,0.000000000000000000e+00
0.000000000000000000e+00,0.000000000000000000e+00
0.000000000000000000e+00,0.000000000000000000e+00
0.000000000000000000e+00,0.000000000000000000e+00
0.000000000000000000e+00,0.000000000000000000e+00
0.000000000000000000e+00,0.000000000000000000e+00
0.000000000000000000e+00,0.000000000000000000e+00
-2.171146053777796407e-06,-2.222393244016991215e-06
-3.214296557613154849e-06,-5.179550007655855865e-06
-3.542916039286877190e-06,-8.476613337780040974e-06
-3.297514508161427419e-06,-1.150880965284882495e-05
-2.611800805679240362e-06,-1.386040334885668252e-05
-1.623903355190557872e-06,-1.518036959783376513e-05
-5.635961922325457436e-07,-1.532896035034864179e-05
4.386492301628555703e-07,-1.432592097141894702e-05
1.187011351905987516e-06,-1.227950689160370709e-05
1.457310985464114701e-06,-9.482828284153021347e-06
1.229640722128103321e-06,-6.249817467120387747e-06
0.000000000000000000e+00,0.000000000000000000e+00
0.000000000000000000e+00,0.000000000000000000e+00
2.655223973279541878e-07,-1.478989744264836676e-05
1.427664056820000906e-06,-1.316459561823679241e-05
2.276334752771919741e-06,-1.073355593740543376e-05
2.686724640404414673e-06,-7.780603973672769896e-06
2.567642054456903622e-06,-4.705228025108962089e-06
1.785928323843016380e-06,-1.992264672856785401e-06
-1.067205695961143677e-06,-1.554436829547675637e-05
-1.493827730931175507e-06,-1.565903999058224698e-05
-1.851885450560952605e-06,-1.568024979448724831e-05
-2.068229417220648524e-06,-1.560437847969633945e-05
-2.047539638466785762e-06,-1.548768637728059321e-05
-1.629489448073418352e-06,-1.369246796534728979e-05
-2.176744676518875142e-06,-1.103730219398599716e-05
-2.440094092305173161e-06,-7.017887126143815462e-06
-1.909990143348430664e-06,-2.727312328575705380e-06
0.000000000000000000e+00,0.000000000000000000e+00
0.000000000000000000e+00,0.000000000000000000e+00
1.974782862328876646e-06,-1.133659288713646817e-04
3.807865167365904213e-06,-1.124708600507394875e-04
5.477012771805650398e-06,-1.111133685733440370e-04
6.923721275549855330e-06,-1.094507985858295216e-04
8.204303660301042809e-06,-1.076529491842453137e-04
9.410486017092568352e-06,-1.057687831136434387e-04
1.071469576371710494e-05,-1.038697193464653199e-04
1.213227137143046753e-05,-1.017869098557039396e-04
1.367419126538335807e-05,-9.940204720875197111e-05
1.530366629454513392e-05,-9.662843259711017619e-05
1.694638747965832425e-05,-9.341573903693101675e-05
1.851862100092766368e-05,-8.977443892402815697e-05
1.992986454580893425e-05,-8.575815819286709146e-05
2.121783048868883600e-05,-8.141092035391521203e-05
2.227610305560528362e-05,-7.684963619226058400e-05
2.313450587963028569e-05,-7.209594267868568794e-05
2.376143534594496757e-05,-6.716591542105908991e-05
2.411983409374831441e-05,-6.226346499679418563e-05
2.415285109117683524e-05,-5.728457705573696424e-05
2.390822548052926277e-05,-5.230678471469325303e-05
2.330076591066436263e-05,-4.753759674547282892e-05
2.234694983259134568e-05,-4.304093735613647082e-05
2.111935639725135691e-05,-3.895784836488088847e-05
1.966360808049612388e-05,-3.533135137655619236e-05
1.808963961545532236e-05,-3.222167307470327421e-05
1.643178395804386317e-05,-2.962253828902646640e-05
1.470017028257082299e-05,-2.751687957062469371e-05
1.298093409160586889e-05,-2.585794758924062168e-05
1.118077448991629976e-05,-2.470629369057937379e-05
9.481092648564501047e-06,-2.413986132019682693e-05
7.761712373906008082e-06,-2.415786516683631421e-05
6.215998060533746402e-06,-2.470901730142772629e-05
4.777516057432094917e-06,-2.580373996147630565e-05
3.543312633761768498e-06,-2.743065733049746056e-05
2.560994519719950311e-06,-2.949922543552313393e-05
1.683801398283508775e-06,-3.197985191449432510e-05
9.575248906695645274e-07,-3.495786157289542930e-05
5.071029388260566509e-07,-3.842253439564050397e-05
3.784025383609377278e-07,-4.231957920495703292e-05
6.856997220549272310e-07,-4.639860461638065548e-05
1.445150191668315558e-06,-5.029165214484945801e-05
2.684039667026139491e-06,-5.361470122207546019e-05
4.161561795501476224e-06,-5.601008418984299117e-05
6.060302691996695984e-06,-5.725260579134829151e-05
7.943943865233370772e-06,-5.716916543591233225e-05
9.677229841051465304e-06,-5.580148165224120625e-05
1.117768720416462117e-05,-5.342635703609452993e-05
1.241547721339130487e-05,-5.018665420221036551e-05
1.325677950655996740e-05,-4.628305199887641362e-05
1.360218170722221380e-05,-4.195295494705324430e-05
1.338823711325946678e-05,-3.762621271341410478e-05
1.278018764539650461e-05,-3.365602961669522262e-05
1.183900659460958807e-05,-3.010971304986537471e-05
1.075190618836999450e-05,-2.711886300283314661e-05
9.560804257651236721e-06,-2.462681930110868436e-05
8.342883440863682495e-06,-2.262227087006562283e-05
7.204522694919094871e-06,-2.102002432598673956e-05
6.131116105294303210e-06,-1.976450290601600764e-05
5.161615774305449076e-06,-1.880774741005529873e-05
4.303170705349534579e-06,-1.810111756834091847e-05
3.554123818501043484e-06,-1.759301394963955185e-05
2.931061641587037732e-06,-1.723726843486507958e-05
2.455485252934213292e-06,-1.701244833714187914e-05
2.138417686427363410e-06,-1.682920446010043210e-05
2.001342001834798409e-06,-1.662556879849947183e-05
2.064734544146089314e-06,-1.630243246048625915e-05
2.306562926084057487e-06,-1.574415157667067948e-05
2.704634731895557137e-06,-1.476652180930239395e-05
3.163187732857706008e-06,-1.326514147707011978e-05
3.547821087409890771e-06,-1.113941570049430578e-05
3.690691136835333848e-06,-8.399262941027018154e-06
3.347432283630452368e-06,-5.358018684672588843e-06
2.289773539177640936e-06,-2.437725815108324626e-06
0.000000000000000000e+00,-1.141548244436113536e-04
0.000000000000000000e+00,-1.146285747562486449e-04
-4.055087686092523368e-07,-1.143369241375903975e-04
-7.673079652002122610e-07,-1.124304808527156157e-04
-2.576692810082172744e-05,-8.640159313229715831e-05
-2.678589870607103369e-05,-9.446489990532206304e-05
-2.102401764510904804e-05,-9.935117016495839562e-05
-1.373175532587349850e-05,-1.034218730664259291e-04
-6.163325181922471081e-06,-1.066916883118013940e-04
-9.902827433658519161e-06,-8.927336132283773240e-06
-1.652489589006371644e-05,-2.173986359596941754e-05
-2.026929744346751242e-05,-3.871497392448614542e-05
-2.135038788471306479e-05,-5.763992142618374747e-05
0.000000000000000000e+00,0.000000000000000000e+00
-4.650227471057248821e-07,-6.116528598969742175e-06
-1.198562597290142458e-06,-8.966405816799240974e-06
-3.147535779798354620e-06,-6.333904026850071709e-06
-3.833725687799815026e-06,-8.275040704402928307e-06
-3.752383607037710115e-06,-1.080694671047414539e-05
-3.126447518250642175e-06,-1.306193554764566074e-05
-2.663584978048421629e-06,-9.895697647549609621e-06
-3.272520694348518807e-06,-1.221850505405485630e-05
-2.672267895076062209e-06,-1.368006430117156281e-05
-1.977985007805960199e-06,-1.467948369593310045e-05
-1.314786539904063545e-06,-1.529997491769091250e-05
-9.054345816920099531e-07,-1.566033777912738078e-05
-1.817327746187649361e-06,-1.518744883322811027e-05
-2.018362760295473503e-06,-1.560813414236126133e-05
-1.895124877403040936e-06,-1.584955675237525134e-05
-1.630151768884117562e-06,-1.595971537267515061e-05
-1.285517595249193914e-06,-1.593644609177936858e-05
-1.742056086887412821e-08,-4.360445359629097834e-05
-1.299176308095424844e-06,-3.788228613257325656e-05
-2.037273370553790697e-06,-3.270155822917418683e-05
-2.472671741133189513e-06,-2.815256287172509083e-05
-2.491512312296206121e-06,-2.387401478768881312e-05
-2.210729896993000749e-06,-1.966741533283144084e-05
-7.406968036643623564e-07,-1.561202674865968263e-05
6.384950713279402607e-07,-1.146832828347435302e-05
1.349681221376991847e-06,-5.265831235601571651e-05
2.771441574662590344e-06,-5.450376025327152019e-05
5.448205011427095460e-06,-5.579300499012612979e-05
8.454394674423368935e-06,-5.656557968279328778e-05
1.076361911794082189e-05,-5.678854754485029979e-05
1.076568007656857112e-05,-5.569341700189333304e-05
9.577442116146935524e-06,-4.642847264600425414e-05
1.033696158301174365e-05,-3.835086997774443663e-05
1.049663988462506103e-05,-2.996422043806616683e-05
9.951921473754613847e-06,-2.172234591001973020e-05
8.489034852115206816e-06,-1.438724276797313148e-05
5.799362540851234198e-06,-8.684742097512841783e-06
-2.839028034437946203e-06,-1.244794052116443683e-05
-1.462507606106551698e-06,-1.565675992794887995e-05
1.317522969569990154e-06,-1.819152219981223342e-05
3.849492351807511284e-06,-2.061943221749315335e-05
6.304040345999122202e-06,-2.304186648286007361e-05
8.178543210909273314e-06,-2.616107409753412762e-05
-6.400534491265398960e-06,-8.999556363696554562e-06
-8.523898032016528461e-06,-1.317690690268367485e-05
-9.688126867283525421e-06,-1.907554912257701562e-05
-1.013599382654381831e-05,-2.559703441480573797e-05
-1.224862954934545674e-05,-3.527046182276199793e-05
-9.948486171630582613e-06,-3.685497144157422607e-05
-4.556688506077187944e-06,-3.666064431909950316e-05
1.568892524834791322e-06,-3.560260978637097670e-05
6.579345649605509704e-06,-3.367056588267659518e-05
-4.873757738722827889e-06,-5.987134965314584310e-05
-5.079695270433348659e-06,-5.206799666855661286e-05
-4.816416219159790887e-06,-4.462193149862493007e-05
-4.070439322799313805e-06,-3.703656104236956084e-05
-2.996489452628537712e-06,-2.902852605589306088e-05
-1.900134957949344671e-06,-2.061449224865962563e-05
5.217470017380812668e-07,-7.279506992963751682e-05
7.432998529529631793e-06,-7.463056947179220015e-05
1.231686381795896931e-05,-7.377977045843087274e-05
1.236679166338602156e-05,-5.881577207096290612e-05
1.280558709607713044e-05,-4.783963548751826711e-05
1.252579156736540239e-05,-3.696176210177125776e-05
1.142805211642162278e-05,-2.666556055069148589e-05
9.217031336593425536e-06,-1.788699220457856681e-05
5.482031955018764499e-06,-1.157817031190691811e-05
5.670012939875493077e-08,-1.050192692894310779e-04
1.524428056386998582e-08,-1.028847782513451494e-04
-4.183924466017081267e-07,-9.966462739389397136e-05
-1.079544814475518510e-06,-9.544763211951543230e-05
-1.778982038905478955e-06,-9.044019382323409569e-05
-2.454932959422676866e-06,-8.467896474020931432e-05
-2.918855589915968577e-06,-7.832879274636472746e-05
-7.687236051431278129e-06,-1.004855824201564800e-04
-1.526600100607486467e-05,-9.687153868684816784e-05
-2.246856449658776492e-05,-9.383004867085178741e-05
-2.747931988863062513e-05,-9.158848632345658073e-05
-2.714535135326784558e-05,-9.255066423507829010e-05
1.196244688438785919e-05,-7.282792249998979426e-05
6.004124397082681554e-06,-6.983044807896413768e-05
-1.257433181337645758e-06,-6.943142344514410835e-05
-1.402617727751834955e-05,-1.078032972928117718e-04
-1.033664510785669981e-05,-1.175628732315323006e-04
-6.588519110753421168e-06,-1.240702102542214189e-04
-2.886856864629755083e-06,-1.273232134250724425e-04
6.167306331744895391e-07,-1.274257753363724100e-04
3.860117104706400810e-06,-1.245686913264858349e-04
6.695186939331687117e-06,-1.190284268093687309e-04
8.902041160320696710e-06,-1.112468906666646331e-04
1.046377753893777403e-05,-1.017279592947629529e-04
1.120668429067480423e-05,-9.096066157038854233e-05
1.008704878164364337e-05,-3.684959182866782529e-05
1.013290419621502988e-05,-4.214427290478493337e-05
9.745363805129512820e-06,-4.782476570951832819e-05
8.998179665119420548e-06,-5.297016253281990825e-05
7.970863606557277063e-06,-5.659623623805954204e-05
6.727306400708070710e-06,-5.780021119522676194e-05
5.198164698150663553e-06,-5.662345579621356687e-05
8.414477596737648078e-06,-3.104380069698326546e-05
4.024678269427901171e-06,-3.081392124717375903e-05
-2.456449200754781808e-06,-3.140596469986658209e-05
-8.966675501793007510e-06,-3.275410160083781492e-05
-1.209785216631914778e-05,-3.570022602245835890e-05
1.077846425534250693e-05,-5.765724667488843561e-05
1.052316333544107121e-05,-5.538661610308655210e-05
7.742666589432301298e-06,-5.421420747229472182e-05
4.571010919676550049e-06,-5.336439203233009392e-05
1.949726942211466699e-06,-5.287237149952422248e-05
9.607454976466994322e-07,-5.277763886785049458e-05
-1.000891265158040418e-05,-4.852637623700999434e-05
-9.301643839448343339e-06,-5.645121829436543849e-05
-8.051010836931288587e-06,-6.345484705680550864e-05
-6.364022661034145921e-06,-6.920380188768791895e-05
-4.372391283364870124e-06,-7.338977690559778198e-05
-2.162432490965564780e-06,-7.579907905466843471e-05
1.382425623372881508e-07,-7.630565124376298663e-05
2.326098980353342503e-06,-7.492822714036379396e-05
4.369050992400567296e-06,-7.177079639451269984e-05
6.075311628295258242e-06,-6.698587417328858958e-05
1.755553178463789795e-05,-3.667143581141225569e-05
3.371645114307788907e-06,-1.761343192399425709e-05
9.760845743375819433e-06,-2.388666905956345312e-05
6.549110276576949835e-06,-2.162150513347259895e-05
1.377922741482453391e-05,-2.802258523261232754e-05
1.999829173062505684e-05,-4.958552964937270734e-05
-1.365164224476812739e-06,-3.815373995350275287e-05
-4.348804295803365851e-07,-3.250624581636342364e-06
-1.898317507884410265e-07,-2.362941918763391915e-06
1.987460761633729354e-05,-6.537837292947505782e-05
-1.266786006190669387e-06,-1.515237162484643532e-05
5.571851084620992864e-06,-2.140830735338321842e-05
-1.724774942326246954e-06,-2.415684096745548409e-05
-2.093362572199302947e-06,-1.624609585276546957e-05
-8.701872795122414956e-08,-3.881140424952440361e-06
4.126198036744970459e-08,-2.567471064567619273e-06
-4.036886789438457484e-07,-5.320740002033336625e-05
1.249487443539552936e-06,-2.238296657435964756e-05
1.797806798850862825e-05,-8.004737519036834450e-05
1.979604837176591693e-06,-1.681644006131459735e-05
8.316891533022445141e-06,-2.786314534825180326e-05
6.221647592078833061e-06,-2.489700899433887590e-05
1.676503189720584095e-07,-2.231127536893851056e-06
1.297250180222511761e-07,-1.624981295857348878e-06
1.068485238620330368e-07,-8.777773273898854614e-07
7.792844290288143929e-08,-7.140148180454329743e-07
5.186789326189461652e-07,-6.839722685587643959e-05
4.719372582010602248e-06,-1.900344177764411039e-05
1.554055560153100337e-05,-8.807029238091231645e-05
1.345174490050439470e-05,-9.552949250945322335e-05
1.055768408046724413e-05,-1.010623208015377483e-04
-1.295980572239016603e-07,-1.353985073065506813e-06
-2.199276285681189039e-07,-1.808235751699152949e-06
-8.460284418569152232e-08,-5.954437062716544647e-07
-1.107311092366179117e-07,-7.141696738484164435e-07
7.021101503662297229e-06,-1.067395802002304935e-04
1.597538310803340242e-06,-1.647516400011063870e-05
4.995734222448140704e-06,-2.830498431721362236e-05
4.936642987298313637e-06,-1.106231669920315728e-04
9.204201524005824967e-06,-3.569258978042666154e-05
1.879046070292138030e-06,-8.020981393795719881e-05
-5.165006675282728865e-07,-1.586749161557930604e-05
7.643876407420371714e-06,-2.617612795987488537e-05
6.565969191704872286e-07,-3.276713947805060971e-05
2.969375288351766468e-06,-9.239497996466514390e-05
-4.577926051567209459e-07,-5.199286305193246446e-06
-5.431105351408027427e-07,-5.672942912573056067e-06
-5.160791529615253259e-07,-4.494102796253919586e-06
-6.635142961593840290e-07,-6.082231192976194082e-06
-4.758706015886371775e-07,-4.937403044888670518e-06
-7.089977919981205830e-09,-3.875320995293651935e-06
-6.858753571887369834e-08,-4.058028133095997876e-06
-1.914310202764486396e-07,-3.210387761596878463e-06
-1.702534572330641324e-07,-4.257714807708395618e-06
-1.726922501337615396e-07,-3.500193600206782805e-06
1.445205586187191195e-06,-1.075369369660551122e-04
4.383711165990256863e-09,-4.919393218831815822e-07
5.468630481583028512e-09,-5.749768343290553933e-07
2.579001114846145061e-06,-1.011591686565518574e-04
-4.063401508971986183e-07,-3.995573990078405822e-06
-1.200828413123113539e-06,-6.328254068921799564e-06
1.025194899410796420e-05,-4.417354676038947849e-05
3.812511881381943810e-06,-3.287497283834696615e-05
1.536078769855241711e-06,-1.544482761654744770e-05
-3.537082582311814859e-07,-4.482838556078565888e-06
-1.021595077507136332e-06,-6.838140030406248392e-06
7.891158196999222654e-07,-1.134783518642385516e-04
-1.979447597492008430e-07,-5.008598283437674221e-06
-9.101906294572768560e-07,-7.234504879237655799e-06
-1.636172289204085665e-06,-9.076417893701235325e-06
-3.514122949682863008e-07,-5.823824978689567635e-06
-2.751732416140223552e-08,-3.414415983697433731e-06
-2.474827677771584153e-07,-5.027606350116867995e-06
9.287130519603953812e-06,-5.214042278336847362e-05
-3.755582593016661508e-06,-7.075352949888003455e-06
-2.105570982522125286e-06,-5.401332703829603555e-06
2.287238382424935246e-06,-1.133583409725810428e-04
8.758784189272841150e-08,-3.844988068867274441e-07
1.070614153837358937e-07,-4.475010444050393818e-07
-4.497079172896191292e-06,-1.332828220152592451e-05
-1.588090578118417331e-06,-1.418703994610157336e-05
-4.762865567127358913e-06,-2.908338855242305405e-05
-6.878094498844405876e-06,-6.781423699612805641e-05
-1.139124607877986451e-07,-1.062385397248403692e-06
2.333867899529257501e-07,-1.396526040419117945e-06
-4.718623884119870247e-06,-1.575108725565913466e-05
-2.227605656793679445e-06,-9.556903712844786456e-06
3.391293336017190117e-06,-4.093375582141693745e-05
1.622320977866819936e-06,-1.247273701959319132e-05
2.516459968411698682e-06,-8.893497457136807728e-06
2.732101697258115690e-06,-6.149381156745938489e-06
5.556786273389978591e-06,-3.777006464943121372e-05
5.450265295291242894e-07,-5.935342448683816033e-06
4.019840683644428931e-06,-2.051607934636796149e-05
3.968816152000636284e-06,-1.669136512121086375e-05
4.160776968437937559e-06,-3.380739705468360957e-05
2.153966146550766028e-07,-1.206373630259017866e-05
4.479364287430856428e-06,-4.181335633232944135e-05
-7.441684670902176614e-07,-1.546422565442040129e-05
3.172338429117623292e-06,-5.042225330796532126e-05
3.493238208989815990e-06,-6.434357190672060692e-05
2.306006171104644218e-06,-6.361360035437432976e-05
3.080451399517290192e-06,-8.408375510918850301e-05
4.887256597483166850e-06,-4.398990050128297213e-05
2.847413268507444628e-06,-1.060719146195695828e-04
1.125574897055698308e-06,-7.360676256227729325e-05
-5.231978236540769003e-06,-1.020286940193989770e-04
1.355748179768370862e-06,-1.223372839121278886e-04
-5.686495558814284409e-07,-7.668523584694847232e-05
-7.747129121279158537e-07,-1.283448844946235288e-04
-1.968407071975068328e-06,-7.185464470490429678e-05
-2.855834270995388493e-06,-1.218510749072875492e-04
-3.093228648459522611e-06,-6.030004842649979140e-05
-3.747496956585716172e-06,-4.421181341384850530e-05
-2.014126078223565304e-07,-2.562694298995367376e-06
-1.313382301165925715e-07,-2.840679500874112521e-06
-5.191119411886670410e-08,-3.340213820375795018e-06
-2.624749645989868210e-08,-2.671839013873629723e-06
-4.189355654214456075e-07,-3.553516990820887958e-06
-2.958439690450391559e-07,-3.921203476234041288e-06
-2.244381845343712159e-07,-4.699059321769131927e-06
-1.033031672644973195e-07,-3.650648301161089170e-06
7.764766522013854993e-06,-5.702421766362368528e-05
3.906835638816486731e-06,-4.811968870160886913e-05
7.796618247891112373e-06,-3.304568465969792018e-05
-3.666393101701567872e-07,-1.520369005759490390e-05
1.538003882306858048e-06,-7.022371977318752243e-06
-3.358271263810109448e-07,-1.585563396159049898e-05
-7.745036240852241908e-07,-6.525896112358475291e-06
-2.396371764417170083e-07,-4.428044672411834246e-06
7.970603466377956315e-06,-3.039543967443932221e-05
6.986193807703119724e-06,-2.683372208192864902e-05
-1.779891027466264590e-06,-3.100739702706063159e-05
6.308815666602995691e-07,-3.317045410884859007e-05
1.791167350063460383e-06,-3.893648411957082177e-05
3.637648985617385205e-06,-3.473320158116278056e-05
5.143200389637984136e-06,-3.978546628017054769e-05
6.812033288565465440e-06,-3.597327055125928904e-05
5.181291105412441598e-06,-3.142746005017608453e-05
8.228305878627954648e-06,-3.254750833209299726e-05
6.580651999759738148e-06,-2.880763722978320939e-05
8.578694887974628618e-06,-4.104143985449915284e-05
6.431394790645288233e-06,-4.553289963060119225e-05
1.032245110031875451e-05,-4.627305320226980824e-05
8.599794975604270236e-06,-5.129569176866703061e-05
9.349673619956848806e-06,-2.968886805748138249e-05
7.728032429527639864e-06,-2.669169345934238073e-05
1.201858561696040230e-05,-4.188587602993693542e-05
1.234596486054246197e-05,-5.162943309922589922e-05
1.027751582864921400e-05,-5.679949964713552424e-05
6.729628294698572055e-06,-5.628819749587643089e-05
7.913790719219549504e-06,-6.231921279272839521e-05
1.424518796142015572e-05,-5.688033194045703875e-05
3.955592547779996265e-06,-2.782813974892931901e-05
1.125901251630594088e-05,-3.354525904417316801e-05
1.008080412393778568e-05,-2.747022842390615954e-05
8.521740801826327400e-06,-2.505652011841293710e-05
6.497537909323344900e-06,-2.440924281133800467e-05
7.378631896132096104e-06,-2.334374715389533929e-05
5.677956456945726802e-06,-2.271753573372315744e-05
6.647816777443726986e-06,-2.224243663684249134e-05
7.879799695968550606e-06,-2.284025085651003847e-05
7.250712567920365931e-06,-2.236216251098821441e-05
7.922478783357791553e-06,-2.288539531760136898e-05
5.197165853691593602e-06,-2.150470453548492059e-05
7.408317644035285616e-06,-2.301422610806362157e-05
1.052343092001490380e-05,-2.568667824475781615e-05
7.008114114272830192e-06,-2.249385001675590560e-05
7.555182801247983159e-06,-2.346526299405084977e-05
5.776430268895891902e-06,-4.943792258695810455e-05
5.657955305088653695e-06,-5.576091533309163845e-05
-2.126910646217714777e-06,-6.857396604263775110e-06
-1.029967880529697179e-06,-5.241793214032182693e-06
-2.321569715453807934e-06,-2.083902424518395654e-05
-1.328640419691322301e-06,-2.132692843100150116e-05
-1.448438327818982801e-07,-2.388369567585184685e-05
2.577714299608623767e-07,-2.140317991399323739e-05
1.816613687068249991e-06,-2.345677476075123813e-05
2.044692458050818215e-06,-2.122236976925351718e-05
5.697299801134874203e-07,-1.960530888524949025e-05
2.128349342502130520e-06,-1.954119808481549582e-05
8.070274500253167646e-07,-1.832102670120741019e-05
2.102952211206039065e-06,-1.835058501780395738e-05
9.106366371303220907e-07,-1.740929988709520696e-05
3.863754319618896649e-06,-2.308526631047978894e-05
3.731605203559947552e-06,-2.585871127749621689e-05
1.967042868437879656e-06,-1.753335989106358169e-05
8.959679166014360149e-07,-1.680718611612789417e-05
-2.791360708287685492e-08,-1.657039972390395583e-05
-2.689213810531950211e-09,-1.614145933366891645e-05
8.152143533724454890e-07,-1.646565030030748512e-05
-7.901222022604380980e-07,-1.572852982137852454e-05
8.337265633727300934e-09,-1.599473074633268307e-05
7.071946211086395481e-07,-1.633680697207020156e-05
1.558884714480946201e-06,-1.672420836113662054e-05
-2.120779828350426186e-06,-1.904983161795661693e-05
-5.055526428507914697e-07,-1.823232187181000167e-05
3.402660547625064340e-06,-1.938932016885777535e-05
-1.221639478573986515e-06,-1.612965133644419551e-05
-1.688317097718476081e-06,-1.483809881999012680e-05
-8.040244091669382048e-07,-1.557983243317678649e-05
3.472578388669355464e-06,-1.986566847283729905e-05
-1.985758753686769540e-06,-1.442117070369334074e-05
-1.234739658397732878e-06,-1.533457531943159340e-05
2.903985405270178900e-06,-3.771065247468142426e-05
4.052566931470963410e-06,-3.251070451522197752e-05
6.428774074731883843e-06,-3.918390101345385672e-05
-6.623279192676024281e-07,-2.703461231798350351e-05
-7.205434218039460627e-06,-8.577565128538191912e-05
5.909670111208189935e-07,-1.595098664975143384e-05
4.681575886914702279e-07,-1.621934841914240261e-05
6.018785447692629977e-06,-3.071418904146891844e-05
-4.895449097645762962e-06,-3.568282565868970808e-05
7.191112179191184534e-06,-2.402058479180837566e-05
2.171581620968507128e-06,-2.893752279123127272e-05
-3.946880143558941191e-07,-6.147022932247711758e-06
-1.184030822879340914e-06,-9.036302668140258631e-06
1.374413997201837341e-06,-1.660889731765977581e-05
6.456811158436923719e-07,-1.633857227711005400e-05
2.131068518975284914e-06,-1.691176957487934850e-05
3.078233883821594649e-06,-5.737358070774023001e-05
3.904679862952231128e-06,-7.426866895369856124e-05
8.357255814308560155e-06,-2.334795189683065461e-05
-1.049354487365489112e-07,-2.200348935725288989e-06
8.469141028404535084e-09,-2.117244875960016635e-06
-5.521569239817170995e-08,-1.760721653948475539e-06
1.979376416692782625e-08,-1.680426806979003302e-06
-6.315852832856589181e-08,-1.386372378290860251e-06
9.320555072743593152e-09,-1.303065127669239765e-06
8.180726809305181555e-08,-1.622528973550093151e-06
-1.952997877134284322e-07,-2.946776351741024417e-06
-1.227334397675887070e-08,-2.798591416140083973e-06
-9.704227117616352352e-08,-2.283158583873249265e-06
1.910263793483339395e-08,-2.148661931333406503e-06
-9.484355488057104035e-08,-1.744253853516659147e-06
1.013126547047346556e-08,-1.613478545147805643e-06
1.093066994752604928e-07,-2.102614267011067517e-06
6.094873256607463496e-06,-2.517919397169148603e-05
4.239453595210311649e-06,-2.361954271287894884e-05
7.342816089956672518e-06,-2.373607263256208882e-05
4.214878465350747023e-07,-1.146139982371789071e-04
1.221512717471598874e-06,-1.140230877595287319e-04
2.400623363475822117e-06,-1.120435045745804255e-04
-1.160855076445914843e-06,-6.794098896349131002e-06
-5.282350460399496204e-07,-5.797059109405015316e-06
-2.203467604086804321e-06,-9.181193369776685436e-06
-1.404632934137878648e-06,-8.028390029399319508e-06
7.209143006839206871e-06,-3.699918823718474653e-05
-4.584304659344924894e-07,-2.779782647747359504e-05
-4.592809655742909592e-07,-1.410377924500153520e-05
5.725063772119540429e-08,-1.121659323303206678e-05
1.258009204990487038e-05,-3.082435836318164692e-05
-1.077661753885288247e-07,-1.042812842402441015e-06
-1.626254046446784422e-07,-1.331383361908980666e-06
-6.428882478105140766e-08,-1.054024824253464062e-06
7.006387324306776958e-09,-9.449901040828251582e-07
-8.725608845189083216e-08,-1.287208842657580084e-06
8.553841035525318484e-09,-1.136715042600719993e-06
-5.469069578026226305e-07,-9.541903772161589947e-06
1.000938504503534129e-06,-5.998267769112557229e-06
8.958978669273782780e-06,-2.395872310218563234e-05
1.033459055821332860e-05,-2.446204716535431520e-05
8.886401190287753643e-06,-2.336680095021017757e-05
-1.877274224296260094e-07,-7.938481611480108219e-06
-7.120208112782470637e-07,-6.621229828839484629e-06
-1.976879247188985199e-06,-1.247565384635011463e-05
-2.183151997448452226e-06,-1.010105288215293489e-05
1.383182583873898478e-06,-7.374033068060725457e-05
5.746359750174559567e-06,-7.579275449906949975e-05
6.241872771817438378e-06,-8.174424472106243381e-05
9.940420083050078122e-06,-7.761280088378867822e-05
1.031571368505988413e-05,-8.298281235083564665e-05
9.681631460788791771e-06,-7.215940613602801821e-05
1.380077562825306652e-05,-7.363972281019398602e-05
1.312336533141987013e-05,-6.849051717103854151e-05
6.877102667465110257e-06,-8.686579256218305406e-05
1.075871772769012734e-05,-8.788857253207227121e-05
5.449564597829706566e-06,-6.908290165153280139e-05
4.285518968229183476e-07,-6.141598698179888210e-05
-1.080887199879812901e-07,-1.368341263796656892e-05
1.259408583771594784e-06,-1.656744029141098517e-05
3.632742684847191983e-06,-2.095391610579789117e-05
7.675445673342262513e-06,-9.175552123545261817e-05
5.566196143679302899e-06,-9.537792767667238277e-05
8.713499018782411238e-06,-9.503709175885297587e-05
6.185958458339420095e-06,-9.865670733997832290e-05
-3.340924024141085057e-07,-4.502839886074127960e-05
1.244286417470225106e-06,-1.108037101876446708e-04
3.005763230223124897e-06,-1.092878298075890286e-04
3.343508890441275899e-06,-1.069262370451196299e-04
1.431242344846668795e-05,-8.427333344122593553e-05
1.175405466560402853e-05,-9.168953357831598043e-05
6.688111715008432007e-06,-5.764585826423981028e-05
-8.725956214840931884e-08,-8.518800645322764002e-07
-6.966700387576273851e-08,-7.173050114107818263e-07
-9.278039500836646652e-08,-4.023115350482515133e-07
-1.135220026644838307e-07,-4.703711085696122317e-07
-2.100503006881593739e-06,-2.298361325394072851e-05
-7.796345501431576621e-07,-8.013200802330944182e-06
-5.262187916529795170e-07,-1.232719809051126989e-05
1.393538490184279586e-05,-4.683118808161417266e-05
1.567054797957832341e-05,-4.239869138472143615e-05
1.319915069013737883e-05,-3.779823447617044015e-05
9.990859808138675627e-06,-3.696248584041302856e-05
2.334459705821933345e-06,-1.041132869352049366e-04
5.226703120907997891e-06,-1.020711936359229620e-04
4.958990768105184390e-06,-1.043538289507643901e-04
8.603084568345035251e-06,-1.002101901339784310e-04
7.472891211009304281e-06,-1.027646934486836145e-04
6.831299287377998392e-06,-1.048962540564123076e-04
3.373034028419437503e-06,-1.841180508466584484e-05
3.150964057533006433e-06,-4.832886946900815268e-05
-4.390198130112217900e-07,-5.524311316352960068e-06
-1.417358743330750193e-06,-8.283332987331825449e-06
1.290972237434253874e-06,-1.054152971027637027e-04
-1.406700657115613186e-06,-1.043438883771911366e-05
-1.990347292293444243e-06,-2.865149882672571815e-05
-3.464411333997984120e-06,-3.523778722030453608e-05
1.710208026904255199e-05,-6.969601344816344550e-05
1.769435418014612691e-06,-1.700641325530233299e-05
-2.606888261853000781e-06,-1.744865511464813005e-05
1.421049744114082057e-06,-5.344057475890834936e-06
9.141745594568499533e-08,-1.219890755597071605e-06
6.916928612709775103e-08,-1.001776921911323505e-06
4.809925876242556090e-06,-1.081254915174073268e-04
-1.620226001804832650e-06,-7.130282899085000833e-05
-4.637180198177660714e-06,-9.991266034897743227e-05
5.779015736329169258e-06,-2.280457614734337289e-05
2.328347417600873911e-06,-8.621328640640141239e-05
-1.108539259973333723e-07,-1.596497481629488324e-05
8.863600846037433441e-08,-2.020899926886815908e-06
1.035226879331501214e-07,-2.710496105305887616e-06
1.249809174158948859e-05,-6.278078912466980262e-05
1.697224695174973222e-05,-6.146754787806279563e-05
1.867417925023226298e-05,-5.702475655785338123e-05
1.634173155326047551e-05,-5.220717625368790407e-05
4.566496660409821098e-07,-1.008600185803971763e-05
-5.279720726214864774e-07,-7.663676322014299899e-05
-3.189552481208336459e-06,-1.185511825532635592e-04
-4.057306656358205679e-06,-1.136625863563076348e-04
6.644238077515767476e-06,-5.457078790206789704e-05
-3.533577579812870011e-06,-5.270463566535083709e-05
2.630727256394534657e-07,-1.268604306181686070e-04
-1.800891591089449937e-06,-1.267185983377513362e-04
-1.357723719810531229e-06,-7.520810058272432133e-05
-2.591992559209810196e-06,-6.679988642092127879e-05
4.100020483274966801e-06,-5.331575564423208277e-05
3.757636065594664658e-06,-4.251173667082981292e-05
-2.437366498595844978e-07,-1.427283024079830268e-05
1.859927330520734604e-05,-4.060492020806724282e-05
1.613460182670807563e-05,-3.318085453748502119e-05
1.941959009853768618e-05,-4.494418830616216917e-05
4.004466311743062858e-06,-1.821035520058195004e-05
2.838626645711888636e-06,-1.759083104618343045e-05
7.314883555729240949e-06,-2.380630332948320004e-05
5.576147074184186619e-06,-2.009430777999799496e-05
2.555167100862816657e-07,-1.895725470785958585e-05
-5.489497885749705446e-07,-1.094047523114099303e-05
-1.755034713466823478e-07,-9.352232484571022708e-06
2.440533651374995421e-06,-1.714930706384092517e-05
7.442468779587603520e-06,-2.389707780230714010e-05
5.425795519657593338e-06,-2.628152965216226213e-05
1.533920068040097688e-06,-1.613752842085145980e-05
4.031534074024185336e-06,-3.054369766200594753e-05
1.880021485927709478e-05,-7.468682161089518657e-05
1.027339828656762949e-05,-3.969544154491716411e-05
9.260638602358528675e-06,-3.152223442090177865e-05
6.443605907169697924e-06,-3.001998577452538150e-05
-4.617985318304211014e-06,-2.227130651993132813e-05
-6.645604541715678266e-06,-4.798286755201077613e-05
-5.727583692180341512e-06,-2.881613998864940567e-05
-4.497877148866819072e-06,-1.018592342049870505e-05
-2.384812428403437344e-06,-6.912788774114547074e-06
-1.899787096595178071e-06,-1.214006677584856724e-05
9.369986654706415467e-06,-1.033455661226970955e-04
1.195734274356907358e-05,-9.849513721144854072e-05
6.656199994468946752e-06,-5.873766433271895295e-05
-9.267543362531381416e-07,-1.557300169231713212e-05
6.252965514453819230e-06,-4.466235124796312240e-05
6.109508941020731815e-06,-2.697976926886802785e-05
-7.370631969608138343e-07,-1.554905713247140841e-05
-5.318549500289593128e-07,-1.338358892844030692e-05
8.156038006466666596e-07,-2.606120373806348876e-05
6.266238937521314404e-06,-2.169385571268328899e-05
5.587440468853123234e-07,-2.476921798967095416e-05
3.710168090682851852e-06,-1.121896433001417186e-04
5.993969436504405794e-06,-1.088357509078415194e-04
1.219979924603140934e-05,-2.601255003593070276e-05
1.486368405086228297e-05,-3.025256505480075479e-05
9.241828409050567236e-06,-4.880593471295697556e-05
4.909345448403148146e-06,-1.892391000338737713e-05
1.207487560787760399e-06,-1.823719670227226324e-05
3.514885367654278291e-06,-2.042820109877684006e-05
-6.663570120120199332e-07,-1.360013931979291563e-05
4.007785937961101288e-06,-3.680089805760775750e-05
4.658138611597644329e-06,-9.447756093828023772e-05
-1.771767110644861894e-06,-1.486778936070753226e-05
1.596554890500376815e-06,-1.421957631746586616e-05
1.714854635013435172e-06,-1.666776711442252950e-05
-2.505877349543302081e-06,-1.335478941314675359e-05
1.402960298968183616e-05,-7.886260584146108301e-05
1.219898685448171438e-06,-4.043171100848358174e-05
7.106843299268418361e-08,-3.355486219739992528e-07
8.501061989548141899e-08,-3.882913058815657531e-07
-2.131527183754737142e-06,-1.659997030021991997e-05
4.538506818735403109e-06,-5.235662212946338843e-05
1.440265446857470061e-05,-3.490116575393964357e-05
4.088982337993214666e-06,-6.232098550594209754e-05
9.631417689556627618e-06,-6.687649708579876677e-05
-9.231576483417421201e-07,-1.949920422588840880e-05
2.302989340060113179e-06,-3.001906621607875090e-05
-1.750535075654980382e-06,-6.324374281017716697e-06
-1.345434082985823778e-06,-4.664488657944363617e-06
6.607715115257464293e-06,-2.532530704216555973e-05
-9.465428210787474554e-07,-3.372801211938655203e-06
4.123863330373843271e-06,-1.100749602139053395e-04
-2.166803876965539876e-06,-6.021394949791470145e-05
-4.632738441765856407e-06,-7.861007840640293312e-05
1.124600688625202939e-07,-1.868766327063416021e-06
7.609893486130698518e-08,-2.837528983307700959e-06
1.115112628218735765e-07,-2.690213683483273238e-06
1.149145629306896100e-08,-4.026682304970231450e-06
7.118775859702368319e-06,-3.318936803677531458e-05
-7.102712665598622620e-07,-1.499744003981653113e-05
-3.736343114978438917e-07,-2.418691272431402691e-06
-1.921272711681829585e-07,-1.748378765007793560e-06
5.947700470905534170e-06,-7.836968874622916555e-05
1.024299369939752159e-06,-3.322269308772149378e-05
5.295530382955193808e-06,-2.588551538836538469e-05
6.483433874298260734e-07,-2.835321329134613822e-06
-1.662708051171020255e-06,-1.793994319586792423e-05
1.303593566844190576e-06,-3.528047222083486451e-06
-2.552957903725502806e-07,-4.472607749399743871e-06
-2.586140710500794019e-07,-1.723866795688407542e-05
-2.174116787926739681e-06,-5.369505920648234111e-05
-4.316589803913592646e-06,-6.881051485360119941e-05
8.608148795644208242e-06,-5.500712056899420473e-05
3.605088492540835810e-06,-2.180887348208878837e-05
-8.384021362878452569e-08,-3.900431140306251485e-07
-7.012829899664825461e-08,-3.359442903221678965e-07
-2.746146384776715629e-07,-1.907478818948620128e-06
-1.527414193423802883e-07,-1.397194329066942086e-06
-1.187313630301875920e-06,-1.502259983663656961e-05
-2.387461719689779753e-06,-4.614031030181523044e-05
-4.417751403271156717e-06,-5.825784358749594080e-05
-8.611868032403185409e-08,-7.758160683084151768e-07
-1.217195685275385537e-07,-9.600768300063965218e-07
1.007541423112752396e-05,-9.724267243908316376e-05
8.693044534821820597e-06,-1.049674285049809826e-04
-2.296881287346586368e-06,-3.748037247968726487e-05
-1.351949467650195518e-06,-1.320943399852636320e-05
-4.065116475776569116e-06,-4.661136132564880862e-05
3.899916158247036402e-06,-1.083146743446679355e-04
1.794212692090239921e-06,-4.871707424427692640e-05
3.517745722710434329e-06,-5.493160862188718827e-05
2.689274512092078942e-06,-1.182505201998253420e-04
1.750445522734116219e-06,-5.676025358167007190e-05
1.477109886307494942e-05,-9.214877264075795906e-05
4.904440351460571146e-06,-2.088983513913559385e-05
1.504613928337773902e-07,-1.515064827910047436e-06
1.077314542847254461e-07,-1.149542940450951109e-06
1.517038879528641039e-06,-6.391312282159901088e-05
1.411522241780627529e-06,-1.248093471296997175e-04
3.955731215094003219e-06,-2.477732705626806457e-05
4.091082355422383292e-06,-3.037237350926001316e-05
4.271192099923910720e-07,-9.056078495453117754e-06
1.013402127189634393e-07,-1.630566231993499458e-06
7.448331480326231472e-08,-1.299621089566198928e-06
1.203379096001175651e-07,-1.279817220054533286e-04
1.142294950086922259e-06,-6.977777928100778525e-05
8.037577004673026059e-06,-2.516088796307815447e-05
-1.425803786387248579e-06,-6.884647376694672076e-06
-1.524449280950012888e-06,-1.949570937258610537e-05
-2.654568864366316009e-06,-2.392325539619770820e-05
6.327817499185755444e-07,-7.401633629719899562e-05
-1.151398846428559016e-06,-1.278512786216008407e-04
1.019426716950551056e-07,-6.511651224183650446e-07
7.860579019866898553e-08,-5.458706715810010239e-07
3.805650272132944754e-08,-7.634919624042109973e-05
-2.276557599781012206e-06,-1.245395799716185090e-04
-2.393212372345602005e-08,-7.031913485572845910e-06
2.714582266647663798e-07,-5.182926621710508039e-06
4.156747933346958745e-06,-1.094449151367937719e-05
4.106269623293363506e-06,-1.389269482199629682e-05
2.779597629800616081e-07,-7.609120358688900609e-05
2.019983690329160026e-06,-1.150806234341249245e-04
2.971251817255463291e-06,-4.449878887831159251e-05
1.227831329793539891e-05,-2.811895523218583550e-05
-4.007342425369457770e-06,-1.100623526200242893e-04
-1.103978934861184288e-06,-7.490260968541900810e-05
1.669127875053423042e-06,-6.932968741171586038e-05
2.807363730533911063e-06,-9.543727605536273364e-05
9.498970217050272606e-08,-8.196741739653483924e-07
7.602051660114110328e-08,-6.920966922213318014e-07
-1.989968601205816650e-06,-6.620808588740198139e-05
-4.857562695809913181e-06,-8.898634080339374360e-05
8.809971726727798464e-08,-8.959559768335677157e-07
1.243398277200890937e-07,-1.138114020157677714e-06
-2.361233062821112275e-06,-1.760608311531466991e-05
2.832470403086061814e-06,-1.722759700976898275e-05
8.577905872867026929e-06,-2.374897752031959966e-05
1.638939536206511021e-06,-1.023141784677368215e-05
-1.557262130398347214e-07,-4.102749093850911313e-06
-5.558376529352373854e-07,-5.904014863586674452e-06
9.973211472960546559e-07,-1.141634049886300996e-04
-1.807423014695079785e-06,-1.512091389494765129e-05
7.381619453532695553e-06,-4.585722266125060088e-05
1.128531606664689411e-05,-2.485735756124837707e-05
2.797891334755093070e-06,-2.505273834621096017e-05
6.872269107715507469e-06,-5.771290682885284607e-05
-2.476607758478465568e-05,-8.796252543231977369e-05
1.771958757758002007e-05,-8.388229052499239036e-05
-1.206458797430332787e-05,-3.587741898825173609e-05
-9.240905139012505399e-07,-7.014499268035016153e-06
-2.646796757293071175e-07,-4.796811029133625857e-06
-1.218597863549053582e-06,-1.714608845270191426e-05
-3.017535122591523705e-07,-5.227345210197887445e-06
-5.511291747370728048e-08,-3.631891166186402564e-06
7.648025596451802689e-06,-2.328367013363122793e-05
1.362306209241505438e-06,-2.590071415497829037e-05
4.814341845997403184e-06,-2.051906076805633930e-05
-9.812933692021397670e-07,-7.157451250166129901e-06
-1.666296309027183501e-06,-1.006418846496443659e-05
1.135425422858400196e-06,-1.647545744183696019e-05
-1.737544037966739944e-06,-8.862758712267841373e-06
6.770096157495439017e-06,-5.046912612425501584e-05
2.072998991995510091e-05,-6.069293689798231249e-05
1.958831358862093009e-06,-2.046925820707393365e-05
5.147577889103000271e-06,-1.062696934526340418e-04
-1.304545558274384728e-06,-1.511077068515348288e-05
-2.791862952050490042e-05,-9.124484792445785675e-05
4.266871275333477563e-06,-2.866680463700871460e-05
2.394628334547076122e-06,-9.806007437441674728e-05
1.292113094000968990e-05,-7.381097067426000476e-05
1.009380186218078056e-05,-5.683176480422416139e-05
2.053141379149050683e-05,-5.366170891192374503e-05
6.865947089670440782e-06,-5.772174151904802626e-05
-2.945020022882486534e-06,-1.112498699006844093e-05
3.481893972890280558e-06,-1.116766495848261072e-04
-4.192484226898711111e-07,-5.745603131406208328e-06
-1.379352357260809862e-06,-8.495985778566219002e-06
6.190501054184504604e-07,-1.506600614809594607e-05
-1.911094491432042424e-07,-1.603896822032358565e-05
5.807336959437020926e-06,-3.391987355705754654e-05
-4.717101723984071566e-07,-1.238802831521670335e-06
-2.049403792599524850e-06,-1.482143307526869823e-05
1.640137938578729285e-05,-6.601558424378144380e-05
-1.446901736491462720e-06,-4.353275433752689179e-06
-8.289776958058189764e-07,-3.354517812344243561e-06
-2.081966131112420114e-06,-1.173783370852417656e-05
1.704588372980105545e-05,-4.712356600053745688e-05
1.113777110779362733e-05,-5.645557236978076317e-05
1.393907222512514272e-08,-3.520395495819423129e-06
5.332751889466271303e-08,-2.549768282240441799e-06
6.879565863476477634e-08,-1.708651350799615001e-07
8.054204438439438585e-08,-1.950757239766083354e-07
-9.052264041460009436e-07,-7.407614857035449201e-06
-1.701111143886847818e-07,-5.216922875243367016e-06
7.027424106589153591e-06,-5.640231049597443772e-05
6.623056066479301890e-06,-2.240136950966542038e-05
6.655231010032572522e-06,-2.842005693653370325e-05
-7.370131221144217394e-08,-1.861856252630309013e-07
-8.664963410494343235e-08,-2.139045396657326427e-07
2.433884414625789322e-06,-1.130307730128295624e-04
5.824147978877123833e-06,-5.034713954956470468e-05
1.146066819239551700e-05,-9.456259024724972457e-05
4.421554165046901867e-08,-1.611807139807929637e-05
1.021138197662687894e-05,-7.308050961630497796e-05
1.588854949889899692e-05,-3.827517215884063861e-05
-2.876608971210007580e-06,-4.937116117982127546e-06
-5.880557281589528804e-07,-1.563416776207370278e-05
2.468915777528116296e-06,-1.702126366840629027e-05
7.001616015634632853e-06,-2.421823068834649831e-05
5.509591867267805964e-07,-1.632041031841951001e-05
-1.158001829457317678e-05,-3.543889370459847333e-05
-2.021654736175876838e-06,-1.547312983556053172e-05
7.176024935824469597e-06,-2.514235310958554804e-05
-1.531355859393050958e-07,-2.135094530973433514e-06
-2.904313740078415616e-07,-2.904775909825356399e-06
7.638595885086059623e-07,-1.230446519762183310e-06
-2.673576497871677041e-07,-5.548619473651394096e-06
4.399619003306642327e-07,-3.632274109815407631e-06
-6.693552028980712538e-07,-1.049760109355662487e-06
2.075052426962918417e-05,-6.975876527416320411e-05
5.668751059745700985e-06,-3.556339084940138523e-05
6.689292636511316124e-06,-5.401405078430703195e-05
7.832122562396711527e-06,-4.259932033906433291e-05
4.636555971437183301e-07,-9.390984783469475767e-07
5.727957423750698483e-06,-2.732917110514820335e-05
7.010443263014078281e-06,-5.193630878338921042e-05
3.290632804401573959e-06,-1.053781697403137436e-04
1.311896765589903026e-07,-1.173064618579366321e-05
5.778269060977179782e-06,-5.703660021500714557e-05
1.072029488028314929e-06,-1.138658807795068730e-04
-8.862178066006994470e-07,-7.805295537136367913e-06
-2.454933939147844487e-06,-1.171529973089914830e-05
-1.961818446597715789e-06,-9.469161465755508692e-06
-7.458409966572375073e-07,-6.367177646349525830e-06
6.056260474887900084e-06,-4.042413859299463606e-05
-1.061451973591058931e-07,-1.422086759223111913e-06
-1.735822381442900131e-07,-1.860942722123420549e-06
1.210246465790787762e-05,-2.682835779202480945e-05
7.517084181145921432e-06,-2.826497383752924511e-05
1.059651613092368219e-06,-1.629934824640296475e-05
-7.200926665158137041e-07,-1.286678644378907413e-05
4.378053475504824394e-06,-1.936793585653830398e-05
3.285617459561521278e-06,-4.315719494878843585e-05
1.676383728821477120e-06,-2.691962698567695688e-05
