Size 979,2
0.000000000000000000e+00,0.000000000000000000e+00
0.000000000000000000e+00,0.000000000000000000e+00
0.000000000000000000e+00,0.000000000000000000e+00
0.000000000000000000e+00,0.000000000000000000e+00
0.000000000000000000e+00,0.000000000000000000e+00
0.000000000000000000e+00,0.000000000000000000e+00
0.000000000000000000e+00,0.000000000000000000e+00
0.000000000000000000e+00,0.000000000000000000e+00
0.000000000000000000e+00,0.000000000000000000e+00
0.000000000000000000e+00,0.000000000000000000e+00
0.000000000000000000e+00,0.000000000000000000e+00
-1.134417470246665679e-06,-1.551188109119720600e-05
-1.177518992091338549e-06,-1.537609965305427486e-05
0.000000000000000000e+00,0.000000000000000000e+00
0.000000000000000000e+00,0.000000000000000000e+00
0.000000000000000000e+00,-1.126622096836096815e-04
0.000000000000000000e+00,-1.138879935942880656e-04
-1.078646556335476122e-06,-1.074310212526552298e-04
-1.918114240645912396e-05,-7.754714884877227815e-05
0.000000000000000000e+00,0.000000000000000000e+00
-1.507917664971639874e-06,-8.365615971199170923e-06
-3.969124300504028533e-07,-1.078614275371171385e-05
-2.783737709521846429e-06,-1.356084327206385876e-05
-2.805320900405297707e-06,-1.662351326467894434e-05
-1.385336259422697417e-06,-1.230986343095325785e-05
-2.099280703315867424e-06,-1.568483166617239624e-05
3.477156771079622714e-07,-1.940633538931925642e-05
-1.843256876068502360e-06,-2.283847099772351997e-05
-2.009072128502651870e-06,-6.895061396907981624e-06
-2.054490650926023161e-06,-1.487493695448798467e-05
-1.085237441815577509e-06,-1.583429414598571045e-05
1.710172549988383267e-06,-5.040692087395767318e-05
2.236285750494033513e-06,-7.777709243269178443e-06
8.316365147345299334e-06,-5.427844778180395693e-05
-3.720136929110375370e-06,-9.008162488793419021e-06
8.172688203679678078e-06,-3.234496076797216597e-05
-1.018144184702178094e-05,-3.377672451986427960e-05
-3.633273561546268199e-06,-6.718323692366852005e-05
8.999468419086299614e-07,-1.261076353165349903e-05
1.098343651928376765e-05,-6.842565053679974525e-05
-1.146979395281089889e-06,-1.035426962261263038e-04
-3.267193633281725612e-06,-6.945984208475517059e-05
-1.728264753540762326e-05,-9.388641453333318508e-05
1.074457480507851698e-05,-7.676987297578413217e-05
8.655926774413982619e-06,-3.371192445923120845e-05
3.010352369372811729e-06,-5.344405180824907527e-05
-1.012389721175974611e-05,-4.076978226835166708e-05
7.436903799598995249e-06,-6.068859252757473387e-05
-5.114252263321552814e-06,-1.082275040461382279e-05
-8.133349731407963888e-06,-1.861876308394220934e-05
-1.052117784438286466e-05,-2.812727455407382555e-05
-1.203925323842237474e-05,-3.886825558582556269e-05
-1.272594930478565155e-05,-5.014068344933431505e-05
-1.268647724514661202e-05,-6.099713180058295194e-05
-1.255129972388970176e-05,-7.120771758690306349e-05
-1.267349363862531432e-05,-8.126539954836157467e-05
-1.267816848968980368e-05,-9.166601381371434565e-05
-1.174859748879838853e-05,-1.022034219312573995e-04
-9.959069703928156650e-06,-1.114956358703878811e-04
-7.481567625180955306e-06,-1.188867826966842254e-04
-4.441431719050568630e-06,-1.238349865926387694e-04
-9.732057172784658321e-07,-1.259493680031408555e-04
2.771426722718071337e-06,-1.249407062363053916e-04
6.660150232748656932e-06,-1.206293750952223113e-04
1.056252026104137227e-05,-1.129614783621741636e-04
1.436847779913418631e-05,-1.019622330413699171e-04
1.791844013683738709e-05,-8.751086198050630788e-05
2.075699585558502655e-05,-6.948109166231140237e-05
2.139368704060889666e-05,-4.867067101914664655e-05
1.824479078662827444e-05,-2.762988927097197685e-05
1.064184213407780767e-05,-1.071279113255089728e-05
0.000000000000000000e+00,0.000000000000000000e+00
0.000000000000000000e+00,0.000000000000000000e+00
0.000000000000000000e+00,0.000000000000000000e+00
0.000000000000000000e+00,0.000000000000000000e+00
0.000000000000000000e+00,0.000000000000000000e+00
0.000000000000000000e+00,0.000000000000000000e+00
0.000000000000000000e+00,0.000000000000000000e+00
0.000000000000000000e+00,0.000000000000000000e+00
0.000000000000000000e+00,0.000000000000000000e+00
0.000000000000000000e+00,0.000000000000000000e+00
0.000000000000000000e+00,0.000000000000000000e+00
0.000000000000000000e+00,0.000000000000000000e+00
0.000000000000000000e+00,0.000000000000000000e+00
0.000000000000000000e+00,0.000000000000000000e+00
0.000000000000000000e+00,0.000000000000000000e+00
0.000000000000000000e+00,0.000000000000000000e+00
0.000000000000000000e+00,0.000000000000000000e+00
0.000000000000000000e+00,0.000000000000000000e+00
0.000000000000000000e+00,0.000000000000000000e+00
0.000000000000000000e+00,0.000000000000000000e+00
-4.097745938123828751e-06,-8.508653033067529428e-06
-6.431633220005162012e-06,-1.534188221313010869e-05
-8.061491711902675307e-06,-2.345964140219876547e-05
-8.880807240120844245e-06,-3.226260195796403559e-05
-8.967207158569197894e-06,-4.111920594682912019e-05
-8.443637192683775983e-06,-4.932555831355243985e-05
-7.687557321423810786e-06,-5.662586187112211302e-05
-6.856779384341079742e-06,-6.309963991746270152e-05
-5.806486207023841286e-06,-6.877613047853298721e-05
-4.284527182987904631e-06,-7.338154787177813112e-05
-2.435502793303815562e-06,-7.630060567493876251e-05
-4.118940857773378715e-07,-7.734259301731196562e-05
1.659526501883072344e-06,-7.639415468087096359e-05
3.641323550591757398e-06,-7.349186548734547937e-05
5.386047335945122802e-06,-6.877024089829871217e-05
6.755715742131012385e-06,-6.247694094486769300e-05
7.604461808817906180e-06,-5.498988584139188310e-05
7.760961487496615047e-06,-4.705693742188405267e-05
7.522857290976895250e-06,-3.917507316336673277e-05
7.153960429123189883e-06,-3.142212921840707062e-05
6.543574652107232965e-06,-2.368628915881167818e-05
5.263419176818122416e-06,-1.616728244104041398e-05
3.299819348801798458e-06,-9.429285279878427527e-06
0.000000000000000000e+00,0.000000000000000000e+00
0.000000000000000000e+00,0.000000000000000000e+00
0.000000000000000000e+00,0.000000000000000000e+00
0.000000000000000000e+00,0.000000000000000000e+00
0.000000000000000000e+00,0.000000000000000000e+00
0.000000000000000000e+00,0.000000000000000000e+00
0.000000000000000000e+00,0.000000000000000000e+00
0.000000000000000000e+00,0.000000000000000000e+00
0.000000000000000000e+00,0.000000000000000000e+00
0.000000000000000000e+00,0.000000000000000000e+00
0.000000000000000000e+00,0.000000000000000000e+00
0.000000000000000000e+00,0.000000000000000000e+00
0.000000000000000000e+00,0.000000000000000000e+00
0.000000000000000000e+00,0.000000000000000000e+00
0.000000000000000000e+00,0.000000000000000000e+00
0.000000000000000000e+00,0.000000000000000000e+00
0.000000000000000000e+00,0.000000000000000000e+00
0.000000000000000000e+00,0.000000000000000000e+00
0.000000000000000000e+00,0.000000000000000000e+00
0.000000000000000000e+00,0.000000000000000000e+00
-2.179020340255868644e-06,-2.228102180516085918e-06
-3.227598856067104388e-06,-5.193210079503865518e-06
-3.560018600414932994e-06,-8.500266931876696212e-06
-3.316695041917461676e-06,-1.154294609053185216e-05
-2.631339308537525819e-06,-1.390408714585388868e-05
-1.642047934181287007e-06,-1.523053090836043286e-05
-5.799964776493999220e-07,-1.538171994748780636e-05
4.236656834685158847e-07,-1.437818798319177754e-05
1.173479800576310059e-06,-1.232907178511770949e-05
1.446433838366148165e-06,-9.527450439782802593e-06
1.223722328745292567e-06,-6.284419760983153707e-06
0.000000000000000000e+00,0.000000000000000000e+00
0.000000000000000000e+00,0.000000000000000000e+00
2.583852864783931169e-07,-1.483733055848519181e-05
1.425629198531124165e-06,-1.320404399203180825e-05
2.277876604785542249e-06,-1.076357560637617875e-05
2.690324821608217550e-06,-7.800706234523061558e-06
2.571793877518971380e-06,-4.716179470391054054e-06
1.788995432463608123e-06,-1.996134446820262526e-06
-1.231859215695489838e-06,-1.560605712334268324e-05
-1.635509047197483769e-06,-1.572640346936386724e-05
-1.958576619227584806e-06,-1.574993860922322997e-05
-2.135346416664282984e-06,-1.567322966756335936e-05
-2.080665718806063433e-06,-1.555102934377310570e-05
-1.764004574287018427e-06,-1.372934358560787152e-05
-2.281005735077046119e-06,-1.105887551233878460e-05
-2.508778481229693092e-06,-7.028108580957929773e-06
-1.941186589068944771e-06,-2.732345309925794315e-06
0.000000000000000000e+00,0.000000000000000000e+00
0.000000000000000000e+00,0.000000000000000000e+00
1.967266098206915160e-06,-1.122897128626374993e-04
3.792136134464385045e-06,-1.113777648740806178e-04
5.452953737465800707e-06,-1.099920080118509482e-04
6.891018466837441604e-06,-1.082893427681672223e-04
8.161271250158270440e-06,-1.064387098465066069e-04
9.353032442215680647e-06,-1.044895756877417217e-04
1.063801280676299343e-05,-1.025140006080508561e-04
1.202684866498162406e-05,-1.003492700660372800e-04
1.353027502619224907e-05,-9.788125760133680722e-05
1.511135368089185493e-05,-9.502813927121700791e-05
1.669651271571924342e-05,-9.174423577407041415e-05
1.820341802017686874e-05,-8.804325019445494041e-05
1.954460907497951284e-05,-8.398260161164781122e-05
2.075680175402288202e-05,-7.960534244196566084e-05
2.173875485383583829e-05,-7.502966478504755640e-05
2.252056977457229849e-05,-7.027389828107733904e-05
2.307126208279362833e-05,-6.534296296585028765e-05
2.334504815047134976e-05,-6.040814700924553108e-05
2.327670478755675470e-05,-5.542427675213424044e-05
2.293088967035747090e-05,-5.053423632296454862e-05
2.222867213890491222e-05,-4.590137098686788037e-05
2.118922384232024898e-05,-4.158116729938171217e-05
1.988492406977060087e-05,-3.771425903501000648e-05
1.836252578162631414e-05,-3.434788279823405881e-05
1.674159063740165260e-05,-3.157386354573503867e-05
1.505926212067448279e-05,-2.932808604413303862e-05
1.332055014113953203e-05,-2.754296302111415207e-05
1.160970552573156502e-05,-2.623645144185238345e-05
9.844392826634284691e-06,-2.542298521108898862e-05
8.190768056538223109e-06,-2.511599025932863109e-05
6.532292290933567420e-06,-2.535575330368878950e-05
5.051218738598942097e-06,-2.609205503134033493e-05
3.693339397018941291e-06,-2.733376330293478217e-05
2.549528953466965665e-06,-2.905004121193152300e-05
1.655259387518697579e-06,-3.111874107920729388e-05
8.644036752569330728e-07,-3.356195395398726858e-05
2.222624699818935255e-07,-3.651733372248174692e-05
-1.422340717625342055e-07,-3.993366808431722997e-05
-1.827249185513782249e-07,-4.374388246182001213e-05
2.092147900480243761e-07,-4.769613274965998423e-05
1.038958740102457280e-06,-5.143062062866761956e-05
2.333625741156438172e-06,-5.457383679218557270e-05
3.850485996115015472e-06,-5.678352410527034061e-05
5.771611593665015684e-06,-5.784793323081816117e-05
7.663471037816578144e-06,-5.760920609289648216e-05
9.396727873504652869e-06,-5.611690695835765515e-05
1.089290277939881736e-05,-5.365018384652258304e-05
1.212930935239370272e-05,-5.034666308564311071e-05
1.297523909610561085e-05,-4.639417609916193514e-05
1.332288653112412284e-05,-4.202487030490748276e-05
1.310993685894384132e-05,-3.766890491521348070e-05
1.250388019488052186e-05,-3.367975659679906751e-05
1.156410459752348458e-05,-3.012255389562641767e-05
1.048008546131905987e-05,-2.712771778461723506e-05
9.293153029565706194e-06,-2.463633239530554068e-05
8.080917414972029451e-06,-2.263569515132107446e-05
6.949996428369231524e-06,-2.103916534433945327e-05
5.885426523563423639e-06,-1.979048351208839465e-05
4.926092558523537137e-06,-1.884090498945538661e-05
4.079051222282947888e-06,-1.814109165829033056e-05
3.342639859600964203e-06,-1.763892104766327128e-05
2.733410211615682244e-06,-1.728768153529830566e-05
2.272938168798332624e-06,-1.706560838695897201e-05
1.971449263604963598e-06,-1.688282142231774361e-05
1.850873196639142371e-06,-1.667707409915161903e-05
1.931351046859995439e-06,-1.634911704981670684e-05
2.190396339320825780e-06,-1.578354730809319886e-05
2.605654492958023041e-06,-1.479635247288357975e-05
3.081051108349386394e-06,-1.328413290211949404e-05
3.481951257321252043e-06,-1.114744161842993209e-05
3.640680330451774068e-06,-8.398022104596375177e-06
3.313158997240964480e-06,-5.350559194109448578e-06
2.271070526533525482e-06,-2.428964342431060984e-06
0.000000000000000000e+00,-1.130812148418298296e-04
0.000000000000000000e+00,-1.135476057086768752e-04
-4.906499382612464573e-07,-1.132072228878434921e-04
-9.383391893578748544e-07,-1.112696580503975876e-04
-2.549872954440396519e-05,-8.540981510055352182e-05
-2.658166972956656907e-05,-9.336753463167515562e-05
-2.097044015921486313e-05,-9.819585223596429869e-05
-1.383346945061473725e-05,-1.022241265306225028e-04
-6.395088905762778439e-06,-1.054673921421368625e-04
-9.797001022893552918e-06,-8.835635270779590477e-06
-1.634549720711107838e-05,-2.151121306095686890e-05
-2.004562214928590132e-05,-3.829970624027956918e-05
-2.111010262192913225e-05,-5.701072458292350556e-05
0.000000000000000000e+00,0.000000000000000000e+00
-5.196369964246265318e-07,-6.129423633863288138e-06
-1.168219651325449242e-06,-8.965200715993050729e-06
-3.182339286550254206e-06,-6.369019129964046064e-06
-3.864973019246789731e-06,-8.315250270519305791e-06
-3.779151900113395866e-06,-1.085271110682850890e-05
-3.148712880895824322e-06,-1.311083081789667266e-05
-2.742390463434305576e-06,-9.962652483219889784e-06
-3.400712455582010606e-06,-1.229843256321893549e-05
-2.833721398093049092e-06,-1.376247146260176521e-05
-2.156004563581865807e-06,-1.475881833293627046e-05
-1.498603580878429284e-06,-1.537439066586854339e-05
-1.086711609138338038e-06,-1.572775013703517079e-05
-1.847581764161645674e-06,-1.522875762394495663e-05
-2.078623343929883745e-06,-1.564586704529309308e-05
-1.991035893642913410e-06,-1.588812267898912344e-05
-1.760124302697084772e-06,-1.600174222050838651e-05
-1.441769477716786843e-06,-1.598467832025597733e-05
-3.981709001593297101e-07,-4.371146956325426878e-05
-1.633532220469417080e-06,-3.794355739037326306e-05
-2.326420758653953897e-06,-3.273449962607041032e-05
-2.722704875375614852e-06,-2.816874531265542924e-05
-2.703939228542622074e-06,-2.387812543022153834e-05
-2.387022398330623971e-06,-1.966067172123083838e-05
-8.688661762697468232e-07,-1.559664079265693043e-05
5.634428541223077440e-07,-1.145008523915111936e-05
9.447468669452098887e-07,-5.289064034351143435e-05
2.443582054412368363e-06,-5.476793961813512199e-05
5.229886302839172661e-06,-5.607895491372761384e-05
8.357302439030340368e-06,-5.686409155517232111e-05
1.077647515960003080e-05,-5.708969987673640103e-05
1.084410636901353028e-05,-5.597140778369871826e-05
9.626167674667111818e-06,-4.659217517462928195e-05
1.037290068847072267e-05,-3.845449730284583671e-05
1.051920396634470281e-05,-3.002027214364071586e-05
9.960945974105519032e-06,-2.174309828874278433e-05
8.483789114446370366e-06,-1.438593688201745348e-05
5.778731618354178744e-06,-8.674002524119760009e-06
-2.776859910419841293e-06,-1.273536789339459408e-05
-1.350610683666939275e-06,-1.613345259509269323e-05
1.392814373369218244e-06,-1.890393057998687346e-05
3.785398603205914467e-06,-2.159730635029492781e-05
6.053903326190857872e-06,-2.426630211541049950e-05
7.730374377782330898e-06,-2.758264133411231000e-05
-6.551942367286749406e-06,-9.253659827024076151e-06
-8.753937504053772875e-06,-1.359390142221481926e-05
-9.952115468566082038e-06,-1.970230723077552091e-05
-1.039595181652375837e-05,-2.643867286077826068e-05
-1.255322477107798093e-05,-3.640133614543639569e-05
-1.036376266298400417e-05,-3.807356367238225447e-05
-5.048267321478969130e-06,-3.795666347999818310e-05
1.020778376094014673e-06,-3.697387986539285842e-05
5.988225074354924393e-06,-3.511513102337971201e-05
-5.046739110209207920e-06,-5.819726244209446286e-05
-5.116259775035462649e-06,-5.058184458154498924e-05
-4.730112781936025959e-06,-4.338862663840410184e-05
-3.888070883191543406e-06,-3.610695478187522160e-05
-2.771969620095422718e-06,-2.841967027874006365e-05
-1.731814267632940778e-06,-2.027340771144785540e-05
2.283279231949393820e-07,-7.103630306158507989e-05
7.148454791383880677e-06,-7.290467184998568459e-05
1.207539167044103322e-05,-7.210737990482266730e-05
1.212655540791645131e-05,-5.741321779501748165e-05
1.253204148917997892e-05,-4.667019767018464239e-05
1.224203672097837056e-05,-3.604915877265582998e-05
1.116232024220849313e-05,-2.601315008589075712e-05
9.004973287415806303e-06,-1.746846011622285550e-05
5.369790678200689304e-06,-1.134096533568202972e-05
-3.398076524814756851e-07,-1.036474533867373524e-04
-4.428904422477267821e-07,-1.013874169341795879e-04
-9.177389531521999338e-07,-9.804898063247864236e-05
-1.598975034961914253e-06,-9.372640708393226790e-05
-2.299227103686540640e-06,-8.863445298994067530e-05
-2.952029795704084751e-06,-8.281624447579228633e-05
-3.365229380576871199e-06,-7.644706762797993905e-05
-7.897305107282787633e-06,-9.934615588380938094e-05
-1.534394072224113152e-05,-9.579691500726796819e-05
-2.239253599001799587e-05,-9.280527206344043743e-05
-2.726333584671369317e-05,-9.059585207505803546e-05
-2.686136136636252909e-05,-9.153961382465312631e-05
1.170296590063552372e-05,-7.108426955261045604e-05
5.709114083689039758e-06,-6.807772058367823561e-05
-1.559063964061062571e-06,-6.764750844201937398e-05
-1.382729232507310546e-05,-1.065610796468533607e-04
-1.015692306675418769e-05,-1.161555363221975922e-04
-6.431349499383072169e-06,-1.225159468543140183e-04
-2.755667741987240527e-06,-1.256423349145186180e-04
7.187086693491789538e-07,-1.256412783147838562e-04
3.929041307409653098e-06,-1.227064148282386953e-04
6.727152940779852766e-06,-1.171173561231405902e-04
8.894435570136350269e-06,-1.093185972926252980e-04
1.041220893401031732e-05,-9.981672133936543090e-05
1.110850246087843548e-05,-8.910388043613236980e-05
9.277331854548651855e-06,-3.842708396854002369e-05
9.299864551169690710e-06,-4.361927582325343498e-05
8.931058811983633644e-06,-4.911291469394694827e-05
8.227290532688501359e-06,-5.402031627873092178e-05
7.268434294099758288e-06,-5.738524978810172238e-05
6.102022821580450363e-06,-5.834886354390733161e-05
4.656073882318620868e-06,-5.697779501218259182e-05
7.786860902144423125e-06,-3.255776995051504755e-05
3.439550505464262984e-06,-3.225830554718248040e-05
-2.984936633541644755e-06,-3.278339961443822763e-05
-9.419233233919283290e-06,-3.406681651118119300e-05
-1.243974827465866476e-05,-3.695993304693388748e-05
1.085096621944519493e-05,-5.791533503167889673e-05
1.052580938220811645e-05,-5.559990128359533701e-05
7.623387356343639590e-06,-5.440822958541872176e-05
4.325700115088599259e-06,-5.354902367993130523e-05
1.595444489248497791e-06,-5.305826734369489025e-05
5.386271137898356802e-07,-5.297628525231677161e-05
-1.011802428577724193e-05,-4.981152501899526011e-05
-9.350314746657443249e-06,-5.775268994183293240e-05
-8.048582060710207526e-06,-6.472822388800632731e-05
-6.319694997335912290e-06,-7.041102771529460529e-05
-4.295682264550734307e-06,-7.450057704634585490e-05
-2.062377602224256425e-06,-7.679080429363180555e-05
2.522240987633053359e-07,-7.716324353645874674e-05
2.444266915228963582e-06,-7.564462479895122000e-05
4.481981380332514046e-06,-7.234652172848771157e-05
6.173983231487582169e-06,-6.742803554617316116e-05
1.649104701658177827e-05,-3.559834028946940712e-05
3.158231560461700956e-06,-1.765984137295783802e-05
8.681205514032392536e-06,-2.467837524765014904e-05
6.293662541656652071e-06,-2.163906193957512621e-05
1.266299619619259147e-05,-2.788623573372930707e-05
1.907730802581288827e-05,-4.791826863629883163e-05
-1.382658465363189634e-06,-3.716789906481201102e-05
-4.212716823426835105e-07,-3.279919836340342171e-06
-1.932178532128291243e-07,-2.371409699934697467e-06
1.915667265232796630e-05,-6.353408440322527251e-05
-1.452417825286595745e-06,-1.522660804981549104e-05
5.335360047132981000e-06,-2.233205492773802627e-05
-1.967996977461762538e-06,-2.417334516651158420e-05
-2.269352405185991777e-06,-1.628975742460441985e-05
-7.127729742685011967e-08,-3.847052813605327663e-06
3.832006847260739655e-08,-2.568756242191585466e-06
-6.528589911436453828e-07,-5.166868762310519828e-05
1.304074917335015824e-06,-2.243918290226848514e-05
1.747759976499074961e-05,-7.821688299835393039e-05
1.802330868191194016e-06,-1.687431146793902045e-05
8.038418315471305682e-06,-2.787438316849734580e-05
5.211083662908453202e-06,-2.631812211222043208e-05
1.722199249120414606e-07,-2.225386811492193081e-06
1.297718697055368943e-07,-1.626313521734568594e-06
1.070816183175414647e-07,-8.773856076915048301e-07
7.809537018275836086e-08,-7.146274063736024112e-07
1.114832687739871676e-07,-6.658311035116515906e-05
4.483733031752936076e-06,-1.903565943142986459e-05
1.515094750841329113e-05,-8.629430898227987703e-05
1.318055946833074561e-05,-9.388078752936809585e-05
1.036757512564254049e-05,-9.957428662941434163e-05
-1.299710254926761092e-07,-1.356806924338354507e-06
-2.168464841441648128e-07,-1.808712525863934592e-06
-8.469518811999603296e-08,-5.960265060074753855e-07
-1.105246016811583799e-07,-7.137445827031866181e-07
6.906150144433782126e-06,-1.054797377934410307e-04
1.450770245411900584e-06,-1.652873577143909435e-05
4.089758951781685270e-06,-2.989971422859545542e-05
4.873950604598904187e-06,-1.094800162578790783e-04
8.905410262611501525e-06,-3.572773972079478904e-05
1.394771528995621822e-06,-7.832470486673833191e-05
-6.911514588358590340e-07,-1.593546904685390735e-05
7.002470121844554328e-06,-2.760128859945218277e-05
3.454293461085141851e-07,-3.280168421992714887e-05
2.505215938250930299e-06,-9.062113843426303412e-05
-4.199981912352978164e-07,-5.276515209913405404e-06
-4.986938621998240266e-07,-5.717295240675647663e-06
-4.911120679543803862e-07,-4.514315968312138872e-06
-6.166106246542872658e-07,-6.096325889850612270e-06
-4.493572444678774982e-07,-4.942008463642310341e-06
-1.831548193135121259e-08,-3.889085275160172036e-06
-7.715605511576474116e-08,-4.069519453605629307e-06
-1.950928613045287104e-07,-3.219472394814284395e-06
-1.774363916489367600e-07,-4.267887039637528171e-06
-1.754284457989188294e-07,-3.508160942494983308e-06
1.209916902955437451e-06,-1.063178369285232755e-04
4.414170860667278715e-09,-4.923096434759377226e-07
5.500866613002808151e-09,-5.747448162556664363e-07
2.184771843457906710e-06,-9.960441075685476224e-05
-4.179502902919800392e-07,-3.998565989749156920e-06
-1.153748186368968560e-06,-6.251986387880696880e-06
9.938165301678197476e-06,-4.426590542976613970e-05
3.004605846710383480e-06,-3.446949280457504538e-05
1.419011596213868214e-06,-1.548482847421430708e-05
-3.632902182139787495e-07,-4.489125257102818329e-06
-9.706400166243396938e-07,-6.781795106866843196e-06
6.886228574436911794e-07,-1.123544827328621900e-04
-2.131724126089632833e-07,-5.020211480452188487e-06
-8.409484666756028129e-07,-7.260475484232562839e-06
-1.564147705803682357e-06,-8.978516713168979314e-06
-3.731668565205521737e-07,-5.833316879575031656e-06
-3.070743524637851284e-08,-3.418312688076720669e-06
-2.214943115596251933e-07,-4.998559721386167179e-06
8.943429952705244732e-06,-5.233160493805893277e-05
-3.804631726664451670e-06,-7.242790496550025681e-06
-2.136243823125026531e-06,-5.434218378241927814e-06
2.263165124187895522e-06,-1.122726740519847317e-04
8.768684488168887631e-08,-3.847617332930397290e-07
1.070526886934896229e-07,-4.473801996374412689e-07
-4.449756164548743477e-06,-1.319040367488087312e-05
-1.606897656465420242e-06,-1.423755934241712134e-05
-4.863784887291943292e-06,-3.003670117037699036e-05
-6.804664790195385737e-06,-6.706848011813505695e-05
-1.153834446766147135e-07,-1.064522284203709180e-06
2.189242400495195372e-07,-1.393907670709649270e-06
-4.821847232170950267e-06,-1.625659964129758575e-05
-2.252231014421796008e-06,-9.601232966718194174e-06
2.726592573427696504e-06,-4.241250480021499530e-05
1.537942988816671057e-06,-1.249125867116952417e-05
2.497625607560487900e-06,-8.743814699039434567e-06
2.708277819489661785e-06,-6.135858753842244428e-06
5.488258321445648957e-06,-3.736525076373581133e-05
5.426208492142120188e-07,-5.950151276699765341e-06
3.943728114884252586e-06,-2.003053338491372058e-05
3.952005535800398581e-06,-1.669418460771926813e-05
4.151478082652268612e-06,-3.388142211791146273e-05
2.089317951843742491e-07,-1.209890972490568704e-05
4.387337482829875159e-06,-4.078557293604255886e-05
-7.571627760254686891e-07,-1.551596077334279432e-05
3.166185751273323076e-06,-5.061861408055712448e-05
3.430069546972989132e-06,-6.282934443129219409e-05
2.306884889200624433e-06,-6.397770899724078712e-05
3.035658955083738823e-06,-8.227140925299863559e-05
4.524647087483534768e-06,-4.409067404497537943e-05
2.833128112429690013e-06,-1.041423560245648979e-04
1.138078880109281647e-06,-7.423923478289053569e-05
-5.171658118686682706e-06,-1.008759475905921465e-04
1.369768599590316865e-06,-1.204390557623488163e-04
-5.597667294987250934e-07,-7.760826931022298664e-05
-7.448932294539725577e-07,-1.266041931040366361e-04
-1.981996046581384029e-06,-7.302244312484207020e-05
-2.811185024535671859e-06,-1.203641294290526685e-04
-3.131955017250395669e-06,-6.160143543051001659e-05
-3.823522195469259690e-06,-4.547965562363364648e-05
-2.028898918491634078e-07,-2.569159594024015152e-06
-1.321028484732092824e-07,-2.846354347137052961e-06
-5.317462306571603242e-08,-3.345833960393510499e-06
-2.636455929171881859e-08,-2.675994432499992119e-06
-4.053010794381893667e-07,-3.559970869547784998e-06
-2.824692310152509644e-07,-3.921409574691083650e-06
-2.042358478491839650e-07,-4.692592883598783145e-06
-9.336339650600721983e-08,-3.646781120717024489e-06
7.387128452136206548e-06,-5.740627495952378982e-05
3.335873988803362668e-06,-4.937415288042629392e-05
6.999736038080417041e-06,-3.464876491981939733e-05
-5.014648710481327855e-07,-1.525027526492080144e-05
1.489259513233970686e-06,-7.022142625160384000e-06
-4.903877495404884675e-07,-1.591268614118059138e-05
-7.252333998047362359e-07,-6.501388702569934603e-06
-2.470329709624966500e-07,-4.435550125088943290e-06
7.204745657329831824e-06,-3.196451237699813718e-05
6.206388944320444539e-06,-2.831694785007296048e-05
-1.671453740768706662e-06,-3.033294858360656145e-05
5.636583109953467918e-07,-3.240364281930394557e-05
1.598122979413520240e-06,-3.789519370725070850e-05
3.397321173809460793e-06,-3.388081942330007490e-05
4.787809193937034354e-06,-3.867769992524688671e-05
6.401072250570342362e-06,-3.503778980425371268e-05
4.885729107837434686e-06,-3.077227328397129510e-05
7.748684533399398624e-06,-3.182238363072204619e-05
6.210329534125352672e-06,-2.837513776213465875e-05
8.061608104276504370e-06,-3.983773891389279877e-05
5.984784011836791880e-06,-4.417822934141183122e-05
9.720713215422403610e-06,-4.483941784704562853e-05
8.051042443231691876e-06,-4.973205533813213189e-05
8.781972655227061116e-06,-2.921399608474839165e-05
7.264179358340783088e-06,-2.651468495235909375e-05
1.134237354983110164e-05,-4.059770362700086633e-05
1.167418721690067911e-05,-5.000672805033514980e-05
9.670162946892404501e-06,-5.508764360122419114e-05
6.226118215081905643e-06,-5.462354069223501220e-05
7.364060351871992675e-06,-6.053724758280819773e-05
1.353685808391988501e-05,-5.512634955692795932e-05
3.759974059778474549e-06,-2.743200021587076907e-05
1.058846146821669974e-05,-3.274212650604989755e-05
9.409446617708782854e-06,-2.726982863517580846e-05
7.946692718598067653e-06,-2.516613493087734973e-05
6.126403999373509463e-06,-2.449905244966423771e-05
6.888603678370230052e-06,-2.371499954398125854e-05
5.384577201737931573e-06,-2.304005941971975453e-05
6.225837511258499189e-06,-2.282913564632638341e-05
7.258767194238239101e-06,-2.349285606083446155e-05
6.693742004496558957e-06,-2.320754552937013776e-05
7.176262672723174202e-06,-2.380935337588858776e-05
4.969282192701669172e-06,-2.202873894669222680e-05
6.724125310519872652e-06,-2.410709398166088820e-05
9.714424548425270055e-06,-2.581155542513212687e-05
6.489746205120114029e-06,-2.351565449432917681e-05
6.703046824160031257e-06,-2.462533380995393748e-05
5.385907613430804294e-06,-4.960126837652729519e-05
5.173100993623667152e-06,-5.660143576010431295e-05
-2.120300493366751544e-06,-6.990435144225938019e-06
-1.056530612327157630e-06,-5.266855234120645818e-06
-2.533376036288264435e-06,-2.085381860119134067e-05
-1.562627191100045111e-06,-2.134960112715092695e-05
-4.038289480505933631e-07,-2.390373164072156698e-05
1.197708604062243251e-08,-2.142734977975853586e-05
1.553472986255096127e-06,-2.347614664501225838e-05
1.795048302973515353e-06,-2.124590711528115208e-05
3.359654722761433248e-07,-1.963627688278626017e-05
1.891046056275764675e-06,-1.957179237782858980e-05
5.836492874441801297e-07,-1.835964999063044982e-05
1.876610265964634183e-06,-1.838932166323668194e-05
6.961257194634807676e-07,-1.745613931022751825e-05
3.600913512816273796e-06,-2.310235517860006262e-05
3.453888351520826021e-06,-2.587454957138398599e-05
1.751102480947964705e-06,-1.758021103229796421e-05
6.900938338960634907e-07,-1.686177131559939978e-05
-2.316017210389201633e-07,-1.662416728597215562e-05
-2.000803627298294402e-07,-1.620286589845304921e-05
6.183103827840934678e-07,-1.652673081271145776e-05
-9.836730775790955261e-07,-1.578810353504258150e-05
-1.823493277076274266e-07,-1.606166504123071443e-05
5.201164227913732135e-07,-1.640175432110065634e-05
1.364690828561201056e-06,-1.678368680505399604e-05
-2.328504718195914261e-06,-1.907815014222988593e-05
-7.217439434748966046e-07,-1.827079016900494738e-05
3.164998698828779725e-06,-1.941987352055977428e-05
-1.413805309158800052e-06,-1.617988120789160466e-05
-1.870026784666257115e-06,-1.489635242946214067e-05
-9.870775856619708030e-07,-1.565245947937138216e-05
3.432441641760889399e-06,-2.056418107951528578e-05
-2.164481218960347785e-06,-1.449292269813210553e-05
-1.249982988081360069e-06,-1.538688679816692370e-05
2.565234594212453588e-06,-3.776601085333713357e-05
3.742464661001686214e-06,-3.253951644637085184e-05
6.099902922895213921e-06,-3.924309418748114835e-05
-5.835465610919874867e-07,-2.657288902458617235e-05
-7.123379976511300907e-06,-8.482324822544179920e-05
4.524772619482054241e-07,-1.600237509096477513e-05
3.136262161769256692e-07,-1.627852850282047204e-05
5.182663006397987119e-06,-3.231638869670614252e-05
-4.993423562561355885e-06,-3.681496175566127286e-05
6.401457760816337019e-06,-2.529805936769806841e-05
1.878339864841656465e-06,-2.895912186530512781e-05
-4.336936126577872457e-07,-6.158836293570003679e-06
-1.094392883440519148e-06,-9.120243069165502405e-06
1.192110677519631492e-06,-1.667081419540969930e-05
4.692585995749158917e-07,-1.640378821878223133e-05
1.939855002418218583e-06,-1.696889971597679097e-05
3.081144698084644177e-06,-5.764587737599721399e-05
3.844383693804381471e-06,-7.257936513893101075e-05
7.414248638314406484e-06,-2.434606954365639366e-05
-1.050753494477897925e-07,-2.204285831706133852e-06
8.688443193219481840e-09,-2.120181298250920137e-06
-5.515684329233014332e-08,-1.763337481864433790e-06
2.001611987519408977e-08,-1.682474519912150919e-06
-6.315685068618344149e-08,-1.388111761175536662e-06
9.451682207009312261e-09,-1.304434557351665899e-06
8.211950183421070798e-08,-1.624311216116598408e-06
-1.894732179951248906e-07,-2.946196360617298748e-06
-7.969742872510492321e-09,-2.796248603975212991e-06
-9.445952684302556944e-08,-2.282125754096030419e-06
2.083712592340213597e-08,-2.147257108995331492e-06
-9.375881145147282448e-08,-1.743319838544923894e-06
1.077514279959352649e-08,-1.612596992715310557e-06
1.113862832766836396e-07,-2.100766885878849106e-06
5.822768554628438767e-06,-2.519161880142169053e-05
4.065906297545305178e-06,-2.369263291849751512e-05
6.851019108764507791e-06,-2.497417787642074784e-05
3.752213337204073572e-07,-1.135104390280590404e-04
1.169137210112444937e-06,-1.129255244531941912e-04
2.297135020829745827e-06,-1.109108037263496413e-04
-1.199758604671417086e-06,-6.821580635063458222e-06
-5.565978858965712972e-07,-5.815023758048525049e-06
-2.180308417804728358e-06,-9.364181525219174710e-06
-1.356821157709123765e-06,-8.155753895099987215e-06
6.423670410020470278e-06,-3.857185109495015900e-05
-7.365378089775291649e-07,-2.781964851811773973e-05
-4.152361446237798310e-07,-1.379886455317828581e-05
2.970317753167836058e-08,-1.120662240217843018e-05
1.176329287488395075e-05,-3.026810161238447362e-05
-1.079482246432279529e-07,-1.044369880735537910e-06
-1.615167895194099787e-07,-1.330679654320791617e-06
-6.431423234222569983e-08,-1.055129986706078619e-06
7.078385083979408349e-09,-9.458398927936828780e-07
-8.683504708715170444e-08,-1.286514933222962310e-06
8.761046692143679911e-09,-1.136180193421279948e-06
-4.993810270489771742e-07,-9.409087732145273152e-06
9.759090155723793729e-07,-5.997192763701743133e-06
8.255928251705748811e-06,-2.436777472420369287e-05
9.394915030084024959e-06,-2.492728708313672977e-05
8.056378422990604537e-06,-2.408403580392191203e-05
-2.261864889830039778e-07,-7.951094489209610804e-06
-7.470227129020186395e-07,-6.636431952873750453e-06
-1.885233736546951780e-06,-1.230966547591079026e-05
-2.086147684948941591e-06,-1.002198963227270354e-05
9.209029604745292295e-07,-7.186666607649508593e-05
5.236456329437404476e-06,-7.390985624023095276e-05
5.748302902926481489e-06,-7.987117491902484307e-05
9.412285914162250020e-06,-7.573863565493835258e-05
9.830555179345671279e-06,-8.113131671144365765e-05
9.120705631256978332e-06,-7.028937162716188201e-05
1.322037824863110684e-05,-7.177577342836984802e-05
1.250348976487589935e-05,-6.663569863157711097e-05
6.412310299703999347e-06,-8.503254317156842801e-05
1.032518614315035944e-05,-8.608417466415400107e-05
4.938804509533567432e-06,-6.723421367070012502e-05
9.259299150829954277e-08,-5.970019596283654173e-05
-2.167566797947213441e-07,-1.371427047611456817e-05
1.089657882386585438e-06,-1.662877516394995311e-05
3.383090836173482574e-06,-2.097671755008004692e-05
7.257021583790935842e-06,-8.999141914301813077e-05
5.158764358086741407e-06,-9.367327070666218753e-05
8.349648943738429609e-06,-9.334183471613392673e-05
5.834154098762350950e-06,-9.704097949977761185e-05
-4.974426701518988256e-07,-4.375558190829738987e-05
1.073850604488102277e-06,-1.096353481230859033e-04
2.843324856335214465e-06,-1.080994686042403277e-04
3.136457509164608445e-06,-1.056702174550372360e-04
1.385633423784873993e-05,-8.245021405000588135e-05
1.138122010359748619e-05,-8.994610110650189637e-05
6.178480944184310687e-06,-5.827988508851550181e-05
-8.710172582269197622e-08,-8.514577260563573227e-07
-6.970697452529993801e-08,-7.179308843195220575e-07
-9.286090801691472911e-08,-4.026363447950416780e-07
-1.134153685639766104e-07,-4.701203661504054513e-07
-1.890704253260166413e-06,-2.261075109127918390e-05
-7.984595074589810311e-07,-8.054587123129771287e-06
-4.975485395896560563e-07,-1.269929866918349428e-05
1.319527493762274088e-05,-4.532487824899828106e-05
1.482480879667806603e-05,-4.103586736884549198e-05
1.244089145378320731e-05,-3.669853857772199129e-05
9.409805789836367772e-06,-3.594516246955606727e-05
2.008203676577921570e-06,-1.026978106938168829e-04
4.924597864321938714e-06,-1.005771774573629686e-04
4.719684304534148846e-06,-1.029756802130364461e-04
8.336768180842058046e-06,-9.866889449512775958e-05
7.248885886567693347e-06,-1.013237243979738623e-04
6.654767168690026625e-06,-1.035531651663885847e-04
3.145239500951503137e-06,-1.844968193857198955e-05
2.813022073670535767e-06,-4.691427021924347070e-05
-4.585295035890661126e-07,-5.535635820744366533e-06
-1.336338130024552157e-06,-8.250119481616512769e-06
1.014096957546434753e-06,-1.041282392183054054e-04
-1.418066478655819257e-06,-1.046401509697471789e-05
-2.035061174405959370e-06,-2.869935856091179418e-05
-3.370423161199510993e-06,-3.437496537840810634e-05
1.645968442100638690e-05,-6.784549626601786153e-05
1.564073862610997723e-06,-1.706057118168895133e-05
-2.781768103488444310e-06,-1.746684209221583163e-05
1.403858152414825537e-06,-5.290452232711455946e-06
9.168909454159295070e-08,-1.219333836099736481e-06
6.934142506281387737e-08,-1.002679943415780450e-06
4.667215703878138402e-06,-1.069050263565576772e-04
-1.712715992189523959e-06,-7.185082324806109605e-05
-4.620227729181405169e-06,-9.800180860615837570e-05
5.517812130883196687e-06,-2.281966454193568706e-05
1.842311856295587123e-06,-8.436192978393891530e-05
-2.924753459342684313e-07,-1.603440444817949242e-05
8.889356630827266723e-08,-2.023228764122797022e-06
1.086947012408265767e-07,-2.706682518929340161e-06
1.185156862788577536e-05,-6.096405081234149099e-05
1.624088847418717323e-05,-5.963867351328441032e-05
1.787276247805755404e-05,-5.522363019110283663e-05
1.555359821554678902e-05,-5.051627374284043640e-05
4.032727836180789037e-07,-1.009244966625251544e-05
-6.202672706752316681e-07,-7.747830605769420883e-05
-3.203010572047226212e-06,-1.166300485439123792e-04
-4.004265180975480664e-06,-1.123328283006831501e-04
6.214679734046550755e-06,-5.481850006192640637e-05
-3.589518820021566073e-06,-5.401370419636735527e-05
2.867617998501735032e-07,-1.250278447770506612e-04
-1.763100831504329401e-06,-1.250939531039445935e-04
-1.358919911514821480e-06,-7.626494201251851385e-05
-2.616733807127391001e-06,-6.805158786694212657e-05
4.018617918554497347e-06,-5.202647058063447031e-05
3.750432633223617779e-06,-4.264131355506194061e-05
-2.533520585289887810e-07,-1.431740644689814822e-05
1.757311574938504148e-05,-3.929236413078393851e-05
1.506771573822752394e-05,-3.240521675044194809e-05
1.844095045345706731e-05,-4.343391584759511152e-05
3.779260196834731909e-06,-1.824984830549725276e-05
2.623612968181872577e-06,-1.763760288718677871e-05
6.672608556410569980e-06,-2.504611313326446899e-05
5.330412412216762036e-06,-2.011898106193647857e-05
2.961077538890005422e-07,-1.957102114409873264e-05
-5.667898785267990548e-07,-1.098806585897414158e-05
-2.474677953214002729e-07,-9.362180276151536672e-06
2.237101680093497926e-06,-1.720239028656454699e-05
6.411860946376933864e-06,-2.512948823885317184e-05
4.461728034903703513e-06,-2.782067836603703055e-05
1.400910400053037005e-06,-1.618597955838572131e-05
3.168896582261975375e-06,-3.214826360069617325e-05
1.822213835047537266e-05,-7.284506923013654115e-05
9.970580973166460819e-06,-3.975289185713086633e-05
8.973811855580055650e-06,-3.154067397467125844e-05
6.152231140658408060e-06,-3.003775525234454811e-05
-4.720354667538008787e-06,-2.300483639982648219e-05
-6.575483745232255363e-06,-4.746436197051563200e-05
-5.667494355667467373e-06,-2.851061647839541794e-05
-4.584101626788179876e-06,-1.048577947929786362e-05
-2.413116915356604554e-06,-6.950406821246912275e-06
-1.921164973419112557e-06,-1.218885122023349476e-05
9.219361203108178984e-06,-1.019487010706033654e-04
1.172851490893715714e-05,-9.692233060303755881e-05
6.571248744097812479e-06,-5.809726678068416928e-05
-9.418988252784170923e-07,-1.562550451826536126e-05
5.547224968498417010e-06,-4.605501972701765939e-05
5.232439186180021321e-06,-2.851175329692335602e-05
-9.273825850498882720e-07,-1.561704084814509387e-05
-5.489253860991316780e-07,-1.343442296698915338e-05
8.565633347046854200e-07,-2.691515517023056580e-05
5.899449417226501493e-06,-2.250454333087847450e-05
6.035136075027737078e-07,-2.452448429124204165e-05
3.666622523310657631e-06,-1.110803532568217442e-04
5.908961404555866064e-06,-1.076453525248364878e-04
1.111488952889368520e-05,-2.621525255432217747e-05
1.378181687386713010e-05,-2.980584603800148365e-05
8.903497059984354767e-06,-4.894776257104605389e-05
4.851287100841765926e-06,-1.872548209269547033e-05
1.332089548297929136e-06,-1.870855766834699475e-05
3.466822301673896342e-06,-2.092465351897852116e-05
-7.770447694986647238e-07,-1.360776033704492238e-05
3.268280176349804481e-06,-3.836098811047198312e-05
4.586906752468637926e-06,-9.341963577545422297e-05
-1.647968065758266675e-06,-1.520030423610761859e-05
1.496144544392286761e-06,-1.424901252683635290e-05
1.553703539183407908e-06,-1.672470879695576093e-05
-2.667020326453413646e-06,-1.341387202503116750e-05
1.350608040081198040e-05,-7.700754909814187723e-05
1.220446941503661799e-06,-4.163826057630118127e-05
7.114327984806670807e-08,-3.357752990750305491e-07
8.499378581757135552e-08,-3.881724967436144754e-07
-1.999247811372224565e-06,-1.633886763888006563e-05
4.021439622662334126e-06,-5.341801887371248447e-05
1.352902214874223365e-05,-3.398140576932002566e-05
3.635074826004637599e-06,-6.056374573586538945e-05
9.051675471793900842e-06,-6.503639006519629424e-05
-1.147705466020736600e-06,-1.952992435933901641e-05
2.182210582119848913e-06,-2.943200421560295972e-05
-1.749622277066409256e-06,-6.481879371928526370e-06
-1.366181631578931888e-06,-4.693225928917365743e-06
5.739468840957771814e-06,-2.675752644627908512e-05
-9.520393816426761621e-07,-3.380918920458210647e-06
4.015361933565206029e-06,-1.089097436075743845e-04
-2.242676850284594412e-06,-6.052452264633780758e-05
-4.580761077726243919e-06,-7.686706275392853993e-05
1.117026828664158162e-07,-1.869895620633335510e-06
7.520613019727476783e-08,-2.840793152546647656e-06
1.194986905414175214e-07,-2.676032879117458300e-06
2.628160066140233992e-08,-4.013125849257580834e-06
6.817682970761137686e-06,-3.321640085789969826e-05
-7.262447090488212907e-07,-1.505014780267614965e-05
-3.654269880269242558e-07,-2.430265810925156607e-06
-1.938419347342497113e-07,-1.754026023891631472e-06
5.867088747711478093e-06,-7.750489096155142551e-05
1.048498626846362617e-06,-3.428354355904014153e-05
5.023818085432760499e-06,-2.572026374846098269e-05
6.479057414283265009e-07,-2.841553773437980361e-06
-1.864387463559652498e-06,-1.797825211801713002e-05
1.276591915672397395e-06,-3.522656329056223126e-06
-2.941300978786942267e-07,-4.473196083467480116e-06
-4.672578564322963619e-07,-1.728419104057470946e-05
-2.240050349863097079e-06,-5.392341771092352037e-05
-4.249029420824005396e-06,-6.721594104563197571e-05
8.247979379838791641e-06,-5.527298122048883466e-05
3.514852202531215070e-06,-2.209983535334514090e-05
-8.377925793118690589e-08,-3.898629459449464230e-07
-7.017706560545665382e-08,-3.361951274320964521e-07
-2.697819857662195175e-07,-1.910546039007888414e-06
-1.534686250106470972e-07,-1.400827557716377807e-06
-1.202059024969138793e-06,-1.507133800461056615e-05
-2.447421815294246647e-06,-4.629814380822342980e-05
-4.331283423912904204e-06,-5.686673322632481060e-05
-8.623926927140186846e-08,-7.767621394054529721e-07
-1.212651737878049491e-07,-9.594768287697628903e-07
9.774311878010614861e-06,-9.561458733964662757e-05
8.576699520049927864e-06,-1.036420659745915072e-04
-2.349159149205645025e-06,-3.757623441222467824e-05
-1.365267341366994268e-06,-1.324962986444766715e-05
-3.970730773889265672e-06,-4.547543084795986938e-05
3.827152046246984933e-06,-1.070696343155135407e-04
1.772415648580455136e-06,-5.001123463281882941e-05
3.125347135718234336e-06,-5.332808184206704711e-05
2.622733472971947625e-06,-1.168382133248450070e-04
1.709537319311993849e-06,-5.807117673542554995e-05
1.444836533563581062e-05,-9.043347224042676909e-05
4.725465607371203058e-06,-2.157753968340195836e-05
1.521557417720313987e-07,-1.513092757855625091e-06
1.079482449298244687e-07,-1.150571679243876152e-06
1.459364704980404244e-06,-6.519301079069153917e-05
1.352515968645885362e-06,-1.232474006805832161e-04
3.941623327250553304e-06,-2.480800546040373933e-05
4.008974952913772210e-06,-2.962810150252575322e-05
4.228586631598083661e-07,-9.080596965781135305e-06
1.021508695105226530e-07,-1.629587133511900813e-06
7.473343278216853096e-08,-1.300936541809960645e-06
7.031940806185060413e-08,-1.262911328155620974e-04
1.070544784406812341e-06,-7.098746949281713094e-05
7.767699919192601313e-06,-2.517113327792253554e-05
-1.434937647358343533e-06,-6.902751845735338017e-06
-1.561535659769996222e-06,-1.950690515202382154e-05
-2.567605034342801472e-06,-2.335241350697623162e-05
5.499725103054026460e-07,-7.512366386679006445e-05
-1.190657985528877676e-06,-1.260551591580349486e-04
1.019997453789841548e-07,-6.509532389960953758e-07
7.873264272733163355e-08,-5.462928468419379952e-07
-5.116933715837920452e-08,-7.732952189115076974e-05
-2.303043797529123447e-06,-1.226649326985479016e-04
1.208523443265560559e-08,-6.909413419266030122e-06
2.508630365814342913e-07,-5.171724196938620150e-06
4.137768672563998873e-06,-1.093518300031052068e-05
4.033673750515811604e-06,-1.358983000949944600e-05
2.866044371731314569e-07,-7.686742224714772278e-05
2.019976617623059142e-06,-1.131489798229952631e-04
2.374725003104360880e-06,-4.587557968675596442e-05
1.138269457846697086e-05,-2.790335836226268937e-05
-4.006116837326890816e-06,-1.081277914896751954e-04
-1.197484162689778643e-06,-7.559549582913085628e-05
1.673425090732958467e-06,-6.982095269817809762e-05
2.779502751295956436e-06,-9.354706541055589559e-05
9.504151572870448193e-08,-8.193695490612100049e-07
7.614131543383699884e-08,-6.926397433747860407e-07
-2.076215008466598623e-06,-6.662452256527880015e-05
-4.823994586755989981e-06,-8.713784734748693825e-05
8.830934508441429202e-08,-8.967667471891391826e-07
1.249807583894549709e-07,-1.137307093244674256e-06
-2.544873565260231932e-06,-1.764310892670701002e-05
2.631556831362232932e-06,-1.727934178764641823e-05
7.465053313431503412e-06,-2.479776687938738523e-05
1.570779649942729497e-06,-1.024004235113819957e-05
-1.605153131419111345e-07,-4.110740712678243597e-06
-5.160632510769002328e-07,-5.897968024487740369e-06
9.779479095269800963e-07,-1.130828530284500131e-04
-1.829994213496018815e-06,-1.517197895912177218e-05
7.031663123612096614e-06,-4.597115166801655611e-05
1.013241754297159175e-05,-2.537700031027440728e-05
2.703119227610819575e-06,-2.488437937739025537e-05
6.480608104851142762e-06,-5.823870476450778713e-05
-2.449021777219276632e-05,-8.697801050039340794e-05
1.727847881288762662e-05,-8.207547689745037928e-05
-1.233825929090261484e-05,-3.704253126824189160e-05
-8.620614774600814987e-07,-7.008510829640389206e-06
-2.758635070938891018e-07,-4.806990354524329746e-06
-1.418588896695735305e-06,-1.718951526217145896e-05
-2.730055688594443598e-07,-5.212075380649869603e-06
-5.794751024143962104e-08,-3.637380388502297852e-06
7.384869787912214674e-06,-2.329631676244115220e-05
1.086847385403920325e-06,-2.592028881098384539e-05
4.566773601416876903e-06,-2.054238769773721998e-05
-1.028005011213056328e-06,-7.177481809199175427e-06
-1.609570110177888150e-06,-1.024993372103340501e-05
9.778242909503381456e-07,-1.653436830369425228e-05
-1.803530816916461643e-06,-8.900301380822324646e-06
6.101665996070355679e-06,-5.163946293780823007e-05
1.994382714149235531e-05,-5.884783984512712577e-05
2.015416252165998010e-06,-2.081291360294277586e-05
4.966889311903878722e-06,-1.049851327054770718e-04
-1.491316275327871501e-06,-1.517766877065909621e-05
-2.765947742524544622e-05,-9.022233449072940346e-05
3.975661917082229672e-06,-2.868490152314827324e-05
1.956070428942423769e-06,-9.640601031937537087e-05
1.269676735778440438e-05,-7.211723369235203734e-05
1.017821241620523222e-05,-5.710647900773154265e-05
1.965527294006699541e-05,-5.189332110247336574e-05
6.376069214920304850e-06,-5.818270827936442528e-05
-3.058174274635559168e-06,-1.117727644290251826e-05
3.405606080512043362e-06,-1.105474721675523276e-04
-4.472322250011614804e-07,-5.757963583744731172e-06
-1.286801576351687982e-06,-8.509607100037072666e-06
4.994149846068827720e-07,-1.510623182064803623e-05
-3.553754064084556533e-07,-1.610174805556393831e-05
5.009943890598765747e-06,-3.551645937900029697e-05
-4.867053448952622026e-07,-1.239037713673333620e-06
-2.221777465964257592e-06,-1.486981348207783122e-05
1.572255636843858365e-05,-6.416988858001473244e-05
-1.436554129700259586e-06,-4.442036872441210058e-06
-8.473451718127805031e-07,-3.371928803700582901e-06
-2.026423355613973000e-06,-1.199695215589172394e-05
1.619201722102179568e-05,-4.556610504861422037e-05
1.119026685622729058e-05,-5.672084397601145212e-05
2.428101201279347780e-08,-3.513272506241605029e-06
5.316151508298631668e-08,-2.552975229151065136e-06
6.885108382400841682e-08,-1.709682940815337839e-07
8.052296083699343594e-08,-1.950304140278769789e-07
-8.373986766137669382e-07,-7.476718675819630593e-06
-1.903087986711039878e-07,-5.230087614300198088e-06
6.586928702331784207e-06,-5.673903639141588854e-05
6.221835773586667241e-06,-2.344299057651452208e-05
5.831140176549741328e-06,-2.997663940530854187e-05
-7.375622101926597263e-08,-1.863159800353303456e-07
-8.659691801126941417e-08,-2.138007990729403979e-07
2.377713416342949325e-06,-1.119268297451603825e-04
5.377064877816709285e-06,-4.884537260268602751e-05
1.113241314668478417e-05,-9.287589317122149353e-05
-1.278625473798307587e-07,-1.618432809976655271e-05
9.937369867740366081e-06,-7.135868282057551649e-05
1.497461353996175153e-05,-3.711921077491468779e-05
-2.846216147420017570e-06,-4.887291660926142877e-06
-7.750194356517341250e-07,-1.570525581894975669e-05
2.279754628757088976e-06,-1.707574688271609295e-05
6.088833183278781235e-06,-2.553292565441188421e-05
3.854577381007528342e-07,-1.638341255735847646e-05
-1.195565907045149028e-05,-3.666121164258619451e-05
-2.066006091817767499e-06,-1.552433452170854045e-05
6.437786825039146020e-06,-2.651524246334898544e-05
-1.537065587343049315e-07,-2.139690317784343989e-06
-2.827172539566316728e-07,-2.906406385577070424e-06
7.525486022782928964e-07,-1.226337640591579004e-06
-2.318198776152654077e-07,-5.468926991665810705e-06
4.219209848644094359e-07,-3.628379878440183035e-06
-6.723382495370023167e-07,-1.052157979162845466e-06
2.009969870296527512e-05,-6.792436577764919949e-05
5.351140206168722026e-06,-3.560381387754657913e-05
6.072718950719910059e-06,-5.499340330882139148e-05
7.500317924854775897e-06,-4.268231885071588599e-05
4.639585860866005817e-07,-9.408357833743103727e-07
5.445811230115131147e-06,-2.734319622554268000e-05
6.613962046591042945e-06,-5.212926070773122981e-05
3.047261084417014118e-06,-1.040619567898222757e-04
4.261966638871699838e-08,-1.174999351153714427e-05
5.382621410081750841e-06,-5.772370744561137221e-05
1.062466142758010200e-06,-1.127906607085203477e-04
-9.377133971832684273e-07,-7.825451715583468638e-06
-2.354925068235361638e-06,-1.160418079032214504e-05
-1.867435977949885263e-06,-9.446173559095408719e-06
-7.890316541562808972e-07,-6.382094192311407807e-06
5.318769046692609054e-06,-4.192609002685096232e-05
-1.063037403851825087e-07,-1.424559550696225614e-06
-1.711063200958837522e-07,-1.860463769996135083e-06
1.113399227474991741e-05,-2.683567096897474362e-05
6.793417420456806693e-06,-2.976994513153031262e-05
9.136101681682812668e-07,-1.635412112038187824e-05
-6.562197000352307004e-07,-1.267652934398486969e-05
4.139653652700854913e-06,-1.939793314839273507e-05
2.985288278732288431e-06,-4.192892575264308477e-05
1.625396931249799248e-06,-2.654111661376505361e-05
