Size 979,2
0.000000000000000000e+00,0.000000000000000000e+00
0.000000000000000000e+00,0.000000000000000000e+00
0.000000000000000000e+00,0.000000000000000000e+00
0.000000000000000000e+00,0.000000000000000000e+00
0.000000000000000000e+00,0.000000000000000000e+00
0.000000000000000000e+00,0.000000000000000000e+00
0.000000000000000000e+00,0.000000000000000000e+00
0.000000000000000000e+00,0.000000000000000000e+00
0.000000000000000000e+00,0.000000000000000000e+00
0.000000000000000000e+00,0.000000000000000000e+00
0.000000000000000000e+00,0.000000000000000000e+00
-1.118304876562023785e-06,-1.545281071183887865e-05
-1.001713268282288696e-06,-1.532073705620393448e-05
0.000000000000000000e+00,0.000000000000000000e+00
0.000000000000000000e+00,0.000000000000000000e+00
0.000000000000000000e+00,-1.208815902342438012e-04
0.000000000000000000e+00,-1.222260007786522807e-04
-9.510491912132182169e-07,-1.154970144464013732e-04
-2.046558478820518321e-05,-8.299610362762730191e-05
0.000000000000000000e+00,0.000000000000000000e+00
-1.427858465666242995e-06,-8.344667994369466097e-06
-3.147061372513400928e-07,-1.074906142907721624e-05
-2.613400837934864978e-06,-1.351377719042431581e-05
-2.625654168676796571e-06,-1.656897741881419785e-05
-1.535350873901809441e-06,-1.180156242469844036e-05
-2.492350752214336316e-06,-1.573653274721786822e-05
-1.421508851880051077e-09,-1.856539669396439944e-05
-2.473111862624750458e-06,-2.274403781908543293e-05
-1.963420456270958006e-06,-6.847348724384853440e-06
-2.033911617800517096e-06,-1.482192743812159341e-05
-8.972071653112982778e-07,-1.577399780522825977e-05
2.196520087546873457e-06,-5.010285811852324282e-05
2.274604376082409521e-06,-7.786444385086503311e-06
8.219727841260230473e-06,-5.390675520815366493e-05
-3.712158488026119515e-06,-8.619604219992185360e-06
8.941738912353097536e-06,-3.016406968706715320e-05
-9.885405194913816663e-06,-3.227411387678693662e-05
-4.553979728974874874e-06,-7.076734329945099560e-05
7.589229245875550857e-07,-1.263162355732414946e-05
1.148132687828512311e-05,-7.191406426278994376e-05
-1.032034363995116814e-06,-1.114327134025335127e-04
-4.141382394444080044e-06,-7.337991292854520941e-05
-1.840700454798269945e-05,-1.003701370821439518e-04
1.125110819638473616e-05,-8.072754112194633865e-05
9.525421535749841186e-06,-3.148679855836022858e-05
3.532103433231094824e-06,-5.309512058924544995e-05
-9.879131410529874385e-06,-3.903037772299740857e-05
7.322726983982510303e-06,-6.021033201484095510e-05
-5.457324167779754320e-06,-1.097770684172816594e-05
-8.708407780524892954e-06,-1.911898929613716635e-05
-1.127919053679238992e-05,-2.913238479940197259e-05
-1.292221846863983704e-05,-4.048691632079465767e-05
-1.367816214785624166e-05,-5.243745844202854717e-05
-1.365056525673067558e-05,-6.396501271876412680e-05
-1.351436362937411226e-05,-7.481082508455929279e-05
-1.365974784248528758e-05,-8.549972103502734137e-05
-1.369545027625983587e-05,-9.657740143498520899e-05
-1.274262381787017905e-05,-1.078454286784332676e-04
-1.087166770551137293e-05,-1.178327143739522925e-04
-8.261591402270279492e-06,-1.258340894535316741e-04
-5.043352824021450937e-06,-1.312654856685080797e-04
-1.357470829340174025e-06,-1.337016813874945364e-04
2.637413183949174118e-06,-1.328238164783840196e-04
6.803272271429029432e-06,-1.284274040561323251e-04
1.100444596935257433e-05,-1.204391771362272256e-04
1.512805910315635258e-05,-1.088596498667827921e-04
1.899381345976416089e-05,-9.353618894917560805e-05
2.210046796926135599e-05,-7.432201005854275494e-05
2.283471740711891858e-05,-5.207902690068847129e-05
1.949500507477212061e-05,-2.956288856560695356e-05
1.137547102148570266e-05,-1.145726023533998996e-05
0.000000000000000000e+00,0.000000000000000000e+00
0.000000000000000000e+00,0.000000000000000000e+00
0.000000000000000000e+00,0.000000000000000000e+00
0.000000000000000000e+00,0.000000000000000000e+00
0.000000000000000000e+00,0.000000000000000000e+00
0.000000000000000000e+00,0.000000000000000000e+00
0.000000000000000000e+00,0.000000000000000000e+00
0.000000000000000000e+00,0.000000000000000000e+00
0.000000000000000000e+00,0.000000000000000000e+00
0.000000000000000000e+00,0.000000000000000000e+00
0.000000000000000000e+00,0.000000000000000000e+00
0.000000000000000000e+00,0.000000000000000000e+00
0.000000000000000000e+00,0.000000000000000000e+00
0.000000000000000000e+00,0.000000000000000000e+00
0.000000000000000000e+00,0.000000000000000000e+00
0.000000000000000000e+00,0.000000000000000000e+00
0.000000000000000000e+00,0.000000000000000000e+00
0.000000000000000000e+00,0.000000000000000000e+00
0.000000000000000000e+00,0.000000000000000000e+00
0.000000000000000000e+00,0.000000000000000000e+00
-4.062559815654134211e-06,-8.513835912659491756e-06
-6.367807158215084710e-06,-1.532667037096769621e-05
-7.969751597411953609e-06,-2.340251572162186844e-05
-8.763035767317971551e-06,-3.214397375740624509e-05
-8.824726924284947199e-06,-4.092032298383134530e-05
-8.278102383161050880e-06,-4.903132239604976960e-05
-7.496524935608346326e-06,-5.622040945510295488e-05
-6.635042365558129752e-06,-6.256015463367420304e-05
-5.554508617202847614e-06,-6.807313372757512577e-05
-4.015010161047251315e-06,-7.248694260195518585e-05
-2.162458557574103218e-06,-7.520536200803273127e-05
-1.487836835881238594e-07,-7.604966663812942661e-05
1.899191635498515103e-06,-7.491775608362339126e-05
3.843958127323130575e-06,-7.185740466648804915e-05
5.538203797444482111e-06,-6.701425025292276035e-05
6.843839792786860518e-06,-6.064713203049163263e-05
7.614396580744609067e-06,-5.314543458920268509e-05
7.677428018990358714e-06,-4.527607907714071450e-05
7.343892558529942358e-06,-3.754864269989665292e-05
6.892048285908951019e-06,-3.004370367863274464e-05
6.239784477881782766e-06,-2.263012080577175665e-05
4.982159199001291975e-06,-1.545849476473784993e-05
3.107997684487884414e-06,-9.038028817372166309e-06
0.000000000000000000e+00,0.000000000000000000e+00
0.000000000000000000e+00,0.000000000000000000e+00
0.000000000000000000e+00,0.000000000000000000e+00
0.000000000000000000e+00,0.000000000000000000e+00
0.000000000000000000e+00,0.000000000000000000e+00
0.000000000000000000e+00,0.000000000000000000e+00
0.000000000000000000e+00,0.000000000000000000e+00
0.000000000000000000e+00,0.000000000000000000e+00
0.000000000000000000e+00,0.000000000000000000e+00
0.000000000000000000e+00,0.000000000000000000e+00
0.000000000000000000e+00,0.000000000000000000e+00
0.000000000000000000e+00,0.000000000000000000e+00
0.000000000000000000e+00,0.000000000000000000e+00
0.000000000000000000e+00,0.000000000000000000e+00
0.000000000000000000e+00,0.000000000000000000e+00
0.000000000000000000e+00,0.000000000000000000e+00
0.000000000000000000e+00,0.000000000000000000e+00
0.000000000000000000e+00,0.000000000000000000e+00
0.000000000000000000e+00,0.000000000000000000e+00
0.000000000000000000e+00,0.000000000000000000e+00
-2.170339194826479142e-06,-2.221892103834939545e-06
-3.212871529477035546e-06,-5.178407273157419234e-06
-3.540984931272540191e-06,-8.474647417815833853e-06
-3.295201734947800602e-06,-1.150594777065565061e-05
-2.609229166145316196e-06,-1.385667644763580118e-05
-1.621193172890217485e-06,-1.517596284343202327e-05
-5.607496465052129882e-07,-1.532406642065938562e-05
4.416269466893005403e-07,-1.432061289448869071e-05
1.189946316747355078e-06,-1.227383762365297676e-05
1.459800593496926823e-06,-9.477061604697664110e-06
1.231096191117557168e-06,-6.244859156729818608e-06
0.000000000000000000e+00,0.000000000000000000e+00
0.000000000000000000e+00,0.000000000000000000e+00
2.668247364622928253e-07,-1.478588851415046335e-05
1.428459540966017511e-06,-1.316135886287077523e-05
2.276738626564885726e-06,-1.073116004717022681e-05
2.686846940530931970e-06,-7.779050004670253035e-06
2.567593648712649929e-06,-4.704425449787054228e-06
1.785834841719843944e-06,-1.992021055498893070e-06
-1.048761992112328641e-06,-1.554069431525490435e-05
-1.477955769647366568e-06,-1.565427715197740318e-05
-1.839963562602104394e-06,-1.567479755405149416e-05
-2.060750645291043311e-06,-1.559861343779395148e-05
-2.043769746000841072e-06,-1.548218553415651476e-05
-1.615825943237439043e-06,-1.369202340985284957e-05
-2.166697756984324552e-06,-1.103795782444370077e-05
-2.433865049788991982e-06,-7.018690727547950863e-06
-1.907398104944291439e-06,-2.727523052724504034e-06
0.000000000000000000e+00,0.000000000000000000e+00
0.000000000000000000e+00,0.000000000000000000e+00
2.069709328631971090e-06,-1.205022190082966250e-04
3.992827324918169032e-06,-1.195748935353428341e-04
5.746593685425644249e-06,-1.181729541487128724e-04
7.275749301676671405e-06,-1.164724935545367640e-04
8.654554803711036470e-06,-1.146792524926297546e-04
9.984302589330758138e-06,-1.127678430260161687e-04
1.145469571358079250e-05,-1.107507053243979761e-04
1.305219120405555182e-05,-1.084626201882881824e-04
1.478232997254841720e-05,-1.057865044763842436e-04
1.659837175286396196e-05,-1.026322794229720542e-04
1.841317360470412718e-05,-9.895227738588608117e-05
2.012908894258742245e-05,-9.476446354937419485e-05
2.164144104251311353e-05,-9.013655164746303976e-05
2.298737220176944450e-05,-8.508850682720015869e-05
2.404157915445969654e-05,-7.982928395301299644e-05
2.485684509416763297e-05,-7.444238148603250468e-05
2.540875650286145761e-05,-6.890743155786735951e-05
2.566535654163989671e-05,-6.340468915427386763e-05
2.555747120102616455e-05,-5.787734611338434004e-05
2.516042855114944502e-05,-5.247582556668471150e-05
2.439507890664466231e-05,-4.736379248095537041e-05
2.328467046668472728e-05,-4.259331410693624524e-05
2.190766967619031392e-05,-3.830291109405770865e-05
2.031316675670586630e-05,-3.452477508783860087e-05
1.861599727642392136e-05,-3.131333603959273468e-05
1.684827577456916433e-05,-2.866134706058295217e-05
1.501926789795614799e-05,-2.655455283799973071e-05
1.322723820856572385e-05,-2.497077348946630745e-05
1.138151006723435495e-05,-2.391103757955532444e-05
9.655208757715502080e-06,-2.338348791837965905e-05
7.916823160941658706e-06,-2.342591638659020703e-05
6.353045496988760050e-06,-2.399148633980264616e-05
4.897055253299077464e-06,-2.509893529669407285e-05
3.645216473619920323e-06,-2.674010035483962333e-05
2.646037470059046167e-06,-2.882670006556120696e-05
1.751914669783125865e-06,-3.132958729929889214e-05
1.008644495029633776e-06,-3.433488758938041890e-05
5.418346757107141579e-07,-3.783364453115928755e-05
3.967156720538586346e-07,-4.177253118410083409e-05
6.886845982437969403e-07,-4.590123911044535808e-05
1.435998596726701419e-06,-4.985003793247522739e-05
2.666054985839564927e-06,-5.323255258691414146e-05
4.138339740355440006e-06,-5.568774520117734033e-05
6.035910135879006021e-06,-5.698744971492917714e-05
7.921567098401106915e-06,-5.695497726229391288e-05
9.658770633168164255e-06,-5.563013766528040105e-05
1.116412349422700088e-05,-5.328909911304031613e-05
1.240600307196600563e-05,-5.007588105609641114e-05
1.324966181383634829e-05,-4.619456781877452162e-05
1.359819917656466866e-05,-4.188386180579641596e-05
1.338786205263855289e-05,-3.757333849285206197e-05
1.278315757752580546e-05,-3.361593282100384028e-05
1.184557500755369464e-05,-3.007945886767869842e-05
1.076149684494325525e-05,-2.709578556757009097e-05
9.573060158211950068e-06,-2.460891684658182555e-05
8.357252631158503816e-06,-2.260798791434841281e-05
7.220321407832344099e-06,-2.100835170307112211e-05
6.147826358925278394e-06,-1.975462276312943703e-05
5.178740719329241783e-06,-1.879916280240829434e-05
4.320305297443744472e-06,-1.809351108788232346e-05
3.570924382722583178e-06,-1.758621265642586575e-05
2.947243737540016614e-06,-1.723123950726327365e-05
2.470815835318680130e-06,-1.700721300006812614e-05
2.152745549922470235e-06,-1.682488643933757914e-05
2.014546414257709309e-06,-1.662226349463522389e-05
2.076737292539058673e-06,-1.630023173258883669e-05
2.317313884336223584e-06,-1.574311956401710193e-05
2.714121803435697214e-06,-1.476664543975770525e-05
3.171411938365342817e-06,-1.326629191470627940e-05
3.554772968992017486e-06,-1.114131615863538473e-05
3.696295918661194654e-06,-8.401480747062875769e-06
3.351523676460953137e-06,-5.360104708661084935e-06
2.292140741622781740e-06,-2.439193127573565429e-06
0.000000000000000000e+00,-1.213267771037887586e-04
0.000000000000000000e+00,-1.218276662871118255e-04
-4.355504063541212310e-07,-1.215294551039597615e-04
-8.420711662536365683e-07,-1.195354800848281605e-04
-2.711099336203933661e-05,-9.146805170305194086e-05
-2.819324150978399953e-05,-1.000597446348445063e-04
-2.214713097389624526e-05,-1.053214135522556084e-04
-1.449460996156121536e-05,-1.097301342516933479e-04
-6.555440731336740066e-06,-1.133014417540836763e-04
-1.048578910130525098e-05,-9.452852720058757159e-06
-1.749408697673036190e-05,-2.301914368995245462e-05
-2.144784550946836062e-05,-4.098764862267806168e-05
-2.256915374216805469e-05,-6.101145091944915505e-05
0.000000000000000000e+00,0.000000000000000000e+00
-4.568589752308044246e-07,-6.112882720301668616e-06
-1.315979937886327168e-06,-8.865006003927299169e-06
-3.142415789002047882e-06,-6.328800282979855591e-06
-3.829421008575910511e-06,-8.269713194367700389e-06
-3.748893970454710317e-06,-1.080146030025400001e-05
-3.123629055446209849e-06,-1.305670103616276989e-05
-2.650643340177323558e-06,-9.885302974163009821e-06
-3.251776024203877226e-06,-1.220708567330827637e-05
-2.647462490007668345e-06,-1.366975294545137862e-05
-1.952635537694142869e-06,-1.467124754401626803e-05
-1.290694839601654705e-06,-1.529370758492833729e-05
-8.835231026417624956e-07,-1.565578402173246967e-05
-1.813733509813905700e-06,-1.518419073271297482e-05
-2.011530108697535108e-06,-1.560573509321103367e-05
-1.884307964042060681e-06,-1.584747801929398765e-05
-1.615491318247320159e-06,-1.595764342532395938e-05
-1.267895716521234313e-06,-1.593405409807222711e-05
4.030696023838431917e-08,-4.352475835458278992e-05
-1.246905110974634208e-06,-3.782507162977856988e-05
-1.991116611325346301e-06,-3.266069228835314465e-05
-2.431731521156407005e-06,-2.812326709597876554e-05
-2.456011972495896803e-06,-2.385370810785457225e-05
-2.180589677530503577e-06,-1.965449005112385151e-05
-7.189327824654557479e-07,-1.560491664630105405e-05
6.502335977860529724e-07,-1.146533873650981056e-05
1.411637374974942555e-06,-5.253015390902892045e-05
2.816142147467808802e-06,-5.436504014194876438e-05
5.465404833920529433e-06,-5.564705114136657052e-05
8.440706917558740124e-06,-5.641543012426398617e-05
1.072329729370699693e-05,-5.663750073907269710e-05
1.071397497565755316e-05,-5.555025417431579918e-05
9.545256303252673633e-06,-4.633208884902055103e-05
1.030969846657478713e-05,-3.828269126859040094e-05
1.047468043045183893e-05,-2.991956930742329578e-05
9.935485417550260484e-06,-2.169649702233845417e-05
8.478617797504193495e-06,-1.437492435147821631e-05
5.795722821297839584e-06,-8.680656767344510470e-06
-2.890289220439578288e-06,-1.213314723613284247e-05
-1.528211458544415702e-06,-1.520811628010011241e-05
1.249799121589157759e-06,-1.761978310230303044e-05
3.844040658371993849e-06,-1.995314499485316374e-05
6.370426410752911396e-06,-2.233250476234508309e-05
8.297472924553583680e-06,-2.545365225652245622e-05
-6.376888001026342595e-06,-8.852485450820380102e-06
-8.458697923962918267e-06,-1.298742599124268881e-05
-9.601812598666599978e-06,-1.881029656486949875e-05
-1.004565371408581443e-05,-2.524694998631317127e-05
-1.213383615573434850e-05,-3.479743846224005242e-05
-9.791888912284429236e-06,-3.634039648655555660e-05
-4.378397790456128203e-06,-3.610914973011025762e-05
1.752672083101119874e-06,-3.501381095137922819e-05
6.752395721397299080e-06,-3.304374675493605365e-05
-6.056295638329638535e-06,-6.092544196286577680e-05
-6.119223443806277342e-06,-5.259352071249626332e-05
-5.697356442606870349e-06,-4.476919392430241563e-05
-4.775351083569698009e-06,-3.692825818376562267e-05
-3.536044849158622230e-06,-2.877936716591272831e-05
-2.231128626475010558e-06,-2.035124726182286570e-05
-4.460277952642735115e-07,-7.486929959840723093e-05
7.063053666496861517e-06,-7.682725820544528052e-05
1.250551089803254332e-05,-7.592830156898794369e-05
1.268959704019566533e-05,-6.016620989258959583e-05
1.309784241034009356e-05,-4.875448074987299030e-05
1.276163339448706569e-05,-3.750430057012130142e-05
1.158992233764041346e-05,-2.690822130647606145e-05
9.290357233679004691e-06,-1.791807049252056329e-05
5.456486801913809698e-06,-1.148541689026004953e-05
-2.376881439094288285e-07,-1.117646698642321809e-04
-4.830240055986733741e-07,-1.093989236891108337e-04
-1.160346230027511544e-06,-1.057495482513019623e-04
-2.062286259923622468e-06,-1.009078825408969314e-04
-2.956064912898415388e-06,-9.515007250418884598e-05
-3.759533328819921485e-06,-8.854124467456186607e-05
-4.254057724148434073e-06,-8.131106905165256041e-05
-8.197638180682019162e-06,-1.067914580832812017e-04
-1.614620824764687699e-05,-1.028554476670743531e-04
-2.370317928894699359e-05,-9.952710073152979092e-05
-2.895837722889291798e-05,-9.704542810477384291e-05
-2.860213122818189050e-05,-9.793823650993062791e-05
1.211543362949827898e-05,-7.468611305464590904e-05
5.516794894414857005e-06,-7.158317843635727878e-05
-2.345357619694736553e-06,-7.126304460197819656e-05
-1.466562992405075459e-05,-1.137325800900963345e-04
-1.072039905821675961e-05,-1.237929922891497841e-04
-6.736513564931211373e-06,-1.303845053634373672e-04
-2.823662015500896028e-06,-1.335208542093635714e-04
8.592901031482690577e-07,-1.333294931437174681e-04
4.247725471624789047e-06,-1.300284711393437343e-04
7.186103386446944459e-06,-1.239256073196656305e-04
9.445615177053979855e-06,-1.155015228200307351e-04
1.100724766997275663e-05,-1.052985938679116277e-04
1.169311313086179154e-05,-9.384975686152750060e-05
1.023496663832914318e-05,-3.624051457507522983e-05
1.027575139554584997e-05,-4.158746073488731488e-05
9.878413730019522187e-06,-4.733780979436419867e-05
9.119405158165089855e-06,-5.256342149307350773e-05
8.077675020137922574e-06,-5.627334163151933319e-05
6.819832325023002622e-06,-5.755458398175086732e-05
5.276313218160308691e-06,-5.644263988080471396e-05
8.584878591077694639e-06,-3.042536793911424946e-05
4.214890368489226619e-06,-3.021930877407556925e-05
-2.266475306032988779e-06,-3.083586235366972688e-05
-8.794876675720490088e-06,-3.220934598350779681e-05
-1.196742520112047033e-05,-3.517590635384996479e-05
1.072834358918417619e-05,-5.751031875587782951e-05
1.048528115187243222e-05,-5.525524860835633246e-05
7.735053796910842865e-06,-5.408971647592178064e-05
4.595520651269514805e-06,-5.324351741474217374e-05
2.001243286408723573e-06,-5.275159651434223833e-05
1.026185717094006874e-06,-5.265316594791443936e-05
-9.972091128212749050e-06,-4.799137253883380171e-05
-9.288277548338581886e-06,-5.590692049645509706e-05
-8.057657819304086879e-06,-6.291861245789465813e-05
-6.387268476825265282e-06,-6.869071135517950842e-05
-4.408685685188969117e-06,-7.291200688896060274e-05
-2.208423366234499119e-06,-7.536596387853675399e-05
8.605286245261034678e-08,-7.592370607025940017e-05
2.271365426272310631e-06,-7.460097960500304244e-05
4.315265298409731976e-06,-7.149894494873391081e-05
6.025866912457429576e-06,-6.676762954176285604e-05
1.813811982837292358e-05,-3.596471320929271395e-05
3.389542713704759520e-06,-1.760616045158132961e-05
9.973351872732017726e-06,-2.310617133636700513e-05
6.566568740343900934e-06,-2.160874272975022448e-05
1.412614487540381321e-05,-2.709529365083228192e-05
2.089101811440539572e-05,-4.959273318409208821e-05
-2.057947790059277647e-06,-3.804203163834426040e-05
-4.433066594770491354e-07,-3.203486980358157404e-06
-1.891775559566206956e-07,-2.361376204093147400e-06
2.101137180655716357e-05,-6.687668121664063392e-05
-1.242427806835940016e-06,-1.514440085761542305e-05
5.619391790449146006e-06,-2.074020532530101668e-05
-1.686829501889440354e-06,-2.413513031587435518e-05
-2.065831356941713455e-06,-1.623493836939208810e-05
-1.017021552559995348e-07,-3.837275505820838520e-06
4.175911877628174909e-08,-2.566408649607658511e-06
-1.224190049027188564e-06,-5.377392585022443727e-05
1.037331698252702331e-06,-2.185407807311986287e-05
1.922766675793912761e-05,-8.345528100229964200e-05
1.995591146652000507e-06,-1.681124096797463775e-05
8.333069587316333556e-06,-2.783826854925984268e-05
6.359921919300426786e-06,-2.418207837158449730e-05
1.625275553481742545e-07,-2.206946102358671596e-06
1.297123947186287779e-07,-1.624420393263427279e-06
1.056594146344356710e-07,-8.712491952370155560e-07
7.788986079033739219e-08,-7.138341005841245913e-07
-3.595810053740836711e-07,-7.017096427067830708e-05
4.737838291209506685e-06,-1.899430471558165312e-05
1.665873571122695137e-05,-9.270257921553789939e-05
1.446254832903889183e-05,-1.013000346065541496e-04
1.129589365816612370e-05,-1.075883923987158974e-04
-1.294834359044465462e-07,-1.353340222207411295e-06
-2.186733535109808828e-07,-1.792401328061956578e-06
-8.457420402014526152e-08,-5.952937931978293890e-07
-1.097824253809148620e-07,-7.099847708283945173e-07
7.448825911495913459e-06,-1.137293296158660769e-04
1.611146328041057214e-06,-1.647206907859836194e-05
5.106924870557421348e-06,-2.761940032913280717e-05
5.206601912931956044e-06,-1.176793830132157845e-04
9.219463771155865463e-06,-3.564627458192524159e-05
1.137221293819777485e-06,-8.345604762377106496e-05
-4.967285941011744958e-07,-1.586256388856190370e-05
7.778546937153216879e-06,-2.546938668771424119e-05
6.995527771166818085e-07,-3.272651962018399631e-05
2.509768677858711280e-06,-9.743747383883135380e-05
-4.979542683119367765e-07,-5.100434576699441236e-06
-5.800016997462985758e-07,-5.589273993887638012e-06
-5.300257353315168130e-07,-4.438538913763958457e-06
-6.952028867030637283e-07,-6.009004924826575463e-06
-4.886728943131135743e-07,-4.883383627145143879e-06
-5.124860004935486885e-09,-3.872937310919883537e-06
-6.696921734200706422e-08,-4.055721094209784280e-06
-1.906517902853321917e-07,-3.208492943962888619e-06
-1.688075387636023495e-07,-4.255338579037122086e-06
-1.720462093226908279e-07,-3.498299039017122811e-06
1.432822186713909309e-06,-1.144023133348599910e-04
4.379143200960347616e-09,-4.918396620195450540e-07
5.483001988758140679e-09,-5.718848773013983233e-07
2.332288419110202498e-06,-1.074989066067813808e-04
-4.043266889226844487e-07,-3.993593591713557831e-06
-1.241113061066433549e-06,-6.263581368096614921e-06
1.026293687274842175e-05,-4.409548798942704886e-05
3.898120410367160115e-06,-3.223070181148741188e-05
1.547323146009675331e-06,-1.544394426005287401e-05
-3.519288134048217526e-07,-4.480356557329252060e-06
-1.055455063947939599e-06,-6.771561106060485607e-06
8.195459651002407682e-07,-1.206393130202063752e-04
-1.951520051204656257e-07,-5.005859129488403515e-06
-9.690504858263543560e-07,-7.140425304981524581e-06
-1.703339877243128084e-06,-8.992810520033542237e-06
-3.479614667784478667e-07,-5.820069326673669324e-06
-2.688313859325009148e-08,-3.412817323424180137e-06
-2.645791698080862207e-07,-4.974334903469725554e-06
9.299394633156980375e-06,-5.201759064673387441e-05
-3.751818303457111309e-06,-6.944554651251957045e-06
-2.100729691940170026e-06,-5.396282063452214112e-06
2.404710522720721997e-06,-1.205001897282557857e-04
8.756302683538325612e-08,-3.844257834584017483e-07
1.063407403695251598e-07,-4.450554745933719734e-07
-4.766537770278116937e-06,-1.411349564273696496e-05
-1.585293461467893997e-06,-1.418194503030076593e-05
-4.733984003290030439e-06,-2.868778543237390967e-05
-7.279533775710132675e-06,-7.177602983830919017e-05
-1.136928282602192640e-07,-1.062225300279423305e-06
2.348520317092072641e-07,-1.397143548396945403e-06
-4.691011629975282420e-06,-1.552997539104364989e-05
-2.223914475655287234e-06,-9.551239809616241896e-06
3.450483584493226434e-06,-4.036779155108217526e-05
1.630721241340081381e-06,-1.247389442427226033e-05
2.414381769927249465e-06,-8.759270215375854131e-06
2.733291898487103014e-06,-6.148574241803905350e-06
5.846724810401969085e-06,-3.998814215899615382e-05
5.455781564818220662e-07,-5.934190621072375198e-06
3.966778342944416613e-06,-2.060372713944581892e-05
3.966540703281684198e-06,-1.667570897932148789e-05
4.155133579304708433e-06,-3.375350680977869442e-05
2.165655837667370606e-07,-1.206086472219001632e-05
4.458946681105975705e-06,-4.251246337254510941e-05
-7.421978514670583101e-07,-1.545976046367479137e-05
3.165400106330110732e-06,-5.031083076811102668e-05
3.454845093788961994e-06,-6.592740492295907581e-05
2.296340405431307345e-06,-6.342703529365204874e-05
3.071278566796535486e-06,-8.656604383147281840e-05
4.926642136185697510e-06,-4.391104341079801423e-05
2.900325889814474054e-06,-1.099227632473254580e-04
1.112033149271660804e-06,-7.331227386601308423e-05
-5.550197794893153964e-06,-1.077492217439846120e-04
1.388737974692506440e-06,-1.275173696416512508e-04
-5.802442209484795108e-07,-7.627809151645677016e-05
-8.418013979539092543e-07,-1.344406003515825952e-04
-1.971101888789434847e-06,-7.135567050369242788e-05
-3.028681257806192823e-06,-1.281838599386601863e-04
-3.086105765352915041e-06,-5.975430522070143273e-05
-3.725945118958498414e-06,-4.368509524020043687e-05
-2.010360784173272761e-07,-2.561268494269561249e-06
-1.310887070845361506e-07,-2.839282981363722788e-06
-5.156488313343170846e-08,-3.338631765251045771e-06
-2.614874613078905361e-08,-2.670688229845333034e-06
-4.227280292282752448e-07,-3.516017145470299507e-06
-2.996867393558850038e-07,-3.881640101630636270e-06
-2.341688378834995702e-07,-4.649836933528254609e-06
-1.069328287964604152e-07,-3.614642646712080260e-06
7.778181745609123073e-06,-5.683076560595257348e-05
3.949791062410024768e-06,-4.764102697293203957e-05
7.923960837131460350e-06,-3.240433060983311311e-05
-3.529356435007653027e-07,-1.520224847641047724e-05
1.543066223871901487e-06,-7.024187860852794492e-06
-3.195921989581868021e-07,-1.585273398797624656e-05
-8.051626194936566937e-07,-6.457761367227810748e-06
-2.381652143049637017e-07,-4.425684077296102794e-06
8.103525813095731599e-06,-2.972809021652329198e-05
7.119451744888170428e-06,-2.613295140613025635e-05
-2.385209160269268629e-06,-3.076087216688934536e-05
1.092412664245795437e-07,-3.286882792506963188e-05
1.256481989787105314e-06,-3.877312771057689865e-05
3.284794678384303345e-06,-3.436783634614724923e-05
4.834583284437479155e-06,-3.956106569816889967e-05
6.674810807287443120e-06,-3.553915165954802465e-05
4.993903390816837459e-06,-3.089864244608151009e-05
8.240076329248745727e-06,-3.193774889943100387e-05
6.537141606561650606e-06,-2.814978596058415980e-05
8.528909410273654139e-06,-4.077484756537709412e-05
6.173192872799675348e-06,-4.555456903879300553e-05
1.038978257000250819e-05,-4.624568033905940328e-05
8.501265588202955374e-06,-5.162461543451208078e-05
9.476205870360301893e-06,-2.894906073687027916e-05
7.797149629683353776e-06,-2.594459331976119862e-05
1.224050800719106849e-05,-4.156806112738756107e-05
1.258662240211526389e-05,-5.191263227069064476e-05
1.033262562642515079e-05,-5.751043653198055630e-05
6.454440028779843250e-06,-5.700030783754144457e-05
7.755408980886013687e-06,-6.352504575750513808e-05
1.468389492559442680e-05,-5.755003897032622299e-05
3.758879910224606341e-06,-2.725640370730529825e-05
1.146893658063869813e-05,-3.286752830575771127e-05
1.028032010325461242e-05,-2.665127702217305643e-05
8.668508945662268633e-06,-2.426391077143549109e-05
6.530727693849014558e-06,-2.368427495269521347e-05
7.486872376300292670e-06,-2.259067317332853821e-05
5.691498806305721891e-06,-2.202379679962012879e-05
6.731889796071105576e-06,-2.152632857943442675e-05
8.031737882800759213e-06,-2.208411604517607327e-05
7.377752886933107898e-06,-2.163541245261171221e-05
8.088454246257295555e-06,-2.213912590440047747e-05
5.203715047226182247e-06,-2.084440196036954287e-05
7.553725674262849518e-06,-2.228710780030868332e-05
1.076832589704574498e-05,-2.483457291133255772e-05
7.125843659256497359e-06,-2.178350977424128748e-05
7.715906088047998982e-06,-2.273211440361216199e-05
5.817199870001554864e-06,-4.933139984644385680e-05
5.690051316081620051e-06,-5.541905829768380463e-05
-2.163734194728572299e-06,-6.710096648680468202e-06
-1.025647927531796586e-06,-5.237756831866019042e-06
-2.286968586774071279e-06,-2.082243646843238199e-05
-1.293721668099074515e-06,-2.131004705466406696e-05
-1.088709225147487157e-07,-2.386331320390774701e-05
2.901009512147793311e-07,-2.138750518612676755e-05
1.847739325714204775e-06,-2.343857178243730009e-05
2.072730896015071601e-06,-2.120834735699228483e-05
5.989511304855778061e-07,-1.959270677630353728e-05
2.153920459904347886e-06,-1.952989043020190153e-05
8.336858504338868866e-07,-1.831047950355749860e-05
2.126590442474767845e-06,-1.834099568899964102e-05
9.353009110562145988e-07,-1.740010945266433519e-05
3.889228198407525312e-06,-2.306899325575813886e-05
3.760002967245396736e-06,-2.583677712564271466e-05
1.989125896324409450e-06,-1.752492807301226355e-05
9.189516186544832467e-07,-1.679895464877513873e-05
-2.719169172672510600e-09,-1.656144204424111216e-05
2.093124832950057138e-08,-1.613331181082265834e-05
8.366277467245712770e-07,-1.645823156221701340e-05
-7.647109637177349783e-07,-1.571976944271464820e-05
3.039518665714623430e-08,-1.598735939034687682e-05
7.270515600225328066e-07,-1.633027234259081564e-05
1.578134252850611796e-06,-1.671748077514792992e-05
-2.088067470451891565e-06,-1.903528605537019365e-05
-4.763983560402093121e-07,-1.822061257918389983e-05
3.424926991226715774e-06,-1.937899939688958895e-05
-1.194608038402856392e-06,-1.611993273459723020e-05
-1.662047312337208925e-06,-1.482926326237325394e-05
-7.818327861548692823e-07,-1.557346253511071842e-05
3.441470956792090677e-06,-1.926675610875302959e-05
-1.959961817340088131e-06,-1.441206209989730043e-05
-1.232450552910776033e-06,-1.532981890745148829e-05
2.945355327030089622e-06,-3.765562725033971304e-05
4.085529420967228289e-06,-3.247242720518010256e-05
6.457170055177496698e-06,-3.912498963937783853e-05
-1.124825686776454366e-06,-2.666740741145808615e-05
-7.624745285502503013e-06,-9.072145565602969996e-05
6.046627376342376691e-07,-1.594877352501793770e-05
4.837753756395849034e-07,-1.621588386332874497e-05
6.132311969890271690e-06,-3.004905631390791961e-05
-4.866102929731200154e-06,-3.521300985098725053e-05
7.338147382033983201e-06,-2.329773637753137751e-05
2.207101594954539291e-06,-2.890769867017520776e-05
-3.881774903625533152e-07,-6.144325323354693608e-06
-1.295617979349268985e-06,-8.892498365985636216e-06
1.392246088927335998e-06,-1.660307321540482864e-05
6.639410588536831894e-07,-1.633307691259898491e-05
2.148575499280726006e-06,-1.690558842805563517e-05
3.067887240462702519e-06,-5.722727414153588069e-05
3.917643295180498077e-06,-7.628341759654497798e-05
8.539158115646888503e-06,-2.259726626666351380e-05
-1.048414372632399093e-07,-2.199378526484930483e-06
8.468405460286049975e-09,-2.116439213666129601e-06
-5.518902204210014389e-08,-1.760058421560928659e-06
1.977109508174923357e-08,-1.679869895170066597e-06
-6.313581904898168747e-08,-1.385924132065091324e-06
9.305057628363094882e-09,-1.302694512531446506e-06
8.175712353625137576e-08,-1.621998417554745350e-06
-1.953615386311536215e-07,-2.919853750730302418e-06
-1.366581113019928130e-08,-2.773302606592490350e-06
-9.657901775628015934e-08,-2.264303488663895126e-06
1.854973862103395565e-08,-2.131191564576197468e-06
-9.396493241225427012e-08,-1.731334434742656912e-06
1.002168903370482944e-08,-1.601888520370577693e-06
1.073024682500568519e-07,-2.083972927651117213e-06
6.115990222091341359e-06,-2.515970107967855138e-05
4.151667038896541666e-06,-2.297640053740820432e-05
7.459525250763344625e-06,-2.302578622213851111e-05
4.397985097985144752e-07,-1.218196995049582502e-04
1.285310833869369647e-06,-1.212024433279551664e-04
2.527366205276850869e-06,-1.191465204696387151e-04
-1.154549759533071184e-06,-6.789653099348321751e-06
-5.235136802479217947e-07,-5.793911322520397465e-06
-2.263611716822591344e-06,-8.974647167439256157e-06
-1.475057086895045573e-06,-7.866471734716097900e-06
7.323857831327834266e-06,-3.639135410506880543e-05
-4.180984499783469864e-07,-2.776923715434060711e-05
-6.252394567402866170e-07,-1.405983407112780973e-05
6.291225742054790803e-08,-1.120978536264749641e-05
1.288702501659530040e-05,-3.000772957282746054e-05
-1.077051700735295324e-07,-1.042430993212300391e-06
-1.611145553812863995e-07,-1.321396225562515564e-06
-6.427016571470105155e-08,-1.053736169243530639e-06
6.996679952463938050e-09,-9.447607004554785163e-07
-8.642641022849919529e-08,-1.278764436481055734e-06
8.544150097459099827e-09,-1.129559778402105545e-06
-6.381928800118821690e-07,-9.424380082531171279e-06
1.003666702134795488e-06,-5.995909324126969389e-06
9.150109437372310047e-06,-2.315882912598267825e-05
1.057799195821537934e-05,-2.363348581331833114e-05
9.085219935395931850e-06,-2.258903691274067623e-05
-1.818745069373190233e-07,-7.932817220722968759e-06
-7.061453188264851621e-07,-6.616383672685646850e-06
-2.104048298529789215e-06,-1.236185877184272135e-05
-2.285794292421281406e-06,-1.001327499942411867e-05
5.766492555418785972e-07,-7.613270843644833461e-05
5.434476417096081192e-06,-7.847402989827788539e-05
6.044837182069793514e-06,-8.524326669587127590e-05
1.013198458527227877e-05,-8.057572681673965363e-05
1.063444748974766835e-05,-8.671608051307716351e-05
9.775493751650665017e-06,-7.441673778388886002e-05
1.438819797775585442e-05,-7.611021352398610496e-05
1.355733542967912505e-05,-7.033034059625456827e-05
6.831558962533332551e-06,-9.112615405360595313e-05
1.122719746781669485e-05,-9.237674813752427339e-05
5.062717987597911198e-06,-7.095344998551474807e-05
-4.091645806634113813e-07,-6.256653667828207977e-05
-9.732372209726733697e-08,-1.368358247979361166e-05
1.275820688156066462e-06,-1.656260765957266582e-05
3.656529581028983881e-06,-2.094127235106402204e-05
7.828097151157453260e-06,-9.678009430379465035e-05
5.526502999837055662e-06,-1.009188614732997173e-04
9.080151415029839648e-06,-1.005972813490971224e-04
6.321650330318082045e-06,-1.047123636183480878e-04
-1.065557514260469251e-06,-4.515154980317794209e-05
1.279721146357760937e-06,-1.178319140688604286e-04
3.143891931741330581e-06,-1.162839446605340394e-04
3.459013521243390328e-06,-1.138360343334372018e-04
1.516881713169768656e-05,-8.827100617141127802e-05
1.244236780816081067e-05,-9.679983268087182413e-05
6.736347627927658904e-06,-5.737058988588461972e-05
-8.656456716065847174e-08,-8.469848655054974545e-07
-6.965059385116718149e-08,-7.171399216175206411e-07
-9.275691236749310547e-08,-4.022268037581952508e-07
-1.127483097644495584e-07,-4.679484892584096115e-07
-2.581217839499985309e-06,-2.272313078826018189e-05
-7.764313572986087839e-07,-8.007545258903334007e-06
-5.415928279848723713e-07,-1.215071797919985708e-05
1.430929698981446658e-05,-4.675702112265156730e-05
1.617245413917597568e-05,-4.202182660355410163e-05
1.351999594760974679e-05,-3.724425824301857415e-05
1.008373339771349697e-05,-3.646405734380283768e-05
2.219522684658008023e-06,-1.108221638984557649e-04
5.358898610648747924e-06,-1.085915826038559372e-04
5.150521276031951521e-06,-1.111350847926631378e-04
9.089258769569967826e-06,-1.065568823073053561e-04
7.890004289717104496e-06,-1.094277580108121397e-04
7.224621987629030031e-06,-1.117646559983057888e-04
3.393593574877360734e-06,-1.840294590685804003e-05
2.617947848792899378e-06,-4.857015036803209658e-05
-4.355434249101384112e-07,-5.520930901777944829e-06
-1.481615664906341131e-06,-8.199976499765805699e-06
1.193837855577258780e-06,-1.122101298358532483e-04
-1.405159049400353625e-06,-1.043196287381985137e-05
-1.977926643608185673e-06,-2.861094456353421259e-05
-3.746400668127031779e-06,-3.572740087712244372e-05
1.801036338133648427e-05,-7.169551541051945027e-05
1.790097279640838233e-06,-1.699885750364112485e-05
-2.576866832990905955e-06,-1.743564156796941999e-05
1.496362871732978769e-06,-5.658503389308370415e-06
9.057229013885611460e-08,-1.211507505689432703e-06
6.913415081263343416e-08,-1.001524567343189303e-06
5.074619881941519571e-06,-1.151205079823916066e-04
-1.591764662639990862e-06,-7.104185176354707696e-05
-5.094909781268397562e-06,-1.033408302958245496e-04
5.799248167908902160e-06,-2.278959465347641481e-05
1.686978759927196179e-06,-9.031988129136540562e-05
-9.041972705013876603e-08,-1.595873941140490558e-05
8.861208168509245261e-08,-2.020164092614263131e-06
9.980528984638044286e-08,-2.683839098233706330e-06
1.280177103490115808e-05,-6.400820219210806886e-05
1.772659652116053753e-05,-6.254187567893693795e-05
1.954483328221221804e-05,-5.765404156652981400e-05
1.694779983663837359e-05,-5.246246551485771366e-05
4.644470892643607116e-07,-1.007976649250835406e-05
-5.005835543339849599e-07,-7.626088071093793989e-05
-3.592722586346321183e-06,-1.233723433424697004e-04
-4.299191365105096646e-06,-1.198057521413496592e-04
6.686464229681012797e-06,-5.442638485062373753e-05
-3.519754319083593839e-06,-5.215888551370656854e-05
2.492387304583726992e-07,-1.325749061571181132e-04
-1.916696239146952401e-06,-1.330282777229928651e-04
-1.365268882701187284e-06,-7.475031299391914075e-05
-2.590307370276886442e-06,-6.627070359028085949e-05
4.075226622042821511e-06,-5.443640493369753360e-05
3.751094173960719914e-06,-4.243105603028294643e-05
-2.421714130055930059e-07,-1.426909576238639692e-05
1.928402973776101773e-05,-4.007467662142141752e-05
1.661491366821063250e-05,-3.235389800950258808e-05
2.020760415773245313e-05,-4.465115391369905664e-05
4.022846922056588159e-06,-1.820223313145796529e-05
2.858273234249241896e-06,-1.758304673019192490e-05
7.450369005790143640e-06,-2.308903923727372406e-05
5.594299208443778818e-06,-2.008376665772042900e-05
2.320908335527451801e-07,-1.869421037037875482e-05
-5.458787206411174683e-07,-1.093467394753786861e-05
-1.684763263024245614e-07,-9.353638646001090459e-06
2.459201790840004300e-06,-1.714231902983974980e-05
7.601929967752080532e-06,-2.316701364060969580e-05
5.549153828302040903e-06,-2.557918587686062257e-05
1.546483135089658495e-06,-1.613543994526917021e-05
4.126338681690891545e-06,-2.987856709594824520e-05
2.002777941154047550e-05,-7.733250172745381094e-05
1.028476933596928820e-05,-3.963542335060414817e-05
9.274986786269441452e-06,-3.148819225015170526e-05
6.466600079865195899e-06,-2.998933830032062884e-05
-4.589723103783347849e-06,-2.196398266440014759e-05
-7.041273212094398914e-06,-5.079853584848436260e-05
-6.071979365619494545e-06,-3.051176222349718940e-05
-4.476500755145321765e-06,-1.003449713397592669e-05
-2.380468739237456064e-06,-6.907484066195030973e-06
-1.896605432684548510e-06,-1.213449092829782160e-05
9.995177610300273521e-06,-1.101280497137644906e-04
1.282865933972218504e-05,-1.046847520391788175e-04
6.988532169206655920e-06,-6.217173981841917114e-05
-9.243500293585027654e-07,-1.556831036209731708e-05
6.341067914568275694e-06,-4.413603903342922484e-05
6.235828759557991748e-06,-2.628173692348537664e-05
-7.130073025719515964e-07,-1.554090506064381436e-05
-5.289246107895643504e-07,-1.337811228754210455e-05
7.901047329483705667e-07,-2.570544355939653056e-05
6.341025916801468853e-06,-2.100577592802391644e-05
2.337036968846950978e-07,-2.430100031531685418e-05
3.905278574904611814e-06,-1.192910546777841714e-04
6.341019846875229969e-06,-1.158633405795807307e-04
1.249469277827561928e-05,-2.512032625326611585e-05
1.526775418153761296e-05,-2.935231821180419960e-05
9.257636434608754024e-06,-4.870511073844025000e-05
5.175894499701255529e-06,-2.003630828586785493e-05
1.096973248210121542e-06,-1.773451846065706615e-05
3.449692400819137763e-06,-1.983299679476060648e-05
-6.475064676381915756e-07,-1.359168880191338714e-05
4.085312507622509322e-06,-3.619267531391888215e-05
4.808628337461962229e-06,-9.983512830971480424e-05
-1.851084263839855543e-06,-1.449049605286938454e-05
1.606386452766348368e-06,-1.421983880457039235e-05
1.729590091021974659e-06,-1.666364989444504206e-05
-2.480592694146654846e-06,-1.334603422539507962e-05
1.473768450644653784e-05,-8.204483969381803389e-05
1.209548360324435332e-06,-3.993124946389630504e-05
7.105010235037092067e-08,-3.354865561254735803e-07
8.451517412473832878e-08,-3.862785431608660066e-07
-2.368628442610237384e-06,-1.643317834569504407e-05
4.572507314443764701e-06,-5.194324847345477042e-05
1.480410952657251496e-05,-3.418733485761437773e-05
3.561128061411070727e-06,-6.353500762172876288e-05
9.669627935651414855e-06,-6.853076538634125683e-05
-8.912706621429479591e-07,-1.948534279943589878e-05
1.945589611755834351e-06,-2.957456431909309102e-05
-1.750255433152856420e-06,-6.224064957986539364e-06
-1.341991674749458668e-06,-4.660159076210561450e-06
6.745737702669785613e-06,-2.461305727374315472e-05
-9.458554956285014551e-07,-3.372148813566655949e-06
4.354187293741840060e-06,-1.171197715845166307e-04
-2.143525560220898005e-06,-6.005096076587644588e-05
-5.041424003124321207e-06,-8.082378069396740775e-05
1.125857465286629001e-07,-1.868074489499799046e-06
7.630833840364887181e-08,-2.836331133182345886e-06
1.034343662997835311e-07,-2.659379009638437412e-06
1.544858318123148015e-09,-3.983411976423237039e-06
7.141097166630070755e-06,-3.315019255229198828e-05
-7.075992970082760422e-07,-1.499236734657427621e-05
-3.758684650887081530e-07,-2.390451727243074460e-06
-1.917593941813814548e-07,-1.747263839313616906e-06
6.208410731857735840e-06,-8.290112872204188031e-05
1.004634157875521003e-06,-3.278303359665444444e-05
5.225006218755352065e-06,-2.522117364571163138e-05
6.485800537010372717e-07,-2.834863398248276533e-06
-1.632483771032834741e-06,-1.792716522523505717e-05
1.306514960702724960e-06,-3.529477595399073625e-06
-2.515569424910027470e-07,-4.473710887626117693e-06
-2.315879589787862773e-07,-1.722859937724637760e-05
-2.154306979714856287e-06,-5.356865418537964040e-05
-4.691678108376075965e-06,-7.057364962071688264e-05
8.621198308792297614e-06,-5.485475753601588405e-05
3.520789325923309485e-06,-2.119227002442309555e-05
-8.330753912033111767e-08,-3.880804579145815831e-07
-7.011340137211262421e-08,-3.358779866452332906e-07
-2.742137089205581293e-07,-1.888976750329511044e-06
-1.525545405772584634e-07,-1.396416409173361601e-06
-1.185124848152939869e-06,-1.501842409728576660e-05
-2.369654547464204042e-06,-4.604648393486373886e-05
-4.781088506814021823e-06,-5.957874564369241112e-05
-8.607972135912092047e-08,-7.755780989382407103e-07
-1.205418777841009922e-07,-9.536656260888201969e-07
1.067493730470601622e-05,-1.031830902922648805e-04
9.251005394587464683e-06,-1.118892598300733629e-04
-2.281757111263954810e-06,-3.741590003187637939e-05
-1.350063566410919160e-06,-1.320607866189590088e-05
-4.391309330088665249e-06,-4.748350490754291891e-05
3.960269169208378028e-06,-1.142707276464577652e-04
1.792590241561701707e-06,-4.817868094082215975e-05
2.970295927902447441e-06,-5.557999919725171718e-05
2.652430194009708113e-06,-1.245133287806431783e-04
1.756345496924472823e-06,-5.621223137578402752e-05
1.588678278445771321e-05,-9.741666435869697927e-05
4.912033690564650550e-06,-2.024930324453675943e-05
1.476343903921306692e-07,-1.500183570318768525e-06
1.076833960324623187e-07,-1.149180323253123545e-06
1.529635886301919477e-06,-6.337426695771630205e-05
1.280199005896036906e-06,-1.311495926593233381e-04
3.952333237297613938e-06,-2.474571213783629465e-05
4.048809911366525712e-06,-3.071380891982798108e-05
4.279642191754512087e-07,-9.054122362247435125e-06
1.000983968244453392e-07,-1.617773011501633058e-06
7.443707804035919937e-08,-1.299244941567745706e-06
-9.877579194496403134e-08,-1.341913149979925097e-04
1.160604001657289267e-06,-6.926358922146688300e-05
8.053511768758558209e-06,-2.514184720530391587e-05
-1.424635219729477108e-06,-6.883183369621712584e-06
-1.514695205675639378e-06,-1.947504815016360384e-05
-2.888636091659855943e-06,-2.409235021199957326e-05
6.556971103592890626e-07,-7.353972039345809124e-05
-1.449462296458162954e-06,-1.337426178843724727e-04
1.010549455350824915e-07,-6.470297108367241306e-07
7.857521301122234504e-08,-5.457508763465990276e-07
6.384458020174986631e-08,-7.592029027959568068e-05
-2.635598213945908366e-06,-1.299501620959050995e-04
-1.501877662206672957e-07,-6.937174411943854610e-06
2.755039777556418766e-07,-5.181936521419913319e-06
4.154908167702637018e-06,-1.093776216583130396e-05
4.049524745453515225e-06,-1.384354754630133196e-05
2.662153257254513662e-07,-7.574053310625284416e-05
2.055353353325061524e-06,-1.196128181001161132e-04
3.013738650624629901e-06,-4.397430617469029950e-05
1.258044946023993746e-05,-2.724091485749317089e-05
-4.445033858400276012e-06,-1.141990175974090261e-04
-1.075643881014094799e-06,-7.458441987979479485e-05
1.658498201363316592e-06,-6.909140613161699070e-05
2.817607056760717858e-06,-9.858190621277608100e-05
9.432015190230729192e-08,-8.148020482999262484e-07
7.599333850129177287e-08,-6.919471960215647094e-07
-1.963386610826417904e-06,-6.600025703576438191e-05
-5.305341187308366854e-06,-9.174493459339196977e-05
8.805260237834306827e-08,-8.957004907969087511e-07
1.225967099560486542e-07,-1.128318447960855288e-06
-2.331406090235825931e-06,-1.759232182295078248e-05
2.849663638584188489e-06,-1.722109344038903216e-05
8.756097001132016368e-06,-2.300217324785719969e-05
1.645850316973915060e-06,-1.023311938913880863e-05
-1.546987078786821715e-07,-4.100589723201687288e-06
-5.790492666622528931e-07,-5.839561347527962025e-06
1.050133631134380331e-06,-1.213405758235133698e-04
-1.804686275490173026e-06,-1.511651956285564859e-05
7.409076808372773771e-06,-4.577078225647139478e-05
1.153418721233597416e-05,-2.402200365979805874e-05
2.597779989752905218e-06,-2.448009809888269486e-05
6.884594083367786725e-06,-5.747147700852646809e-05
-2.607820538335906932e-05,-9.306663312781470821e-05
1.903745944287339885e-05,-8.789174674198363987e-05
-1.196223604966803393e-05,-3.539163619035630979e-05
-9.681709285451632142e-07,-6.936339854646308081e-06
-2.625343220193601195e-07,-4.794101450156046703e-06
-1.190104185222609242e-06,-1.713504605585468096e-05
-3.184143523550098928e-07,-5.171665104510864643e-06
-5.448593960279757406e-08,-3.630146516583824181e-06
7.664041838962341402e-06,-2.326813762481035657e-05
1.396971791372956210e-06,-2.587717908293324937e-05
4.834716176493962380e-06,-2.050761491776149085e-05
-9.736666181150494380e-07,-7.154042222968186276e-06
-1.748717827681048434e-06,-9.842880468102445360e-06
1.150644037544881067e-06,-1.647158462672613499e-05
-1.726781829397591732e-06,-8.856851312781129816e-06
6.853220008261922528e-06,-5.002148719727033440e-05
2.186489909836163519e-05,-6.166679598735231368e-05
1.825528596932747286e-06,-1.991164836666671782e-05
5.410288876934584378e-06,-1.131908104354114941e-04
-1.279188755090821564e-06,-1.510207157737778381e-05
-2.939754613138829167e-05,-9.661841186732618957e-05
4.296055811696893970e-06,-2.863866848186471755e-05
2.002217001476397818e-06,-1.039516761515125819e-04
1.324536643322258581e-05,-7.584010882072733726e-05
1.004379180578765774e-05,-5.668439793762987085e-05
2.152789506484131129e-05,-5.397608812041464454e-05
6.915410726805675765e-06,-5.750299787664622195e-05
-2.926375886005070374e-06,-1.111673939435661715e-05
3.672172198070196921e-06,-1.187674672344503314e-04
-4.143662149900463622e-07,-5.742368082938280748e-06
-1.468880248028997493e-06,-8.393442740901116428e-06
6.308445328879820453e-07,-1.506520235066386253e-05
-1.735151414959897087e-07,-1.603498236349643952e-05
5.911787466005852937e-06,-3.328474640862920804e-05
-4.703577003258048762e-07,-1.239100267800585618e-06
-2.023081922089126095e-06,-1.481276231619013938e-05
1.716304875424771084e-05,-6.758355723692167840e-05
-1.465157400394349334e-06,-4.267369144041085215e-06
-8.259317562538596938e-07,-3.351755627310476866e-06
-2.154858229938796998e-06,-1.145698709666897174e-05
1.767778732677188709e-05,-4.700941914901361686e-05
1.108940585657471369e-05,-5.631178252471775693e-05
8.039918060934741106e-09,-3.484016176260591629e-06
5.341142433499326921e-08,-2.548735012589267060e-06
6.878120821778361800e-08,-1.708367967117795047e-07
8.010395916702420075e-08,-1.941418788511374834e-07
-9.762899281322669139e-07,-7.288137099667266030e-06
-1.665778717706126881e-07,-5.214222351960486511e-06
7.066727845069976497e-06,-5.622582381296434279e-05
6.716086460320926773e-06,-2.170634787714523052e-05
6.781039862488543120e-06,-2.773370518184008999e-05
-7.368608717053336840e-08,-1.861513667442876006e-07
-8.617085691547919644e-08,-2.129130209815962427e-07
2.565010893862196982e-06,-1.201685090769071402e-04
5.491477177902757941e-06,-5.066555049439052717e-05
1.217927586914886438e-05,-1.001214773508568530e-04
6.272673554255498476e-08,-1.611308767299548744e-05
1.013391531446127036e-05,-7.509279601876374095e-05
1.638870794201570876e-05,-3.768055467693910292e-05
-3.048049458114676322e-06,-5.227664135174318499e-06
-5.653675095298962973e-07,-1.562684312731093763e-05
2.485248327692138589e-06,-1.701547910764388363e-05
7.151155923249024000e-06,-2.349523629485031573e-05
5.678595622403816540e-07,-1.631595787065683509e-05
-1.143674511389413028e-05,-3.492784101061042942e-05
-2.016616303998658883e-06,-1.546905069767241629e-05
7.314649794285549441e-06,-2.442915642605969289e-05
-1.529495494805851414e-07,-2.134030728400728216e-06
-2.908865599480751811e-07,-2.876912342105239631e-06
7.651391272332917639e-07,-1.231159540929403030e-06
-3.521414884027988682e-07,-5.469298603245078396e-06
4.426381087034410807e-07,-3.631439405495308211e-06
-6.690164042822294422e-07,-1.049558773624382640e-06
2.210306137564675745e-05,-7.179127332656911882e-05
5.697962031115602559e-06,-3.551632587737810502e-05
6.760931761111285995e-06,-5.362877035015589384e-05
7.855626135605042678e-06,-4.252744134567350976e-05
4.637172772088370268e-07,-9.389853843930036506e-07
5.751607675511342898e-06,-2.730479406896641202e-05
7.045613846872345229e-06,-5.181455751907342418e-05
3.358010496407165174e-06,-1.122079111345199826e-04
1.399213552368127998e-07,-1.173161778449591298e-05
5.786118668738427149e-06,-5.674296669633632865e-05
1.126133774592481353e-06,-1.210249714867423415e-04
-8.777461917596023471e-07,-7.798826356628362158e-06
-2.598763039156571788e-06,-1.161924528942469208e-05
-2.079792394635329046e-06,-9.372155559167216234e-06
-7.386253549899034489e-07,-6.362942207818171145e-06
6.150472242951166036e-06,-3.985112032840408254e-05
-1.060749024067480838e-07,-1.421494244580783964e-06
-1.723961705363272980e-07,-1.845624278046844667e-06
1.239918932065006308e-05,-2.593970615567679669e-05
7.650459335822359976e-06,-2.757585449248637754e-05
1.073769443852017740e-06,-1.629639752534351566e-05
-8.515612079554229039e-07,-1.272393725284147756e-05
4.397912192878901750e-06,-1.935809780638855104e-05
2.806791131697564324e-06,-4.313414625382148987e-05
1.360015958337762620e-06,-2.643400096573275432e-05
