Size 979,2
0.000000000000000000e+00,0.000000000000000000e+00
0.000000000000000000e+00,0.000000000000000000e+00
0.000000000000000000e+00,0.000000000000000000e+00
0.000000000000000000e+00,0.000000000000000000e+00
0.000000000000000000e+00,0.000000000000000000e+00
0.000000000000000000e+00,0.000000000000000000e+00
0.000000000000000000e+00,0.000000000000000000e+00
0.000000000000000000e+00,0.000000000000000000e+00
0.000000000000000000e+00,0.000000000000000000e+00
0.000000000000000000e+00,0.000000000000000000e+00
0.000000000000000000e+00,0.000000000000000000e+00
-1.147524821184622226e-06,-1.550942515846149669e-05
-9.281326237459910478e-07,-1.528936513310307304e-05
0.000000000000000000e+00,0.000000000000000000e+00
0.000000000000000000e+00,0.000000000000000000e+00
0.000000000000000000e+00,-1.126464919722059126e-04
0.000000000000000000e+00,-1.138997325236147250e-04
-1.002832250998301011e-06,-1.074358713955299424e-04
-1.917354214936899191e-05,-7.754098167475077222e-05
0.000000000000000000e+00,0.000000000000000000e+00
-1.620483814520312997e-06,-8.584767746294508326e-06
-4.747025993104647202e-07,-1.137708640094900014e-05
-3.053615927850392430e-06,-1.398361610177169286e-05
-3.102287632268349733e-06,-1.754527378238140490e-05
-1.276593949419875241e-06,-1.181464374066433492e-05
-2.067660014666775149e-06,-1.531202503738137338e-05
5.073480263248227750e-07,-1.856027470830343614e-05
-1.791256825181667270e-06,-2.221180300278918247e-05
-2.078981576709302424e-06,-7.077545711555165626e-06
-2.068411525140709699e-06,-1.490003046200547800e-05
-8.776628236047525221e-07,-1.579360044710282504e-05
2.568852220044151152e-06,-5.374840969129839779e-05
2.341897209722223397e-06,-8.205311784283658203e-06
8.597639569165859563e-06,-5.694195087155249908e-05
-3.585219721846959956e-06,-8.574842476113854749e-06
9.015895376055839484e-06,-3.099641138047890947e-05
-1.007355047811389600e-05,-3.294382654426049074e-05
-3.542343762463619761e-06,-6.690594180619159831e-05
9.105635766392560008e-07,-1.235473175269691461e-05
1.095974133555883421e-05,-6.819543241771790481e-05
-1.061449839964341045e-06,-1.035425214914216930e-04
-3.158498001256273810e-06,-6.923498517113649091e-05
-1.727244937975798064e-05,-9.386570690583295252e-05
1.072644161386048085e-05,-7.654011151038745374e-05
9.581327770512871467e-06,-3.242542344893272637e-05
3.990953347595397939e-06,-5.678772547881162484e-05
-1.009317894294948946e-05,-3.995163938708065903e-05
7.613859328762943663e-06,-6.346771415620789216e-05
-5.115058432314920432e-06,-1.068889067672956463e-05
-8.138150183429234463e-06,-1.846411070581584365e-05
-1.052444198842639960e-05,-2.795726000544786999e-05
-1.204097600130283469e-05,-3.868053431535364232e-05
-1.272881146636590625e-05,-4.993484290540373247e-05
-1.269378398295834243e-05,-6.077690508384803994e-05
-1.256504513247710042e-05,-7.097945099193109599e-05
-1.269420937943490629e-05,-8.103646842652017601e-05
-1.270519509093339611e-05,-9.144345158123978062e-05
-1.178079821868426628e-05,-1.019932131953294434e-04
-9.995133362462420618e-06,-1.113025385635621137e-04
-7.520213827833943625e-06,-1.187143659759374778e-04
-4.481388368107682595e-06,-1.236858013322054040e-04
-1.013192018176040072e-06,-1.258248694017992711e-04
2.732700770849136281e-06,-1.248412858430747072e-04
6.623978586410243102e-06,-1.205543564358906478e-04
1.053021086804088758e-05,-1.129091007466458070e-04
1.434138569706060915e-05,-1.019293365095649026e-04
1.789730456788185181e-05,-8.749326631988977676e-05
2.074209314139824906e-05,-6.947406350555546172e-05
2.138445534589032067e-05,-4.866954007782653397e-05
1.823993185411993583e-05,-2.763094562482116152e-05
1.064010216006754007e-05,-1.071374326102887253e-05
0.000000000000000000e+00,0.000000000000000000e+00
0.000000000000000000e+00,0.000000000000000000e+00
0.000000000000000000e+00,0.000000000000000000e+00
0.000000000000000000e+00,0.000000000000000000e+00
0.000000000000000000e+00,0.000000000000000000e+00
0.000000000000000000e+00,0.000000000000000000e+00
0.000000000000000000e+00,0.000000000000000000e+00
0.000000000000000000e+00,0.000000000000000000e+00
0.000000000000000000e+00,0.000000000000000000e+00
0.000000000000000000e+00,0.000000000000000000e+00
0.000000000000000000e+00,0.000000000000000000e+00
0.000000000000000000e+00,0.000000000000000000e+00
0.000000000000000000e+00,0.000000000000000000e+00
0.000000000000000000e+00,0.000000000000000000e+00
0.000000000000000000e+00,0.000000000000000000e+00
0.000000000000000000e+00,0.000000000000000000e+00
0.000000000000000000e+00,0.000000000000000000e+00
0.000000000000000000e+00,0.000000000000000000e+00
0.000000000000000000e+00,0.000000000000000000e+00
0.000000000000000000e+00,0.000000000000000000e+00
-4.306943185378099902e-06,-8.975180028761453005e-06
-6.743177674503418138e-06,-1.618867861711530273e-05
-8.422045134442497248e-06,-2.474519817618226963e-05
-9.230906885627344246e-06,-3.399922241259594705e-05
-9.249469526085377441e-06,-4.327073464434854608e-05
-8.605754433769184720e-06,-5.180167389333344380e-05
-7.697055935052900908e-06,-5.929916697643854471e-05
-6.699919944394145115e-06,-6.582347884306419543e-05
-5.491694066938895095e-06,-7.140319849780966792e-05
-3.839946473880035668e-06,-7.577945701447749813e-05
-1.893025527651728621e-06,-7.837362250816363183e-05
1.977833979229388543e-07,-7.902338392267997560e-05
2.305932639417719109e-06,-7.763989524389013498e-05
4.293802548167869019e-06,-7.428574767418781859e-05
6.013830453837293929e-06,-6.912083471081128280e-05
7.327904522883985459e-06,-6.241828854888824491e-05
8.089379365031027245e-06,-5.458226667136043615e-05
8.125535924942634000e-06,-4.640018688606603310e-05
7.759662809381081487e-06,-3.838834890195306365e-05
7.272458404131299134e-06,-3.062302682842592294e-05
6.571949507231678587e-06,-2.297199061619656615e-05
5.239074855653009361e-06,-1.560069003510316686e-05
3.257362251161540094e-06,-9.049930722502285256e-06
0.000000000000000000e+00,0.000000000000000000e+00
0.000000000000000000e+00,0.000000000000000000e+00
0.000000000000000000e+00,0.000000000000000000e+00
0.000000000000000000e+00,0.000000000000000000e+00
0.000000000000000000e+00,0.000000000000000000e+00
0.000000000000000000e+00,0.000000000000000000e+00
0.000000000000000000e+00,0.000000000000000000e+00
0.000000000000000000e+00,0.000000000000000000e+00
0.000000000000000000e+00,0.000000000000000000e+00
0.000000000000000000e+00,0.000000000000000000e+00
0.000000000000000000e+00,0.000000000000000000e+00
0.000000000000000000e+00,0.000000000000000000e+00
0.000000000000000000e+00,0.000000000000000000e+00
0.000000000000000000e+00,0.000000000000000000e+00
0.000000000000000000e+00,0.000000000000000000e+00
0.000000000000000000e+00,0.000000000000000000e+00
0.000000000000000000e+00,0.000000000000000000e+00
0.000000000000000000e+00,0.000000000000000000e+00
0.000000000000000000e+00,0.000000000000000000e+00
0.000000000000000000e+00,0.000000000000000000e+00
-2.181544752442514488e-06,-2.226475744773711958e-06
-3.234501603682759063e-06,-5.187846018409921143e-06
-3.573147883545893981e-06,-8.491507008323766426e-06
-3.337724058612781812e-06,-1.153272528582255100e-05
-2.662064787697447514e-06,-1.389577693163250859e-05
-1.684518106546008195e-06,-1.523013938220574008e-05
-6.345317560847718204e-07,-1.539754822845590320e-05
3.598113138737101859e-07,-1.441849496341248021e-05
1.107360072204833300e-06,-1.239819103825669507e-05
1.388412643752841542e-06,-9.621983087480170808e-06
1.189184700608967946e-06,-6.386033497264467611e-06
0.000000000000000000e+00,0.000000000000000000e+00
0.000000000000000000e+00,0.000000000000000000e+00
2.428136485905542692e-07,-1.482919703947900157e-05
1.409105593655655221e-06,-1.319151619249973431e-05
2.261677142985927897e-06,-1.075016010120122116e-05
2.675953812040105780e-06,-7.789080240740204299e-06
2.560663844867572255e-06,-4.707846152728649688e-06
1.782408979872139572e-06,-1.991605279448895174e-06
-1.042426442663957743e-06,-1.553232124407472007e-05
-1.491742951807168083e-06,-1.566656796659837976e-05
-1.859512697384194394e-06,-1.570431797176633252e-05
-2.079410707958771767e-06,-1.564210089287691540e-05
-2.063975535024010776e-06,-1.553544903712991734e-05
-1.501724388771385188e-06,-1.362065069039270432e-05
-2.046870759428888950e-06,-1.095807051727426995e-05
-2.335519087222384915e-06,-6.959202569529458810e-06
-1.852771386897514031e-06,-2.697627033428489755e-06
0.000000000000000000e+00,0.000000000000000000e+00
0.000000000000000000e+00,0.000000000000000000e+00
1.988387280938516647e-06,-1.122737105315569587e-04
3.834480407312926220e-06,-1.113609686088148367e-04
5.516768339335185214e-06,-1.099737466999910765e-04
6.976764513427360493e-06,-1.082688282009237494e-04
8.269519181381181975e-06,-1.064147516998856881e-04
9.484294997383770659e-06,-1.044604197737248263e-04
1.079326658027106152e-05,-1.024779972958296472e-04
1.220669748694076724e-05,-1.003042683970698895e-04
1.373556887944793613e-05,-9.782453050573109105e-05
1.534308996530680256e-05,-9.495641429307047517e-05
1.695563094912839607e-05,-9.165390765690314035e-05
1.849075571274521739e-05,-8.793051646665517545e-05
1.986046862579677748e-05,-8.384294196184224120e-05
2.110237546178555572e-05,-7.943452935245507059e-05
2.211409965161218656e-05,-7.482313852460977714e-05
2.292634175547325609e-05,-7.002644717144404876e-05
2.350892177886917898e-05,-6.504965656258256102e-05
2.381475203432533572e-05,-6.006349625599082675e-05
2.378027639643962653e-05,-5.502228036953360225e-05
2.346978198365808586e-05,-5.006799661055801607e-05
2.280545509183326978e-05,-4.536226270891434583e-05
2.180686848346681138e-05,-4.095761336770845892e-05
2.054625745175663254e-05,-3.698861359110575299e-05
1.906811045440419273e-05,-3.349150556213572932e-05
1.748026701532914053e-05,-3.052393110109883619e-05
1.581381792276117992e-05,-2.808298030405490808e-05
1.407696879202730193e-05,-2.616087445776398867e-05
1.236487763987391933e-05,-2.474249318427435874e-05
1.059037952879668078e-05,-2.383149304254321703e-05
8.922913012723787880e-06,-2.344424810659222146e-05
7.235471874620944448e-06,-2.362000642775147972e-05
5.715339213301582681e-06,-2.431847553792836745e-05
4.298333168628592501e-06,-2.555748269587427109e-05
3.080948103264394682e-06,-2.733094341365940939e-05
2.111880663422344503e-06,-2.955388321446358405e-05
1.239495766815679859e-06,-3.220092791120974612e-05
5.103172559760536689e-07,-3.537126838403988353e-05
5.715473757859041541e-08,-3.906368141066991599e-05
-7.370027883126259085e-08,-4.323283473086072870e-05
2.370096506750965123e-07,-4.763112861486650391e-05
1.020325610108066093e-06,-5.188525130190027796e-05
2.306650384324049701e-06,-5.560127906198402282e-05
3.862494655016930982e-06,-5.839866567776971442e-05
5.876784479111280145e-06,-6.002786225947201378e-05
7.909796224466801468e-06,-6.027787807507112826e-05
9.814639458144399427e-06,-5.916799318584333920e-05
1.150176583225246778e-05,-5.699916216297185370e-05
1.293509305089136245e-05,-5.385392756689118938e-05
1.394920398878985384e-05,-4.988998875651021658e-05
1.445132582653705564e-05,-4.539423534997480539e-05
1.435257950996251966e-05,-4.082423454623826034e-05
1.381119237074248628e-05,-3.656894654770853311e-05
1.290269690640122060e-05,-3.271348294732709145e-05
1.181593511668074739e-05,-2.940761552653353936e-05
1.060435198393331474e-05,-2.659398759934340775e-05
9.341065094822431752e-06,-2.423323901892536931e-05
8.131332094501006575e-06,-2.230196030235810889e-05
6.975247962409462357e-06,-2.080034188046202430e-05
5.926326193863013021e-06,-1.964509226954742636e-05
4.994950517551714486e-06,-1.877339273086058992e-05
4.178263993027905096e-06,-1.812418471430738855e-05
3.492601209335265241e-06,-1.764631006984339063e-05
2.957370706283043350e-06,-1.731520207920043538e-05
2.586102896021488405e-06,-1.703790835376583815e-05
2.394876847856837472e-06,-1.675417856076269533e-05
2.404074849297088462e-06,-1.636513368333321569e-05
2.593069291065863469e-06,-1.575472116260443129e-05
2.938652960304506184e-06,-1.474128913632290440e-05
3.345981362495961685e-06,-1.321969609541667134e-05
3.682020888338753070e-06,-1.109018362599800845e-05
3.780487857551586109e-06,-8.359935213162819148e-06
3.399338829297319085e-06,-5.336750434486003649e-06
2.312081523689945030e-06,-2.434524835033767532e-06
0.000000000000000000e+00,-1.130709848700730820e-04
0.000000000000000000e+00,-1.135442766018470269e-04
-4.651367061064337763e-07,-1.132183798014108880e-04
-8.876909526454588943e-07,-1.112786403160981454e-04
-2.547737087380038337e-05,-8.540569617608327949e-05
-2.654619117250782315e-05,-9.336601607213392614e-05
-2.092128667385444296e-05,-9.819715047610685758e-05
-1.377135437264334869e-05,-1.022281139188120711e-04
-6.321197342781282468e-06,-1.054738415243231507e-04
-9.797442102915616401e-06,-8.837021463405292436e-06
-1.634531367256543394e-05,-2.151315039925792691e-05
-2.004395017886414235e-05,-3.830076392245157138e-05
-2.110603674536072911e-05,-5.700906555974650402e-05
0.000000000000000000e+00,0.000000000000000000e+00
-5.550185675440039385e-07,-6.358465777362925699e-06
-1.092548180884166013e-06,-8.722475357506409867e-06
-3.233841443298882720e-06,-6.482145408961770890e-06
-3.904790364661288427e-06,-8.408358983459852292e-06
-3.806403156473711333e-06,-1.092924795463401305e-05
-3.166652748547946685e-06,-1.316455274844560311e-05
-2.914281621401950510e-06,-1.024871335062000287e-05
-3.647926136790626682e-06,-1.259976659592783745e-05
-3.040740507199022715e-06,-1.401708801032610635e-05
-2.262150579776343918e-06,-1.493322634355824466e-05
-1.484916328982432334e-06,-1.546353156568275122e-05
-9.620814831567522639e-07,-1.574193266059532726e-05
-1.837735936039920364e-06,-1.524630958421096464e-05
-2.033249262705796604e-06,-1.565312387381028166e-05
-1.907008075995670586e-06,-1.588379071954337013e-05
-1.635663082636128711e-06,-1.598554069748941333e-05
-1.275876189983107579e-06,-1.595636694919070321e-05
2.285396275314587035e-07,-4.698220085371838744e-05
-1.254704262631486601e-06,-4.092980144523696500e-05
-2.176200531974245370e-06,-3.533035714500482261e-05
-2.753022486875474391e-06,-3.033871568348799091e-05
-2.858143254526318103e-06,-2.561786456315837850e-05
-2.606545780548323809e-06,-2.098950062863771894e-05
-1.024729476244325062e-06,-1.656347793566270588e-05
5.243072388293464766e-07,-1.209861632065601304e-05
1.809205153758794699e-06,-5.611436125708952851e-05
3.255374717705031551e-06,-5.787916150433661667e-05
5.949571483138471004e-06,-5.908354239640349034e-05
8.957564576902370289e-06,-5.976748628590666243e-05
1.124190474793691527e-05,-5.989714438147578887e-05
1.116193202656049498e-05,-5.868839966571921856e-05
1.004750352415956790e-05,-4.898748973427728476e-05
1.088670741821695045e-05,-4.050328356055825515e-05
1.107692100101210922e-05,-3.166226795419989435e-05
1.050823390846944705e-05,-2.295527479292721254e-05
8.957232237879244260e-06,-1.519769611056134976e-05
6.098116759442304111e-06,-9.164113018461508082e-06
-2.603004572876009485e-06,-1.207484716149747883e-05
-1.114175528367892686e-06,-1.523699655773124024e-05
1.679363959567935365e-06,-1.779122722583081903e-05
4.188023444374326189e-06,-2.029214844361021243e-05
6.608715215875088969e-06,-2.283145139605395361e-05
8.443476109099831489e-06,-2.611094663608531775e-05
-6.342597851163666238e-06,-8.853702841239726489e-06
-8.504767805420168444e-06,-1.307977954202961419e-05
-9.713698800279711186e-06,-1.904813702209238381e-05
-1.020545128332106566e-05,-2.567528734597154826e-05
-1.244116581520199086e-05,-3.556785113192514577e-05
-1.008012814697704878e-05,-3.718980394487882125e-05
-4.557342287176131345e-06,-3.698790202772203736e-05
1.705852784238964173e-06,-3.589975928516109482e-05
6.806236262079972389e-06,-3.391457476440426429e-05
-4.980215737577988175e-06,-5.784820783781171834e-05
-5.072151996112333768e-06,-5.016418315032771110e-05
-4.707456074844536675e-06,-4.291228752579191768e-05
-3.884947567523432617e-06,-3.559701322793382215e-05
-2.790176550846271299e-06,-2.792130422895587277e-05
-1.739366830490807926e-06,-1.986151322125340337e-05
2.710813565682006710e-07,-7.077072880186965854e-05
7.155533162939249583e-06,-7.265009703807407272e-05
1.206140923800382615e-05,-7.186699280242495286e-05
1.209484100277835646e-05,-5.719724211243855855e-05
1.249559210076437184e-05,-4.647023067739362341e-05
1.220384355175406606e-05,-3.586710432866700336e-05
1.112579116397203604e-05,-2.584945340959151475e-05
8.976147076904454587e-06,-1.731878449605763273e-05
5.359268222097616955e-06,-1.119059424082703484e-05
-2.340172874815792645e-07,-1.036406817457838125e-04
-3.216379392033288313e-07,-1.013695172515663380e-04
-7.856026523683930835e-07,-9.801473761097318253e-05
-1.460901982504338295e-06,-9.366942893730303532e-05
-2.159805333804373641e-06,-8.854771038120004924e-05
-2.816915113701016493e-06,-8.269185100925912670e-05
-3.240341601848861428e-06,-7.627672894473133095e-05
-7.824660011332294958e-06,-9.934158324955855038e-05
-1.528326590585003160e-05,-9.578871521125260653e-05
-2.234473153091827725e-05,-9.279358795660662331e-05
-2.722912767545849938e-05,-9.058079182341569058e-05
-2.684134530540331929e-05,-9.152117363495895688e-05
1.168746172639385569e-05,-7.085689166170046252e-05
5.717588866819774749e-06,-6.785257842103992003e-05
-1.509194604069362683e-06,-6.742149746412664493e-05
-1.381337141739470352e-05,-1.065221953440182313e-04
-1.014062792118172320e-05,-1.160959361502948353e-04
-6.413903568095010772e-06,-1.224333876833753638e-04
-2.738284666215600555e-06,-1.255354881084108642e-04
7.348093165352394382e-07,-1.255098214311759755e-04
3.942619104658013318e-06,-1.225510287036950870e-04
6.736925401412722688e-06,-1.169397544044278024e-04
8.899227297158763286e-06,-1.091215021263385022e-04
1.041067439611531591e-05,-9.960383835566715652e-05
1.109949047027675842e-05,-8.887990667965565798e-05
1.033185307262110654e-05,-3.743687148665043483e-05
1.044127488283854274e-05,-4.307594933373560880e-05
1.013202595004193072e-05,-4.920352660359198030e-05
9.479477478961632564e-06,-5.487339058076726086e-05
8.532228767394365072e-06,-5.906355778722629932e-05
7.345628893621584237e-06,-6.079152026100008080e-05
5.814267381517618988e-06,-6.002540376219492465e-05
8.658457894971909453e-06,-3.128309220571173294e-05
4.210706104237455832e-06,-3.102486711556734381e-05
-2.408100807053012761e-06,-3.161689758817592852e-05
-9.073727152796417085e-06,-3.299156192935374601e-05
-1.228152069999699831e-05,-3.601079795236881531e-05
1.121430132759292114e-05,-6.076573783255865972e-05
1.103053623940993467e-05,-5.854198822574276101e-05
8.268649317367842672e-06,-5.743959286836438396e-05
5.091938528597018792e-06,-5.666390105830249150e-05
2.450233278616083138e-06,-5.625043975964220608e-05
1.435845437045954979e-06,-5.623921255753266588e-05
-1.022591793933734756e-05,-4.922662131321833492e-05
-9.562337188370152258e-06,-5.746513841975601025e-05
-8.335541780542696133e-06,-6.480723729072216473e-05
-6.652678828046993092e-06,-7.090557332884276124e-05
-4.645445391156687159e-06,-7.543559378218802226e-05
-2.399572067408541639e-06,-7.816728656040588283e-05
-4.201432416617108135e-08,-7.895770006209628820e-05
2.221497683531616082e-06,-7.780926212733589608e-05
4.362101955162394555e-06,-7.480996688772383811e-05
6.183945921667441021e-06,-7.009661215958628785e-05
1.707046486601800168e-05,-3.482202008843087094e-05
3.905916299299710849e-06,-1.819153797897361412e-05
9.354276391623262904e-06,-2.311236531134248088e-05
7.294071524311017590e-06,-2.305425873355341468e-05
1.330863698525306100e-05,-2.663347377489641411e-05
1.957358148821056971e-05,-4.742353794851199929e-05
-1.330475244163869739e-06,-3.664603097196002387e-05
-4.135282328297716500e-07,-3.168704412543974467e-06
-2.090114200755930909e-07,-2.438322364726738425e-06
1.956126576966959568e-05,-6.322982188019020758e-05
-1.430705919875427289e-06,-1.544065059270391122e-05
5.842544425622155092e-06,-2.103508311661588247e-05
-1.951935312192185087e-06,-2.591554076838339926e-05
-2.442474139017299601e-06,-1.701518593088882105e-05
-7.572243344609875953e-08,-3.762814415565112520e-06
3.377393250921280864e-08,-2.678710540148045672e-06
-5.451469741425698488e-07,-5.126040711893834086e-05
1.491702882811197229e-06,-2.160071228274331207e-05
1.780377361982380627e-05,-7.804090905269987408e-05
2.369997400521832076e-06,-1.706949094472811373e-05
9.094561909430697540e-06,-3.019551978312846299e-05
5.859173003157007890e-06,-2.458905246600964677e-05
1.645588965818608968e-07,-2.177539127502306696e-06
1.328398525393456446e-07,-1.675675510147031577e-06
1.043098315868122313e-07,-8.633664969052442039e-07
8.029330617258997882e-08,-7.275557406025163365e-07
2.607610614543850519e-07,-6.631694602410091418e-05
5.348058968502235383e-06,-1.991777725820393123e-05
1.542656608269831622e-05,-8.617594782337860144e-05
1.340909148730649486e-05,-9.380719380755545836e-05
1.054782132840986094e-05,-9.953072541576687504e-05
-1.369572581033223325e-07,-1.391171852585473492e-06
-2.119934815255892731e-07,-1.768132724790045390e-06
-8.676265656052804014e-08,-6.051969584802641037e-07
-1.084308643150081480e-07,-7.037131330409644480e-07
7.022965107423284479e-06,-1.054597223811343563e-04
1.911223882055063531e-06,-1.655964904645822964e-05
4.719091513095151740e-06,-2.830154448357889588e-05
4.946192853421838059e-06,-1.094662850212760563e-04
9.935760431280575377e-06,-3.871278292754291102e-05
1.565741570906216325e-06,-7.816792349774383806e-05
-4.677787740425508822e-07,-1.598031635865927323e-05
7.765532757392847683e-06,-2.609715049922706485e-05
8.059082558485810764e-07,-3.542466289416303533e-05
2.673402781647627760e-06,-9.054414475720708156e-05
-4.170856411552657464e-07,-5.070946156106023274e-06
-5.018444331787363789e-07,-5.531716387572705400e-06
-4.877588050151596408e-07,-4.381101229389030778e-06
-6.188520179986211635e-07,-5.924410939112602397e-06
-4.489301217688077069e-07,-4.811936205741538784e-06
-4.279382563134692574e-08,-3.993250925988804366e-06
-1.052613839730639903e-07,-4.188693056294499409e-06
-2.168489270220026982e-07,-3.314991928003010321e-06
-2.098167172661872351e-07,-4.404887775940250803e-06
-1.967880192741457515e-07,-3.616992099957792334e-06
1.294839307507083097e-06,-1.063173951276351114e-04
4.462130757142480431e-09,-4.987757289731076985e-07
5.372421418554555710e-09,-5.676687250354825618e-07
2.325830528480015714e-06,-9.957459381332048830e-05
-4.490036032679246251e-07,-4.190169216543916550e-06
-1.138660499375275158e-06,-6.117611913357601220e-06
1.091638170114792986e-05,-4.767878942486350490e-05
3.542588352028584256e-06,-3.316865004656512430e-05
1.767608275846619674e-06,-1.542636292828968654e-05
-3.999713325460508690e-07,-4.681386351093771541e-06
-9.624353713766327477e-07,-6.627293698061005710e-06
7.279103675864008754e-07,-1.123583343280639150e-04
-2.586606583529568484e-07,-5.184429319134253896e-06
-8.423081439270470314e-07,-7.046341590261195396e-06
-1.536209223607098057e-06,-8.775639116652897556e-06
-4.161396549195296848e-07,-6.112061297033139316e-06
-4.402563811676644684e-08,-3.549626343044183592e-06
-2.269252376206133790e-07,-4.884236562601816944e-06
9.763310803496782800e-06,-5.576960521523587880e-05
-3.657126884618250412e-06,-6.905148946915928553e-06
-2.204628093215906349e-06,-5.561225034869894553e-06
2.293682845767334008e-06,-1.122609989358912123e-04
8.918604434307735731e-08,-3.896950080277406457e-07
1.053479206284364537e-07,-4.419575288980730362e-07
-4.450362136478093838e-06,-1.319225243510484937e-05
-1.639933691264878945e-06,-1.427910844088470847e-05
-4.732942017216368941e-06,-2.922269691163920587e-05
-6.804836560618205416e-06,-6.706491850515761360e-05
-1.182244486822728340e-07,-1.062758205285059325e-06
2.564046016047048751e-07,-1.388220875020511456e-06
-4.656669069033823037e-06,-1.567359877064525587e-05
-2.299343600823227011e-06,-9.691001174097383663e-06
3.169352177902293532e-06,-4.175160959939337816e-05
1.776398894529603601e-06,-1.241215707759421349e-05
2.465846153509727265e-06,-8.589094503589011175e-06
2.857102283151256848e-06,-6.474246037727565533e-06
5.484343357612525730e-06,-3.736641223286577072e-05
5.317231145452005049e-07,-5.941319293883310286e-06
3.916527117325776187e-06,-1.987738539851981588e-05
4.186996654170347468e-06,-1.762914054678718734e-05
4.401412399424935774e-06,-3.571524335714401963e-05
1.907753068741318714e-07,-1.208587839939226591e-05
4.361686524123332152e-06,-4.059483539889217766e-05
-7.807771188873175251e-07,-1.551163589101792970e-05
3.351514494830198031e-06,-5.317034085776399841e-05
3.409206994973226107e-06,-6.260540644951299058e-05
2.439702461853116810e-06,-6.674030875049968262e-05
3.019036471962508178e-06,-8.204198994142358986e-05
5.365287733140296163e-06,-4.741946288630844027e-05
2.823156995789553173e-06,-1.039344035001452408e-04
1.179844736935796054e-06,-7.660566124239187190e-05
-5.172971185963302026e-06,-1.008471219772369507e-04
1.364776824238073475e-06,-1.202707272072567319e-04
-5.682329143872368705e-07,-7.922132033902587358e-05
-7.482833189400621985e-07,-1.264846979230492996e-04
-1.970345333614209023e-06,-7.373282725486922590e-05
-2.813027010833540073e-06,-1.202933820722761559e-04
-3.091808707265765181e-06,-6.147664761169902774e-05
-3.724694152979684298e-06,-4.475400700524946764e-05
-2.186840559910461133e-07,-2.643539346889094462e-06
-1.446631251200567094e-07,-2.928946983158351427e-06
-6.592193126780214609e-08,-3.451719876675956453e-06
-3.268415536822783711e-08,-2.752312127789257617e-06
-3.999407616831885329e-07,-3.466279979544878577e-06
-2.812435381772487566e-07,-3.826460585267751540e-06
-2.086291161413158325e-07,-4.580048071959705883e-06
-9.626310372974037376e-08,-3.564697621194306913e-06
8.004279577122838934e-06,-6.029556695387863139e-05
3.756547510154428637e-06,-4.949895189113012034e-05
7.857964029342483206e-06,-3.338430352812860665e-05
-2.108620662947663542e-07,-1.516238392790228037e-05
1.619586841837918808e-06,-6.981105878521836986e-06
-1.972687831456207377e-07,-1.586490969562656599e-05
-7.251196944654047137e-07,-6.342260718254312589e-06
-2.811690738593583302e-07,-4.601159951992902373e-06
8.042625074133858296e-06,-3.056167143631500235e-05
6.949520075288047314e-06,-2.676211316006601293e-05
-1.649395505695053782e-06,-2.980033067272362473e-05
6.628932742690715500e-07,-3.181729456058754105e-05
1.721284135412429960e-06,-3.734784657598755504e-05
3.569743674657785592e-06,-3.325434123995432706e-05
4.985585109470965827e-06,-3.810427564651325743e-05
6.650877741247200392e-06,-3.437709994611606672e-05
5.116524533314742202e-06,-3.004231878161590621e-05
8.060024297042882164e-06,-3.104442884084283763e-05
6.509220757627682002e-06,-2.751499982177606183e-05
8.338531839283893108e-06,-3.925220268918496483e-05
6.204971589551436291e-06,-4.367392363749505313e-05
1.002629191693059692e-05,-4.432707004995751105e-05
8.312649804269509442e-06,-4.929146189896320293e-05
9.163665522021707027e-06,-2.828963965397640612e-05
7.639597810923379396e-06,-2.550475489267612839e-05
1.170372394673487700e-05,-4.000201978030018107e-05
1.201034407353632190e-05,-4.956158871801787992e-05
9.958598920564095286e-06,-5.470705976208703307e-05
6.452698252651499708e-06,-5.424063470559577541e-05
7.611165662526322795e-06,-6.021534323106065087e-05
1.389385315349479162e-05,-5.474075426553107003e-05
3.985218126824919754e-06,-2.663947751028222758e-05
1.098426262595832065e-05,-3.193079707813255633e-05
9.865869007967972918e-06,-2.618583774245259509e-05
8.404487344239305866e-06,-2.399648052293367086e-05
6.505874061025316620e-06,-2.342689381770072667e-05
7.356867665027436820e-06,-2.248925879520722969e-05
5.777105583386411936e-06,-2.192409438139254188e-05
6.715634274386613944e-06,-2.156665244594958904e-05
7.810083082445537023e-06,-2.211978302009778253e-05
7.271948075901596907e-06,-2.180710473627478109e-05
7.793490041048417870e-06,-2.230458232391098331e-05
5.381279896662425044e-06,-2.088167974165199556e-05
7.371360009470724523e-06,-2.258823290719553844e-05
1.025967462733023080e-05,-2.454816561121441851e-05
7.109493807536813433e-06,-2.209000293383451782e-05
7.359994496290120842e-06,-2.301675759725880651e-05
6.293864846604807526e-06,-5.301698524442759598e-05
5.687730199568636667e-06,-5.805069613148862976e-05
-2.046340991767352916e-06,-6.676392448293538278e-06
-1.108643804560992397e-06,-5.407276348878389317e-06
-2.674811239007467868e-06,-2.224232920088717690e-05
-1.535513230517487666e-06,-2.275818878621892142e-05
-1.850229359938425548e-07,-2.562060157335037058e-05
2.361983111157000932e-07,-2.283304613432401512e-05
1.974169087597489284e-06,-2.516121340921545173e-05
2.220280893700060644e-06,-2.262063878000562298e-05
5.766228795982642401e-07,-2.076874860106123826e-05
2.327463353319272232e-06,-2.066060707826017514e-05
8.517253375190032820e-07,-1.925339367846931672e-05
2.328490679759435330e-06,-1.923303577102262909e-05
9.914000018665990382e-07,-1.814270540781473111e-05
4.233037427102623430e-06,-2.476117869226707413e-05
4.086675391441529867e-06,-2.788467651515447982e-05
2.213688949161536930e-06,-1.821938569176654224e-05
1.007839168999078223e-06,-1.737267332446036148e-05
-6.564951765500936426e-08,-1.718041084005183017e-05
-3.719752391138369887e-09,-1.660534614356238864e-05
9.553414757665595040e-07,-1.688821716428898090e-05
-9.284890280708193585e-07,-1.623196800124955883e-05
4.804808373815527712e-08,-1.633724529250012427e-05
8.724133173725533897e-07,-1.663846126596894853e-05
1.831578571727849533e-06,-1.710874226478395206e-05
-2.450064207517480298e-06,-2.022211887188171583e-05
-6.320795834245535617e-07,-1.920235973364033032e-05
3.779904365600947923e-06,-2.044564508349238250e-05
-1.444773053554525256e-06,-1.678280901436926268e-05
-1.968440920375198185e-06,-1.531462190336008411e-05
-8.531835733344060248e-07,-1.577035702563300899e-05
3.796842530711816971e-06,-1.943361710752158602e-05
-2.282543318507102077e-06,-1.478529746557290697e-05
-1.277910126300715510e-06,-1.540151406164724405e-05
3.264592040719082665e-06,-4.078594424845940087e-05
4.460426780987846085e-06,-3.520007279971399246e-05
6.977729671963327896e-06,-4.238796730315382141e-05
-4.972417178474893978e-07,-2.595955399893983199e-05
-7.123708529281499541e-06,-8.481067834088363655e-05
8.012025781843983139e-07,-1.595653355427249133e-05
6.698128897794907368e-07,-1.627753129879162030e-05
5.898881918985245240e-06,-3.088679282028232735e-05
-4.884348644673171636e-06,-3.597850923958522659e-05
7.082473938972350270e-06,-2.369849063628580977e-05
2.408724981229818463e-06,-3.126156978380594339e-05
-5.000668765084645615e-07,-6.344746030210789977e-06
-1.074914954699037768e-06,-8.822872519264681487e-06
1.653974174059442953e-06,-1.688052732039275265e-05
8.367943656718765617e-07,-1.654064489917522740e-05
2.515996688760480560e-06,-1.726976325601493989e-05
3.242986891770074606e-06,-6.037865263769785534e-05
3.824894989730064406e-06,-7.234876302181644455e-05
8.065347425120121208e-06,-2.274944355387989629e-05
-1.123851362868229588e-07,-2.261475624907315388e-06
6.635952074054562196e-09,-2.173320069683558838e-06
-5.872631349700545224e-08,-1.803598660646212010e-06
1.964834805852370339e-08,-1.718976410767630972e-06
-6.581459205675474088e-08,-1.415771851330937806e-06
9.336381388817318006e-09,-1.328623462914475041e-06
8.397880362716450283e-08,-1.662213728643328912e-06
-1.873123758364865008e-07,-2.881147929570568956e-06
-1.035185799609073951e-08,-2.738684427038803084e-06
-9.334352084425224177e-08,-2.237183329759597473e-06
1.919128055749179683e-08,-2.107469575609027705e-06
-9.204888156615365652e-08,-1.712751944071381470e-06
1.006671466301955577e-08,-1.586163754300703442e-06
1.069493755584901389e-07,-2.060365158048698284e-06
6.685673833679840130e-06,-2.716398354507536752e-05
4.362455264268472686e-06,-2.272429097832066332e-05
7.530586396378220267e-06,-2.351094441550611948e-05
3.940717710423221068e-07,-1.135149695005828940e-04
1.197540970968296871e-06,-1.129239618910936343e-04
2.352737173756944639e-06,-1.109077092805926064e-04
-1.267611075482797122e-06,-7.002503039757802251e-06
-6.078111317163415481e-07,-5.972995971103554144e-06
-2.101044284636657493e-06,-8.953697185678406248e-06
-1.323581898461989875e-06,-7.835117245530299736e-06
7.256558853589548310e-06,-3.757701584766521050e-05
-4.812976074583685475e-07,-2.995937394125565154e-05
-4.442453580244781076e-07,-1.365474215443525140e-05
5.239339959854732497e-08,-1.183135701143124389e-05
1.224666631993866021e-05,-2.929412926700391499e-05
-1.122900300404914551e-07,-1.066472939744146251e-06
-1.577931636526719710e-07,-1.305955048268219612e-06
-6.620842038435101469e-08,-1.073193551491068788e-06
7.107001080740247464e-09,-9.607761252076010820e-07
-8.523354358614725346e-08,-1.266681859747893066e-06
8.418460027398224391e-09,-1.119842504642602053e-06
-4.853370095994822014e-07,-9.205433569462188715e-06
1.019095082767328696e-06,-6.315573885338472847e-06
8.795159465926399836e-06,-2.304131867043946792e-05
1.001325111538227627e-05,-2.350382225095896602e-05
8.663294257918124791e-06,-2.261186254980939659e-05
-2.703101712207769950e-07,-8.368853971836208327e-06
-8.257605491504885687e-07,-6.937615145075560909e-06
-1.843409937240700026e-06,-1.203665753902998213e-05
-2.043471398405886551e-06,-9.781137968493289035e-06
1.085805080403967218e-06,-7.165942634711309025e-05
5.449499957223709696e-06,-7.371630905444045642e-05
5.959856098116155414e-06,-7.972253071827617693e-05
9.668270604956140027e-06,-7.555516965162176169e-05
1.007856095684527766e-05,-8.098690914904519138e-05
9.383844933155843996e-06,-7.006042277012448113e-05
1.352740603197805182e-05,-7.155510045038720004e-05
1.281529271892680735e-05,-6.637020736385891594e-05
6.621187858640666099e-06,-8.491801120281245677e-05
1.056422924615865267e-05,-8.597149162991065796e-05
5.152492106168272584e-06,-6.697906132572174645e-05
2.221632898612083265e-07,-5.936511176320407712e-05
4.682519758225904798e-08,-1.361565763630676060e-05
1.542371151195077305e-06,-1.674765646644152696e-05
3.997130087880086506e-06,-2.229886350057823998e-05
7.460968397273050216e-06,-8.990585421045637097e-05
5.337607440571244347e-06,-9.361062120236894298e-05
8.550600562837437814e-06,-9.327341337765042829e-05
6.005452842937152348e-06,-9.699439084414260000e-05
-4.078141362908287278e-07,-4.327549997738438560e-05
1.137964778688219433e-06,-1.096370349764339203e-04
2.923338960357756127e-06,-1.080950419008030051e-04
3.237468378261409386e-06,-1.056617687067816768e-04
1.413600331165653830e-05,-8.230931894128988330e-05
1.161541376744668480e-05,-8.985477968411094548e-05
6.953102203252774982e-06,-6.040382803822495284e-05
-8.571169005680827028e-08,-8.400334544014131699e-07
-7.113073400229032884e-08,-7.283730645193785811e-07
-9.449271579156164261e-08,-4.079061109399214673e-07
-1.116963416041007109e-07,-4.643777087959176096e-07
-1.904366027512868113e-06,-2.213170294718499708e-05
-8.541764515718855505e-07,-8.157583885132461903e-06
-4.104439886208180041e-07,-1.220957086715758651e-05
1.358133857907950608e-05,-4.480733732517649899e-05
1.527943206870061531e-05,-4.043051933348343471e-05
1.286009281916064257e-05,-3.599816958259775064e-05
9.740987018484572850e-06,-3.525944998874693014e-05
2.131283614217439172e-06,-1.026818602128874410e-04
5.073856119988586119e-06,-1.005476717993294207e-04
4.851068727857783254e-06,-1.029556274753214233e-04
8.513591389855390727e-06,-9.862572610476087005e-05
7.403469315227908723e-06,-1.012928373983344905e-04
6.788826560364063984e-06,-1.035303565279211926e-04
3.799182222109468073e-06,-1.924663638728910637e-05
2.969475951361177193e-06,-4.645498929421230483e-05
-5.176661256509306072e-07,-5.755684728978701980e-06
-1.323182930132924677e-06,-8.041869205073802008e-06
1.116349366942354373e-06,-1.041210197808961201e-04
-1.435434534058431263e-06,-1.045238505158035326e-05
-2.074084892799270042e-06,-3.026770478504316205e-05
-3.385738745966582630e-06,-3.419486900630829012e-05
1.681545684716223649e-05,-6.758610025897171091e-05
2.031053157140438628e-06,-1.752786584305366399e-05
-3.040413274480117138e-06,-1.852516711218276114e-05
1.402995702635441394e-06,-5.291626490680384757e-06
8.946405371832403432e-08,-1.200698451176528010e-06
7.097001202439463830e-08,-1.019766265519069078e-06
4.764374583212043145e-06,-1.068934220256211498e-04
-1.485628419597345295e-06,-7.437946375972895687e-05
-4.641164881225883895e-06,-9.778499352065863075e-05
6.370155049564404635e-06,-2.445256965993501303e-05
2.014114747138241854e-06,-8.424672330580837464e-05
-4.100707461797078847e-08,-1.618462812222690590e-05
8.972044430735298024e-08,-2.078011085959069706e-06
1.024236698193702755e-07,-2.649782112509657117e-06
1.216707928885092018e-05,-6.064398858941624294e-05
1.662451317864931341e-05,-5.929881329603623738e-05
1.830121828165693666e-05,-5.483070270703919286e-05
1.596548264424215910e-05,-5.006935436631204889e-05
3.814852244962571713e-07,-1.065558984048086620e-05
-3.323267343965505145e-07,-7.933163344447787750e-05
-3.224772443993105167e-06,-1.164487601444419597e-04
-4.005587546388021302e-06,-1.122842773877261082e-04
7.141542607460078032e-06,-5.812109866583264656e-05
-3.525542279312463372e-06,-5.355057162481351732e-05
2.828954734010095525e-07,-1.248836494954473099e-04
-1.765527980900931704e-06,-1.249992457686600487e-04
-1.363701930822555788e-06,-7.742635608703530604e-05
-2.595335452035988118e-06,-6.832585481139389033e-05
3.994970645228407518e-06,-5.181748579567714531e-05
3.974343008192640231e-06,-4.487994554189399699e-05
-2.743931651128725967e-07,-1.430679672632807635e-05
1.812676761910149084e-05,-3.862977986748728512e-05
1.565601184228104561e-05,-3.147783608685201796e-05
1.896651801848483524e-05,-4.286287143971734742e-05
4.580971623961262893e-06,-1.894851938979272952e-05
3.244802196516653851e-06,-1.821978422123524547e-05
7.365094410251531363e-06,-2.352602603791999387e-05
6.264780449833125778e-06,-2.122924009552912055e-05
3.877496519313424436e-07,-1.891726038911183155e-05
-6.191670817319049214e-07,-1.107098064578023631e-05
-6.407743675555279867e-08,-9.288513312635606847e-06
2.833348605726636603e-06,-1.763044514370749419e-05
7.077864543642065638e-06,-2.343578270295574399e-05
5.094271926023552274e-06,-2.611657267231299809e-05
1.806342670684699676e-06,-1.616664013559077916e-05
3.732030794755753410e-06,-3.068472456284892803e-05
1.857688045611367289e-05,-7.262626841996924060e-05
1.101207112635845552e-05,-4.298401166209179781e-05
1.005987516530525081e-05,-3.421604021829808515e-05
7.029749134706801926e-06,-3.252880507976488902e-05
-4.570222527489716300e-06,-2.228427071049130800e-05
-6.576151941468347255e-06,-4.746462648049159323e-05
-5.668352774026191756e-06,-2.851254088824615313e-05
-4.414505845284685832e-06,-1.005547339000657969e-05
-2.473004669125831587e-06,-7.054262395171461085e-06
-1.960125366663444897e-06,-1.225705428697139889e-05
9.376314848022458218e-06,-1.019153336026516770e-04
1.193246426327669619e-05,-9.686547877192247275e-05
6.565094600116792228e-06,-5.809525920896335379e-05
-9.790159965460326644e-07,-1.563200347421273752e-05
6.300521689669239328e-06,-4.575844049142457031e-05
5.920006020825450857e-06,-2.689317028152018194e-05
-8.321087354144294727e-07,-1.592431413348999127e-05
-5.983154868002946326e-07,-1.349001348576498946e-05
9.674656276008008790e-07,-2.613930677963148837e-05
6.430993370180880721e-06,-2.120245728466843216e-05
7.456237945734598613e-07,-2.379394862851842392e-05
3.718465260201335743e-06,-1.110680018123477042e-04
6.002128257530037646e-06,-1.076293831746766083e-04
1.176800743189983379e-05,-2.484085709442313366e-05
1.439264186723937278e-05,-2.870544234649525565e-05
9.802355305337242275e-06,-5.243209236549206090e-05
4.848962795958573110e-06,-1.872729585006223428e-05
1.562868488682951587e-06,-1.778473424936036275e-05
3.791124261876495110e-06,-1.987871961005588186e-05
-9.281783060475953502e-07,-1.438612304176673956e-05
3.801819544702048779e-06,-3.734596552423927098e-05
4.575599908377760555e-06,-9.339863427515007776e-05
-1.457917581663444678e-06,-1.448035018205458811e-05
1.786570661415463260e-06,-1.417078415711486692e-05
2.065578568882084803e-06,-1.682248522035182577e-05
-2.891079214148541553e-06,-1.376347842575331595e-05
1.380022408686536946e-05,-7.682843452010127317e-05
1.404392990456520091e-06,-4.085607257014661151e-05
7.221082796468257280e-08,-3.398951995918855216e-07
8.378340976566303611e-08,-3.836501923914141690e-07
-1.975158674902302661e-06,-1.599630743456337953e-05
4.449113609108297420e-06,-5.416238753113229362e-05
1.401706134594000400e-05,-3.316876682940758105e-05
3.824032377826108022e-06,-6.024139791930301877e-05
9.320475963758395295e-06,-6.475870743914008409e-05
-1.096110859709360532e-06,-2.068153807042517108e-05
2.338982699576262343e-06,-2.875773754566390876e-05
-1.645144231479685103e-06,-6.191847022868117560e-06
-1.428229319123476112e-06,-4.790372775240565763e-06
6.424786334979354386e-06,-2.511070105154086324e-05
-9.582065583287581137e-07,-3.376478485497136316e-06
4.092451812484472667e-06,-1.089006858276228058e-04
-2.125451279588225205e-06,-6.327474101224321546e-05
-4.598784395777498482e-06,-7.663634899914015058e-05
1.128472626003636540e-07,-1.938115255211175570e-06
7.093049121101775288e-08,-2.936513765316288906e-06
1.119861949474442000e-07,-2.616959436649620823e-06
1.793101476550550137e-08,-3.921717679678894729e-06
7.738661383053405758e-06,-3.598566590557739222e-05
-7.704351852443194663e-07,-1.507769377369943559e-05
-3.577779065579568473e-07,-2.358361937261073383e-06
-2.065026921081899838e-07,-1.803991684086093610e-06
5.858304472471747811e-06,-7.749559243255428327e-05
1.192271832804011188e-06,-3.345459038140212677e-05
5.320739372338915494e-06,-2.479429919972793767e-05
6.413385190344612959e-07,-2.836583499974164169e-06
-1.941416561451546907e-06,-1.892248446230545983e-05
1.346083073895542124e-06,-3.510876611123220097e-06
-1.926797613670096439e-07,-4.438767667937270215e-06
-3.475756842385234259e-07,-1.801808895880786560e-05
-2.179213713350244642e-06,-5.656307398930129909e-05
-4.265215964019509859e-06,-6.698880165401014492e-05
8.978005994475990790e-06,-5.851294754569711585e-05
3.815703824378582279e-06,-2.109971236949091664e-05
-8.263382264863703915e-08,-3.852804885451446771e-07
-7.126223524551836142e-08,-3.403940272162686766e-07
-2.639503368863146088e-07,-1.862199876472225010e-06
-1.625245906669108644e-07,-1.439052508655732889e-06
-1.231963870432597763e-06,-1.506471349709336939e-05
-2.440433861153218386e-06,-4.868258257055936496e-05
-4.345703970934035471e-06,-5.665062926439798228e-05
-8.906079424497906727e-08,-7.909384017249706129e-07
-1.185836553583441217e-07,-9.438444815123498634e-07
9.974590977250742883e-06,-9.555517061774816299e-05
8.715731839622193372e-06,-1.036142457440285345e-04
-2.374284066174991377e-06,-3.958126993995948365e-05
-1.388719890578998353e-06,-1.323821734532670428e-05
-3.985005542366395062e-06,-4.527659668111839195e-05
3.812516246186682445e-06,-1.070309128766069450e-04
2.012251069042765895e-06,-4.941191894428684732e-05
3.294659330901689066e-06,-5.293311756873804604e-05
2.605832081940006155e-06,-1.167783591924599542e-04
1.982389674044468264e-06,-5.777362346822061763e-05
1.470128374799243354e-05,-9.033997405990711797e-05
5.155294270279106011e-06,-2.039625403477877711e-05
1.467701068197448518e-07,-1.482848541614825451e-06
1.112234366412448992e-07,-1.179952774933107091e-06
1.756351581512183716e-06,-6.527262903616409383e-05
1.333684082957220181e-06,-1.231639355333345026e-04
4.182046164221867686e-06,-2.617993239920360317e-05
3.982887829792081915e-06,-2.945709560075060219e-05
4.081493773024829053e-07,-9.068718327814279220e-06
9.899479936587276425e-08,-1.601445513854773411e-06
7.663770539207209899e-08,-1.326939693538474350e-06
4.997747179404433231e-08,-1.261827072229555920e-04
1.383015791629650978e-06,-7.149622674672680362e-05
8.849559444879403789e-06,-2.717570810532373576e-05
-1.446279631586062668e-06,-6.894112527686377907e-06
-1.601941329221290706e-06,-2.058947511690892895e-05
-2.586022563370970041e-06,-2.319088834259865623e-05
8.671904648684232430e-07,-7.609088397084643016e-05
-1.212045630995080046e-06,-1.259212419892458915e-04
9.989058900304357030e-08,-6.419003816218409297e-07
8.051762402108712942e-08,-5.545632152086630989e-07
2.556570691614703239e-07,-7.875855424805121600e-05
-2.324794365092121986e-06,-1.225061027460485491e-04
-1.747265578211903504e-08,-6.799086348327828721e-06
2.712305808092700086e-07,-5.455401493000336818e-06
4.374181014768969897e-06,-1.154929750504924592e-05
4.007481468504211894e-06,-1.344440475736867593e-05
3.078598996807662125e-07,-7.889710837577798379e-05
2.012157193953114528e-06,-1.129586954453806296e-04
2.728605157352659608e-06,-4.557741483706930549e-05
1.192960446646767568e-05,-2.675016811020524356e-05
-4.027617525854607253e-06,-1.079265517799343484e-04
-9.362402761484244384e-07,-7.782893862996064947e-05
1.762882451948096542e-06,-7.244181224627029036e-05
2.766018919837253937e-06,-9.332554941275521840e-05
9.332082165384837430e-08,-8.084480329441899799e-07
7.756680687125903588e-08,-7.026124736002240508e-07
-1.897560593821226116e-06,-6.933776869745345895e-05
-4.843677130648223876e-06,-8.691085716810688583e-05
9.106046216812891089e-08,-9.160281387339058734e-07
1.211715510629528987e-07,-1.116796003271268073e-06
-2.743976507426208681e-06,-1.861227941840554176e-05
3.327176843340567439e-06,-1.767265133735374487e-05
8.149067943182283934e-06,-2.313943948877021553e-05
1.758882182679826061e-06,-1.017354026103491843e-05
-1.876537541494986170e-07,-4.249731501797404410e-06
-5.192105056074079955e-07,-5.747089166321320551e-06
9.940466434663992464e-07,-1.130758052638109249e-04
-1.829227690782028741e-06,-1.517807913610733275e-05
7.939080100109855258e-06,-4.937902252123353128e-05
1.082019615657934364e-05,-2.388312230793750518e-05
2.922115948406442177e-06,-2.404924512284237602e-05
6.981329572262944956e-06,-6.067466869435542398e-05
-2.447407210483550953e-05,-8.696539492309069471e-05
1.758716413401088317e-05,-8.192676914362586596e-05
-1.225071587830929712e-05,-3.619645624275710609e-05
-8.617237965352801106e-07,-6.822269067692886941e-06
-3.191611944673057450e-07,-4.977646646157107257e-06
-1.441430949558165925e-06,-1.797381041263500858e-05
-2.787684291149570547e-07,-5.087340870560384932e-06
-7.473591801113743307e-08,-3.763605711591614737e-06
8.476973451413369703e-06,-2.501627896592583191e-05
1.495578601148157825e-06,-2.788570765486032683e-05
5.350561238083605818e-06,-2.176673522612023462e-05
-1.108382860305980833e-06,-7.366386025526100549e-06
-1.542845615452101562e-06,-9.833571986196304107e-06
1.405960204978059650e-06,-1.658331639292341019e-05
-1.927864338946402848e-06,-9.134772556474619830e-06
6.933632026681965615e-06,-5.207563878027421210e-05
2.038152563645008689e-05,-5.849261236330694836e-05
2.251628484524870483e-06,-1.987622277227867594e-05
5.081546234142792148e-06,-1.049700794740196161e-04
-1.505530840165684183e-06,-1.551612609623295459e-05
-2.763172003353812702e-05,-9.021241571360162734e-05
4.679062712613694921e-06,-3.100194081290918974e-05
2.107513864652771914e-06,-9.636079261496369945e-05
1.267758857770378436e-05,-7.188589511148217560e-05
1.046787608647689145e-05,-5.984468126082221489e-05
2.013185551247544455e-05,-5.145439788900437676e-05
7.255043639079398756e-06,-6.086497857463833293e-05
-3.293383846887981639e-06,-1.148912779191592589e-05
3.465383344947767220e-06,-1.105388611479229673e-04
-5.147345230195564025e-07,-5.962194423603660957e-06
-1.273882897258064148e-06,-8.268664452273554727e-06
8.086719511101930416e-07,-1.502710991111296173e-05
-6.515066959082215922e-08,-1.611047497118424672e-05
5.712564980666362270e-06,-3.429412556192974390e-05
-4.460165760771725762e-07,-1.227297020096212436e-06
-2.388207494996638167e-06,-1.536386294816901975e-05
1.608272196264926010e-05,-6.387677920594019172e-05
-1.371993633784821807e-06,-4.241462597865586907e-06
-8.931484888199083003e-07,-3.456953772612261798e-06
-1.914684522489027307e-06,-1.145174839320892711e-05
1.664651797383355291e-05,-4.504189997749634698e-05
1.159802789564289614e-05,-5.954339442466251607e-05
1.784879675408564070e-08,-3.434935885948788260e-06
4.997125155525425245e-08,-2.630155254612608457e-06
6.976155301897375578e-08,-1.728609673532870806e-07
7.950832629231586544e-08,-1.929454079527946248e-07
-8.348903913952312071e-07,-7.224946775404088093e-06
-2.352296485730841118e-07,-5.385073996951423427e-06
7.449700668554525682e-06,-5.979622720132093662e-05
6.823100501289006757e-06,-2.206011203689687910e-05
6.573229554799817923e-06,-2.844873644471926618e-05
-7.476846572089117705e-08,-1.884649260111253113e-07
-8.550984375682120104e-08,-2.114637102107363978e-07
2.419764512496588013e-06,-1.119201246765580849e-04
5.584790760445125793e-06,-4.840008843334167447e-05
1.135323828925730349e-05,-9.280062635453318709e-05
1.726153431914933319e-07,-1.625697763311731832e-05
9.930789952878429745e-06,-7.112107901539017701e-05
1.547386037417467156e-05,-3.640903241278216476e-05
-2.846531383945338109e-06,-4.888292592309232756e-06
-6.285879250851182709e-07,-1.591867209019492507e-05
2.937610345205560271e-06,-1.736630905627348565e-05
6.755973978802095768e-06,-2.386736182390725156e-05
7.508687824044554019e-07,-1.644253268809429055e-05
-1.175255876719248227e-05,-3.574094744653402191e-05
-2.037215211124609948e-06,-1.552136199159504746e-05
7.158355234662259453e-06,-2.495134023048426050e-05
-1.642515894279692451e-07,-2.198013752840562335e-06
-2.783697112838905909e-07,-2.837014112967951193e-06
7.803573721969588014e-07,-1.227005259073869089e-06
-2.387988920142974381e-07,-5.356907627227686841e-06
4.443196458545050288e-07,-3.820419291120208033e-06
-6.744645629114049605e-07,-1.051033515956820171e-06
2.049412819780334268e-05,-6.765991313941001676e-05
6.186653982030222697e-06,-3.851677376450483625e-05
6.895801221418737715e-06,-5.603175565540752961e-05
8.427856007944187200e-06,-4.600134345323674603e-05
4.609165365493785368e-07,-9.388311092483704909e-07
6.267091532093498762e-06,-2.955350553101474757e-05
7.524861570443159043e-06,-5.554185012545281061e-05
3.161142337206114724e-06,-1.040493689446190026e-04
2.671171051200506208e-07,-1.166159315171064932e-05
5.744022188874475964e-06,-5.964123420880653077e-05
1.076064032334840730e-06,-1.127786207313919700e-04
-1.029753387387403301e-06,-8.205721460152214761e-06
-2.293942516909781817e-06,-1.132843368012423943e-05
-1.823318795696461268e-06,-9.196739705865768368e-06
-8.729465260904049276e-07,-6.637523820608163714e-06
6.046933018698348800e-06,-4.122121633333930107e-05
-1.116889574739483037e-07,-1.458045023461122415e-06
-1.676601966168274480e-07,-1.822261331873350603e-06
1.173018597349737752e-05,-2.556916810652953964e-05
7.582174914991676810e-06,-2.829530069845016132e-05
1.314151533367467987e-06,-1.635333418314721665e-05
-6.322662564598518121e-07,-1.240643981565453924e-05
4.911522532100855687e-06,-2.038423063058295682e-05
3.140231632589151218e-06,-4.141340598853487579e-05
1.788886908324171242e-06,-2.581621094290773846e-05
