Size 979,2
0.000000000000000000e+00,0.000000000000000000e+00
0.000000000000000000e+00,0.000000000000000000e+00
0.000000000000000000e+00,0.000000000000000000e+00
0.000000000000000000e+00,0.000000000000000000e+00
0.000000000000000000e+00,0.000000000000000000e+00
0.000000000000000000e+00,0.000000000000000000e+00
0.000000000000000000e+00,0.000000000000000000e+00
0.000000000000000000e+00,0.000000000000000000e+00
0.000000000000000000e+00,0.000000000000000000e+00
0.000000000000000000e+00,0.000000000000000000e+00
0.000000000000000000e+00,0.000000000000000000e+00
-1.149750686650206878e-06,-1.545294398509173842e-05
-9.314140886783094434e-07,-1.518822469829763312e-05
0.000000000000000000e+00,0.000000000000000000e+00
0.000000000000000000e+00,0.000000000000000000e+00
0.000000000000000000e+00,-1.126052324484723188e-04
0.000000000000000000e+00,-1.138646268862398918e-04
-9.795093275810058999e-07,-1.074056357918587283e-04
-1.916477915622203960e-05,-7.752284958365264988e-05
0.000000000000000000e+00,0.000000000000000000e+00
-1.662830082530118800e-06,-8.553829978322693571e-06
-5.181470328587180822e-07,-1.142938790947289116e-05
-3.172195322912311303e-06,-1.393690992371467899e-05
-3.272623216071903096e-06,-1.759572422477881433e-05
-1.218098386529578237e-06,-1.189041408125957944e-05
-2.000434052556989604e-06,-1.533593309272455470e-05
6.648038850739998504e-07,-1.867000742472115602e-05
-1.657913528056764535e-06,-2.225851252433835124e-05
-2.097398720472076492e-06,-7.071628535235844513e-06
-2.067767214168183684e-06,-1.484865382935190740e-05
-8.892331177680483493e-07,-1.568835832332868025e-05
2.261502862050692672e-06,-5.534700517654153167e-05
2.387222080068206308e-06,-8.219006739026249960e-06
8.771041488037209424e-06,-5.844352683827297473e-05
-3.585634772104960041e-06,-8.606642299917905168e-06
9.313363023500536192e-06,-3.148663401513308120e-05
-1.021127836694636328e-05,-3.338291821955179821e-05
-3.448551533567967939e-06,-6.691338428451863631e-05
9.506729997326636489e-07,-1.239145017529021219e-05
1.097795747505085731e-05,-6.821045698167247295e-05
-1.034399451876404892e-06,-1.035130261604389374e-04
-3.068753863817089258e-06,-6.924359349910550723e-05
-1.726383589892409789e-05,-9.384432630962949537e-05
1.074402150779475084e-05,-7.655763799833399219e-05
9.896716124324734734e-06,-3.301490672498236836e-05
3.782334306027030003e-06,-5.873751171487262053e-05
-1.024253083665993377e-05,-4.050405154683979850e-05
7.744326767103044861e-06,-6.507868861154316950e-05
-5.103684413839498634e-06,-1.071895948864999677e-05
-8.119268199143301744e-06,-1.849991494775095888e-05
-1.050080097463405228e-05,-2.799266721004254810e-05
-1.201480262146996333e-05,-3.871242316678732824e-05
-1.270186117446971478e-05,-4.996151069494906248e-05
-1.266780382901243899e-05,-6.079860158989160027e-05
-1.254070032788809718e-05,-7.099760161434908888e-05
-1.267094794317475057e-05,-8.105213869843164187e-05
-1.268222074207698974e-05,-9.145634299114897814e-05
-1.175829553944243300e-05,-1.020019784105047973e-04
-9.973429451288421798e-06,-1.113066331306962616e-04
-7.499623169934893801e-06,-1.187135716516846611e-04
-4.462222614621426042e-06,-1.236801587280210240e-04
-9.957639049661405940e-07,-1.258146792600189716e-04
2.748079894174094189e-06,-1.248271053951710411e-04
6.636994053953890038e-06,-1.205370005663845601e-04
1.054053608563022179e-05,-1.128896472801888895e-04
1.434865567483676382e-05,-1.019093122317814889e-04
1.790144891077195873e-05,-8.747452392365186852e-05
2.074340722593854527e-05,-6.945847880262639691e-05
2.138378247502695364e-05,-4.865847910850840791e-05
1.823839362192721498e-05,-2.762473616451225871e-05
1.063892979103201962e-05,-1.071152726010448157e-05
0.000000000000000000e+00,0.000000000000000000e+00
0.000000000000000000e+00,0.000000000000000000e+00
0.000000000000000000e+00,0.000000000000000000e+00
0.000000000000000000e+00,0.000000000000000000e+00
0.000000000000000000e+00,0.000000000000000000e+00
0.000000000000000000e+00,0.000000000000000000e+00
0.000000000000000000e+00,0.000000000000000000e+00
0.000000000000000000e+00,0.000000000000000000e+00
0.000000000000000000e+00,0.000000000000000000e+00
0.000000000000000000e+00,0.000000000000000000e+00
0.000000000000000000e+00,0.000000000000000000e+00
0.000000000000000000e+00,0.000000000000000000e+00
0.000000000000000000e+00,0.000000000000000000e+00
0.000000000000000000e+00,0.000000000000000000e+00
0.000000000000000000e+00,0.000000000000000000e+00
0.000000000000000000e+00,0.000000000000000000e+00
0.000000000000000000e+00,0.000000000000000000e+00
0.000000000000000000e+00,0.000000000000000000e+00
0.000000000000000000e+00,0.000000000000000000e+00
0.000000000000000000e+00,0.000000000000000000e+00
-4.437344931287365558e-06,-9.098056934685198863e-06
-6.956024940182756067e-06,-1.649929376326328333e-05
-8.688624421793233319e-06,-2.530021170881884639e-05
-9.519076585964507235e-06,-3.482548283708374363e-05
-9.527491484228676734e-06,-4.436934967106831321e-05
-8.841371847939506718e-06,-5.313885820178270830e-05
-7.873086129422061303e-06,-6.081973258331501656e-05
-6.812361117262512952e-06,-6.746756032689674827e-05
-5.541774834371254552e-06,-7.311534662904952677e-05
-3.826925053240146419e-06,-7.750767589956770759e-05
-1.822495112120787293e-06,-8.006324978251114438e-05
3.164370535140494695e-07,-8.062858804854998679e-05
2.462367783505615616e-06,-7.912456681179911254e-05
4.477745987595273982e-06,-7.562362798527030242e-05
6.214944319934320468e-06,-7.029417483710445819e-05
7.535847354476343756e-06,-6.341781839030586059e-05
8.293653044121879808e-06,-5.540754888670889103e-05
8.315334711990550031e-06,-4.706404818466773112e-05
7.933040146253956409e-06,-3.890757644891095607e-05
7.430924363175678705e-06,-3.100959016313906201e-05
6.711941119633772746e-06,-2.323294775008603625e-05
5.347788052634493884e-06,-1.574819342265570886e-05
3.320957718234430967e-06,-9.111753735316060329e-06
0.000000000000000000e+00,0.000000000000000000e+00
0.000000000000000000e+00,0.000000000000000000e+00
0.000000000000000000e+00,0.000000000000000000e+00
0.000000000000000000e+00,0.000000000000000000e+00
0.000000000000000000e+00,0.000000000000000000e+00
0.000000000000000000e+00,0.000000000000000000e+00
0.000000000000000000e+00,0.000000000000000000e+00
0.000000000000000000e+00,0.000000000000000000e+00
0.000000000000000000e+00,0.000000000000000000e+00
0.000000000000000000e+00,0.000000000000000000e+00
0.000000000000000000e+00,0.000000000000000000e+00
0.000000000000000000e+00,0.000000000000000000e+00
0.000000000000000000e+00,0.000000000000000000e+00
0.000000000000000000e+00,0.000000000000000000e+00
0.000000000000000000e+00,0.000000000000000000e+00
0.000000000000000000e+00,0.000000000000000000e+00
0.000000000000000000e+00,0.000000000000000000e+00
0.000000000000000000e+00,0.000000000000000000e+00
0.000000000000000000e+00,0.000000000000000000e+00
0.000000000000000000e+00,0.000000000000000000e+00
-2.176026729821601078e-06,-2.221012982191232800e-06
-3.226239505326388232e-06,-5.173575513986774230e-06
-3.564207090078213537e-06,-8.466304275366875478e-06
-3.330198927978951897e-06,-1.149642782828485495e-05
-2.658053631864087583e-06,-1.384991686512277386e-05
-1.686232173462785106e-06,-1.517866122946907489e-05
-6.431151383466735350e-07,-1.534645522186190307e-05
3.448473178322405518e-07,-1.437453234016387141e-05
1.088941594983055395e-06,-1.236671975915411924e-05
1.371120545910887138e-06,-9.604533142765842569e-06
1.177753669403092328e-06,-6.379510387650219928e-06
0.000000000000000000e+00,0.000000000000000000e+00
0.000000000000000000e+00,0.000000000000000000e+00
2.352563561217537798e-07,-1.477813347503877929e-05
1.398180511353149362e-06,-1.314778426212812264e-05
2.249153940723290108e-06,-1.071598999487629571e-05
2.663663503139922926e-06,-7.765463265551890735e-06
2.550395793243421235e-06,-4.694259617234740400e-06
1.776019343276913060e-06,-1.986090972061240268e-06
-1.047589449800902142e-06,-1.543856470294352519e-05
-1.490836287991154973e-06,-1.558071625537808073e-05
-1.855110266142167921e-06,-1.562649004529343975e-05
-2.073761429428384059e-06,-1.557243277600196476e-05
-2.059728850023211448e-06,-1.547336474538593898e-05
-1.493456109957867104e-06,-1.353027560862715707e-05
-2.032702306469375828e-06,-1.088810973541669642e-05
-2.319778350561933338e-06,-6.917153773033672470e-06
-1.841215981228770151e-06,-2.682633932767080876e-06
0.000000000000000000e+00,0.000000000000000000e+00
0.000000000000000000e+00,0.000000000000000000e+00
1.991894085002023111e-06,-1.122326940040621368e-04
3.841570801345216803e-06,-1.113205576698652677e-04
5.527523028606795887e-06,-1.099342448271837353e-04
6.991259720826614245e-06,-1.082304009839533834e-04
8.287736463318391318e-06,-1.063774876542946865e-04
9.506118950918622320e-06,-1.044244653412715671e-04
1.081844109026658691e-05,-1.024434798094114759e-04
1.223501003494818937e-05,-1.002715489639271346e-04
1.376682112786825042e-05,-9.779405350294779206e-05
1.537713332080019909e-05,-9.492868380125205465e-05
1.699237077848935869e-05,-9.162941355730374487e-05
1.853014882671125328e-05,-8.790969947864229962e-05
1.990254390348905072e-05,-8.382621634405395226e-05
2.114711512989509494e-05,-7.942219407041880598e-05
2.216154745726961822e-05,-7.481538262088652030e-05
2.297645505720063592e-05,-7.002341693554811543e-05
2.356157345846997023e-05,-6.505140224243815379e-05
2.386980117566209629e-05,-6.007013152973848878e-05
2.383746617168136796e-05,-5.503383424168481328e-05
2.352889889514797503e-05,-5.008445105772032558e-05
2.286605264917389416e-05,-4.538363941573533454e-05
2.186827742041891047e-05,-4.098391366235431442e-05
2.060756307603509274e-05,-3.702006011473964420e-05
1.912802258353211789e-05,-3.352839643302930899e-05
1.753720051977912745e-05,-3.056729252925836525e-05
1.586589763863570512e-05,-2.813460103215926198e-05
1.412162727551767390e-05,-2.622303383127543385e-05
1.239963061272036883e-05,-2.481881648989415367e-05
1.061122279121704491e-05,-2.392612196304898527e-05
8.927218564184941863e-06,-2.356447374368097596e-05
7.217680995159869142e-06,-2.377432591525190214e-05
5.673178530731722114e-06,-2.451859135290513871e-05
4.226384703501568003e-06,-2.581697542835731970e-05
2.975169976362708664e-06,-2.766891386541672762e-05
1.970332630992998747e-06,-2.999334566844721360e-05
1.052732259797201277e-06,-3.276989894911398412e-05
2.749938727784151452e-07,-3.611287551193992628e-05
-2.181077384888013916e-07,-4.002553574604784356e-05
-3.768897828253037847e-07,-4.446536571806787856e-05
-7.062374260208536697e-08,-4.917649376967110397e-05
7.463388264492669910e-07,-5.376282265129652142e-05
2.112144428539979991e-06,-5.779701109368569882e-05
3.786780929692111534e-06,-6.085982807005467260e-05
5.982314680646488773e-06,-6.269244071335299364e-05
8.222414384341297441e-06,-6.297866107802029348e-05
1.031103278353149629e-05,-6.167295880311306482e-05
1.211496723260082057e-05,-5.913568069177307750e-05
1.359443905124080396e-05,-5.556989719403864956e-05
1.460922335164968902e-05,-5.123860227657392957e-05
1.507566651388518617e-05,-4.640707229607623488e-05
1.491789343339660553e-05,-4.154433382939118721e-05
1.431116058566415001e-05,-3.704257988233797093e-05
1.332795958416593974e-05,-3.297087179824475790e-05
1.216419262924274417e-05,-2.944961349015471955e-05
1.086247866945607916e-05,-2.647750320561572673e-05
9.512348352920073894e-06,-2.410837305448488671e-05
8.250989806074410937e-06,-2.221190354790126100e-05
7.062550646989581660e-06,-2.071452454429628591e-05
5.990987754320580953e-06,-1.955665101170332677e-05
5.042628728216920726e-06,-1.868094181889526980e-05
4.213271958799272243e-06,-1.802789452696653623e-05
3.517670936533637354e-06,-1.754592474721329570e-05
2.974114908261843200e-06,-1.721120774744915182e-05
2.595689926408053114e-06,-1.693075222529052593e-05
2.397677313017509978e-06,-1.664568715721289965e-05
2.400371829645263886e-06,-1.625774386726864517e-05
2.583480691320662389e-06,-1.565104565096310521e-05
2.923521567316025064e-06,-1.464490205450649203e-05
3.326072835181478124e-06,-1.313446289065945755e-05
3.658829366820085048e-06,-1.102029570967583294e-05
3.756459430730127530e-06,-8.308859428303192875e-06
3.378050992741830604e-06,-5.305441368275371455e-06
2.298103071678402969e-06,-2.421037363951951844e-06
0.000000000000000000e+00,-1.130307096939562244e-04
0.000000000000000000e+00,-1.135053269351848486e-04
-4.574161659992114036e-07,-1.131837452584282699e-04
-8.721848065265065037e-07,-1.112452901946901871e-04
-2.546601166034106475e-05,-8.538645166791908824e-05
-2.653099539160967788e-05,-9.334505906583130880e-05
-2.090249372611399591e-05,-9.817436973186385776e-05
-1.374938890140322950e-05,-1.022033842347662343e-04
-6.296806025922516019e-06,-1.054470053312436611e-04
-9.794060960796504688e-06,-8.834453233929803254e-06
-1.633948130876871667e-05,-2.150745160890622882e-05
-2.003640033600852081e-05,-3.829113930665907983e-05
-2.109748524045253312e-05,-5.699524943042873692e-05
0.000000000000000000e+00,0.000000000000000000e+00
-5.761651379989539629e-07,-6.365030460156120879e-06
-1.049183211874225487e-06,-8.750215387988812400e-06
-3.241768846517367188e-06,-6.475575148160591037e-06
-3.905419559756574304e-06,-8.394570757704795542e-06
-3.803182482293028133e-06,-1.090426652613670588e-05
-3.162905363439715031e-06,-1.312698193588225942e-05
-2.963077430735740576e-06,-1.024151466969859706e-05
-3.733883364381056566e-06,-1.257236959745701392e-05
-3.140459772116438673e-06,-1.395905607317190121e-05
-2.345209923239087867e-06,-1.484490271540644088e-05
-1.541453956739577956e-06,-1.535695477883594588e-05
-9.927631764009924750e-07,-1.562993655923101236e-05
-1.836703545602499800e-06,-1.518773154363523580e-05
-2.030141454730554138e-06,-1.558496945373786979e-05
-1.904447226300682647e-06,-1.580650674705363519e-05
-1.635625635018377211e-06,-1.589904497429408606e-05
-1.280429990366802325e-06,-1.586054329597319940e-05
-1.444426941507987515e-07,-4.810708171227598228e-05
-1.640637511115971334e-06,-4.168151289302486113e-05
-2.532475375381855192e-06,-3.579862903182016054e-05
-3.067905190757558603e-06,-3.061568733319093680e-05
-3.118519326639644863e-06,-2.576843748940516084e-05
-2.816478835363987462e-06,-2.105925440396594112e-05
-1.165858609508971108e-06,-1.658423662121976877e-05
4.741671135255659176e-07,-1.209519126356774841e-05
1.321338652804299055e-06,-5.778125699781778318e-05
2.765229630454675772e-06,-5.958667930928998694e-05
5.576986079651046606e-06,-6.080559279108149219e-05
8.768651838741779359e-06,-6.148011250641224131e-05
1.124855371494457535e-05,-6.157671945565998633e-05
1.129956615696537259e-05,-6.028920828283682422e-05
1.029026159472308301e-05,-5.025376490945669173e-05
1.116633920053630741e-05,-4.152201624608411519e-05
1.136538678952327228e-05,-3.242140172113278589e-05
1.077810187787976666e-05,-2.346202670987850722e-05
9.180290918182466454e-06,-1.548375326675667949e-05
6.242682741925670993e-06,-9.275798777536299223e-06
-2.543865563325397897e-06,-1.211433687106046017e-05
-9.909581470899528103e-07,-1.530831394349833395e-05
1.854640458345770506e-06,-1.790743990523862620e-05
4.396425549122959738e-06,-2.046730155112296199e-05
6.850468571565882717e-06,-2.307734644527930057e-05
8.716659370211972231e-06,-2.645445783634953204e-05
-6.388744218549482575e-06,-8.908889290983866311e-06
-8.589119082611896638e-06,-1.319440591779483752e-05
-9.826241606772393659e-06,-1.924981501898088106e-05
-1.033617357238596039e-05,-2.598325695383801366e-05
-1.260390465499917942e-05,-3.607411431156033331e-05
-1.016495095534905905e-05,-3.774340228693146286e-05
-4.507886754545818382e-06,-3.755353083544402636e-05
1.892499429999868004e-06,-3.645921248382263534e-05
7.089302607024019175e-06,-3.444910907973913939e-05
-4.875569579479553881e-06,-5.786418120035590829e-05
-4.958557025379295968e-06,-5.018962813332549444e-05
-4.586792643865012451e-06,-4.294890714380231205e-05
-3.761949562426992207e-06,-3.564660781915914380e-05
-2.676340696282616704e-06,-2.798126186830321094e-05
-1.660491138590958437e-06,-1.991872199781388901e-05
3.483008670766004556e-07,-7.077445705918587878e-05
7.208710336558651603e-06,-7.265351989194811970e-05
1.209154069300404828e-05,-7.187393323480046714e-05
1.211219289615701991e-05,-5.721951842076308716e-05
1.251380333672012007e-05,-4.649811599928601051e-05
1.222433892860170147e-05,-3.589954817381278240e-05
1.114985692567041142e-05,-2.588440024687111931e-05
9.004819857547432404e-06,-1.735317119138122871e-05
5.393222673176149677e-06,-1.122178401476351603e-05
-1.989467217315347457e-07,-1.036118856222526517e-04
-2.787570930549294307e-07,-1.013429261910243131e-04
-7.348376720727052915e-07,-9.799131900805561207e-05
-1.402197623787293675e-06,-9.365011430419177584e-05
-2.093247818959824443e-06,-8.853330722460276032e-05
-2.742468766514207858e-06,-8.268331297210108324e-05
-3.158086379946405289e-06,-7.627515408527635516e-05
-7.799833927237087263e-06,-9.931303406232276220e-05
-1.526095594089201964e-05,-9.576142962164334858e-05
-2.232558525043298951e-05,-9.276769540268061764e-05
-2.721357079885417169e-05,-9.055640643828731431e-05
-2.682946063704822983e-05,-9.149835101943507335e-05
1.171827183594671740e-05,-7.087997158915394910e-05
5.774176015280730909e-06,-6.787536528607888791e-05
-1.427838623147830689e-06,-6.743981622956096668e-05
-1.380545313631510096e-05,-1.065011995456092595e-04
-1.013308775915605966e-05,-1.160762492902432381e-04
-6.406460167228900084e-06,-1.224161570283746256e-04
-2.730650177491357000e-06,-1.255216666409177540e-04
7.429336104512108134e-07,-1.255001153500367474e-04
3.951523287842204511e-06,-1.225459015296964898e-04
6.746911165011737646e-06,-1.169394259475650064e-04
8.910595474212679984e-06,-1.091259414277609120e-04
1.042372853740586717e-05,-9.961278383856251911e-05
1.111451767711506489e-05,-8.889298573350811286e-05
1.070541921407949791e-05,-3.831091366170398321e-05
1.085342277352410974e-05,-4.429841110574917612e-05
1.055876801375400960e-05,-5.086445052251352102e-05
9.886651134956513348e-06,-5.699628613169964062e-05
8.855979435180671747e-06,-6.157982951700006666e-05
7.507638707659783431e-06,-6.346443872214814323e-05
5.763476625753888310e-06,-6.250501361760014247e-05
8.960361687883848644e-06,-3.180215760560167678e-05
4.440881885976290546e-06,-3.149877098865985314e-05
-2.316857704905133575e-06,-3.206867060814985390e-05
-9.138114737078449867e-06,-3.344279542392724806e-05
-1.244245711627659243e-05,-3.649866782405766623e-05
1.136311839076277572e-05,-6.231272234630708682e-05
1.102831857818051393e-05,-6.007118272610817829e-05
8.055590031640404711e-06,-5.899845151986836227e-05
4.695211733560140830e-06,-5.827784394797246487e-05
1.953284706259731009e-06,-5.794706514666600841e-05
9.846927706589385887e-07,-5.804816193957880243e-05
-1.039810464976370931e-05,-4.994675599949294632e-05
-9.745530335391771102e-06,-5.835419602462725271e-05
-8.520101844193617629e-06,-6.586825726551341750e-05
-6.828946807121550948e-06,-7.213499487254274370e-05
-4.803818744982711408e-06,-7.682191221442704449e-05
-2.529981630200214009e-06,-7.969094937779276134e-05
-1.342155686401079170e-07,-8.059094223282027623e-05
2.176204671862154730e-06,-7.951874096692528818e-05
4.373316855151486722e-06,-7.654904747192115770e-05
6.254949978530410188e-06,-7.180605816415119923e-05
1.713700719786248299e-05,-3.485595825806002380e-05
3.940238867372363780e-06,-1.809440102451441776e-05
9.395207117464196651e-06,-2.321461957905714214e-05
7.430465959368883824e-06,-2.294771163066814271e-05
1.336882352262681899e-05,-2.668854532559621922e-05
1.963799144498018964e-05,-4.744297813910957560e-05
-1.211546655909207609e-06,-3.669101133152087742e-05
-4.110377860272887238e-07,-3.178620489060067385e-06
-2.112624208960375530e-07,-2.436363498737386673e-06
1.961925945787408647e-05,-6.323406939039575756e-05
-1.490827309078669716e-06,-1.535186282167083998e-05
6.058044336694601065e-06,-2.120940598340609635e-05
-2.216942700516446786e-06,-2.606294098114234246e-05
-2.582184391129982974e-06,-1.700095154262506894e-05
-7.136585146085074192e-08,-3.772533229610200451e-06
3.206120917729003310e-08,-2.680895895460618280e-06
-4.432184773448161033e-07,-5.128282739983594323e-05
1.642896837922014039e-06,-2.168031518932504097e-05
1.785330827044862375e-05,-7.803089530563388015e-05
2.380310651373064746e-06,-1.696231522991340505e-05
9.296760184230454862e-06,-3.031882772920871849e-05
5.856310762944086849e-06,-2.481344281367246334e-05
1.659097592051965180e-07,-2.183279032559499655e-06
1.323229213642172763e-07,-1.675868558173692571e-06
1.045848180849973687e-07,-8.649026410918525908e-07
8.027227140526947425e-08,-7.275408210851770795e-07
3.481857729858609180e-07,-6.632467153949062500e-05
5.414344227137901632e-06,-1.982582926064096744e-05
1.547131247381114017e-05,-8.615803412066988282e-05
1.344713715815390914e-05,-9.378164285309114202e-05
1.057979649208874311e-05,-9.949987179207908259e-05
-1.372574766600377210e-07,-1.391241037534113154e-06
-2.122427722749905931e-07,-1.771654327127124119e-06
-8.677408904125117810e-08,-6.052338588663989191e-07
-1.086527155807728109e-07,-7.046689369384974454e-07
7.045119480844674004e-06,-1.054244526649500104e-04
1.911430963248315977e-06,-1.644997688825135371e-05
4.711670940172650056e-06,-2.868748346136264723e-05
4.959734673735508374e-06,-1.094283195995518981e-04
1.021020166237032744e-05,-3.930616003209973361e-05
1.637674389597314676e-06,-7.816275020793516347e-05
-4.854337636472176813e-07,-1.586917372152572402e-05
7.990172223139232625e-06,-2.642626092447026662e-05
5.518371033429150119e-07,-3.588603432687929238e-05
2.730222389076075771e-06,-9.052613969943411603e-05
-4.057190840693416328e-07,-5.091520413560884587e-06
-4.917417153606158157e-07,-5.551117648864638267e-06
-4.838160865064372308e-07,-4.393690397683567197e-06
-6.097260429275686116e-07,-5.941819204932256541e-06
-4.452419508480118673e-07,-4.824483120750557484e-06
-5.125551692854802031e-08,-3.986915962276586736e-06
-1.125845429487247896e-07,-4.184519346562265554e-06
-2.201866236914714758e-07,-3.313400148187190488e-06
-2.163977527677481523e-07,-4.403453667803987601e-06
-1.999587760668375753e-07,-3.616554589725016732e-06
1.318484803235542701e-06,-1.062858647903201813e-04
4.464605027366815215e-09,-4.987855535600429350e-07
5.364629833215515098e-09,-5.683848186535874754e-07
2.368923021800000026e-06,-9.954800996190165438e-05
-4.529453152506453489e-07,-4.195128120265773754e-06
-1.127401311738503451e-06,-6.130783325181485486e-06
1.129777355972431309e-05,-4.884568941883506024e-05
3.487187234385876770e-06,-3.378867460054499024e-05
1.761294735140259168e-06,-1.532412335977647604e-05
-4.052634060277210964e-07,-4.686130334786958871e-06
-9.517145804185766644e-07,-6.642097403860142802e-06
7.382307169739443340e-07,-1.123223913319810747e-04
-2.705046812770366111e-07,-5.181653059525622861e-06
-8.249199767477626677e-07,-7.069773872164843345e-06
-1.514511945839200528e-06,-8.792661669285698582e-06
-4.175601080186608864e-07,-6.122459558734048365e-06
-4.696967324379216397e-08,-3.551712825692892494e-06
-2.216949462161815126e-07,-4.896539820981622743e-06
1.012036809993677367e-05,-5.768715299834574836e-05
-3.663822238566664578e-06,-6.933140194637495272e-06
-2.215367050688559128e-06,-5.557900988463160536e-06
2.299303484758278388e-06,-1.122210478259831726e-04
8.918637999694703259e-08,-3.896924167701822501e-07
1.055133705282425076e-07,-4.425286438821144383e-07
-4.447830103686655346e-06,-1.318881017416828565e-05
-1.644100990095832516e-06,-1.423483615815267403e-05
-4.775109066802718607e-06,-2.958920582513353202e-05
-6.798829878635279992e-06,-6.704913099862000675e-05
-1.185151028316272036e-07,-1.060239820837854345e-06
2.548822004384429972e-07,-1.380868492554915463e-06
-4.687794493287103158e-06,-1.582247339731308506e-05
-2.304515838203999185e-06,-9.672853015152938245e-06
3.090222938627698064e-06,-4.288248210904594310e-05
1.766543064893446633e-06,-1.233239885005081915e-05
2.496527205933489231e-06,-8.618848105798442773e-06
2.897229987464200752e-06,-6.512354073925821679e-06
5.486329796520025265e-06,-3.735754264560596884e-05
5.274642147074713780e-07,-5.924186319793813860e-06
3.942193965950801420e-06,-1.991339108405208242e-05
4.273365558033623214e-06,-1.798319539540354213e-05
4.498524384478638564e-06,-3.659382333747260844e-05
1.852514593172782063e-07,-1.204695604409355164e-05
4.383589960747349717e-06,-4.062583372916523300e-05
-7.845686632118470803e-07,-1.545738052740385239e-05
3.411646846494320779e-06,-5.455943252325681119e-05
3.429869911195248071e-06,-6.262484506456105480e-05
2.475035469938021479e-06,-6.840780087992098606e-05
3.037527016658130085e-06,-8.205769566998639681e-05
5.308704797743624651e-06,-4.856250928837346390e-05
2.838779207659050814e-06,-1.039418916137939316e-04
1.180052477935865125e-06,-7.834412800092871150e-05
-5.165064541823916482e-06,-1.008259628577151738e-04
1.377819561487762316e-06,-1.202684421054982011e-04
-6.001786782843985519e-07,-8.081406841729483548e-05
-7.371336966283347021e-07,-1.264730535012871342e-04
-2.010986332881143671e-06,-7.504566046103312415e-05
-2.803676932567570213e-06,-1.202748772279232166e-04
-3.136133816259022871e-06,-6.245127427199211013e-05
-3.764279177715730414e-06,-4.538683855568951522e-05
-2.202304547723067873e-07,-2.643167135280931877e-06
-1.460668703372886373e-07,-2.928908123405239998e-06
-6.816625177981201585e-08,-3.452037276191636815e-06
-3.367771089285893095e-08,-2.752485512626446375e-06
-3.987793142636527438e-07,-3.474715465196408771e-06
-2.801036029082278651e-07,-3.835578709527907270e-06
-2.058128270049980494e-07,-4.591618744002906621e-06
-9.524520629108503924e-08,-3.573099346477484857e-06
8.279996290279687966e-06,-6.291122069401294510e-05
3.708565502062721053e-06,-5.118196999554789673e-05
8.072146557294141065e-06,-3.402319907442719304e-05
-2.103665524170348549e-07,-1.506091462297210750e-05
1.609684409472483982e-06,-6.939125462699293052e-06
-2.013807205875316837e-07,-1.575807811119211963e-05
-7.156311272879772475e-07,-6.358498331816606003e-06
-2.871658943781809720e-07,-4.603250232204159005e-06
8.264489241249274666e-06,-3.105542022920538306e-05
7.095709183690925255e-06,-2.709855140021092554e-05
-1.524951514132560120e-06,-2.985488599518164234e-05
7.856270646836725501e-07,-3.186481605191542591e-05
1.833775007107723102e-06,-3.738759047362591985e-05
3.683975777690849725e-06,-3.329648136555391093e-05
5.089127637003224967e-06,-3.813935634899667901e-05
6.753939729118255384e-06,-3.441484234380054561e-05
5.231462881084178283e-06,-3.008702410064176538e-05
8.161592038243315345e-06,-3.108551362426640734e-05
6.623573092549896123e-06,-2.756418752498790420e-05
8.431275685273662641e-06,-3.928317225352188777e-05
6.299372722415211455e-06,-4.370161910665875510e-05
1.011069301072970055e-05,-4.435179485245351229e-05
8.397481500050000229e-06,-4.931202287284788740e-05
9.261857694018014967e-06,-2.833575563200157275e-05
7.751778086261207562e-06,-2.556083087027543615e-05
1.178623815640700848e-05,-4.003037077407047115e-05
1.208714822510807525e-05,-4.958039658794104524e-05
1.003626028361840772e-05,-5.472161219159249739e-05
6.537796392866520574e-06,-5.425696492766524641e-05
7.689338178008200562e-06,-6.022545841430896772e-05
1.396434741761349222e-05,-5.475413234640131915e-05
4.111677308366839181e-06,-2.669169065064496682e-05
1.107190583147377719e-05,-3.196904143415029857e-05
9.958301649686091990e-06,-2.623884751059811030e-05
8.511639552278464906e-06,-2.406273531747934454e-05
6.635877227961409440e-06,-2.349702391244369958e-05
7.484576996850922812e-06,-2.257363578102373667e-05
5.928622242885762131e-06,-2.201296518088856328e-05
6.868721146455206763e-06,-2.167433140805544398e-05
7.929427965329471632e-06,-2.222337978833377806e-05
7.420715551351482390e-06,-2.194180903004330167e-05
7.897615202327451370e-06,-2.243592802283046837e-05
5.557241979403107052e-06,-2.099326128930725856e-05
7.507591676404496984e-06,-2.276033496218211885e-05
1.034110096043652019e-05,-2.461210055696371016e-05
7.290611256498593541e-06,-2.226640384305799002e-05
7.439847817517446109e-06,-2.318479914243136084e-05
6.302157023729857845e-06,-5.459551788832365789e-05
5.779847893846795041e-06,-6.047113224259989089e-05
-2.038093048878907856e-06,-6.702811750677204608e-06
-1.122400127849963234e-06,-5.399452810921342573e-06
-2.913343890279510168e-06,-2.232879372190016307e-05
-1.747052979764420312e-06,-2.281672889202020321e-05
-3.874413111476467612e-07,-2.571971417849494335e-05
9.245511860574021437e-08,-2.284485975991460907e-05
1.871614902340398463e-06,-2.519692067677748915e-05
2.165545096153838505e-06,-2.258146740821881154e-05
4.816200778201449009e-07,-2.072759889898416716e-05
2.304773591384412312e-06,-2.058514637656119845e-05
7.920090757654096652e-07,-1.918360658194232803e-05
2.321983437925979294e-06,-1.914414671317720242e-05
9.533348444618582899e-07,-1.805866408135613419e-05
4.239687348666824666e-06,-2.473383836607075085e-05
4.052352107887056485e-06,-2.797448827686501273e-05
2.212786494790300525e-06,-1.812474067277372185e-05
9.826639563333678586e-07,-1.728061921018785179e-05
-1.241332127626550905e-07,-1.710147475967527933e-05
-4.605359375085509831e-08,-1.651644311057023852e-05
9.389533252257008406e-07,-1.678977930249066019e-05
-1.000458607548553442e-06,-1.615738081391329575e-05
1.871050262672452627e-08,-1.623991721268530758e-05
8.623789658909633858e-07,-1.653399698343606037e-05
1.834114213449179388e-06,-1.700558303621338809e-05
-2.649814158291358930e-06,-2.025835465187566500e-05
-7.468554821551670933e-07,-1.916318225110175222e-05
3.811398436111060300e-06,-2.035278161674224692e-05
-1.547903585507781024e-06,-1.672936630391170447e-05
-2.068346764869040110e-06,-1.525484597541254025e-05
-8.882229156473195535e-07,-1.566552097937707382e-05
3.994727203722446844e-06,-1.956874749459115029e-05
-2.373523875229720115e-06,-1.471887379423047367e-05
-1.281557333704481811e-06,-1.534838698360543139e-05
3.106618339199307452e-06,-4.151693816057812716e-05
4.398537216339956472e-06,-3.562482499794173693e-05
7.053586272038620331e-06,-4.320447758251346170e-05
-3.640835916291958378e-07,-2.601037679571247650e-05
-7.116749519773407718e-06,-8.479123996708502981e-05
7.993620742500364880e-07,-1.584928542748541912e-05
6.667911681940340250e-07,-1.616720691418906990e-05
5.981763451072862338e-06,-3.139385926008426395e-05
-4.936690910698419271e-06,-3.646020313628194493e-05
7.192629292086732281e-06,-2.390992177685712851e-05
2.262670721027624649e-06,-3.152184489912811694e-05
-5.267646567898639294e-07,-6.334315380702906011e-06
-1.036899868233309003e-06,-8.864631742076157535e-06
1.656788956499066862e-06,-1.677332253812860438e-05
8.313965994784659804e-07,-1.643153367137137566e-05
2.529256662897484975e-06,-1.716557336069246675e-05
3.301640092352907416e-06,-6.193804474872404277e-05
3.843754490261128637e-06,-7.236547358842948866e-05
8.122000975404101796e-06,-2.287965891706988575e-05
-1.129221034997450184e-07,-2.261541900122901328e-06
6.255539691863779114e-09,-2.173418200522716497e-06
-5.893298871382073591e-08,-1.803681668849711878e-06
1.951772661785165811e-08,-1.719031003839092325e-06
-6.588945074630104270e-08,-1.415840927677993737e-06
9.298185348419984413e-09,-1.328657778808959267e-06
8.379639370323567198e-08,-1.662239447879174452e-06
-1.872446412356974541e-07,-2.887302887655980712e-06
-9.995138380268902460e-09,-2.744565456082123655e-06
-9.345087210995413408e-08,-2.241502744029294054e-06
1.931215486996508112e-08,-2.111525284694809957e-06
-9.226099935042358303e-08,-1.715716386692226750e-06
1.008032835967513578e-08,-1.588851561961812570e-06
1.074280988515619917e-07,-2.064743623077425017e-06
6.781244401297724454e-06,-2.716995185052068168e-05
4.509070425678073938e-06,-2.279934257911067836e-05
7.758401771627380239e-06,-2.376022022498931971e-05
3.989341561590395158e-07,-1.134781597034117094e-04
1.204049966525720125e-06,-1.128860148817005705e-04
2.365509481133583482e-06,-1.108711635595372683e-04
-1.290081117365932365e-06,-6.987551165350412881e-06
-6.262566035646632480e-07,-5.960030730866507069e-06
-2.081712886521617564e-06,-8.997287139071095987e-06
-1.303404014305392899e-06,-7.872755231293983273e-06
7.444852551798691936e-06,-3.845165761858099771e-05
-7.443743164447329818e-07,-3.020618722273211109e-05
-4.208980806852417535e-07,-1.368961775267136784e-05
1.729324633039831725e-08,-1.202312080963381498e-05
1.232585952270958441e-05,-2.933739872206268798e-05
-1.123820884159079820e-07,-1.066562360509039618e-06
-1.581373122855846776e-07,-1.308211815702031077e-06
-6.623050520883780979e-08,-1.073241078677998721e-06
7.100202688712960875e-09,-9.607973950056598221e-07
-8.543395215998315650e-08,-1.268623256040900990e-06
8.412065611603943298e-09,-1.121500911735316713e-06
-4.583496383668215229e-07,-9.227506728235648810e-06
1.040886125849127260e-06,-6.321686802776438843e-06
8.892122363841773589e-06,-2.312156367423408686e-05
1.007923091930422631e-05,-2.358370339024995672e-05
8.744137384321964781e-06,-2.271307172518646338e-05
-2.736712068177351583e-07,-8.394315905786482615e-06
-8.412165146632361864e-07,-6.953617490594989326e-06
-1.805340956143672900e-06,-1.205782829487526405e-05
-2.009991613390708124e-06,-9.801157496102456517e-06
1.164823631433080865e-06,-7.166194588978243806e-05
5.519417312242288008e-06,-7.371462383980208807e-05
6.023445007633356288e-06,-7.971429710254367400e-05
9.730246634155227258e-06,-7.555003895983396873e-05
1.013510743991942562e-05,-8.097607059884339993e-05
9.450983899881260653e-06,-7.006077353698680085e-05
1.358737480824744269e-05,-7.155272985481174160e-05
1.288018275343374138e-05,-6.637305622069957368e-05
6.678664764239999778e-06,-8.490423598003588523e-05
1.061520810172203977e-05,-8.595535558787349034e-05
5.229475839850846918e-06,-6.698397449792474348e-05
3.158376403047550065e-07,-5.937816519080551928e-05
4.755324450163200343e-08,-1.352601595926483644e-05
1.544418781780152318e-06,-1.663780263649845348e-05
4.022760263839625014e-06,-2.222095092919514932e-05
7.511663335314709261e-06,-8.988675436197705892e-05
5.386456282273465890e-06,-9.358855553986894840e-05
8.595548001677191902e-06,-9.325039325056832932e-05
6.048154528780206466e-06,-9.696857366009380380e-05
-2.981434731331182093e-07,-4.330910452032903882e-05
1.155123401824469722e-06,-1.096031800456391379e-04
2.942554120532848957e-06,-1.080606898171156116e-04
3.262375794681367236e-06,-1.056288731348454434e-04
1.418613959687227926e-05,-8.229589392741709912e-05
1.166074213376154897e-05,-8.983422573873958467e-05
7.140718484408044371e-06,-6.306379956517394673e-05
-8.587822502866178708e-08,-8.411608306015599299e-07
-7.113514259802387595e-08,-7.284000213266332233e-07
-9.449746936352995402e-08,-4.079257588632159270e-07
-1.118769317553556243e-07,-4.649329116992688897e-07
-1.790049226791297613e-06,-2.218483927130131378e-05
-8.640263033063722649e-07,-8.146408515349801017e-06
-3.802790492187165653e-07,-1.230794753001426295e-05
1.365722092189212840e-05,-4.483024845208378578e-05
1.535251655876943721e-05,-4.045745683073306175e-05
1.294027450151580849e-05,-3.603052024838473570e-05
9.832280286071257209e-06,-3.529389511933552832e-05
2.166618336781928466e-06,-1.026521221836035726e-04
5.110763736290709336e-06,-1.005185199881148653e-04
4.881958724862342008e-06,-1.029239849130150677e-04
8.549920591399071869e-06,-9.859692678427862316e-05
7.435547242243654382e-06,-1.012616293242723462e-04
6.816181817335532263e-06,-1.034971471372363161e-04
3.834444928040129462e-06,-1.915114977540370537e-05
3.068569049789886174e-06,-4.648182681710053476e-05
-5.286075423685574263e-07,-5.760326061115914047e-06
-1.302158219154891363e-06,-8.062263439677734691e-06
1.145610013137687423e-06,-1.040899707778491926e-04
-1.434506575567796693e-06,-1.041997056640132964e-05
-2.159478551282952676e-06,-3.098505231814656895e-05
-3.361999701882741139e-06,-3.422869531876393556e-05
1.687406159473500030e-05,-6.758674340866377005e-05
2.032387791631374213e-06,-1.742911711145411516e-05
-3.240277163396327544e-06,-1.857906833475803121e-05
1.403526982883512571e-06,-5.290329134969806138e-06
8.965259949862855296e-08,-1.202655188105323477e-06
7.095439043135552519e-08,-1.019770062240102916e-06
4.785209664633425483e-06,-1.068584490324433209e-04
-1.487985376614865538e-06,-7.611872154601235672e-05
-4.621526882857657735e-06,-9.779542330728418511e-05
6.473636737789942834e-06,-2.437160769875965167e-05
2.079160836609316280e-06,-8.423513761576844000e-05
-6.065533610753625639e-08,-1.607860414894990669e-05
8.920981889929238300e-08,-2.078117118612318533e-06
1.033847656282916155e-07,-2.656062780623807950e-06
1.223689888903021387e-05,-6.065233085475897607e-05
1.668842300561229521e-05,-5.930736488744410540e-05
1.836491287246959446e-05,-5.484315612634721893e-05
1.603468656690204070e-05,-5.008668218888703957e-05
3.740154616298432795e-07,-1.068798085191293813e-05
-2.956796954379812719e-07,-8.098297676574507371e-05
-3.207428552430682594e-06,-1.164496296339875354e-04
-3.997012509531803254e-06,-1.122638223341262416e-04
7.255645297699251880e-06,-6.030604627992805229e-05
-3.569445864179323660e-06,-5.435255700562451666e-05
2.949256597998225970e-07,-1.248764426322305392e-04
-1.755324018516178319e-06,-1.249837560146860001e-04
-1.402845106317205236e-06,-7.888956194246727293e-05
-2.639347256296733620e-06,-6.947333862439812472e-05
4.016019300113363806e-06,-5.184291965106153086e-05
4.057085111866019582e-06,-4.602879294638149613e-05
-2.792843671530524040e-07,-1.425862909922757398e-05
1.819336175860613395e-05,-3.865870465885102615e-05
1.572229851808534210e-05,-3.151734697067617931e-05
1.903225671001118567e-05,-4.288696919587122559e-05
4.628860530784399548e-06,-1.885397681418445433e-05
3.268927884378640758e-06,-1.812219748533549534e-05
7.541483821830658311e-06,-2.375301556942874975e-05
6.359245870780796438e-06,-2.113558026912011099e-05
4.302439150767689589e-07,-1.911332229114567368e-05
-6.296048208868232605e-07,-1.104681942313406466e-05
-6.296915241091815065e-08,-9.230839484438823489e-06
2.851004920007709223e-06,-1.752969896350850247e-05
7.098477559314584125e-06,-2.360403688169208006e-05
5.082717698892201073e-06,-2.640816637441230266e-05
1.802931556072726081e-06,-1.605912422961660761e-05
3.680955604413360855e-06,-3.117873361808828024e-05
1.862981279659020595e-05,-7.262157509971277380e-05
1.137315731846137141e-05,-4.383286839913141578e-05
1.032772692191417890e-05,-3.456093804073758239e-05
7.122812289644720628e-06,-3.279730345304129787e-05
-4.605304104584048953e-06,-2.253433052340469482e-05
-6.571098345601900656e-06,-4.745314950510180833e-05
-5.664518324603584367e-06,-2.850544345533065926e-05
-4.435469074699945227e-06,-1.012685226521177045e-05
-2.480367157950922999e-06,-7.046431651098155588e-06
-1.964503765622103766e-06,-1.222591896981658530e-05
9.404576142971159469e-06,-1.018823809421950363e-04
1.196762470329288697e-05,-9.683705896632408699e-05
6.568154083171935456e-06,-5.808169912947569501e-05
-9.839849725820136334e-07,-1.557852250380953226e-05
6.440868343205719389e-06,-4.716104960709056187e-05
5.979317426489011578e-06,-2.722391759937739503e-05
-8.859609445727709417e-07,-1.583807707528005703e-05
-6.082541283456527609e-07,-1.345195839619457657e-05
1.020081864655221752e-06,-2.645125737056431162e-05
6.618667204306269203e-06,-2.134741869795996733e-05
8.848557884377489741e-07,-2.384946809143331545e-05
3.728130586860675393e-06,-1.110289437129708008e-04
6.019712641404805252e-06,-1.075926351701840636e-04
1.182409562520792765e-05,-2.490783566878528339e-05
1.445710686024135943e-05,-2.875200936998104686e-05
1.012350362928174102e-05,-5.398488724864640973e-05
4.849843222207765334e-06,-1.872284384577485667e-05
1.735982520394860813e-06,-1.789124974689699661e-05
3.975535365237639915e-06,-1.999340953001682496e-05
-1.041550326027212122e-06,-1.441808766118998281e-05
3.765790765772040325e-06,-3.820155218332514223e-05
4.581991883961578713e-06,-9.337854656902231374e-05
-1.352763036552474434e-06,-1.455471258812861866e-05
1.777927513148468058e-06,-1.407798358687271679e-05
2.070153189708119986e-06,-1.671294224921503535e-05
-3.002336889146689504e-06,-1.371735224623755372e-05
1.385561432102079097e-05,-7.682076088854761632e-05
1.463589695143639262e-06,-4.141812657589697598e-05
7.221313014679146613e-08,-3.398964159481631605e-07
8.389607165365218055e-08,-3.841186568267322372e-07
-1.914790504571512754e-06,-1.602949411809433285e-05
4.444577814017409032e-06,-5.622496191247453441e-05
1.409219033764201999e-05,-3.320483412191149779e-05
3.909832909424743906e-06,-6.025282306807589204e-05
9.392126858846494293e-06,-6.476415344675601226e-05
-1.255536700546884518e-06,-2.068128921826980387e-05
2.464681425708828245e-06,-2.880581140720062818e-05
-1.630710409884846692e-06,-6.220856388926684326e-06
-1.436431509822870671e-06,-4.787952388307762879e-06
6.497120047800932754e-06,-2.537124755356457995e-05
-9.566999992473695998e-07,-3.367571276780758702e-06
4.108681036001160827e-06,-1.088643602395083284e-04
-2.170674287790659763e-06,-6.488398081229484820e-05
-4.577622769421048137e-06,-7.665278133779520155e-05
1.118926812337928219e-07,-1.938898188553491531e-06
6.926450818395692854e-08,-2.937290050401341504e-06
1.142671354774210152e-07,-2.624144792402226999e-06
2.079118761012494971e-08,-3.931911679412637299e-06
7.870903828293281148e-06,-3.643330728917214365e-05
-7.782269636843519011e-07,-1.502877409663889329e-05
-3.569963600821704130e-07,-2.364388794500181403e-06
-2.076181381683244231e-07,-1.803391884100543190e-06
5.862908330873780294e-06,-7.747794892403573361e-05
1.248265860273539983e-06,-3.388909299461802856e-05
5.449666691344711998e-06,-2.485401762528712411e-05
6.379233688121581911e-07,-2.828942465315844101e-06
-2.097419563614367767e-06,-1.891794894550931133e-05
1.337851346604194998e-06,-3.491032961419774429e-06
-1.911757555713476537e-07,-4.413220616690947413e-06
-4.315674089531967351e-07,-1.795498366673622142e-05
-2.242732946123294128e-06,-5.802929673126027321e-05
-4.243001188910580262e-06,-6.700766705839088222e-05
9.305668109729439306e-06,-6.082065449652987964e-05
3.980713764558985223e-06,-2.119494067107447196e-05
-8.275925022855928130e-08,-3.857323885721413551e-07
-7.126329792622563056e-08,-3.404058022964940702e-07
-2.639428312051885092e-07,-1.866236717169676703e-06
-1.630585479051636561e-07,-1.438994952741066174e-06
-1.234160308235841700e-06,-1.501336148154377444e-05
-2.525364457525750939e-06,-4.994077982373333808e-05
-4.322236132613043571e-06,-5.667373619678036089e-05
-8.909335905415441065e-08,-7.909995380138819640e-07
-1.188569014240049221e-07,-9.453007971128850407e-07
1.001431773626730407e-05,-9.552911689292880779e-05
8.740639747466815194e-06,-1.035797966977915929e-04
-2.464292000755688969e-06,-4.057385799994016529e-05
-1.389065780952489530e-06,-1.319491198921178095e-05
-3.961177630853544762e-06,-4.530554782271474355e-05
3.820853310315210984e-06,-1.070102555424803448e-04
2.084872793126189725e-06,-5.013120584473976384e-05
3.387426329647471631e-06,-5.295204845539702704e-05
2.615897343199621964e-06,-1.167590203868226263e-04
2.057694281924991864e-06,-5.866410221733173912e-05
1.474227106317786679e-05,-9.031779594355713984e-05
5.351336099094216842e-06,-2.053074198524758428e-05
1.474664689740367055e-07,-1.486384140636587541e-06
1.110408850911773408e-07,-1.179959809043541234e-06
1.831041305289168722e-06,-6.633870324516217762e-05
1.345412899987364452e-06,-1.231471766252095399e-04
4.271918000897044093e-06,-2.677870128188191020e-05
4.006393379487488742e-06,-2.949214871603091266e-05
4.031233660458139543e-07,-9.041024862339548513e-06
9.927668901366729315e-08,-1.604439640780036721e-06
7.657731233072714259e-08,-1.326946698408464427e-06
6.327961556187590540e-08,-1.261695037268246609e-04
1.454098568589976101e-06,-7.273502936038906644e-05
9.040398222972931256e-06,-2.713438441481336782e-05
-1.444235496371848828e-06,-6.874177365209620458e-06
-1.677014444652130752e-06,-2.102490459668429274e-05
-2.562784608375172402e-06,-2.322745531549451199e-05
9.307680206230364409e-07,-7.749162482864031885e-05
-1.197258702178592733e-06,-1.259123571342558130e-04
1.000943292278078421e-07,-6.428691865865438965e-07
8.051277609524773900e-08,-5.545559186558933186e-07
3.068688062393838500e-07,-8.030111063650645560e-05
-2.308665756651695182e-06,-1.225020501079846023e-04
2.373193558311595628e-09,-6.823094221882203501e-06
2.442990277396609346e-07,-5.502817939569712692e-06
4.463278902203537804e-06,-1.173194278001444872e-05
4.036193573679875101e-06,-1.347816230635853744e-05
2.928771052253326211e-07,-8.058623095891272463e-05
2.026589595655091738e-06,-1.129614956906897257e-04
2.612572512981981397e-06,-4.697007336238563717e-05
1.200381919591636982e-05,-2.680227422225645267e-05
-4.009087036686084256e-06,-1.079324003034202089e-04
-9.177349309745903812e-07,-7.955057064039079782e-05
1.779889913926960922e-06,-7.417503446571486916e-05
2.783226667617786605e-06,-9.333742447065045968e-05
9.347088792588507475e-08,-8.095827284886912881e-07
7.756648699526948073e-08,-7.026159800997778376e-07
-1.922532670511546432e-06,-7.103759882950423080e-05
-4.823120685461560961e-06,-8.692509835922758107e-05
9.099685266086566354e-08,-9.160085484539671841e-07
1.215835144184416835e-07,-1.119112984631518217e-06
-2.920907869899012732e-06,-1.864013350212210851e-05
3.351647462111912776e-06,-1.757203565969194919e-05
8.169781732586413106e-06,-2.327180507672458321e-05
1.748432142625936365e-06,-1.010991657004492000e-05
-1.925970986852183659e-07,-4.250011085423991073e-06
-5.123406239236831066e-07,-5.762370363283392920e-06
9.972876131341291780e-07,-1.130363067953843377e-04
-1.827873307023122677e-06,-1.512128977544926991e-05
8.084199983136896697e-06,-5.067344102713889552e-05
1.086353939383586176e-05,-2.396569651474142636e-05
3.060372270292703196e-06,-2.411124916630559626e-05
7.185359822446677746e-06,-6.337913499476740327e-05
-2.446363114707013971e-05,-8.694494561545784413e-05
1.763354764691891816e-05,-8.191274652174346770e-05
-1.242268141466757992e-05,-3.669605874503398615e-05
-8.482799656219779361e-07,-6.841083411442796310e-06
-3.280088599843245213e-07,-4.978144033594378893e-06
-1.563950195504557242e-06,-1.793767424502329581e-05
-2.737872674653719756e-07,-5.100512268842108031e-06
-7.808908664846585853e-08,-3.764623108814155676e-06
8.655155693748283147e-06,-2.490760936194354107e-05
1.338725190748968442e-06,-2.802644378067104393e-05
5.428491304973237043e-06,-2.166932656691215899e-05
-1.137668753046455494e-06,-7.345428195526806114e-06
-1.507407697395190455e-06,-9.889071895755829642e-06
1.406263242646030390e-06,-1.647262108181874731e-05
-1.969690667781253310e-06,-9.112947554282254195e-06
7.127613597156912260e-06,-5.396056758051286090e-05
2.044106629621392365e-05,-5.850128127985443057e-05
2.420632537230215014e-06,-1.998149218907876683e-05
5.106813706002568545e-06,-1.049365101447676966e-04
-1.581919274515558124e-06,-1.544209377825986887e-05
-2.761823116622891223e-05,-9.019055800785242421e-05
4.651864965333356755e-06,-3.122072731456689937e-05
2.156846617198459665e-06,-9.633745713985939635e-05
1.270075638296930128e-05,-7.190130458945667203e-05
1.063691973010664395e-05,-6.140477300853144948e-05
2.019444183319202551e-05,-5.146981553406352363e-05
7.438235495892007753e-06,-6.353475464966248096e-05
-3.373360372293811588e-06,-1.146365517051715495e-05
3.477617486804637751e-06,-1.105012069584999164e-04
-5.337096804216094152e-07,-5.961995350242040634e-06
-1.244682406952118229e-06,-8.296265817272413916e-06
8.059840955875674854e-07,-1.492728709919849635e-05
-7.376250697652909604e-08,-1.599993904368318562e-05
5.794043273133979101e-06,-3.497816057753969169e-05
-4.431370202074575586e-07,-1.220801835633576210e-06
-2.505623874358617428e-06,-1.531517233064448675e-05
1.614468568810086929e-05,-6.388113537761271879e-05
-1.361941438428534727e-06,-4.257471634542885986e-06
-9.020332891746166403e-07,-3.453297210640398284e-06
-1.868462283310684763e-06,-1.151243634183835901e-05
1.671613054659932195e-05,-4.506402401029759621e-05
1.168802834649147039e-05,-6.113564469482929030e-05
1.948744506119755866e-08,-3.443499202877199186e-06
4.887957130463792455e-08,-2.630474816722246540e-06
6.976221164211410182e-08,-1.728603502972363282e-07
7.960946030630071531e-08,-1.931631024160775590e-07
-8.144052247323166128e-07,-7.254517988459238593e-06
-2.503578214683946715e-07,-5.377400171194242709e-06
7.625480295976913034e-06,-6.227386788484426416e-05
7.035478880540454731e-06,-2.225675043826791491e-05
6.692588005492224073e-06,-2.884922832320570724e-05
-7.477108030389895794e-08,-1.884726349299357597e-07
-8.562093784786264841e-08,-2.116913215324642461e-07
2.428458343385948339e-06,-1.118817121041742064e-04
5.676414434629552192e-06,-4.842307090907878000e-05
1.139517121306133561e-05,-9.277701036826264112e-05
1.622435375579098922e-07,-1.614625851468358520e-05
9.971809182537275148e-06,-7.113439581627766287e-05
1.554600054314599953e-05,-3.644065499196775783e-05
-2.845142479100415879e-06,-4.886940869173792188e-06
-6.676031025834295165e-07,-1.582196771930540852e-05
2.955680955422645278e-06,-1.726270544828292444e-05
6.810417430804655851e-06,-2.407058984623226003e-05
7.468977733980365241e-07,-1.633150353944329264e-05
-1.188751571821047303e-05,-3.624614458840829496e-05
-2.033564454772167004e-06,-1.545731658684386254e-05
7.310699384309833256e-06,-2.522271767672683738e-05
-1.650324089268434515e-07,-2.197981451117055839e-06
-2.781498951617834804e-07,-2.843301955275237375e-06
7.756055119316796131e-07,-1.220467721550844492e-06
-2.201523771466636913e-07,-5.372330403448610319e-06
4.408283355293699753e-07,-3.829635947649385215e-06
-6.730018019895376905e-07,-1.048595662957125571e-06
2.054835324511067690e-05,-6.765969665552750648e-05
6.218052093486386209e-06,-3.911132229368203655e-05
7.087859213105890658e-06,-5.826076413557140213e-05
8.608059113592069281e-06,-4.704971636145531311e-05
4.589133151646073859e-07,-9.364521787117097035e-07
6.329721935690034744e-06,-2.968250420757387044e-05
7.656667678256628707e-06,-5.740346881366482223e-05
3.190141428826412879e-06,-1.040174647972508080e-04
2.663418445734452826e-07,-1.158690456325358441e-05
5.841961478945293378e-06,-6.223471538460626353e-05
1.078519507395548356e-06,-1.127381506367827144e-04
-1.056276698375815303e-06,-8.234888968407163157e-06
-2.248843884452423504e-06,-1.134887381320710852e-05
-1.784072916164272303e-06,-9.222186847661009921e-06
-8.980502744159361237e-07,-6.646924139631060984e-06
6.163397306185755499e-06,-4.232067831162140471e-05
-1.119021394923132371e-07,-1.458144711601241293e-06
-1.679241038627718701e-07,-1.825711954896910802e-06
1.179819802195844604e-05,-2.562849594927322567e-05
7.787999609583970322e-06,-2.869539278294782480e-05
1.312928784730014473e-06,-1.624361469349215541e-05
-5.925215392640338665e-07,-1.243415549025038845e-05
4.973887972649997758e-06,-2.028934639685057358e-05
3.244373128072318560e-06,-4.144636097556585414e-05
1.922263477959980313e-06,-2.586909515821242126e-05
