Size 979,2
0.000000000000000000e+00,0.000000000000000000e+00
0.000000000000000000e+00,0.000000000000000000e+00
0.000000000000000000e+00,0.000000000000000000e+00
0.000000000000000000e+00,0.000000000000000000e+00
0.000000000000000000e+00,0.000000000000000000e+00
0.000000000000000000e+00,0.000000000000000000e+00
0.000000000000000000e+00,0.000000000000000000e+00
0.000000000000000000e+00,0.000000000000000000e+00
0.000000000000000000e+00,0.000000000000000000e+00
0.000000000000000000e+00,0.000000000000000000e+00
0.000000000000000000e+00,0.000000000000000000e+00
-1.158393117060618882e-06,-1.556050863145622465e-05
-1.376647595906451508e-06,-1.538422345915978312e-05
0.000000000000000000e+00,0.000000000000000000e+00
0.000000000000000000e+00,0.000000000000000000e+00
0.000000000000000000e+00,-1.123119468907609659e-04
0.000000000000000000e+00,-1.135314141866980626e-04
-1.133908747950796311e-06,-1.070431705854119644e-04
-1.910211101392634113e-05,-7.726291107478486274e-05
0.000000000000000000e+00,0.000000000000000000e+00
-1.650742534369250729e-06,-8.411156743784331687e-06
-5.323360086305438583e-07,-1.095477931861727046e-05
-3.113264096075956093e-06,-1.366494204926934524e-05
-3.176171331275268399e-06,-1.686400744539301612e-05
-1.243536373210536976e-06,-1.235962737085594223e-05
-1.985011882571974836e-06,-1.547136544095397488e-05
7.897316574287246612e-07,-1.938239263841789461e-05
-1.599014213012399986e-06,-2.249297118905361044e-05
-2.087559301363743257e-06,-6.983871336764555182e-06
-2.082923879921835176e-06,-1.492204047508906043e-05
-1.311598769702360302e-06,-1.585409643212767512e-05
8.530269231332666229e-07,-5.233839386192696560e-05
2.239926905420484959e-06,-7.841930457647914229e-06
8.601575641599956814e-06,-5.614214953055938795e-05
-3.774525080028280687e-06,-8.996443165355668019e-06
8.877791108347032236e-06,-3.430244579787026919e-05
-1.056945748698599244e-05,-3.545233229977793005e-05
-3.705776008743612294e-06,-6.652237086900542561e-05
9.559103859003957135e-07,-1.246333405932188242e-05
1.092166588948450899e-05,-6.786631612299013413e-05
-1.213013699172583921e-06,-1.031507918517583040e-04
-3.350992593599885145e-06,-6.880544081196390588e-05
-1.720537565888990896e-05,-9.353823887086981875e-05
1.069525966506905396e-05,-7.615050946928268705e-05
9.210281997164036780e-06,-3.629564535313894720e-05
2.152604362014378265e-06,-5.576341764111663089e-05
-1.048554933894685986e-05,-4.273334720203446953e-05
7.701989635295572890e-06,-6.275439231385986766e-05
-5.063729444278483240e-06,-1.073581265168521749e-05
-8.053904342845037294e-06,-1.847601977906566757e-05
-1.041898684091447055e-05,-2.790890935867093564e-05
-1.192474544261605959e-05,-3.855902826053187577e-05
-1.261068618847353260e-05,-4.973437807998444288e-05
-1.258261372552044261e-05,-6.050036844504653338e-05
-1.246678047077406222e-05,-7.063654850236060262e-05
-1.261134238057677254e-05,-8.064013427482053800e-05
-1.263765746039320836e-05,-9.100650354993620713e-05
-1.172811760373852210e-05,-1.015269539149884120e-04
-9.956696893133443641e-06,-1.108176444885448816e-04
-7.495479336424045090e-06,-1.182208535482714127e-04
-4.469872977923918858e-06,-1.231934150723844063e-04
-1.014410559114290425e-06,-1.253428556360472511e-04
2.719286178866717568e-06,-1.243784569201881215e-04
6.598896879724838965e-06,-1.201190970738339088e-04
1.049397574823278280e-05,-1.125092882721449140e-04
1.429439481070275392e-05,-1.015720329664201847e-04
1.783896889141368467e-05,-8.718702988293555332e-05
2.067310315856690743e-05,-6.923031084097211571e-05
2.131176747256485280e-05,-4.849882868388896077e-05
1.817743075456794595e-05,-2.753489282731563404e-05
1.060368905969374712e-05,-1.067714369830904138e-05
0.000000000000000000e+00,0.000000000000000000e+00
0.000000000000000000e+00,0.000000000000000000e+00
0.000000000000000000e+00,0.000000000000000000e+00
0.000000000000000000e+00,0.000000000000000000e+00
0.000000000000000000e+00,0.000000000000000000e+00
0.000000000000000000e+00,0.000000000000000000e+00
0.000000000000000000e+00,0.000000000000000000e+00
0.000000000000000000e+00,0.000000000000000000e+00
0.000000000000000000e+00,0.000000000000000000e+00
0.000000000000000000e+00,0.000000000000000000e+00
0.000000000000000000e+00,0.000000000000000000e+00
0.000000000000000000e+00,0.000000000000000000e+00
0.000000000000000000e+00,0.000000000000000000e+00
0.000000000000000000e+00,0.000000000000000000e+00
0.000000000000000000e+00,0.000000000000000000e+00
0.000000000000000000e+00,0.000000000000000000e+00
0.000000000000000000e+00,0.000000000000000000e+00
0.000000000000000000e+00,0.000000000000000000e+00
0.000000000000000000e+00,0.000000000000000000e+00
0.000000000000000000e+00,0.000000000000000000e+00
-4.254767148799316358e-06,-8.654067432923571152e-06
-6.691801658299032184e-06,-1.569267290526520854e-05
-8.398096535794345735e-06,-2.408904255971155257e-05
-9.261569469314862133e-06,-3.321590872541152852e-05
-9.360070960495609220e-06,-4.241614240598979348e-05
-8.815439748511320011e-06,-5.094732623561240277e-05
-8.025044884311975795e-06,-5.853330147891976049e-05
-7.164429586125087210e-06,-6.525846318561211612e-05
-6.088408920437742579e-06,-7.116822059531007860e-05
-4.526277398300874296e-06,-7.599492338401430205e-05
-2.621298106945776566e-06,-7.909773707614810051e-05
-5.268451357436741923e-07,-8.027187761220200399e-05
1.628191883464092976e-06,-7.938974544834733220e-05
3.701364053850646585e-06,-7.647800881209486140e-05
5.538559321753269719e-06,-7.166664631902065665e-05
6.995583023514725325e-06,-6.520481804362542782e-05
7.920320244111655417e-06,-5.747774865741605503e-05
8.134721251597128077e-06,-4.925441070956622326e-05
7.946453160222017060e-06,-4.103916227571897647e-05
7.621879125685492975e-06,-3.289950923048254756e-05
7.019653764430964742e-06,-2.472300561992908294e-05
5.668526345643271740e-06,-1.675440006134223451e-05
3.549044368679969500e-06,-9.650666354443760046e-06
0.000000000000000000e+00,0.000000000000000000e+00
0.000000000000000000e+00,0.000000000000000000e+00
0.000000000000000000e+00,0.000000000000000000e+00
0.000000000000000000e+00,0.000000000000000000e+00
0.000000000000000000e+00,0.000000000000000000e+00
0.000000000000000000e+00,0.000000000000000000e+00
0.000000000000000000e+00,0.000000000000000000e+00
0.000000000000000000e+00,0.000000000000000000e+00
0.000000000000000000e+00,0.000000000000000000e+00
0.000000000000000000e+00,0.000000000000000000e+00
0.000000000000000000e+00,0.000000000000000000e+00
0.000000000000000000e+00,0.000000000000000000e+00
0.000000000000000000e+00,0.000000000000000000e+00
0.000000000000000000e+00,0.000000000000000000e+00
0.000000000000000000e+00,0.000000000000000000e+00
0.000000000000000000e+00,0.000000000000000000e+00
0.000000000000000000e+00,0.000000000000000000e+00
0.000000000000000000e+00,0.000000000000000000e+00
0.000000000000000000e+00,0.000000000000000000e+00
0.000000000000000000e+00,0.000000000000000000e+00
-2.187956066310516067e-06,-2.233233520733245192e-06
-3.243692230575456760e-06,-5.204604546807432758e-06
-3.582304279076430695e-06,-8.519819050007996423e-06
-3.344056667155254285e-06,-1.157159715850451268e-05
-2.662685203489969324e-06,-1.394184173537357071e-05
-1.676340001337436848e-06,-1.527598423545085322e-05
-6.174238169484366658e-07,-1.543378279523317451e-05
3.832853845271354143e-07,-1.443738116464861030e-05
1.132911456053952649e-06,-1.239588242597788711e-05
1.411659646226244739e-06,-9.598992790855352734e-06
1.203260444549770399e-06,-6.348568038597331843e-06
0.000000000000000000e+00,0.000000000000000000e+00
0.000000000000000000e+00,0.000000000000000000e+00
2.413845067408469335e-07,-1.487779726442762661e-05
1.414107487275861364e-06,-1.323607694531166568e-05
2.270767100324998084e-06,-1.078684276345850826e-05
2.686640700555899756e-06,-7.815462386514556949e-06
2.570527586109883157e-06,-4.723506553428656394e-06
1.788968100409565048e-06,-1.998082810735473293e-06
-1.451152182853276157e-06,-1.563336301877776217e-05
-1.824384802675662073e-06,-1.576894268704711818e-05
-2.100120620341367685e-06,-1.580277379299110683e-05
-2.223585481496746217e-06,-1.573170762655943562e-05
-2.124779784011113399e-06,-1.560796989549201270e-05
-1.918012775968158197e-06,-1.371547598172552885e-05
-2.390816611148539356e-06,-1.103485154959440824e-05
-2.574305277510008326e-06,-7.008142838749171463e-06
-1.966825113129468031e-06,-2.725618497829750800e-06
0.000000000000000000e+00,0.000000000000000000e+00
0.000000000000000000e+00,0.000000000000000000e+00
1.971502811383920884e-06,-1.119374016542817700e-04
3.800430882433869408e-06,-1.110200378494549249e-04
5.465355361720420552e-06,-1.096251687560328378e-04
6.907594015807324614e-06,-1.079095099559773343e-04
8.181701088638414321e-06,-1.060415885495660538e-04
9.376225677708836960e-06,-1.040708301325550067e-04
1.066278771125401989e-05,-1.020695097909027306e-04
1.205043298488781850e-05,-9.987666273880842997e-05
1.354988883512354136e-05,-9.737928120459302171e-05
1.512420107884950529e-05,-9.449688523983480282e-05
1.669998137021897597e-05,-9.118513210071536466e-05
1.819523230984758529e-05,-8.745865459933196257e-05
1.952318540572545662e-05,-8.337594484877111590e-05
2.072023249755722897e-05,-7.897990789721047260e-05
2.168623161148856563e-05,-7.438946143853861974e-05
2.245112400701876053e-05,-6.962313653838165552e-05
2.298371462552796312e-05,-6.468549197073576458e-05
2.323950102407406490e-05,-5.974800326475801607e-05
2.315287511221840257e-05,-5.476454371415152118e-05
2.278919076200662254e-05,-4.987679720522048590e-05
2.206935577820231750e-05,-4.524638640526790369e-05
2.101196102087472521e-05,-4.092582765210187469e-05
1.968830372556193171e-05,-3.705139435532129466e-05
1.814127873119721244e-05,-3.365901718886154436e-05
1.647801825394292350e-05,-3.081013379329234080e-05
1.472812507527364339e-05,-2.850619450894580282e-05
1.289661156016623012e-05,-2.674207608328029327e-05
1.108141629428896733e-05,-2.550910042747937090e-05
9.188006623547426325e-06,-2.481640540638747737e-05
7.398655007863387398e-06,-2.469301094803895595e-05
5.575126423187261219e-06,-2.519003382415726532e-05
3.929293049359055040e-06,-2.627954626017582309e-05
2.400672213006203719e-06,-2.801943201955514707e-05
1.110378126509402490e-06,-3.034313888556584637e-05
1.094012872809271692e-07,-3.309417174801764145e-05
-7.477687873703704754e-07,-3.628147585197416455e-05
-1.391845212388524757e-06,-3.998162787072915208e-05
-1.676702004875135002e-06,-4.412784565026686598e-05
-1.528453486852396252e-06,-4.860404346434576067e-05
-8.281242349718872841e-07,-5.305748122669003125e-05
3.629586734047395725e-07,-5.703883586471813040e-05
2.060714357808567391e-06,-6.011327843133324508e-05
3.912408774426480108e-06,-6.191364043988351409e-05
6.110502014265567788e-06,-6.233763775837602680e-05
8.144734249866536903e-06,-6.139996569079852573e-05
9.919618030885021782e-06,-5.921302034604197334e-05
1.138360980714771434e-05,-5.613608510814307323e-05
1.255833408198052869e-05,-5.233125183788719118e-05
1.334809279919343773e-05,-4.796230880362614257e-05
1.362189006713811173e-05,-4.324210447657721428e-05
1.332978092451593252e-05,-3.860019895911716954e-05
1.265352839682587422e-05,-3.438770974192624231e-05
1.164176935167841279e-05,-3.065837556587624671e-05
1.049742447649998483e-05,-2.753660928786442618e-05
9.257144469537337492e-06,-2.495209109642081637e-05
8.001542857839125361e-06,-2.288448932893093438e-05
6.839094651343663774e-06,-2.123794361844536486e-05
5.751841406676950629e-06,-1.995324211815133040e-05
4.778140703265387273e-06,-1.897618378819058808e-05
3.923313745953739170e-06,-1.825468647562822577e-05
3.184540830994465649e-06,-1.773440134946360200e-05
2.577279061796280469e-06,-1.736645297677519203e-05
2.122107999977121838e-06,-1.712834182867832482e-05
1.828274343497199582e-06,-1.692872432477765158e-05
1.716867856684695588e-06,-1.670606003264096326e-05
1.807475159111838046e-06,-1.636126843863972292e-05
2.077401557980429457e-06,-1.577931959740328308e-05
2.503744194300065940e-06,-1.477745147856605765e-05
2.990408445690924165e-06,-1.325365460735975101e-05
3.403090927219093426e-06,-1.111034405773206114e-05
3.575144199014146941e-06,-8.360836257748822207e-06
3.263901867024025977e-06,-5.319271765011643323e-06
2.241845323825314654e-06,-2.409056606280796369e-06
0.000000000000000000e+00,-1.127314890291580992e-04
0.000000000000000000e+00,-1.131977585966528413e-04
-5.088672953976447633e-07,-1.128469031742391566e-04
-9.751101613112584589e-07,-1.108990899333404343e-04
-2.540018664336441673e-05,-8.508896190550383962e-05
-2.649919049895918218e-05,-9.301371852425642235e-05
-2.093230173799594997e-05,-9.782458910494602191e-05
-1.384153479465065700e-05,-1.018403715490951209e-04
-6.441771366774674724e-06,-1.050761771087191376e-04
-9.762252537838674209e-06,-8.806337358406042250e-06
-1.628604051340863359e-05,-2.143801781345524687e-05
-1.997053023781676163e-05,-3.816617466475740941e-05
-2.102791970329707127e-05,-5.680740748891535224e-05
0.000000000000000000e+00,0.000000000000000000e+00
-6.141185834609502917e-07,-6.190026063334881484e-06
-1.094760126322514436e-06,-8.924232035031560756e-06
-3.245360367650474081e-06,-6.436079696751057471e-06
-3.917033633855568783e-06,-8.382198336289595352e-06
-3.820624161783530227e-06,-1.091879941718941718e-05
-3.181905054125317566e-06,-1.317078213335305397e-05
-2.913959264480343072e-06,-1.010714947517700720e-05
-3.680859415929868576e-06,-1.245416742490135540e-05
-3.166027512185219539e-06,-1.389712918905019708e-05
-2.487937920020488299e-06,-1.485832100438327231e-05
-1.804854039091638912e-06,-1.544165943080542871e-05
-1.356223477281152222e-06,-1.576853472688610728e-05
-1.890278048445788275e-06,-1.525975875397204715e-05
-2.159647013781224214e-06,-1.566452171277598181e-05
-2.119808301454812599e-06,-1.590110309236319406e-05
-1.935007702961985790e-06,-1.601292165955893622e-05
-1.651963683853565368e-06,-1.599809536743564345e-05
-1.201155913195679740e-06,-4.509206088733089078e-05
-2.362643729949646925e-06,-3.894283026884782850e-05
-2.970101243715150880e-06,-3.345342366530415295e-05
-3.294150792168719177e-06,-2.868828259829019436e-05
-3.198326347428551141e-06,-2.424324806622293305e-05
-2.804823364751071174e-06,-1.990057705710977779e-05
-1.161746668150434448e-06,-1.573934179410539801e-05
4.244753468355813318e-07,-1.152545588570498380e-05
-7.330783559539890802e-08,-5.494226774333941832e-05
1.526151314860642324e-06,-5.689803013384703344e-05
4.579173294189469444e-06,-5.824748011195041972e-05
8.056921143681856475e-06,-5.903435408574609321e-05
1.082419568116284416e-05,-5.922440458727522283e-05
1.111621899469906185e-05,-5.798994730390468155e-05
9.961045059418078607e-06,-4.811416765033704057e-05
1.072377236974342448e-05,-3.964871138825734023e-05
1.085795649200527214e-05,-3.089215983203724193e-05
1.026042314344959899e-05,-2.231626212947632247e-05
8.714518411949109030e-06,-1.470996280501308692e-05
5.906413472436845022e-06,-8.815803691195479418e-06
-2.601750135185213363e-06,-1.266011465771106578e-05
-9.640700661417050692e-07,-1.611084483393781993e-05
1.918259359184537116e-06,-1.901118607580188331e-05
4.406748502052286982e-06,-2.193594187305812602e-05
6.766433705623301795e-06,-2.494987250325530809e-05
8.482872873941498174e-06,-2.879124400932674087e-05
-6.776628401413077272e-06,-9.422779603033697125e-06
-9.104582201694145360e-06,-1.403764431667649419e-05
-1.037609388570910148e-05,-2.050856856311964428e-05
-1.083582041631461009e-05,-2.765636022552040016e-05
-1.292178994333527442e-05,-3.831064627400061447e-05
-1.045815076566046643e-05,-4.015708042405589207e-05
-4.726483611529124890e-06,-4.010858011652240193e-05
1.715039873472072001e-06,-3.912957238401982429e-05
6.859548992371223181e-06,-3.720654633239032740e-05
-5.085116542731678811e-06,-5.752448584341106845e-05
-5.107214532136322944e-06,-4.992393042595184946e-05
-4.665483055651106282e-06,-4.277645979378870758e-05
-3.766536891529829645e-06,-3.558163027125435995e-05
-2.621482754330470887e-06,-2.802162270804677330e-05
-1.610651234496281914e-06,-2.001637686061414275e-05
1.381773061831356754e-07,-7.039470366718409528e-05
7.049774692667187447e-06,-7.228540538253657019e-05
1.198973055262963816e-05,-7.151928057599129130e-05
1.204703117335367641e-05,-5.694361101663412603e-05
1.244644159125608745e-05,-4.629184493526994473e-05
1.216097411384280342e-05,-3.576221613150697268e-05
1.109629426404159727e-05,-2.581061701254680395e-05
8.966442044939628765e-06,-1.733254256475066801e-05
5.374790096799041171e-06,-1.124294089384212224e-05
-4.289689631319039470e-07,-1.032072171493043867e-04
-5.462216034829203450e-07,-1.009048522127332383e-04
-1.030288135858587066e-06,-9.752480938660040919e-05
-1.715751143801718655e-06,-9.316275291990578418e-05
-2.415844818246935905e-06,-8.803582169186784708e-05
-3.063424023773854145e-06,-8.218862439343844898e-05
-3.465907906533026629e-06,-7.579864659159975585e-05
-7.937471922182368127e-06,-9.897929544826546426e-05
-1.534490743711006686e-05,-9.544930554251897985e-05
-2.234770531905952678e-05,-9.247214795485955068e-05
-2.717760686814111185e-05,-9.027154395370678812e-05
-2.675835473767377228e-05,-9.120777293354169729e-05
1.160869110601228711e-05,-7.046905242207451316e-05
5.605050828157752957e-06,-6.745744815797446385e-05
-1.650586409254762373e-06,-6.701291450279455114e-05
-1.375230176729648586e-05,-1.061471045527250374e-04
-1.008650334185146468e-05,-1.156810874321605843e-04
-6.367212865511304001e-06,-1.219863735536188854e-04
-2.699533062251541280e-06,-1.250641312452114564e-04
7.651897173838224622e-07,-1.250223080724803375e-04
3.963995291537415767e-06,-1.220559646155958919e-04
6.748667232452410466e-06,-1.164462547036440837e-04
8.901095402220503264e-06,-1.086390133353723312e-04
1.040192285366712070e-05,-9.914219524147447065e-05
1.107991834876082157e-05,-8.844936958856058158e-05
9.668615898708404915e-06,-4.216676698310762255e-05
9.396616517207009395e-06,-4.838016278287503037e-05
8.683630857341229534e-06,-5.454827641377923546e-05
7.604785273650145920e-06,-5.961805725048417660e-05
6.392885125487845619e-06,-6.252557423326100036e-05
5.112502365376817611e-06,-6.259624558687343712e-05
3.684596990575663641e-06,-6.022655677387872650e-05
8.613578672132181743e-06,-3.481205121031268117e-05
4.217310147008062814e-06,-3.427123837663014600e-05
-2.556717188840740026e-06,-3.463799442334226231e-05
-9.456860670612009985e-06,-3.584146103170848081e-05
-1.282080484490949350e-05,-3.876986928339343756e-05
1.112755116013251137e-05,-5.984904182024856055e-05
1.055222463821497799e-05,-5.746238180080917547e-05
7.270192451574662843e-06,-5.628156608825882087e-05
3.615813799702392271e-06,-5.547228854443404670e-05
6.373737817600749567e-07,-5.507379507017172026e-05
-4.634604255293375723e-07,-5.512955364266493698e-05
-1.044519527336533258e-05,-5.212748331794017837e-05
-9.619390602577880783e-06,-6.034660857698953079e-05
-8.246404972328661676e-06,-6.753393742837544953e-05
-6.438042861409972806e-06,-7.335633237754471099e-05
-4.332286505052016794e-06,-7.750898773092567274e-05
-2.018810931283996594e-06,-7.978546703490044093e-05
3.683684363346531885e-07,-8.006900323947576726e-05
2.618589127185965509e-06,-7.840180488410955430e-05
4.701548815582793766e-06,-7.491239043775552154e-05
6.424300480490945056e-06,-6.976666611489339652e-05
1.627153237576875461e-05,-3.492034784394783671e-05
2.981892698260908351e-06,-1.776332899619453422e-05
8.149563586076842529e-06,-2.418954581845430548e-05
6.154161423677927708e-06,-2.185788157898344619e-05
1.232303524979875702e-05,-2.711114562034594290e-05
1.892844510588436628e-05,-4.725795996321894047e-05
-1.335645284869606287e-06,-3.661296968294151512e-05
-4.117318177826675175e-07,-3.268680683394595441e-06
-2.016605093637982295e-07,-2.393678154741107459e-06
1.905996378481146134e-05,-6.287064220301583593e-05
-1.762126080296681533e-06,-1.532453564522544121e-05
5.918366905846280430e-06,-2.260957230894274962e-05
-2.488916344538359320e-06,-2.455621695725015597e-05
-2.640209563811416276e-06,-1.646754115442933589e-05
-6.179398317692042866e-08,-3.811620796880141040e-06
3.281086540143770796e-08,-2.589798160163046919e-06
-6.945203720806006650e-07,-5.100247743498467843e-05
1.605047944359314495e-06,-2.217601556578717353e-05
1.742361850215639100e-05,-7.758209086638882552e-05
1.636217815830094655e-06,-1.693325351595114704e-05
7.940487128289761009e-06,-2.831337694704469556e-05
4.385771529559502489e-06,-2.676784034810635770e-05
1.731280572377397633e-07,-2.212295103187357442e-06
1.301138138571751142e-07,-1.636460285203289342e-06
1.065782436994247618e-07,-8.741229529604595092e-07
7.868467736166981945e-08,-7.176238536858922781e-07
3.142601574307201547e-08,-6.591687109534864189e-05
4.312146521988173475e-06,-1.918120419049257295e-05
1.511625070031184779e-05,-8.569403660600877508e-05
1.316802920860504922e-05,-9.333395281851265661e-05
1.036513429145304072e-05,-9.908654977528236663e-05
-1.317828567811753845e-07,-1.366502413598440138e-06
-2.140922982295571830e-07,-1.799603550416578064e-06
-8.517249964983078654e-08,-5.983812885023226743e-07
-1.099586914004726011e-07,-7.112629061546565538e-07
6.907121639795638107e-06,-1.050698215379635054e-04
1.306903849026399710e-06,-1.655245577819594309e-05
3.251499096979697598e-06,-3.153557607134539314e-05
4.877109201573732779e-06,-1.091079058205467146e-04
8.842211982674035223e-06,-3.654084275791224943e-05
1.299292964660314157e-06,-7.767988201539674032e-05
-9.268318417684072756e-07,-1.598266329167766979e-05
7.404407001155399292e-06,-2.874878596302384731e-05
-2.273062347596056334e-07,-3.351474518438524489e-05
2.414883881625324858e-06,-9.003509218014955516e-05
-3.993894765461926623e-07,-5.266588711739593516e-06
-4.745802888907267624e-07,-5.698828172827847323e-06
-4.760842388197277084e-07,-4.494412313870539589e-06
-5.894862145999389284e-07,-6.065548862411940282e-06
-4.341078254512785201e-07,-4.915109736623176876e-06
-4.250675839547925328e-08,-3.923198852523532056e-06
-9.737072429550504297e-08,-4.103535238896746900e-06
-2.053601565682660306e-07,-3.247371354938330058e-06
-1.959375167436951744e-07,-4.304172246945274081e-06
-1.842272623071851771e-07,-3.537158709782020018e-06
1.163919676219048648e-06,-1.059266557014538015e-04
4.466023212399000669e-09,-4.939056534337299052e-07
5.477796305537258591e-09,-5.730499483972835286e-07
2.107341634625763980e-06,-9.910037677704624528e-05
-4.401729762737264782e-07,-4.036635606330440486e-06
-1.118489793942308585e-06,-6.182721581108311316e-06
9.976025109106734828e-06,-4.563825707236835588e-05
1.974398418308256971e-06,-3.740294940100495489e-05
1.297466749628697126e-06,-1.547736205510238122e-05
-3.847504593987402023e-07,-4.532010842106212980e-06
-9.352651005199788054e-07,-6.717854320279266742e-06
6.699612086630642068e-07,-1.119936837881114566e-04
-2.478697925722060089e-07,-5.062370844434863881e-06
-7.989204956747310987e-07,-7.228882836965908450e-06
-1.502540406706637286e-06,-8.879556698961467857e-06
-4.088135327434074859e-07,-5.898150375596614222e-06
-3.864043135583326272e-08,-3.446508186787864096e-06
-2.067401865438522707e-07,-4.958624825951328115e-06
8.987783144793755845e-06,-5.454372242186107759e-05
-3.847907008335705464e-06,-7.282908681932957469e-06
-2.197726164086080340e-06,-5.502272831080781580e-06
2.265236606497160850e-06,-1.119188073314201354e-04
8.807449396986687275e-08,-3.859474255445549553e-07
1.066645085855595786e-07,-4.461216482433505769e-07
-4.433536736328647353e-06,-1.314659879746274450e-05
-1.641906824131244033e-06,-1.429417616047496462e-05
-4.993465604265217749e-06,-3.147170382576159226e-05
-6.777294388901039632e-06,-6.682720556999497536e-05
-1.181476073277886851e-07,-1.066000801326982971e-06
2.025528533888195657e-07,-1.384845988485562717e-06
-4.945733898152486969e-06,-1.685654007217776424e-05
-2.298491168699040024e-06,-9.671173639991512656e-06
1.776491274204802571e-06,-4.704098383733256930e-05
1.445188419398489371e-06,-1.246071993723945683e-05
2.509504097395115675e-06,-8.659899930127530385e-06
2.730943469314908644e-06,-6.197898974155354600e-06
5.467287602897371976e-06,-3.723559327941339486e-05
5.350519664204883323e-07,-5.961120704420263144e-06
3.936896111599653934e-06,-1.987760289757096107e-05
4.033161864449701998e-06,-1.709077710954246424e-05
4.257879192442452995e-06,-3.489569711108960137e-05
1.935807826017684112e-07,-1.212720655822341593e-05
4.369215702946195965e-06,-4.045845692461798575e-05
-7.819956813291024664e-07,-1.556161349667024960e-05
3.245401446156027533e-06,-5.230661163863177478e-05
3.418472001490491306e-06,-6.231412356942652819e-05
2.379640400635496700e-06,-6.616847189905193324e-05
3.027612385619886623e-06,-8.163371787597979397e-05
4.041987468316373025e-06,-4.545989742553460081e-05
2.836365629290075968e-06,-1.034613702828127846e-04
1.196991337417789849e-06,-7.689576372845001722e-05
-5.147031003120849510e-06,-1.004946230162857276e-04
1.382873261501908544e-06,-1.197739482437029527e-04
-5.382901119943543341e-07,-8.057142767006633764e-05
-7.273452620359073974e-07,-1.260029493995234117e-04
-2.003950706977286618e-06,-7.601771646055753551e-05
-2.789938477459360249e-06,-1.198604001024585912e-04
-3.192763484308911906e-06,-6.431661891262351548e-05
-3.915790617706688066e-06,-4.763075306585042452e-05
-2.082613654102443294e-07,-2.590409173850810645e-06
-1.358770988531458032e-07,-2.867980838595685719e-06
-5.806276505901159733e-08,-3.371391242651555340e-06
-2.801886869672684677e-08,-2.694545259725907400e-06
-3.964500873152789816e-07,-3.541821486499377093e-06
-2.748188164258085067e-07,-3.900111463622060905e-06
-1.937780226847665844e-07,-4.664347508098080837e-06
-8.861515125344855814e-08,-3.626574977284272625e-06
7.390666870629705170e-06,-6.088897445371368083e-05
2.617044075697548148e-06,-5.487990160711552591e-05
6.953291976333448598e-06,-3.753422313809716865e-05
-6.556018175611645630e-07,-1.524822471410493430e-05
1.432048201674052780e-06,-6.991140264522356978e-06
-6.764304051178014938e-07,-1.593010532220593805e-05
-6.946839781205033556e-07,-6.454009113425634776e-06
-2.656732290821699081e-07,-4.474487460273649172e-06
7.366938593678817559e-06,-3.407598188508996652e-05
6.162227628814157807e-06,-2.955244517755678614e-05
-1.559095285960233157e-06,-2.988770846556496489e-05
6.225916822730865773e-07,-3.188354831580266684e-05
1.593379859182373773e-06,-3.730478711026900568e-05
3.391552697921583806e-06,-3.330293164770547533e-05
4.730673884480357469e-06,-3.805288994669182102e-05
6.328075677076660073e-06,-3.441357374311227553e-05
4.873861715657107166e-06,-3.019371407601566427e-05
7.652346766959223319e-06,-3.118808769470083936e-05
6.183297641615456647e-06,-2.778764485829507199e-05
7.954096880310150761e-06,-3.918701799935266213e-05
5.899790197454674314e-06,-4.352447376568790700e-05
9.600317067407715480e-06,-4.417569038690241455e-05
7.947853386253370274e-06,-4.906311494552717794e-05
8.651621832089977654e-06,-2.856098195904025535e-05
7.212339356217183908e-06,-2.592222082756675655e-05
1.119690734405150877e-05,-3.993474139997139156e-05
1.155185212678112242e-05,-4.933721125734154793e-05
9.564215859436526776e-06,-5.441386296780125853e-05
6.134971949761204283e-06,-5.394949352365111954e-05
7.269648434426374330e-06,-5.986232010535332015e-05
1.342052795651503908e-05,-5.445557498228467772e-05
3.825295560429521536e-06,-2.691419079528171418e-05
1.041759649971903283e-05,-3.206848980713494047e-05
9.234217642447512786e-06,-2.660005108075080753e-05
7.854144674053961040e-06,-2.458908401090650566e-05
6.187150598796252022e-06,-2.401482295339673050e-05
6.920402426369723914e-06,-2.328609761380244115e-05
5.584199609121897782e-06,-2.270701226049746883e-05
6.411211973726817628e-06,-2.259300522720119822e-05
7.223803325665683482e-06,-2.316286486933390813e-05
6.826691856507519592e-06,-2.312758653466807769e-05
7.030729667128981540e-06,-2.364836436551157300e-05
5.325584332340064046e-06,-2.188353084589344079e-05
6.751170719764365102e-06,-2.426632813561999526e-05
9.465825134225499629e-06,-2.514685707152884627e-05
6.795897638290491353e-06,-2.373774746418203413e-05
6.393732127535002578e-06,-2.470596608407775812e-05
4.914163946164687530e-06,-5.145477760946782337e-05
4.820147264680490336e-06,-6.192305204797610076e-05
-2.124887976977354241e-06,-6.976637648940859237e-06
-1.110535503087035742e-06,-5.323209329883793734e-06
-3.011691718346401035e-06,-2.114674951923846356e-05
-2.033591706448266441e-06,-2.164204039556135388e-05
-8.792158196567288719e-07,-2.425955250575619944e-05
-4.045728759155998695e-07,-2.169588163585227318e-05
1.169617692635282763e-06,-2.379193207675060661e-05
1.459290323484667270e-06,-2.148413624335509498e-05
-3.118139719941395972e-08,-1.984544699137517511e-05
1.592399912778051527e-06,-1.975720521434904786e-05
2.565848011632558965e-07,-1.852708225481042951e-05
1.605890412281147283e-06,-1.853902596810257658e-05
3.993996270483894702e-07,-1.759391166803349400e-05
3.320569874153548234e-06,-2.338405174196337677e-05
3.129406214172128893e-06,-2.625860024213677154e-05
1.501564743981747456e-06,-1.770412290376226295e-05
4.178996840688486066e-07,-1.697727812748617746e-05
-5.445803310807854031e-07,-1.675348398565635526e-05
-4.890848280680590177e-07,-1.631246366869378099e-05
3.682524836573472106e-07,-1.662339883521092058e-05
-1.306765350758700554e-06,-1.591000041868563988e-05
-4.479791911122728892e-07,-1.615364513731723793e-05
2.913067260647919998e-07,-1.648000373305591229e-05
1.151459536653902103e-06,-1.686899445925888301e-05
-2.774576811309078861e-06,-1.932664254092676364e-05
-1.098260096163909153e-06,-1.846015749471170933e-05
2.926434023236676585e-06,-1.958740442456398146e-05
-1.766362068370036699e-06,-1.632578791959846302e-05
-2.215681918760408232e-06,-1.502032314257106992e-05
-1.260192519236447225e-06,-1.572265563839255197e-05
3.991491305870346615e-06,-2.068047912655507966e-05
-2.503846600767782975e-06,-1.461280706418257571e-05
-1.278664097229763856e-06,-1.543697777998027942e-05
2.036601891716497854e-06,-3.872862093447179438e-05
3.353297364344644482e-06,-3.321146206328098595e-05
5.806841971258587226e-06,-4.027270880766087047e-05
-4.253867557053620355e-07,-2.615050415498212051e-05
-7.092401159917733652e-06,-8.451217188132249542e-05
3.012253655204628616e-07,-1.601134338739968125e-05
1.387859017977604792e-07,-1.630502381238557971e-05
4.705168414168071933e-06,-3.463110745111441335e-05
-5.139930638902606018e-06,-3.860362544481245323e-05
6.253124588385916833e-06,-2.571490735139556793e-05
1.431995601758655477e-06,-2.948299666125833837e-05
-5.143581229055033388e-07,-6.200796969424750079e-06
-1.020148386518888103e-06,-9.121178285551879148e-06
9.962993328594633740e-07,-1.673829812157461505e-05
2.618592251518201056e-07,-1.646313376856087607e-05
1.755791381135587907e-06,-1.704596759151500514e-05
3.175667737854442478e-06,-5.960578799236759443e-05
3.831556370053858379e-06,-7.199115629271186825e-05
6.971538424072912302e-06,-2.410964343606698587e-05
-1.067181339105372796e-07,-2.219319456930096739e-06
8.487211269798179686e-09,-2.133151885472822283e-06
-5.575602296841971047e-08,-1.773719877713108416e-06
2.020969462160321689e-08,-1.691422821221932271e-06
-6.362759269458743292e-08,-1.395169123429793954e-06
9.599944746595764354e-09,-1.310381410470739293e-06
8.278431845766935570e-08,-1.633106729352600159e-06
-1.859070804531079376e-07,-2.931184293909281903e-06
-6.268516727656827997e-09,-2.782258158138477256e-06
-9.290489114984730045e-08,-2.271466697617778801e-06
2.132187325525647214e-08,-2.137691033522001697e-06
-9.285036875797303034e-08,-1.735966557533828649e-06
1.091213195048113150e-08,-1.606264584820090567e-06
1.114616047256643510e-07,-2.090974162629013071e-06
5.628781215904745056e-06,-2.553331529903228264e-05
4.261069947474082744e-06,-2.330947447279898492e-05
7.382048531142710416e-06,-2.565214514118014587e-05
3.668666532850962394e-07,-1.131560915644571464e-04
1.161866758272373774e-06,-1.125711329326838393e-04
2.282595663493002830e-06,-1.105451570191632893e-04
-1.279179969021975890e-06,-6.884356985298590788e-06
-6.152602705713011095e-07,-5.860581392698976352e-06
-2.164451481458915947e-06,-9.364920158013622376e-06
-1.331123381536597337e-06,-8.153585142241175535e-06
6.126530887545277079e-06,-4.240257358356476426e-05
-1.280521168505714651e-06,-2.832253512307952615e-05
-3.935713810517467018e-07,-1.369293952640941701e-05
-2.563431204684245721e-08,-1.142378873302705709e-05
1.153065700872654706e-05,-2.955624178253583238e-05
-1.089635801650446814e-07,-1.050260462466565511e-06
-1.601108653256981543e-07,-1.324685810854911816e-06
-6.467341456725797051e-08,-1.059696746018086107e-06
7.181304422584629065e-09,-9.495179842676208944e-07
-8.628523041394152906e-08,-1.281708835083063349e-06
8.768059206110914409e-09,-1.132269961013168323e-06
-4.486087348311199560e-07,-9.294484124082901783e-06
9.663479234393278826e-07,-6.051039634646529821e-06
8.091492258701241664e-06,-2.383957095021721256e-05
9.039686222038004069e-06,-2.432232787350763260e-05
7.779717729968646197e-06,-2.366729398298604540e-05
-2.852314021330624941e-07,-8.052829055785580971e-06
-8.159449507339721498e-07,-6.717021782069608158e-06
-1.797742031135972993e-06,-1.215580668665233697e-05
-1.999465111875168255e-06,-9.926952152828037452e-06
8.297859586251603657e-07,-7.120771348112869500e-05
5.147443244488471833e-06,-7.325368253262725695e-05
5.663390882158980906e-06,-7.923243571950880273e-05
9.331219622951892177e-06,-7.508865084170409504e-05
9.759256937758938827e-06,-8.050007436448703975e-05
9.032371874370861891e-06,-6.962640753379547469e-05
1.313880785085817968e-05,-7.111858156369197141e-05
1.241137176545601739e-05,-6.596926311814588770e-05
6.334863967921384182e-06,-8.441645312358246481e-05
1.026633392979313541e-05,-8.547712084409130680e-05
4.849337406735400621e-06,-6.656527233163751680e-05
2.847373387220463727e-08,-5.902504540942206352e-05
-3.358919602213688197e-07,-1.369344484826559576e-05
9.108775843233949941e-07,-1.667875750012998978e-05
3.124871909596230295e-06,-2.119024563333341487e-05
7.191889553974055941e-06,-8.940538796581935766e-05
5.089077410206096789e-06,-9.311277712082083151e-05
8.300173348694834730e-06,-9.278229961226225331e-05
5.779168897847324131e-06,-9.651285942867346434e-05
-5.085133019831220801e-07,-4.312868304065846180e-05
1.041407380202909897e-06,-1.092601950622129310e-04
2.818212681149166862e-06,-1.077163982881660894e-04
3.104169701447451887e-06,-1.052651452318049919e-04
1.380276398569517468e-05,-8.182840348299198871e-05
1.133922286471073490e-05,-8.936442214194503721e-05
5.737341967628613204e-06,-6.294491764320893671e-05
-8.672544343970996642e-08,-8.486825581803802866e-07
-7.000093668001269982e-08,-7.205523527068156281e-07
-9.324649196041636166e-08,-4.039746117431864244e-07
-1.129816776024962874e-07,-4.687000857149793979e-07
-1.731365185428545601e-06,-2.230802483613278470e-05
-8.403091291601073345e-07,-8.126289624484173425e-06
-3.895046670833169954e-07,-1.308504347816509819e-05
1.305315123015587029e-05,-4.465942563097563512e-05
1.465493781493683647e-05,-4.037145647260315535e-05
1.226444859820102395e-05,-3.602838200178196039e-05
9.276998745481878177e-06,-3.528979319170257321e-05
1.946125832284018186e-06,-1.022411669687155319e-04
4.878069273430052777e-06,-1.000919981623639893e-04
4.686946715787629805e-06,-1.025292824890188513e-04
8.309783377827438311e-06,-9.816481423124802179e-05
7.228043135412175086e-06,-1.008545050375195837e-04
6.642160303440470905e-06,-1.031167108818594884e-04
2.930875291721936360e-06,-1.858671640145791613e-05
2.755054665355566933e-06,-4.626083613458344660e-05
-5.004405396044741536e-07,-5.590431964626405630e-06
-1.276789338306496616e-06,-8.188496429437088587e-06
9.607919923447893561e-07,-1.037141349603836924e-04
-1.436974813479209708e-06,-1.048794177739721380e-05
-2.159892738863409462e-06,-2.951763013691848371e-05
-3.325979206749348197e-06,-3.410383962814048770e-05
1.637302858332671904e-05,-6.718406401058510738e-05
1.333009028834870948e-06,-1.716415422229463034e-05
-3.197812515097619578e-06,-1.769586335142068483e-05
1.398686138936426428e-06,-5.273682620896010152e-06
9.131104956988455630e-08,-1.214933969398768380e-06
6.984614662895104281e-08,-1.006781402214497247e-06
4.653513961042323410e-06,-1.065098580878128746e-04
-1.811301536012345280e-06,-7.438087213040938371e-05
-4.605191618321327301e-06,-9.732733015577558751e-05
5.332253728617501878e-06,-2.307928034088000337e-05
1.746561359031142699e-06,-8.374049406178422222e-05
-5.352319871602990435e-07,-1.610429366627700584e-05
8.916216712051650773e-08,-2.035625058302600499e-06
1.100787848044589933e-07,-2.692335478086844793e-06
1.174950599925294031e-05,-6.029209831903008015e-05
1.613286112575993303e-05,-5.897061108867262418e-05
1.775080481932635434e-05,-5.455779121069061281e-05
1.542024223628151106e-05,-4.984972768228108708e-05
3.257292810040952238e-07,-1.021361766584758008e-05
-6.732358135176815142e-07,-8.037458021449796132e-05
-3.201183335137225429e-06,-1.159551107855306891e-04
-3.981035286338243097e-06,-1.118874392270173275e-04
5.782500189622174348e-06,-5.743081566926957831e-05
-3.668737334641704357e-06,-5.648120071910038136e-05
3.028122738884699939e-07,-1.243898905786736640e-04
-1.743428671232700317e-06,-1.245378776730496654e-04
-1.360517248679214365e-06,-7.928405661788881205e-05
-2.659075586545607631e-06,-7.094479589516378365e-05
4.001949715069665698e-06,-5.160197480733069069e-05
3.848020373379662553e-06,-4.399931953140413348e-05
-2.734297650518529501e-07,-1.435485110002632033e-05
1.738298479743411546e-05,-3.862964388823715421e-05
1.480804576410800086e-05,-3.168627025461685689e-05
1.827313605640017133e-05,-4.277468928499786099e-05
3.602153893498185325e-06,-1.837281826288601346e-05
2.417103429542412539e-06,-1.774995675368932433e-05
6.892202985205626542e-06,-2.558184248366208210e-05
5.171445258132535886e-06,-2.029405172605351027e-05
4.387659522530737354e-07,-2.036505798955859538e-05
-6.069818167367686031e-07,-1.105829787583825651e-05
-3.245302219885331521e-07,-9.332151637690034535e-06
2.040394290787878938e-06,-1.729651572531069474e-05
5.730911478456368618e-06,-2.514391088292870495e-05
3.588597580919362728e-06,-2.879209386067543527e-05
1.266509819278951675e-06,-1.619480680303068943e-05
2.132542401428751863e-06,-3.443733317361026493e-05
1.815262124711985702e-05,-7.219489064776262041e-05
9.987374938791222597e-06,-4.080565184108453364e-05
8.917164085008111180e-06,-3.214074069107470484e-05
5.937121077628156660e-06,-3.057686889637555841e-05
-4.844590193888455040e-06,-2.401228270868403162e-05
-6.550210723317681001e-06,-4.729757577797575805e-05
-5.646407946343924680e-06,-2.841293106664796595e-05
-4.676583128416749563e-06,-1.074994823267757705e-05
-2.468009813354069346e-06,-7.018674963881243919e-06
-1.960964272784946640e-06,-1.225455422071234953e-05
9.221855967860371811e-06,-1.014923288054025118e-04
1.172147252369785000e-05,-9.640421611017380393e-05
6.545123262976718900e-06,-5.789068142995251379e-05
-9.726879856328455850e-07,-1.567439488636961859e-05
4.995064906494679316e-06,-5.121784529571222507e-05
4.743177977352486633e-06,-2.975577272635835947e-05
-1.228654582914733728e-06,-1.572236081286041031e-05
-5.872399068652489063e-07,-1.349723494855782144e-05
1.017739204780346815e-06,-2.815218505711115942e-05
6.287445679981929229e-06,-2.255207573425097660e-05
8.087670070583816971e-07,-2.412708685354309323e-05
3.669329117922422925e-06,-1.107190408844785097e-04
5.911772298779579453e-06,-1.072580535124059952e-04
1.072111107798565411e-05,-2.549290401375072822e-05
1.348403799144494752e-05,-2.904229994547314654e-05
8.872655399470042592e-06,-5.073517950562113658e-05
4.833319934290673388e-06,-1.866245360790410899e-05
1.827440336349171821e-06,-1.872927859866563836e-05
3.926497738858664895e-06,-2.087128935283126701e-05
-1.025940670995902305e-06,-1.376398193556447553e-05
2.351398626654087674e-06,-4.220335474071213572e-05
4.565246442392849273e-06,-9.307179304920787735e-05
-1.326636238820989740e-06,-1.519031821592702141e-05
1.388629444731148049e-06,-1.422766954413075797e-05
1.399258654490424491e-06,-1.676472208036004091e-05
-3.007984843176526336e-06,-1.353533040413910864e-05
1.343694768028166238e-05,-7.636445680670596282e-05
1.346937893916214889e-06,-4.362619068941522529e-05
7.142634118024385983e-08,-3.367769529777929007e-07
8.471033898436618820e-08,-3.871097499057125505e-07
-1.889681633512205970e-06,-1.612584748075225770e-05
3.496029639059446585e-06,-5.906498398220402145e-05
1.331265183038375039e-05,-3.329277457472115480e-05
3.553144141898167319e-06,-5.988828462283404965e-05
8.958265141033267142e-06,-6.436603420665878647e-05
-1.568876539598607973e-06,-1.976310892896610791e-05
2.251259947512771746e-06,-2.891847049864628582e-05
-1.693305910847145179e-06,-6.563527562753305954e-06
-1.410952105903415832e-06,-4.750349439568785536e-06
5.354780289349789805e-06,-2.751631210679598646e-05
-9.602525004086813288e-07,-3.387257430481008100e-06
4.005939392122220721e-06,-1.085323234989941232e-04
-2.361007629377757602e-06,-6.258427626307643010e-05
-4.550140483513199751e-06,-7.625806643188817583e-05
1.104172715810596444e-07,-1.883164724775247295e-06
7.250295557551580115e-08,-2.861593576463763501e-06
1.227300204457330966e-07,-2.656342504780314180e-06
3.301341831780592813e-08,-3.986368856602342241e-06
6.621960697706382622e-06,-3.390443376473386113e-05
-7.609252373526485676e-07,-1.510519840992054468e-05
-3.589538777259755310e-07,-2.419324267115599147e-06
-1.988528573806079531e-07,-1.770037571110416690e-06
5.842362045238706192e-06,-7.722342998135595647e-05
1.194498672015298271e-06,-3.592702372828659844e-05
5.092522404238062324e-06,-2.521194071904764896e-05
6.443654450079872422e-07,-2.845735479677031928e-06
-2.268777069311503910e-06,-1.818834252527998249e-05
1.242891444273668806e-06,-3.501320904363171158e-06
-3.347858606274476621e-07,-4.453843266254791388e-06
-8.099181807050843647e-07,-1.743916380796341648e-05
-2.364927597000198689e-06,-5.572981633526686885e-05
-4.211339355215804889e-06,-6.666815807446903428e-05
8.281253824653958580e-06,-5.804185149064891352e-05
3.846687126529818308e-06,-2.187819459231862403e-05
-8.349798888932835340e-08,-3.887441984796922350e-07
-7.042583804379585782e-08,-3.372484972056851492e-07
-2.657640708393383535e-07,-1.900860414408020703e-06
-1.562233539660233602e-07,-1.412259278379440369e-06
-1.229615927997409159e-06,-1.511378891045203167e-05
-2.587820871529088573e-06,-4.780256601831708310e-05
-4.286325176342884653e-06,-5.640156951060519683e-05
-8.689046798024037187e-08,-7.804677268454979215e-07
-1.204390287962388759e-07,-9.556240538022203664e-07
9.743878974738147882e-06,-9.507858011566572352e-05
8.584173527408082806e-06,-1.032095055338694934e-04
-2.486449664139400215e-06,-3.873273128588517405e-05
-1.388697662041026388e-06,-1.328316415584006762e-05
-3.924178026655466458e-06,-4.510816088678294998e-05
3.804873067721290918e-06,-1.066552409108133536e-04
1.897017854583199945e-06,-5.233087997008855204e-05
3.054324805919234256e-06,-5.265653489043383068e-05
2.602748490633584044e-06,-1.163625032575294621e-04
1.810502092960176681e-06,-6.067117685931812046e-05
1.442739496493074529e-05,-8.985978727482483476e-05
5.212706295374172300e-06,-2.161767632687547507e-05
1.518889830863128515e-07,-1.505602836729440369e-06
1.087134254132954282e-07,-1.156891249818184920e-06
1.531554833543541712e-06,-6.800767164500960259e-05
1.335434213077166261e-06,-1.227154462973690087e-04
4.031809744583021956e-06,-2.548569057813129785e-05
3.997188123437350045e-06,-2.939675775745766661e-05
4.115517896022009662e-07,-9.099566110156553895e-06
1.018366376286659682e-07,-1.622893136259307109e-06
7.537334806743385574e-08,-1.307096292982743554e-06
5.682493372261039441e-08,-1.257096577148851307e-04
1.111083273750932224e-06,-7.394240124519503327e-05
7.667083487065621931e-06,-2.550625873773006594e-05
-1.449010250519406039e-06,-6.917056150216492077e-06
-1.668242638472939842e-06,-1.999576224130147065e-05
-2.528508548226329429e-06,-2.317338168672113227e-05
5.568569683075275780e-07,-7.813848006853972008e-05
-1.199747690490095081e-06,-1.254320378412811894e-04
1.015532055312766921e-07,-6.488550112275389992e-07
7.920445947542712250e-08,-5.482531789960228561e-07
-7.667157034548682097e-08,-8.032168318179193291e-05
-2.306789004338401109e-06,-1.220098690281900433e-04
2.802177843523489297e-08,-6.850184556669172502e-06
2.093471067732005156e-07,-5.234240855441041031e-06
4.216939471659303288e-06,-1.114585412177813211e-05
4.032646946351678744e-06,-1.348259174997892352e-05
3.251632707838047284e-07,-7.970105731904858395e-05
2.028244672214127986e-06,-1.124689596325423969e-04
1.461731138406883499e-06,-5.102244965030369934e-05
1.110914606681556578e-05,-2.717295305316423670e-05
-3.997939056205282340e-06,-1.074457162345534899e-04
-1.275284034625849554e-06,-7.833117352113759600e-05
1.735272252172855142e-06,-7.225772731310413474e-05
2.777769774050521438e-06,-9.287998984938442763e-05
9.467156006343836815e-08,-8.167957482910604156e-07
7.654707876476822947e-08,-6.950566709282031307e-07
-2.188242351081684539e-06,-6.892197412448277814e-05
-4.801660764649559593e-06,-8.648671807579219888e-05
8.903118490885448472e-08,-9.010894782396584332e-07
1.244683506829240979e-07,-1.132452127232825897e-06
-2.952449344553614964e-06,-1.787329054962471047e-05
2.459522671500286555e-06,-1.736570947842755967e-05
6.784653347100014990e-06,-2.451603033147257027e-05
1.493686543357421629e-06,-1.020584850665124399e-05
-1.739566937963086425e-07,-4.145070004455189107e-06
-4.932733767439500831e-07,-5.861403476818821475e-06
9.769926215640673444e-07,-1.127319837721707703e-04
-1.862376662164563248e-06,-1.521686622900665529e-05
6.776584707909559388e-06,-4.748550051865584238e-05
9.637230379416775796e-06,-2.473292653878207854e-05
2.865266106505989944e-06,-2.445610863849305929e-05
6.445029253289361111e-06,-6.245026709809768130e-05
-2.439103870770458385e-05,-8.665646280157515778e-05
1.723764304723762145e-05,-8.145628015737803719e-05
-1.276559021147068559e-05,-3.888296028418989183e-05
-8.232345053587640115e-07,-6.964490210900598295e-06
-3.028280684710198271e-07,-4.849758581590335509e-06
-1.792761495567507830e-06,-1.736427301842976512e-05
-2.573222301686561912e-07,-5.176926236077107342e-06
-6.619427236324045537e-08,-3.666453443670489425e-06
7.277299450022914034e-06,-2.356754442905855052e-05
6.454494652925022522e-07,-2.633228413397223141e-05
4.369121944205160910e-06,-2.073421676014940927e-05
-1.124677103021035702e-06,-7.226917439772824865e-06
-1.541783034994907192e-06,-1.027247907309669486e-05
8.122749094538404385e-07,-1.656856890882389406e-05
-1.943744812471416238e-06,-8.983456771063220463e-06
5.554892691421828146e-06,-5.726637829941158900e-05
1.983260436962122554e-05,-5.818381646200926311e-05
2.431777897938987191e-06,-2.071176453997697697e-05
4.946960576459249783e-06,-1.045691772664871145e-04
-1.817810430134505359e-06,-1.529350104510663686e-05
-2.756183253725565306e-05,-8.988979577904623484e-05
3.645113412862051262e-06,-2.917926927771692839e-05
1.868268183384195152e-06,-9.586656640638202196e-05
1.261730443453675301e-05,-7.152317695158848612e-05
1.049223486161543491e-05,-5.907587891487503588e-05
1.952071869524622558e-05,-5.123104030995376419e-05
5.901789558891123130e-06,-6.206572318735685133e-05
-3.309907458184463461e-06,-1.129368299767628383e-05
3.400714521061551718e-06,-1.101812187888757369e-04
-5.074422480140228934e-07,-5.809224016119003984e-06
-1.217274264627552526e-06,-8.471938973169254936e-06
3.694722494159332966e-07,-1.509700995291889367e-05
-5.590786533682955750e-07,-1.613524475310073862e-05
4.456127409694053077e-06,-3.866795318086958241e-05
-5.008475548165536935e-07,-1.233745779592822141e-06
-2.573858749231847114e-06,-1.499746796721069980e-05
1.562605130899076360e-05,-6.350370613569686308e-05
-1.411646459205215580e-06,-4.444605874504975316e-06
-8.860153838705820211e-07,-3.409880409595481248e-06
-1.919122897037326964e-06,-1.201253877687047355e-05
1.603906829729692907e-05,-4.490346056919755353e-05
1.137800652313863579e-05,-5.871476723533537050e-05
2.860011378202964467e-08,-3.492524951055908412e-06
5.190956137173445308e-08,-2.570409788413474393e-06
6.908010596266189554e-08,-1.714265675107826862e-07
8.028629615141661232e-08,-1.945461051087368860e-07
-7.982306326355308167e-07,-7.460590777682738292e-06
-2.339684219251043045e-07,-5.270565163695184433e-06
6.225526073809069748e-06,-5.992810436094802413e-05
6.725992840740969946e-06,-2.381367003099777715e-05
5.594387607359790589e-06,-3.163158422452312505e-05
-7.400224321520452061e-08,-1.868586220070557558e-07
-8.632849077792348395e-08,-2.132227844734762638e-07
2.373507253983007322e-06,-1.115688970561073338e-04
5.294014760827776306e-06,-4.818169149355344899e-05
1.109996840124243064e-05,-9.231679191315274454e-05
-3.426859955441657660e-07,-1.623369405141625213e-05
9.838955309138044066e-06,-7.074867804793498591e-05
1.477755452168936397e-05,-3.644773369627681405e-05
-2.835968144440231498e-06,-4.871533856909335462e-06
-1.054295391064890474e-06,-1.579365133856681450e-05
2.115338720600940816e-06,-1.714746079685193242e-05
5.614241840732507862e-06,-2.585851529838379577e-05
1.950582116624589059e-07,-1.642533696157513095e-05
-1.222461746080402235e-05,-3.856894413779116229e-05
-2.125434091773263695e-06,-1.556391186606117508e-05
6.483602422733982590e-06,-2.733061000025738914e-05
-1.565964293968621757e-07,-2.155799216261079148e-06
-2.775353479818896896e-07,-2.891386800763557365e-06
7.374750309126824285e-07,-1.216556434689538041e-06
-2.050485215029509668e-07,-5.408918224778050624e-06
4.004900842367018171e-07,-3.660004260225847252e-06
-6.762506893652230790e-07,-1.054164506099262730e-06
2.001777539546474645e-05,-6.726692727027545904e-05
5.036380804393086817e-06,-3.642859750956755764e-05
5.514914807954487073e-06,-6.055217166562130570e-05
7.305414869591306091e-06,-4.393898355634526741e-05
4.628302718279855052e-07,-9.417670722131838080e-07
5.212006755875125930e-06,-2.777173299948152167e-05
6.271407826697347841e-06,-5.430062420678831382e-05
3.007842678688809991e-06,-1.036370737128781381e-04
-5.363963096086879247e-08,-1.172201435061422713e-05
5.291871764747374185e-06,-6.257915584380130891e-05
1.063745618286130237e-06,-1.124398810149625341e-04
-1.038825627727218454e-06,-7.934568500985884407e-06
-2.252592137328680546e-06,-1.148184585841358589e-05
-1.778694455241892825e-06,-9.386654649439342838e-06
-8.768918046348725205e-07,-6.451262005194964637e-06
4.768996644560237435e-06,-4.642592315652996246e-05
-1.075108277929816938e-07,-1.433628692166729568e-06
-1.690476323766603658e-07,-1.851490583152084145e-06
1.081875453755313053e-05,-2.610951549633246292e-05
7.009146513884142311e-06,-3.132684701086953493e-05
7.600010640242145256e-07,-1.637433319751923724e-05
-5.834929858400242469e-07,-1.251727679544922921e-05
3.945015504703774100e-06,-1.955720046730405161e-05
2.940842626352968064e-06,-4.129903866340093016e-05
1.760304819485719732e-06,-2.608118812112929349e-05
