Size 979,2
0.000000000000000000e+00,0.000000000000000000e+00
0.000000000000000000e+00,0.000000000000000000e+00
0.000000000000000000e+00,0.000000000000000000e+00
0.000000000000000000e+00,0.000000000000000000e+00
0.000000000000000000e+00,0.000000000000000000e+00
0.000000000000000000e+00,0.000000000000000000e+00
0.000000000000000000e+00,0.000000000000000000e+00
0.000000000000000000e+00,0.000000000000000000e+00
0.000000000000000000e+00,0.000000000000000000e+00
0.000000000000000000e+00,0.000000000000000000e+00
0.000000000000000000e+00,0.000000000000000000e+00
-1.146528014751051759e-06,-1.554885616523065515e-05
-1.299380094190950028e-06,-1.540373567651282660e-05
0.000000000000000000e+00,0.000000000000000000e+00
0.000000000000000000e+00,0.000000000000000000e+00
0.000000000000000000e+00,-1.124087167510485395e-04
0.000000000000000000e+00,-1.136210971245495073e-04
-1.150244945632750870e-06,-1.071368188969248783e-04
-1.912373138930383305e-05,-7.733035138985782384e-05
0.000000000000000000e+00,0.000000000000000000e+00
-1.572582144516875822e-06,-8.383468294203281812e-06
-4.609436427129185412e-07,-1.083456456396638400e-05
-2.926684336110664648e-06,-1.360158617257594488e-05
-2.960567108696153283e-06,-1.669283002999104386e-05
-1.324180391124042342e-06,-1.238836904285098688e-05
-2.051487668225230633e-06,-1.556276453648608213e-05
5.629928020282506538e-07,-1.947108955985216654e-05
-1.738474533760684722e-06,-2.264117982126689471e-05
-2.045293755323559845e-06,-6.934013857845642747e-06
-2.069541138817803310e-06,-1.490867512911933251e-05
-1.217981788579175962e-06,-1.586634492841016846e-05
1.304831433664521251e-06,-5.091875086003423316e-05
2.219680272495850244e-06,-7.785134779744835314e-06
8.409350394617850136e-06,-5.479923133945489128e-05
-3.768756121439314264e-06,-9.058448792296249269e-06
8.264506004206348657e-06,-3.363193649486616939e-05
-1.038523989166746882e-05,-3.479616873199894409e-05
-3.766986518026082797e-06,-6.668833186258989448e-05
9.208588582092923006e-07,-1.251276014764440259e-05
1.092654373921918234e-05,-6.800154361939178592e-05
-1.231217868615667570e-06,-1.032455884792219818e-04
-3.410288747967825491e-06,-6.896123686855746204e-05
-1.722687836136989583e-05,-9.362235532720439269e-05
1.069726784793011586e-05,-7.629493661448655554e-05
8.615899582618496183e-06,-3.530231313341044511e-05
2.586298623675234653e-06,-5.405864579166577894e-05
-1.029390638722517885e-05,-4.192807611095424535e-05
7.532971111940386614e-06,-6.128845981039321130e-05
-5.079481752884022991e-06,-1.075749963456618823e-05
-8.078744668597547099e-06,-1.850841092987081578e-05
-1.045110829514745563e-05,-2.795834830374366447e-05
-1.196090521509905296e-05,-3.863053905191136511e-05
-1.264724477412511334e-05,-4.983013566605098673e-05
-1.261572001389022892e-05,-6.061828078745010927e-05
-1.249427422690987968e-05,-7.077165827273332365e-05
-1.263297773273514425e-05,-8.078682120477483086e-05
-1.265419849403110024e-05,-9.116019524225728581e-05
-1.173991352649895595e-05,-1.016843859531317427e-04
-9.964091424074375680e-06,-1.109755490857169177e-04
-7.498801951451895549e-06,-1.183762760298357950e-04
-4.469441296155044108e-06,-1.233436275336137109e-04
-1.010544911449996281e-06,-1.254854248044686153e-04
2.726251487908700272e-06,-1.245112235214225092e-04
6.608630040262981122e-06,-1.202401753079783940e-04
1.050615076370416104e-05,-1.126170828070142797e-04
1.430871619541497954e-05,-1.016652827325072568e-04
1.785534330133033376e-05,-8.726432216448260144e-05
2.069110896046458855e-05,-6.928986277309634066e-05
2.132971198011937399e-05,-4.853933490741329544e-05
1.819235985351212929e-05,-2.755710895224778789e-05
1.061217425117810021e-05,-1.068534201813369712e-05
0.000000000000000000e+00,0.000000000000000000e+00
0.000000000000000000e+00,0.000000000000000000e+00
0.000000000000000000e+00,0.000000000000000000e+00
0.000000000000000000e+00,0.000000000000000000e+00
0.000000000000000000e+00,0.000000000000000000e+00
0.000000000000000000e+00,0.000000000000000000e+00
0.000000000000000000e+00,0.000000000000000000e+00
0.000000000000000000e+00,0.000000000000000000e+00
0.000000000000000000e+00,0.000000000000000000e+00
0.000000000000000000e+00,0.000000000000000000e+00
0.000000000000000000e+00,0.000000000000000000e+00
0.000000000000000000e+00,0.000000000000000000e+00
0.000000000000000000e+00,0.000000000000000000e+00
0.000000000000000000e+00,0.000000000000000000e+00
0.000000000000000000e+00,0.000000000000000000e+00
0.000000000000000000e+00,0.000000000000000000e+00
0.000000000000000000e+00,0.000000000000000000e+00
0.000000000000000000e+00,0.000000000000000000e+00
0.000000000000000000e+00,0.000000000000000000e+00
0.000000000000000000e+00,0.000000000000000000e+00
-4.143942188172911166e-06,-8.534474634734040742e-06
-6.510279446831368273e-06,-1.541700317715493835e-05
-8.166645824784222993e-06,-2.360757660000055709e-05
-9.004978934719948567e-06,-3.250019850310653419e-05
-9.103178247051427511e-06,-4.145763665515182197e-05
-8.583808251924287700e-06,-4.976638237026197658e-05
-7.830303951152786800e-06,-5.716661325284184676e-05
-7.005675337697179593e-06,-6.374187649425910147e-05
-5.963155208279995287e-06,-6.952816556517784881e-05
-4.441986168336069430e-06,-7.425344960223011573e-05
-2.585979636965884510e-06,-7.729064417278083189e-05
-5.479379995408926505e-07,-7.844244358700201540e-05
1.545420530052449333e-06,-7.758916644002317327e-05
3.556710012541003411e-06,-7.476124973584646178e-05
5.338419099824121058e-06,-7.008704405948512693e-05
6.752794815546225603e-06,-6.380737650777137894e-05
7.653607379743802987e-06,-5.629253180588944159e-05
7.866804385615103394e-06,-4.828445569356219698e-05
7.686126055988222488e-06,-4.027442756985900207e-05
7.370159074468166708e-06,-3.233416916397165478e-05
6.786980208943291231e-06,-2.435754702883685761e-05
5.483748839940524563e-06,-1.657614743030893991e-05
3.442581692464460726e-06,-9.608804210336781187e-06
0.000000000000000000e+00,0.000000000000000000e+00
0.000000000000000000e+00,0.000000000000000000e+00
0.000000000000000000e+00,0.000000000000000000e+00
0.000000000000000000e+00,0.000000000000000000e+00
0.000000000000000000e+00,0.000000000000000000e+00
0.000000000000000000e+00,0.000000000000000000e+00
0.000000000000000000e+00,0.000000000000000000e+00
0.000000000000000000e+00,0.000000000000000000e+00
0.000000000000000000e+00,0.000000000000000000e+00
0.000000000000000000e+00,0.000000000000000000e+00
0.000000000000000000e+00,0.000000000000000000e+00
0.000000000000000000e+00,0.000000000000000000e+00
0.000000000000000000e+00,0.000000000000000000e+00
0.000000000000000000e+00,0.000000000000000000e+00
0.000000000000000000e+00,0.000000000000000000e+00
0.000000000000000000e+00,0.000000000000000000e+00
0.000000000000000000e+00,0.000000000000000000e+00
0.000000000000000000e+00,0.000000000000000000e+00
0.000000000000000000e+00,0.000000000000000000e+00
0.000000000000000000e+00,0.000000000000000000e+00
-2.184790008557088481e-06,-2.231997344622550663e-06
-3.237558694458442198e-06,-5.202338011797761114e-06
-3.573163916787664745e-06,-8.516030388749042229e-06
-3.331942665232349497e-06,-1.156578273319073426e-05
-2.647612177548804384e-06,-1.393353536378546227e-05
-1.658264667735435843e-06,-1.526477847449100425e-05
-5.960304329647489834e-07,-1.541862800079759501e-05
4.076866333011072775e-07,-1.441635753195462302e-05
1.158163609119830815e-06,-1.236753551925315735e-05
1.433656665533681327e-06,-9.564501334962749126e-06
1.216436691937166060e-06,-6.314978932876130980e-06
0.000000000000000000e+00,0.000000000000000000e+00
0.000000000000000000e+00,0.000000000000000000e+00
2.512124597196282969e-07,-1.486918377741873476e-05
1.422136111566760468e-06,-1.323019540274141051e-05
2.277087175378885818e-06,-1.078324379260598937e-05
2.691283404896435200e-06,-7.813702843691905299e-06
2.573546164691002458e-06,-4.723108455589841987e-06
1.790486964984407278e-06,-1.998445671210094212e-06
-1.360851771464030938e-06,-1.564206238950571209e-05
-1.746462790680856987e-06,-1.576849243480333470e-05
-2.041934952783551677e-06,-1.579539528203933963e-05
-2.187576730825538323e-06,-1.571949137927335720e-05
-2.106522884436489708e-06,-1.559423977886990263e-05
-1.864191637805214217e-06,-1.374435465830469016e-05
-2.356642134708173089e-06,-1.106423905504726676e-05
-2.557155021805808331e-06,-7.028810366689678005e-06
-1.962273573407389812e-06,-2.733392234376443833e-06
0.000000000000000000e+00,0.000000000000000000e+00
0.000000000000000000e+00,0.000000000000000000e+00
1.965081702309761164e-06,-1.120344563715298865e-04
3.787557465676826896e-06,-1.111178764951790488e-04
5.445929228710567007e-06,-1.097244186380603970e-04
6.881481850061043239e-06,-1.080109423373873119e-04
8.148890322730218915e-06,-1.061461666153217827e-04
9.336925784063725527e-06,-1.041795731055857543e-04
1.061724477440203632e-05,-1.021833901475841959e-04
1.199923038296169381e-05,-9.999623795600147034e-05
1.349356305269693456e-05,-9.750492753045239373e-05
1.506323566576878164e-05,-9.462876459292784634e-05
1.663479782561413405e-05,-9.132320939875784762e-05
1.812616936873517805e-05,-8.760277913215616425e-05
1.945048526606930686e-05,-8.352588828960869603e-05
2.064409418447150208e-05,-7.913550593155288494e-05
2.160678672178774823e-05,-7.455053814521055914e-05
2.236851205312249177e-05,-6.978959693239110938e-05
2.289808426138844482e-05,-6.485733546137042581e-05
2.315098626588643478e-05,-5.992518713124798344e-05
2.306159716792104074e-05,-5.494728266760828806e-05
2.269518324699309911e-05,-5.006556291375413223e-05
2.197278974776625661e-05,-4.544196833559702403e-05
2.091325899234959808e-05,-4.112958616204443157e-05
1.958822420565805349e-05,-3.726538121613749070e-05
1.804137458051900618e-05,-3.388648776463621743e-05
1.638128057858274155e-05,-3.105432453441623155e-05
1.463837141609859714e-05,-2.877093239654344818e-05
1.281978529162921648e-05,-2.703512479278374675e-05
1.102814328002315090e-05,-2.584156818156298186e-05
9.181660416773165841e-06,-2.523325732908601534e-05
7.467217131123587024e-06,-2.516291582289831243e-05
5.752974435289658512e-06,-2.561594183222791111e-05
4.219608700462188629e-06,-2.657605168731651688e-05
2.811939122418445244e-06,-2.806899240489466084e-05
1.630965164950035310e-06,-3.007789632811972119e-05
7.280848146323516375e-07,-3.250325325221410492e-05
-2.661219256909539959e-08,-3.530761552198730119e-05
-5.855679536099894612e-07,-3.853937187646889361e-05
-8.336401178973836494e-07,-4.214146479074360092e-05
-7.242325932417664470e-07,-4.599199046124144620e-05
-1.786659431801525506e-07,-4.987140135054849615e-05
7.819352659825582208e-07,-5.348385848563708031e-05
2.190250701680268482e-06,-5.643432409068288829e-05
3.787432447130473577e-06,-5.840051427625203958e-05
5.763188927033819806e-06,-5.919651764211269357e-05
7.675337809350640569e-06,-5.869457316737106584e-05
9.404945301003349433e-06,-5.696654665189651568e-05
1.088156917446983172e-05,-5.430750495269955422e-05
1.209588933197567527e-05,-5.085565514094788015e-05
1.292657727402623216e-05,-4.678429535225540707e-05
1.325516879722812879e-05,-4.231747855837312021e-05
1.302266902461861625e-05,-3.788437844916673106e-05
1.240055512532340149e-05,-3.383749712548442880e-05
1.144460098002707650e-05,-3.023814508241923733e-05
1.034827099799166067e-05,-2.721455217554492946e-05
9.151381465734450575e-06,-2.470409958315666828e-05
7.932345311603846393e-06,-2.269163685159177670e-05
6.798200755586408393e-06,-2.108775334974993587e-05
5.733110410172109123e-06,-1.983524677979044926e-05
4.775768374614972098e-06,-1.888377517392760270e-05
3.932780530436432196e-06,-1.818307475539483894e-05
3.202222316340218063e-06,-1.768029877065934604e-05
2.600381350336820556e-06,-1.732800276403580008e-05
2.148652787389827655e-06,-1.710410741120674396e-05
1.856644763293868976e-06,-1.691816060377476536e-05
1.746335963434303676e-06,-1.670793280300376531e-05
1.837580640298132158e-06,-1.637414328688985995e-05
2.107619680561662650e-06,-1.580159128009682112e-05
2.533901040643191887e-06,-1.480662760387267190e-05
3.020190964522341657e-06,-1.328665275797044970e-05
3.431810102702041576e-06,-1.114318969952666253e-05
3.601389843831857131e-06,-8.389229339445651871e-06
3.285296979995340227e-06,-5.340009957362846177e-06
2.255364523318149588e-06,-2.420267306170618403e-06
0.000000000000000000e+00,-1.128266525720336352e-04
0.000000000000000000e+00,-1.132909999791269229e-04
-5.143569349613895454e-07,-1.129370971101227383e-04
-9.860068079183427295e-07,-1.109907773705814189e-04
-2.542936691340275034e-05,-8.516384001904895998e-05
-2.653005544420276195e-05,-9.309565352424634512e-05
-2.095921035990294898e-05,-9.791065194301094528e-05
-1.386374451666332764e-05,-1.019297147481213178e-04
-6.460066133551043277e-06,-1.051679749798935503e-04
-9.770984786763728738e-06,-8.813406653489509306e-06
-1.630113463722457877e-05,-2.145548904099908285e-05
-1.998988942352188759e-05,-3.819795573645448948e-05
-2.104956798932779651e-05,-5.685577126442592489e-05
0.000000000000000000e+00,0.000000000000000000e+00
-5.668870658833398599e-07,-6.148232028274179048e-06
-1.146019318933430204e-06,-8.956689608225523093e-06
-3.212953011388838837e-06,-6.400430060635369517e-06
-3.891470295467443029e-06,-8.349161171818999868e-06
-3.801178012190877594e-06,-1.088916033981198790e-05
-3.166761210557830075e-06,-1.314749805784366848e-05
-2.817965568680722677e-06,-1.002598543178807649e-05
-3.524029547541621013e-06,-1.237044540247402285e-05
-2.984873997016301162e-06,-1.383113933583190121e-05
-2.315450641269987616e-06,-1.481845630803522724e-05
-1.655572398929535344e-06,-1.542478801303991191e-05
-1.234680879478175934e-06,-1.576915525800994062e-05
-1.871714829958330658e-06,-1.525543772459451011e-05
-2.125901311667586942e-06,-1.566810286363757342e-05
-2.066293875540405257e-06,-1.590953196686729822e-05
-1.862240202329989712e-06,-1.602445596923422356e-05
-1.564590849026636187e-06,-1.601092036302799164e-05
-7.662880440995263845e-07,-4.405823302366449596e-05
-1.960278924236390685e-06,-3.818379828131895389e-05
-2.610587499316897590e-06,-3.290006627551603371e-05
-2.970845957577460637e-06,-2.828355938975288575e-05
-2.916123851610947642e-06,-2.395446862256077800e-05
-2.564389498915385311e-06,-1.970553386384128262e-05
-9.953920672954560524e-07,-1.561712428901199088e-05
4.964193124465351101e-07,-1.145546673033067326e-05
5.114513359615495411e-07,-5.345043489777032115e-05
2.070324573440542251e-06,-5.536108566708310819e-05
4.970780728603094539e-06,-5.669139368106747816e-05
8.237488800220643971e-06,-5.748294899107763838e-05
1.079031842804562139e-05,-5.770163080205595720e-05
1.094231179628273647e-05,-5.654560100950687984e-05
9.723582166206084238e-06,-4.699995877050386849e-05
1.046692685342762332e-05,-3.876160843105622584e-05
1.060363151965927802e-05,-3.023438714222039363e-05
1.002997313409631173e-05,-2.187556104219181671e-05
8.530831469194928790e-06,-1.445406223955326768e-05
5.795987508835808141e-06,-8.698419377397713205e-06
-2.701653960530394423e-06,-1.277677425254196852e-05
-1.171932989119046116e-06,-1.624159650672438204e-05
1.624521825720171069e-06,-1.912636975171942195e-05
4.029513063111537062e-06,-2.199343651021987099e-05
6.290193667655677551e-06,-2.489065011591206641e-05
7.918897511830542567e-06,-2.850745231065650583e-05
-6.704602536776869850e-06,-9.409638500568737714e-06
-8.977698648338379287e-06,-1.392024295941151298e-05
-1.020882800105559567e-05,-2.024374190832345120e-05
-1.064763598079381556e-05,-2.721329286366308114e-05
-1.275054561579207419e-05,-3.753432426011425992e-05
-1.047696286734793731e-05,-3.930378816097151198e-05
-5.019224281501373664e-06,-3.924194467929115855e-05
1.172276003618490189e-06,-3.828784700593504956e-05
6.180656189903062658e-06,-3.642987503377045135e-05
-5.155600555595115003e-06,-5.769823550298340900e-05
-5.188134752454940757e-06,-5.009983739790040044e-05
-4.757089001616381606e-06,-4.294675829492513436e-05
-3.866336874218724527e-06,-3.573404014058271198e-05
-2.716526961751121316e-06,-2.814310969779843346e-05
-1.679111308893441974e-06,-2.009968689287392488e-05
9.868596423631032339e-08,-7.055781447260332947e-05
7.033336988114169863e-06,-7.244296405080345627e-05
1.198946691321312692e-05,-7.166664865156945649e-05
1.205721237294557245e-05,-5.705541802781703481e-05
1.245816529931169374e-05,-4.638064224108628096e-05
1.217092060035238603e-05,-3.582823226095049294e-05
1.110117418688748626e-05,-2.585623988236047046e-05
8.962300293562707539e-06,-1.736356477003724486e-05
5.356416313917269200e-06,-1.126870548196839082e-05
-4.511051681994695514e-07,-1.033119662046259787e-04
-5.731376001612595998e-07,-1.010181201730774091e-04
-1.062279167649079338e-06,-9.764663637784460584e-05
-1.753051207707497956e-06,-9.329311046949367641e-05
-2.458533079401666919e-06,-8.817439482940606717e-05
-3.111619670797547569e-06,-8.233483963571821336e-05
-3.519672285962613234e-06,-7.595146138586795245e-05
-7.957111012974400595e-06,-9.906932503257157322e-05
-1.536848527622762132e-05,-9.553535157302188788e-05
-2.237592490238326658e-05,-9.255501648156415763e-05
-2.720914115130900436e-05,-9.035222957476363691e-05
-2.678854254635695684e-05,-9.128937150185525203e-05
1.160979198954234318e-05,-7.060863341767395593e-05
5.587106393587877339e-06,-6.759776032827417380e-05
-1.693688605614534516e-06,-6.715889535273964536e-05
-1.377336109520665500e-05,-1.062464067047937431e-04
-1.010669522420405509e-05,-1.157943448252739759e-04
-6.386215818740801824e-06,-1.221121626709132106e-04
-2.717029547580248190e-06,-1.252008028221939851e-04
7.494984550246854932e-07,-1.251679651359101050e-04
3.950458628552602572e-06,-1.222084502952178674e-04
6.737640659847283544e-06,-1.166031260116150912e-04
8.892825090583569245e-06,-1.087975876794982407e-04
1.039680679055212444e-05,-9.929953514029340566e-05
1.107819840314873084e-05,-8.860219296523535993e-05
9.064055574536847954e-06,-4.044116409660787847e-05
8.897564844483114667e-06,-4.585162850785195598e-05
8.400841552413725681e-06,-5.130387208073587907e-05
7.630938888644078454e-06,-5.598947273546111007e-05
6.674706785981368312e-06,-5.901712927782144715e-05
5.542195902131703268e-06,-5.960368390633591948e-05
4.155502684314919500e-06,-5.788164934432581734e-05
7.937427940608675060e-06,-3.398363047316929402e-05
3.605416995919260882e-06,-3.355404093675178192e-05
-2.928721083803598309e-06,-3.398303679123125174e-05
-9.521945638421791075e-06,-3.520249438952123734e-05
-1.265572633460265360e-05,-3.807846932345815879e-05
1.094718757920439067e-05,-5.845910328849962404e-05
1.052978102267912258e-05,-5.610619217319851850e-05
7.480725471463424405e-06,-5.490805474495093983e-05
4.040002732031217005e-06,-5.405612198675730992e-05
1.200191281940586668e-06,-5.358750455826422900e-05
1.008769841412999374e-07,-5.354364666730358687e-05
-1.023504093408688259e-05,-5.108123928046352688e-05
-9.415186841726864482e-06,-5.907541682427720113e-05
-8.067295917389194005e-06,-6.605870140955623327e-05
-6.299157390386842900e-06,-7.171583091545772302e-05
-4.243037122071491756e-06,-7.574991407835373540e-05
-1.984338375713275620e-06,-7.796047370019753566e-05
3.486082782946439542e-07,-7.823474198802929651e-05
2.551409286441626308e-06,-7.660559678983243923e-05
4.592926734509096757e-06,-7.319037566293081192e-05
6.281756676938334320e-06,-6.815289319784030998e-05
1.618065330038145148e-05,-3.514066569316825849e-05
3.013161526898545461e-06,-1.770306077094999886e-05
8.173633268702855186e-06,-2.460572154367072776e-05
6.135675905233389469e-06,-2.169082613484825189e-05
1.225559869240126147e-05,-2.739195672261495861e-05
1.883844914605436861e-05,-4.744955860427283595e-05
-1.427976264928329058e-06,-3.677562095269893398e-05
-4.157491923855542380e-07,-3.284879409875148344e-06
-1.966678317206807185e-07,-2.380183448664772404e-06
1.897774754696226066e-05,-6.304376039760599155e-05
-1.611068122426504068e-06,-1.528327814066901772e-05
5.518764931073270415e-06,-2.268518775904828283e-05
-2.201702705734003170e-06,-2.425962259936808677e-05
-2.436269127331659350e-06,-1.634751658765372468e-05
-6.500766963589423485e-08,-3.827275395548705801e-06
3.569696687725411108e-08,-2.573621576424325958e-06
-7.692888874635493826e-07,-5.118027075008571656e-05
1.412265095925031686e-06,-2.233108952107391713e-05
1.735076613043544410e-05,-7.773880344231261924e-05
1.677633850978885071e-06,-1.691444782947444260e-05
7.878858784743462477e-06,-2.796848031544896116e-05
4.558222484473036211e-06,-2.692146144394215779e-05
1.736195561102918619e-07,-2.219908676137870963e-06
1.298584399383615764e-07,-1.629017871897153069e-06
1.070057159265643752e-07,-8.763329077132741857e-07
7.829827191429830299e-08,-7.155382401920856667e-07
-3.349778107857006110e-08,-6.608191569823562760e-05
4.328596571622804583e-06,-1.908006215629326908e-05
1.505066862636616733e-05,-8.584018778011984110e-05
1.310987667858209453e-05,-9.346772474971564999e-05
1.031653279189004303e-05,-9.920762016658482118e-05
-1.305262329349315495e-07,-1.360188690819875977e-06
-2.152782928823818333e-07,-1.806407700863184127e-06
-8.483771617097296234e-08,-5.967951051389595419e-07
-1.103060814923155448e-07,-7.129420002144878856e-07
6.874185406420961795e-06,-1.051749715521644500e-04
1.346146217769560940e-06,-1.655959833688170425e-05
3.476311098025276619e-06,-3.110948349306394780e-05
4.856343871698559078e-06,-1.092064707397835227e-04
8.744859868612637352e-06,-3.591334842369095411e-05
1.244053879112865832e-06,-7.783227034627856285e-05
-8.287628058848543201e-07,-1.597845400279750629e-05
6.974696501991946116e-06,-2.850840028327552875e-05
6.511663758467172483e-08,-3.296644502073221535e-05
2.368982181197397798e-06,-9.017206486465118346e-05
-4.073721106451979183e-07,-5.293996375596991922e-06
-4.824770562024544577e-07,-5.724246263151771336e-06
-4.810969852576131150e-07,-4.514496555423187861e-06
-5.981630812464077707e-07,-6.091750803060157344e-06
-4.386225391220348870e-07,-4.935907688482203551e-06
-2.902188943682492072e-08,-3.902900637325995052e-06
-8.567881974282547582e-08,-4.082156768380149600e-06
-1.990577811887783995e-07,-3.229682343732300404e-06
-1.848903720121396061e-07,-4.280322852536927209e-06
-1.786208548033009488e-07,-3.518023282266474441e-06
1.144127368265155773e-06,-1.060226554034668860e-04
4.440206552227413807e-09,-4.928176823989251458e-07
5.507936189508787160e-09,-5.742037852481545134e-07
2.072159787868232663e-06,-9.921967327464907202e-05
-4.283412203518948761e-07,-4.007715162996139038e-06
-1.133620584358768173e-06,-6.211149662739406896e-06
9.795504605488909258e-06,-4.460236248121281514e-05
2.350550894335730351e-06,-3.628073389214370284e-05
1.334112558376703809e-06,-1.550256096918548306e-05
-3.725300856438949170e-07,-4.500936161529142077e-06
-9.487109652071001740e-07,-6.748145482544783906e-06
6.607046780382111477e-07,-1.120859683788288886e-04
-2.280629344041935553e-07,-5.034541566090598689e-06
-8.142611564341319121e-07,-7.259089897627863778e-06
-1.530475510060714576e-06,-8.923312691136337738e-06
-3.914036641866277495e-07,-5.851226108705389803e-06
-3.395601794847161314e-08,-3.425944226196610550e-06
-2.110692750558403432e-07,-4.979044118068895381e-06
8.792946906893791520e-06,-5.290729129841407411e-05
-3.846946340360997321e-06,-7.313457149713529369e-06
-2.164461141139244756e-06,-5.464725807442818318e-06
2.256386109108498585e-06,-1.120147920392153165e-04
8.781489163185372719e-08,-3.851327704551274234e-07
1.069426346579662360e-07,-4.469876501260791664e-07
-4.438085719149428775e-06,-1.315697901540263053e-05
-1.623633221988577154e-06,-1.427430718325459796e-05
-4.945993864857281551e-06,-3.093187125583746726e-05
-6.786041647352328332e-06,-6.688447639847294919e-05
-1.166971445359314792e-07,-1.065885856893281767e-06
2.081548374835980205e-07,-1.390640206536585654e-06
-4.910364755352179122e-06,-1.667711261776376398e-05
-2.274221766114820126e-06,-9.637803968835269636e-06
2.172520029206981898e-06,-4.465152103757370571e-05
1.475647633589299243e-06,-1.249360266505892040e-05
2.495307403237079782e-06,-8.684539769648519955e-06
2.701328689830379504e-06,-6.141791774255525512e-06
5.470897104280784729e-06,-3.726617152753833990e-05
5.398142083455130828e-07,-5.959748928383711341e-06
3.928187833294945501e-06,-1.991151998205353897e-05
3.961237821515102073e-06,-1.677986627824835337e-05
4.170129790507883456e-06,-3.413502079276382992e-05
2.024628313066640701e-07,-1.212217562971514246e-05
4.364397901194510099e-06,-4.053432433174298963e-05
-7.688672641955864754e-07,-1.555102411074786684e-05
3.180903474011151199e-06,-5.107853094075598854e-05
3.412209877307716757e-06,-6.243745223156187574e-05
2.324774118688267302e-06,-6.463029995747867859e-05
3.021196295494526403e-06,-8.178267290440308058e-05
4.237585989816240532e-06,-4.443077263156550399e-05
2.828472699110639303e-06,-1.036200445947730653e-04
1.160885688652595624e-06,-7.513244470131961712e-05
-5.156102832402737660e-06,-1.005862370396321334e-04
1.373832438502009551e-06,-1.199294674456324774e-04
-5.440349727517418649e-07,-7.872980828606364800e-05
-7.364335613251516336e-07,-1.261446174558747229e-04
-1.986291076761465010e-06,-7.430827751172535832e-05
-2.799004255871232347e-06,-1.199802570176103193e-04
-3.158762203738538979e-06,-6.293958576835965491e-05
-3.878484730303604234e-06,-4.670397776582059632e-05
-2.047346781790626954e-07,-2.576710517387115834e-06
-1.332612851366278366e-07,-2.853575091992000565e-06
-5.482055931976228962e-08,-3.353810292918696210e-06
-2.676386798749779527e-08,-2.681822957594352479e-06
-3.994641424782827074e-07,-3.556881443736214261e-06
-2.769136738934548979e-07,-3.915601120892782973e-06
-1.962272137351013607e-07,-4.682847929696306808e-06
-8.943752714429059481e-08,-3.640013658466037610e-06
7.220486105683433236e-06,-5.838200674249979891e-05
2.912784045779401518e-06,-5.153897095178449570e-05
6.679409695542906686e-06,-3.638707510729041853e-05
-6.019507615964849636e-07,-1.527250552600086379e-05
1.452488114269830120e-06,-7.015237384184774583e-06
-6.075120782562332757e-07,-1.594413670843531830e-05
-7.049193186761242535e-07,-6.481430262909395941e-06
-2.546086013524974550e-07,-4.447175986531222946e-06
7.008324128753727772e-06,-3.335928544199138357e-05
5.951052933751346937e-06,-2.929466464288272049e-05
-1.661716094047551846e-06,-3.002716740320666235e-05
5.175856505900528531e-07,-3.205035467548474830e-05
1.502722676263537061e-06,-3.748117604755061080e-05
3.292459803173983753e-06,-3.348931329431349013e-05
4.643299410029092463e-06,-3.824173244826795982e-05
6.236423630572211917e-06,-3.461436807816516695e-05
4.767648945752342165e-06,-3.039699658250495380e-05
7.558446857497773691e-06,-3.140700261998170486e-05
6.072901921662608885e-06,-2.801407901190084261e-05
7.870053089418111366e-06,-3.938356198303968604e-05
5.819449379460820021e-06,-4.371160686677880971e-05
9.519462060991276827e-06,-4.436719523925749755e-05
7.870600970948565516e-06,-4.924753763445783211e-05
8.560132409536539189e-06,-2.880360321527348591e-05
7.102480574136534320e-06,-2.617687694244805888e-05
1.111314682330107074e-05,-4.013545026778115053e-05
1.147197517380478725e-05,-4.952354605350335138e-05
9.488268613209674355e-06,-5.459388591163921115e-05
6.061048351993880324e-06,-5.412867498222971693e-05
7.197841099590584452e-06,-6.003627404199355776e-05
1.334084801341072778e-05,-5.463669429711152611e-05
3.698217718974526353e-06,-2.711801311665984794e-05
1.033176567403206582e-05,-3.229490333396419611e-05
9.151313302654062880e-06,-2.687082257441602385e-05
7.752270701464621078e-06,-2.487717972759006206e-05
6.040740018101441233e-06,-2.426902647554567775e-05
6.772437758568938174e-06,-2.357022716787380263e-05
5.382454060879280692e-06,-2.294103194624981361e-05
6.193114541624887719e-06,-2.284248142365953913e-05
7.086756074236486693e-06,-2.347214629901187417e-05
6.604894744526081637e-06,-2.337014373005022238e-05
6.920438180212444185e-06,-2.395781553154386132e-05
5.053718069548240172e-06,-2.207402957056272996e-05
6.549696104266560846e-06,-2.446162512541742557e-05
9.404234579710287807e-06,-2.545511067630947259e-05
6.479125137947184810e-06,-2.387400952082516706e-05
6.336751582223989349e-06,-2.496983430629975387e-05
5.087261066735134379e-06,-5.008118573438063135e-05
4.880905711230251721e-06,-5.831613935435971878e-05
-2.131773619117542109e-06,-7.021289235411732584e-06
-1.081167008199246169e-06,-5.290928058290613993e-06
-2.741716886151117874e-06,-2.092067038812754794e-05
-1.780715060440718390e-06,-2.142005574630221235e-05
-6.357707391039723036e-07,-2.398576162255378663e-05
-2.004085136629705024e-07,-2.149319663635609220e-05
1.339292881478842064e-06,-2.354906742712484851e-05
1.598120520679287919e-06,-2.130484329576118506e-05
1.403786422891377812e-07,-1.969327596772347174e-05
1.708316618018701377e-06,-1.962349818852139285e-05
4.019296995561272833e-07,-1.841197811878780131e-05
1.705350275990381361e-06,-1.843794212744287640e-05
5.253634501647979446e-07,-1.750662162999599113e-05
3.409285290185300228e-06,-2.316677663523396564e-05
3.245231938059046129e-06,-2.595962690545953412e-05
1.589554564118103632e-06,-1.762778219036365666e-05
5.288968035925598724e-07,-1.691170534075231826e-05
-4.002693983982235506e-07,-1.667662273631311253e-05
-3.604674360574425065e-07,-1.625520428686982270e-05
4.663118089084583921e-07,-1.657617782455145553e-05
-1.149273828722304047e-06,-1.584215330636873413e-05
-3.344113178695181261e-07,-1.611323239897560254e-05
3.775413948871737911e-07,-1.644944605060395522e-05
1.221719966164916355e-06,-1.682996483554587741e-05
-2.527743742663522859e-06,-1.914260838030804960e-05
-9.103546024151624658e-07,-1.832779333191429048e-05
2.994850985034049328e-06,-1.946782850372907084e-05
-1.584991083312625267e-06,-1.623416687018206447e-05
-2.034356301233964624e-06,-1.495034439371665872e-05
-1.136747834940856817e-06,-1.570253329297789961e-05
3.652515197326083266e-06,-2.078420930416474523e-05
-2.325882101540159069e-06,-1.455300305486497787e-05
-1.263611047607354397e-06,-1.542314212699486678e-05
2.280251108187116033e-06,-3.799457122591878226e-05
3.503225885839721318e-06,-3.269195080834006340e-05
5.872992369632326282e-06,-3.948762421863704914e-05
-5.542614226895714924e-07,-2.630487137514762975e-05
-7.102339830186664484e-06,-8.458663638075158194e-05
3.506361284863011018e-07,-1.602920383735064627e-05
1.987647784292324195e-07,-1.631283873973356265e-05
4.721950228395318893e-06,-3.384159165101036006e-05
-5.077765752708487337e-06,-3.789090658140913733e-05
6.114853370794802925e-06,-2.583415292786317988e-05
1.635094849821368987e-06,-2.907676517645387657e-05
-4.702190233227850267e-07,-6.173127402807440412e-06
-1.056224036242456505e-06,-9.146779209723959590e-06
1.058776848440760380e-06,-1.671474725659786352e-05
3.365394239335517969e-07,-1.644778564769481987e-05
1.804407732566573483e-06,-1.701230250736024527e-05
3.104235222902662618e-06,-5.820249673572305295e-05
3.826352295040332077e-06,-7.213063098045597004e-05
6.974117153221363305e-06,-2.448590910528744904e-05
-1.054792171367556208e-07,-2.209302404768451585e-06
8.757627957183737141e-09,-2.124272421402617573e-06
-5.524757160469272322e-08,-1.766749263082866545e-06
2.016790106464215702e-08,-1.685308157063847259e-06
-6.325021887907944348e-08,-1.390411067168615329e-06
9.548370554140679567e-09,-1.306322142765402637e-06
8.241063699478471491e-08,-1.626977291959205674e-06
-1.869265747852120690e-07,-2.941911263954001389e-06
-6.325909659612983554e-09,-2.791654137881849666e-06
-9.331019495565309941e-08,-2.278892793702483718e-06
2.146342413500418865e-08,-2.144171100042731894e-06
-9.319485422780713699e-08,-1.741021582757491271e-06
1.100468642377153884e-08,-1.610568776852523318e-06
1.119768889131839455e-07,-2.097435426698614138e-06
5.645270954748521598e-06,-2.526598585179416076e-05
4.079831587927289119e-06,-2.352023893244815233e-05
6.935501228847307948e-06,-2.560472439996087834e-05
3.623670892075018534e-07,-1.132475811443031801e-04
1.154585568344584525e-06,-1.126643276331360118e-04
2.268381140822427851e-06,-1.106398671235812132e-04
-1.235951859037279687e-06,-6.848083503733240532e-06
-5.831458742060290571e-07,-5.833193686393776803e-06
-2.182183475273916825e-06,-9.412386882404511103e-06
-1.346290599042724153e-06,-8.188926761184274185e-06
5.987541675602063754e-06,-4.063565347103728458e-05
-9.933380180400088963e-07,-2.793355353605762588e-05
-4.059874339257871095e-07,-1.371714262570993586e-05
4.203154205314880284e-09,-1.124753297531006082e-05
1.145111681382964023e-05,-2.980370630914786962e-05
-1.082446848448409775e-07,-1.046343702940605491e-06
-1.608226352233089700e-07,-1.328852893272086468e-06
-6.439888158928980617e-08,-1.056607366488347115e-06
7.135893225883813998e-09,-9.470088034580172439e-07
-8.655544516777820440e-08,-1.284985512559783262e-06
8.829483786362504404e-09,-1.134930993758457032e-06
-4.754303685462670865e-07,-9.337883963383691047e-06
9.615876771082178960e-07,-6.007406346572854534e-06
8.009651737558905684e-06,-2.416659319829379517e-05
9.011525120645857216e-06,-2.467936761881972592e-05
7.730676262635553407e-06,-2.403158090135265590e-05
-2.576913515311692299e-07,-7.978188638555301019e-06
-7.789360280718387734e-07,-6.660521562964360652e-06
-1.842621155351284812e-06,-1.221954387939653265e-05
-2.041168255724963405e-06,-9.974804877248730794e-06
7.700101164264356617e-07,-7.136562919167805286e-05
5.085645623498639898e-06,-7.341174751686965771e-05
5.605211970199820302e-06,-7.938441832931853012e-05
9.266389511916851843e-06,-7.524625737700649816e-05
9.697360139604031937e-06,-8.065167517894719987e-05
8.964388983139184077e-06,-6.979004116431325813e-05
1.306742774671111390e-05,-7.128164977896645643e-05
1.233798785297264608e-05,-6.613772532030721366e-05
6.279669262089455022e-06,-8.456235279703723821e-05
1.020707400913508071e-05,-8.562253429611482594e-05
4.782810406293062416e-06,-6.673105078982497764e-05
-4.035300392959265476e-08,-5.919896864573439437e-05
-2.967267042477110721e-07,-1.372479125493780111e-05
9.662068138720742066e-07,-1.666888399969060106e-05
3.202786938200163108e-06,-2.103005210498576206e-05
7.139517767657883471e-06,-8.954441867395356058e-05
5.042720651031132344e-06,-9.324520966820545160e-05
8.248990748527927714e-06,-9.291607387600901854e-05
5.735158320028179257e-06,-9.663895257906352670e-05
-5.907697030074869474e-07,-4.330402587896169748e-05
1.026480633908450867e-06,-1.093542445751523773e-04
2.798022862147909598e-06,-1.078132821462776474e-04
3.078371055600020106e-06,-1.053659951647753116e-04
1.373668738291268508e-05,-8.197932766067448089e-05
1.128114626261809156e-05,-8.950446198433138062e-05
5.831946946227001289e-06,-5.968872126522646728e-05
-8.694645092203879436e-08,-8.505665446355478083e-07
-6.978600591262722364e-08,-7.187745466309017937e-07
-9.297905148171514263e-08,-4.030698343120162350e-07
-1.132623852798712322e-07,-4.696571979647640498e-07
-1.829287848821126835e-06,-2.241448170401178814e-05
-8.166437766305281743e-07,-8.090087869455639128e-06
-4.514255993222220101e-07,-1.298786948176349551e-05
1.296981445688418533e-05,-4.485297069877590003e-05
1.456832552021858888e-05,-4.057415910980628477e-05
1.217908500026183377e-05,-3.624112057346497043e-05
9.190542932594045192e-06,-3.549905291023703030e-05
1.915850246651710417e-06,-1.023511546827458022e-04
4.839650722992627939e-06,-1.002092638569226685e-04
4.652577933333025014e-06,-1.026391649753324040e-04
8.263638713139386996e-06,-9.828765488563709558e-05
7.186959881573970298e-06,-1.009702301335181217e-04
6.605770349423239751e-06,-1.032261135595021650e-04
2.985111065608638726e-06,-1.849523777347569125e-05
2.677099355521216271e-06,-4.644162779909537497e-05
-4.770312323920340056e-07,-5.552422851938791574e-06
-1.300895041955791362e-06,-8.224465855350861487e-06
9.360444647462696461e-07,-1.038153529688234754e-04
-1.427686248640741451e-06,-1.048363534898009652e-05
-2.083906755867726927e-06,-2.889781536873490311e-05
-3.345295508594931996e-06,-3.416579387547211735e-05
1.629597183300131980e-05,-6.735209192577790442e-05
1.411737660500401227e-06,-1.710780175713191463e-05
-2.957901497444997561e-06,-1.752241994694942343e-05
1.399539682475358340e-06,-5.277581982863888218e-06
9.166605070713370785e-08,-1.217925963688889429e-06
6.953027843130216607e-08,-1.003960196431926314e-06
4.627365440969589237e-06,-1.066106283182672991e-04
-1.781239968294060534e-06,-7.267177238158456271e-05
-4.615970014360680398e-06,-9.748439038382589606e-05
5.347361888056662759e-06,-2.287845635769625131e-05
1.695757924647601977e-06,-8.388608598221971939e-05
-4.351390878812142613e-07,-1.608273656689918483e-05
8.907430283612987735e-08,-2.026892613098101466e-06
1.104466519844411475e-07,-2.701472549063887187e-06
1.167407142689247210e-05,-6.046654135303421835e-05
1.605209295030579251e-05,-5.914736002695728380e-05
1.766607459466545968e-05,-5.473977303702738130e-05
1.533629564586233820e-05,-5.003682568577782694e-05
3.603467751627908602e-07,-1.012031528515216754e-05
-6.807173234091831414e-07,-7.853853566785524596e-05
-3.208082734065421949e-06,-1.161125668101572838e-04
-3.990163446618160513e-06,-1.119939394405280244e-04
5.905962299072695340e-06,-5.551547147936051693e-05
-3.630234844969163417e-06,-5.532117112732304039e-05
2.936031973727001467e-07,-1.245395818544365208e-04
-1.752555867658744148e-06,-1.246695266808557970e-04
-1.352589200851484079e-06,-7.748079662526970732e-05
-2.631195782930491582e-06,-6.937991054582800100e-05
3.996945033120436222e-06,-5.170236218163089194e-05
3.768397091528272775e-06,-4.299657629958806090e-05
-2.623802278102154166e-07,-1.434722243109073437e-05
1.729098136773396250e-05,-3.883789911455680854e-05
1.472154904571861887e-05,-3.192291451054989895e-05
1.818166296688700998e-05,-4.297372986967923120e-05
3.628142207037061444e-06,-1.829342701098814566e-05
2.471520647727483150e-06,-1.768277561107309308e-05
6.582546831802270033e-06,-2.561891885246642529e-05
5.172984890167052149e-06,-2.016548114463598165e-05
3.581011097617241397e-07,-2.010575628154989884e-05
-5.841441432371367025e-07,-1.102629383313885302e-05
-3.000526733225445862e-07,-9.360508665671737766e-06
2.092871190881212210e-06,-1.724714470502875451e-05
5.824794747902566349e-06,-2.547722475149996659e-05
3.803006388602257087e-06,-2.869075409231045085e-05
1.305240723599954531e-06,-1.621125601690727374e-05
2.491227988344611816e-06,-3.367971350987440080e-05
1.807612208484820661e-05,-7.235784028369621960e-05
9.826930200956560403e-06,-4.000167534685839118e-05
8.819733324434259172e-06,-3.167242562342981551e-05
5.960892839543957714e-06,-3.015619108350953368e-05
-4.805151135136502376e-06,-2.366340912611864788e-05
-6.557949067121392249e-06,-4.733711326191178273e-05
-5.652612432539028142e-06,-2.843605651750609210e-05
-4.656748362297351465e-06,-1.069938264338347239e-05
-2.438755465414640808e-06,-6.983327183644324989e-06
-1.940183081905439687e-06,-1.222669607596084583e-05
9.178361287027134638e-06,-1.016070845798011890e-04
1.166798013684665080e-05,-9.653167153510600702e-05
6.549469336942885183e-06,-5.793961148716271915e-05
-9.559140035884137808e-07,-1.566161664552901637e-05
5.051463173556379487e-06,-4.830537240012110862e-05
4.768014728916870796e-06,-2.951503174402985734e-05
-1.086700793893028029e-06,-1.567197726559021515e-05
-5.655018443382101380e-07,-1.347265383478281326e-05
9.230762461853855672e-07,-2.770197126730543512e-05
5.965798223404729843e-06,-2.271855928807346673e-05
6.553456970703172442e-07,-2.429907898881071007e-05
3.654375841712424203e-06,-1.108159989255932596e-04
5.885161004529077525e-06,-1.073591329869332737e-04
1.067921565450864032e-05,-2.581186440575978399e-05
1.340493335765488771e-05,-2.929885243447241484e-05
8.735036311071583089e-06,-4.940157219260470246e-05
4.836727523243480250e-06,-1.867722661083275054e-05
1.558279105181848746e-06,-1.882903018956365361e-05
3.636786925261239320e-06,-2.101102691818451142e-05
-8.853398809863871785e-07,-1.364313384029323499e-05
2.679701494947724055e-06,-4.046243916408628140e-05
4.567555790584124972e-06,-9.315507978600541040e-05
-1.495935450766153794e-06,-1.527789317938882773e-05
1.422628019972476027e-06,-1.425864876055936278e-05
1.439591354749341809e-06,-1.676056217788537178e-05
-2.819893247955328710e-06,-1.346798850003815783e-05
1.336818594693735696e-05,-7.652173973519967129e-05
1.251524336014839149e-06,-4.279711155593870505e-05
7.123811913161670479e-08,-3.360911331371123675e-07
8.491157645537987789e-08,-3.878381942641819769e-07
-1.949569279461775243e-06,-1.620490679591958538e-05
3.679594699813972651e-06,-5.540582510558102961e-05
1.322780674563415241e-05,-3.351821260233665508e-05
3.483217522574559166e-06,-6.006142042576165506e-05
8.887314651380047922e-06,-6.453536761236596767e-05
-1.350185641617159758e-06,-1.959208545750583969e-05
2.133337812345024387e-06,-2.910064405860775550e-05
-1.732364065971855863e-06,-6.570418155040605614e-06
-1.385916121585575340e-06,-4.719415967843476340e-06
5.322865258402971975e-06,-2.750275267923847058e-05
-9.564918983765306165e-07,-3.386251443042311649e-06
3.985107485775659533e-06,-1.086301208534854444e-04
-2.305976864509945981e-06,-6.112171023899770031e-05
-4.565065111183075049e-06,-7.640156438295156297e-05
1.110473731529595702e-07,-1.873122178524895193e-06
7.419148098617999925e-08,-2.846615478931514336e-06
1.223071432682811165e-07,-2.666270033129435342e-06
3.185458193561927772e-08,-4.001626197685275907e-06
6.626052470581409904e-06,-3.337113033471388344e-05
-7.415011941132552989e-07,-1.508765217274052800e-05
-3.617379853372692544e-07,-2.430587949092742359e-06
-1.957337654241882688e-07,-1.760114278170701924e-06
5.845938171673537609e-06,-7.729054996004217429e-05
1.099314141708354968e-06,-3.528556189527024006e-05
4.954238788835850023e-06,-2.543911493263796621e-05
6.469286784839258630e-07,-2.845500688958181951e-06
-2.051568605101136490e-06,-1.803976139360889184e-05
1.255782543679363410e-06,-3.515327052004238466e-06
-3.223082299442937306e-07,-4.469273692807047482e-06
-6.447742716244890205e-07,-1.733770188306372757e-05
-2.299606609757257319e-06,-5.442469178134154716e-05
-4.228457602790517622e-06,-6.679833999871470868e-05
8.090700837480089658e-06,-5.601685480529537486e-05
3.614013694103613259e-06,-2.205478948315851059e-05
-8.368114400795002586e-08,-3.895009976538724344e-07
-7.025162860209740916e-08,-3.365338042746967998e-07
-2.674622183756755628e-07,-1.908842717381127657e-06
-1.543962372903415210e-07,-1.404971738498534018e-06
-1.215187624960469110e-06,-1.510425583883160388e-05
-2.507285613512675924e-06,-4.669906436975846683e-05
-4.305808916830686137e-06,-5.651210572241932784e-05
-8.643111174694722366e-08,-7.779866147033561942e-07
-1.209067970815492519e-07,-9.582547976669711382e-07
9.692517723680591792e-06,-9.520836371755867595e-05
8.544702010171783359e-06,-1.033197434575676221e-04
-2.404462414014691622e-06,-3.787128324921856494e-05
-1.376812390042037761e-06,-1.327647197924074959e-05
-3.944154826589880203e-06,-4.519411079876869367e-05
3.806654444433168239e-06,-1.067544279568461774e-04
1.788514843842011164e-06,-5.128263165494370389e-05
2.980852522026612985e-06,-5.283543449478754565e-05
2.603421470063385263e-06,-1.164758664790056640e-04
1.707175035893848783e-06,-5.939856950780833327e-05
1.436514953982928097e-05,-8.999967727183171961e-05
4.880049149735722822e-06,-2.175640406414569824e-05
1.525168849749455280e-07,-1.510332539029268956e-06
1.082100671338815171e-07,-1.152357341424542991e-06
1.440432348322715777e-06,-6.653007490680940819e-05
1.334876603290122613e-06,-1.228415749607202003e-04
3.954248966649311889e-06,-2.496776802473186875e-05
3.990401760305307497e-06,-2.944898882297591655e-05
4.183397382620558226e-07,-9.096657149798591097e-06
1.022951747321898774e-07,-1.627400093761891625e-06
7.498888275901994354e-08,-1.302838274326128196e-06
5.490361010912698145e-08,-1.258468474125073674e-04
1.037301508749130730e-06,-7.229614751476018657e-05
7.611355418162095364e-06,-2.524311161800188146e-05
-1.442427285264815035e-06,-6.914676981696153810e-06
-1.602721515311782383e-06,-1.961648076939453709e-05
-2.545969188406686663e-06,-2.321331917807010559e-05
5.044842779169490900e-07,-7.637236861098821580e-05
-1.203197927715185041e-06,-1.255783865526746853e-04
1.018920583298152360e-07,-6.502924512942265082e-07
7.889171373424765866e-08,-5.468997983158103205e-07
-1.055196648247753897e-07,-7.849222509657212583e-05
-2.311956316465800770e-06,-1.221631264000566566e-04
1.886563406163669576e-08,-6.866147253944799599e-06
2.317252308715024380e-07,-5.179086984512375631e-06
4.145431420052123224e-06,-1.097504777449320593e-05
4.020998657102726269e-06,-1.350784885522434807e-05
3.042316988079059912e-07,-7.787722138014385796e-05
2.019756083389527325e-06,-1.126275700519524644e-04
1.887514920670797206e-06,-4.810959643364696737e-05
1.104011457380825981e-05,-2.744793036592864220e-05
-4.006733499381350935e-06,-1.076045635534992988e-04
-1.262807745899738344e-06,-7.653833789126530582e-05
1.691449501143443453e-06,-7.059209788170473974e-05
2.770428176410804111e-06,-9.303551248900698086e-05
9.495713438907540352e-08,-8.185545251385121056e-07
7.628419606144543062e-08,-6.933998212350163729e-07
-2.143815929657930081e-06,-6.732684311269898538e-05
-4.814494160539216320e-06,-8.663871025233203836e-05
8.856013669635250653e-08,-8.980431305509959762e-07
1.250081670465509195e-07,-1.135663635452909678e-06
-2.723579635456565568e-06,-1.770839069001459146e-05
2.493661417521287431e-06,-1.732185930818519137e-05
6.859672098902894719e-06,-2.494042834095044889e-05
1.519990101790962162e-06,-1.023676963840722311e-05
-1.657072736102246644e-07,-4.121681196439953826e-06
-5.000990796381928769e-07,-5.886100086552871064e-06
9.725423377784035379e-07,-1.128263646558921185e-04
-1.848088763108992322e-06,-1.520650425986456516e-05
6.803718832966619062e-06,-4.634976575193643517e-05
9.625102625837114259e-06,-2.510275674596088575e-05
2.710334582636824776e-06,-2.465072515476305273e-05
6.306858340582223968e-06,-5.947285752796499416e-05
-2.441892338558903234e-05,-8.673358704400967395e-05
1.716702156318333065e-05,-8.160831006967453479e-05
-1.255672774868869693e-05,-3.814687760091598721e-05
-8.368429130885009670e-07,-6.994721521008017757e-06
-2.870869904824146964e-07,-4.820739816128862379e-06
-1.598414815752404200e-06,-1.724624049630496964e-05
-2.615570942613317542e-07,-5.197892490378771428e-06
-6.108180068914340496e-08,-3.645995150241164567e-06
7.230043329853165645e-06,-2.335637064334759186e-05
8.538304322385844537e-07,-2.601355234011384183e-05
4.400375769650552562e-06,-2.059155227496752488e-05
-1.071762364199592629e-06,-7.197382073214277724e-06
-1.581440809903593706e-06,-1.030721293573563137e-05
8.632736355271460092e-07,-1.657006764105077603e-05
-1.866121379707814992e-06,-8.935976872584424396e-06
5.625114455266343756e-06,-5.374219580313312851e-05
1.974716171134905309e-05,-5.836210658283161204e-05
2.185696944408230092e-06,-2.084059298072359943e-05
4.916390718188411101e-06,-1.046736171610426676e-04
-1.654130504264229047e-06,-1.523431558994898998e-05
-2.759326232464295631e-05,-8.996956168993443768e-05
3.758882713429710820e-06,-2.879425770002872801e-05
1.829392669197957733e-06,-9.599301999052309927e-05
1.262133868152477227e-05,-7.166460209748297925e-05
1.028937780368229791e-05,-5.766720583714890226e-05
1.943205244123199005e-05,-5.141738038819086834e-05
6.027163121665544305e-06,-5.929759738223473530e-05
-3.167950348719976609e-06,-1.122716004787211218e-05
3.384320285703726554e-06,-1.102776367069612987e-04
-4.738729344241308336e-07,-5.774523914377883922e-06
-1.247242813315988900e-06,-8.504579747884107765e-06
4.115659216459313896e-07,-1.512376570486600230e-05
-4.811077271915479362e-07,-1.613931619175308743e-05
4.513973763658230268e-06,-3.737873259850689667e-05
-4.972423753256060926e-07,-1.238010561125924712e-06
-2.382778231521699657e-06,-1.491957566339715149e-05
1.554798580552631336e-05,-6.367551059422600082e-05
-1.430322353196466934e-06,-4.469912108155989222e-06
-8.646370262169198474e-07,-3.388436489770704845e-06
-1.982485481606159043e-06,-1.206969544843969336e-05
1.595214119813690156e-05,-4.509793144313100429e-05
1.125589846453463155e-05,-5.728268921920181617e-05
2.815018008396820090e-08,-3.505320186672148898e-06
5.281571857113104678e-08,-2.558094613891150192e-06
6.892515696660055505e-08,-1.711124979758287870e-07
8.045143828931227986e-08,-1.948801120803812740e-07
-8.139861943650232994e-07,-7.491081783619070796e-06
-2.095985476782468301e-07,-5.244825870003015638e-06
6.291450633060265328e-06,-5.761952884855094830e-05
6.325382771370364209e-06,-2.387323664397976176e-05
5.478213604613793242e-06,-3.117533703463714982e-05
-7.383342344578221295e-08,-1.864910528456379126e-07
-8.650657443740272996e-08,-2.136114640422766140e-07
2.362066673733552902e-06,-1.116638907876111729e-04
5.217216083751473019e-06,-4.836444599522816176e-05
1.104434556644736615e-05,-9.245194177351270370e-05
-2.598822211115938164e-07,-1.622685646108559517e-05
9.832650930700940499e-06,-7.089536066141958462e-05
1.468996633081287339e-05,-3.666145644724221297e-05
-2.838734918750815783e-06,-4.875285165552332410e-06
-9.280034396308264434e-07,-1.575827514604348224e-05
2.149361097102748835e-06,-1.711672238088881055e-05
5.624060160817768357e-06,-2.604313915534339435e-05
2.618028329412309299e-07,-1.642276544617471572e-05
-1.213034157700717361e-05,-3.781784774206917762e-05
-2.100735963245909093e-06,-1.555777199080624553e-05
6.240679281679260219e-06,-2.726189396475239517e-05
-1.545829110655970869e-07,-2.145259465184375196e-06
-2.792857085863591961e-07,-2.902795385331663864e-06
7.436220670236834297e-07,-1.222167212240812092e-06
-2.192051486427223972e-07,-5.430303975864127806e-06
4.084345418390192415e-07,-3.632776675759833828e-06
-6.746374663200029371e-07,-1.053762495341299411e-06
1.993669737467871570e-05,-6.743553235855687578e-05
5.124816055620296571e-06,-3.579476500128843451e-05
5.629427992302476894e-06,-5.688615824895224232e-05
7.294741877044672502e-06,-4.298844097021603332e-05
4.638632437393278746e-07,-9.418859818348812057e-07
5.254776427611875641e-06,-2.743653139368425997e-05
6.343252700919368555e-06,-5.269655478678507302e-05
2.978745386123334409e-06,-1.037417806057210214e-04
-2.241205450779463370e-08,-1.175334834016940511e-05
5.208934116034236112e-06,-5.921594961153550489e-05
1.059764589092738016e-06,-1.125356603906505903e-04
-9.847087938004748253e-07,-7.857979875464869398e-06
-2.307833434230587888e-06,-1.154060869115213343e-05
-1.823938455992945456e-06,-9.425746264092825838e-06
-8.291034021979853606e-07,-6.403680397850698194e-06
4.818233819338294639e-06,-4.413087052769326505e-05
-1.066273499191113362e-07,-1.427637068714303410e-06
-1.698642232732838314e-07,-1.857897880311849969e-06
1.076099972241280280e-05,-2.640799114948656729e-05
6.651720780313849191e-06,-3.089088502687117660e-05
8.073998338554930263e-07,-1.638490624251888816e-05
-6.237201216918352212e-07,-1.257711239526555118e-05
3.978385131675464152e-06,-1.944393075941536184e-05
2.857482875334027431e-06,-4.148097777604089521e-05
1.622950239664279214e-06,-2.626297783116711843e-05
