Size 979,2
0.000000000000000000e+00,0.000000000000000000e+00
0.000000000000000000e+00,0.000000000000000000e+00
0.000000000000000000e+00,0.000000000000000000e+00
0.000000000000000000e+00,0.000000000000000000e+00
0.000000000000000000e+00,0.000000000000000000e+00
0.000000000000000000e+00,0.000000000000000000e+00
0.000000000000000000e+00,0.000000000000000000e+00
0.000000000000000000e+00,0.000000000000000000e+00
0.000000000000000000e+00,0.000000000000000000e+00
0.000000000000000000e+00,0.000000000000000000e+00
0.000000000000000000e+00,0.000000000000000000e+00
-1.179471768721879773e-06,-1.677563639638020879e-05
-1.597926175296198485e-06,-1.733836127974757574e-05
0.000000000000000000e+00,0.000000000000000000e+00
0.000000000000000000e+00,0.000000000000000000e+00
0.000000000000000000e+00,-1.126565861928050173e-04
0.000000000000000000e+00,-1.138898143606201235e-04
-1.081197494489573326e-06,-1.074088844208550186e-04
-1.917547746915410743e-05,-7.751404444453835810e-05
0.000000000000000000e+00,0.000000000000000000e+00
-1.431518725623091019e-06,-8.879582801653475169e-06
-2.546544258540190417e-07,-1.103748585697002227e-05
-2.531684242096068840e-06,-1.439593860462663874e-05
-2.508878848732430826e-06,-1.710068570276456374e-05
-1.392842252414635955e-06,-1.174176266970604513e-05
-2.195981858532735301e-06,-1.527239154916672513e-05
2.364205080174847041e-07,-1.845358873617511096e-05
-2.038701037552592345e-06,-2.213397849837078941e-05
-2.057060514543842040e-06,-7.281604442139419612e-06
-2.176680016426903955e-06,-1.608199557622855106e-05
-1.396219796702203753e-06,-1.774022933995567320e-05
1.691303134061756269e-06,-5.016741308181155037e-05
2.324772552758117488e-06,-7.994638939787951110e-06
8.272354549927113103e-06,-5.401807924918536975e-05
-3.623956858180742793e-06,-8.573815859836636473e-06
8.460457191634364115e-06,-3.063734212023905138e-05
-9.905020089383718163e-06,-3.254697790733161917e-05
-3.783484537288784014e-06,-6.678013119372188246e-05
8.322152550527874272e-07,-1.228239661606661568e-05
1.090845437894550660e-05,-6.806850648994870897e-05
-1.152376479792835212e-06,-1.035137970999795780e-04
-3.396527970765147767e-06,-6.909881044500522233e-05
-1.727496352918216877e-05,-9.383321098800712968e-05
1.067857069506268618e-05,-7.639336076438892856e-05
8.964501936762245510e-06,-3.202678357544255604e-05
2.983166639990160215e-06,-5.312428998176460873e-05
-9.887257429329386363e-06,-3.938445769036397605e-05
7.382269203621420444e-06,-6.031217629310378723e-05
-5.128346989662346495e-06,-1.062429194585974350e-05
-8.160619415464916978e-06,-1.837698109926447050e-05
-1.055238876995683657e-05,-2.785562441239177708e-05
-1.207191493734273988e-05,-3.856815592393314209e-05
-1.276111160820538798e-05,-4.981413474087726344e-05
-1.272586537455236243e-05,-6.064826525158207795e-05
-1.259695259856934426e-05,-7.084243681496749491e-05
-1.272777641522918597e-05,-8.089224608015222427e-05
-1.274212486876543270e-05,-9.129615003842850079e-05
-1.182050326814058984e-05,-1.018488628431367475e-04
-1.003666642170482293e-05,-1.111651752222475836e-04
-7.562673846023223762e-06,-1.185870757895543146e-04
-4.523895121519545009e-06,-1.235709723595452419e-04
-1.054861804521583397e-06,-1.257241302294187925e-04
2.692761720867682683e-06,-1.247555308952705288e-04
6.586669485626980699e-06,-1.204837446698733095e-04
1.049645455262698617e-05,-1.128530239755907847e-04
1.431216521381883678e-05,-1.018859154141066634e-04
1.787267903873246029e-05,-8.746019756003009548e-05
2.072159166114004766e-05,-6.944964302455026496e-05
2.136784506761416316e-05,-4.865298935817883197e-05
1.822798096903964507e-05,-2.762170002104359184e-05
1.063382247790260916e-05,-1.070991572543532488e-05
0.000000000000000000e+00,0.000000000000000000e+00
0.000000000000000000e+00,0.000000000000000000e+00
0.000000000000000000e+00,0.000000000000000000e+00
0.000000000000000000e+00,0.000000000000000000e+00
0.000000000000000000e+00,0.000000000000000000e+00
0.000000000000000000e+00,0.000000000000000000e+00
0.000000000000000000e+00,0.000000000000000000e+00
0.000000000000000000e+00,0.000000000000000000e+00
0.000000000000000000e+00,0.000000000000000000e+00
0.000000000000000000e+00,0.000000000000000000e+00
0.000000000000000000e+00,0.000000000000000000e+00
0.000000000000000000e+00,0.000000000000000000e+00
0.000000000000000000e+00,0.000000000000000000e+00
0.000000000000000000e+00,0.000000000000000000e+00
0.000000000000000000e+00,0.000000000000000000e+00
0.000000000000000000e+00,0.000000000000000000e+00
0.000000000000000000e+00,0.000000000000000000e+00
0.000000000000000000e+00,0.000000000000000000e+00
0.000000000000000000e+00,0.000000000000000000e+00
0.000000000000000000e+00,0.000000000000000000e+00
-4.036848443265961262e-06,-8.633295755259467316e-06
-6.324790043148699574e-06,-1.545600750944055109e-05
-7.919136766394423307e-06,-2.352837181450438223e-05
-8.710433460628716455e-06,-3.226370030374132650e-05
-8.773399368554466043e-06,-4.103400060701176258e-05
-8.230842282761706126e-06,-4.914025944014986522e-05
-7.457204979357242817e-06,-5.632905276848016661e-05
-6.607712563261885865e-06,-6.267780024242962324e-05
-5.540182722952295131e-06,-6.821284909824388133e-05
-4.009650761207080414e-06,-7.266171373683267144e-05
-2.161509735305816404e-06,-7.542133825007265376e-05
-1.479152894089216203e-07,-7.630903725598732110e-05
1.904296329188594265e-06,-7.521915944483141493e-05
3.857637656297953513e-06,-7.219587583786716580e-05
5.564772967213833834e-06,-6.738126616711537730e-05
6.887658306641375344e-06,-6.103060338281431074e-05
7.680065109663121681e-06,-5.352956670490934687e-05
7.770070519016367049e-06,-4.563806565964837175e-05
7.463223822676486446e-06,-3.786151176039902053e-05
7.031377532628459856e-06,-3.028136497994969207e-05
6.382735250340617007e-06,-2.277625279700246118e-05
5.105911023661284939e-06,-1.551544104805291030e-05
3.186038326260871724e-06,-9.031053621998834830e-06
0.000000000000000000e+00,0.000000000000000000e+00
0.000000000000000000e+00,0.000000000000000000e+00
0.000000000000000000e+00,0.000000000000000000e+00
0.000000000000000000e+00,0.000000000000000000e+00
0.000000000000000000e+00,0.000000000000000000e+00
0.000000000000000000e+00,0.000000000000000000e+00
0.000000000000000000e+00,0.000000000000000000e+00
0.000000000000000000e+00,0.000000000000000000e+00
0.000000000000000000e+00,0.000000000000000000e+00
0.000000000000000000e+00,0.000000000000000000e+00
0.000000000000000000e+00,0.000000000000000000e+00
0.000000000000000000e+00,0.000000000000000000e+00
0.000000000000000000e+00,0.000000000000000000e+00
0.000000000000000000e+00,0.000000000000000000e+00
0.000000000000000000e+00,0.000000000000000000e+00
0.000000000000000000e+00,0.000000000000000000e+00
0.000000000000000000e+00,0.000000000000000000e+00
0.000000000000000000e+00,0.000000000000000000e+00
0.000000000000000000e+00,0.000000000000000000e+00
0.000000000000000000e+00,0.000000000000000000e+00
-2.319940425688256211e-06,-2.350961951853003007e-06
-3.450892010859818372e-06,-5.506501996849329851e-06
-3.823779266301165625e-06,-9.052634239132125867e-06
-3.577742348008126806e-06,-1.234288662761345673e-05
-2.846628835622444361e-06,-1.492475808476282074e-05
-1.767713001257008932e-06,-1.639756586364958689e-05
-5.931934343487544830e-07,-1.658454476201066049e-05
5.217684794542387105e-07,-1.549290777979769909e-05
1.347790590700300368e-06,-1.324603600915056812e-05
1.636018370553138373e-06,-1.018448431662703978e-05
1.365617996779266240e-06,-6.673250630075399457e-06
0.000000000000000000e+00,0.000000000000000000e+00
0.000000000000000000e+00,0.000000000000000000e+00
3.364804635821381546e-07,-1.597247636418921635e-05
1.586977700958021165e-06,-1.415995984409740495e-05
2.485229795045358321e-06,-1.150043454725259041e-05
2.905987783026079769e-06,-8.302983503592203867e-06
2.758714276808604397e-06,-4.999497651787905180e-06
1.908110582699294359e-06,-2.106518003781836240e-06
-1.574336539871222931e-06,-1.745414431401787485e-05
-1.953924934694023718e-06,-1.745487353194037785e-05
-2.234306748804552825e-06,-1.735630725147501300e-05
-2.355408680123797329e-06,-1.715501712711062001e-05
-2.241595221829607981e-06,-1.690852472801291376e-05
-2.331073734389749314e-06,-1.557833586941620148e-05
-2.897890069594787491e-06,-1.252402403009574945e-05
-3.053788927823359702e-06,-7.910259981209817563e-06
-2.280272010423626067e-06,-3.054621562626510057e-06
0.000000000000000000e+00,0.000000000000000000e+00
0.000000000000000000e+00,0.000000000000000000e+00
1.977895750253836065e-06,-1.122828248373759118e-04
3.813266323222344350e-06,-1.113675809924817648e-04
5.484620805787997241e-06,-1.099764154954174826e-04
6.933448608169939066e-06,-1.082663933219437909e-04
8.214896839057194181e-06,-1.064061960950059532e-04
9.418267605276758073e-06,-1.044446891885821986e-04
1.071594280583944642e-05,-1.024541131588737155e-04
1.211777382709058877e-05,-1.002712447016482970e-04
1.363466506452555132e-05,-9.778156812471365989e-05
1.522968577468399723e-05,-9.490300181887073344e-05
1.682914124918373708e-05,-9.158994518492297112e-05
1.835058062104811996e-05,-8.785627096935762269e-05
1.970611004416422497e-05,-8.375912396513086693e-05
2.093320238747748522e-05,-7.934201580576401942e-05
2.192980926440970244e-05,-7.472328128019102946e-05
2.272667500069954966e-05,-6.992085720186340023e-05
2.329360520970842765e-05,-6.494001741420413730e-05
2.358407510904256455e-05,-5.995150380718844804e-05
2.353437304603850293e-05,-5.490968986841736165e-05
2.320891716125049955e-05,-4.995655923601286593e-05
2.253012781661465938e-05,-4.525358986626658515e-05
2.151782714980061910e-05,-4.085326631405174718e-05
2.024453301223518018e-05,-3.688990686812698521e-05
1.875508817655988761e-05,-3.339934025021982773e-05
1.715756833213106031e-05,-3.043841416981981086e-05
1.548318454160845593e-05,-2.800346898968453021e-05
1.374052354611637604e-05,-2.608603994293746730e-05
1.202462848931612915e-05,-2.466977658039209479e-05
1.024939850943034278e-05,-2.375774321502624123e-05
8.583154840378724439e-06,-2.336377121589329123e-05
6.901064052056640588e-06,-2.352571372567342385e-05
5.387551217684375787e-06,-2.420080567435788885e-05
3.980734801475239895e-06,-2.540542866956392110e-05
2.776278400211572308e-06,-2.712959077242702851e-05
1.821977489374843695e-06,-2.928460495804020478e-05
9.752172204894442184e-07,-3.184085954483914722e-05
2.805625174592506138e-07,-3.488007227809165195e-05
-1.394178528997003481e-07,-3.838899240653888338e-05
-2.373395991259677829e-07,-4.231121834267858152e-05
9.910196872805507246e-08,-4.639608480145545022e-05
8.809679474652164324e-07,-5.027839398465153246e-05
2.135559829622888767e-06,-5.357785560739810162e-05
3.620050006295005471e-06,-5.594392309109350888e-05
5.516960956458881056e-06,-5.715824167329298792e-05
7.390147825300297673e-06,-5.705646301761086911e-05
9.107224224953136969e-06,-5.568602402484057012e-05
1.058791551987169596e-05,-5.332597997057233661e-05
1.180482337555280993e-05,-5.011896464686574029e-05
1.262661240567527113e-05,-4.626211477787501485e-05
1.294983046938516576e-05,-4.199156735905613740e-05
1.271349785404713014e-05,-3.773657199554452258e-05
1.208494353910960414e-05,-3.384930051296335070e-05
1.112163162614163207e-05,-3.039522763160584871e-05
1.001210700502018409e-05,-2.750687106169226898e-05
8.795571852459038573e-06,-2.512818880452169000e-05
7.548455385660189408e-06,-2.325170003448229759e-05
6.380111461502252507e-06,-2.179688126775057661e-05
5.276505366675279643e-06,-2.071860610088480366e-05
4.289420103223862908e-06,-2.000638415501952645e-05
3.435561277134423507e-06,-1.954999852933802975e-05
2.708667984300902857e-06,-1.923664177813610751e-05
2.120714337051409075e-06,-1.905033206526973692e-05
1.698422903351723741e-06,-1.897711160921854894e-05
1.447832794068615266e-06,-1.892163210025065166e-05
1.403636490620594373e-06,-1.881230455918310861e-05
1.589004990653275905e-06,-1.853431870784678809e-05
1.976554477563727308e-06,-1.795621766782234019e-05
2.544189645576119785e-06,-1.685557531753529789e-05
3.174024579858289939e-06,-1.507795401180863825e-05
3.699906460547191402e-06,-1.256797101936430781e-05
3.934531863245077386e-06,-9.414351499965163076e-06
3.612703721862440049e-06,-5.953954991423126813e-06
2.483573391718645585e-06,-2.671094261320535872e-06
0.000000000000000000e+00,-1.130780555489760268e-04
0.000000000000000000e+00,-1.135471595440314173e-04
-4.911329270822294898e-07,-1.132066230968540341e-04
-9.398412311220122860e-07,-1.112619635574956781e-04
-2.548282686867831229e-05,-8.537207894431897252e-05
-2.656647865293325047e-05,-9.332781990954802057e-05
-2.096257156693124944e-05,-9.815829937317429926e-05
-1.383301583015937051e-05,-1.021900948223563021e-04
-6.399553930062713535e-06,-1.054382491039510786e-04
-9.796539575102260826e-06,-8.835440137465970980e-06
-1.634404748232760418e-05,-2.150787101139093823e-05
-2.004302821470066423e-05,-3.828985696303005760e-05
-2.110608686509496884e-05,-5.699118058047205422e-05
0.000000000000000000e+00,0.000000000000000000e+00
-4.632885549845956610e-07,-6.345851270742345747e-06
-1.185304214927775244e-06,-8.692334874075491666e-06
-3.354144631608255637e-06,-6.763604141614584675e-06
-4.112830481594226396e-06,-8.883492541498116035e-06
-4.038385316983998011e-06,-1.164728056206723310e-05
-3.366031437505331013e-06,-1.412171903713251932e-05
-2.708563463097239717e-06,-1.053329949306109244e-05
-3.281566507297172832e-06,-1.312351774834675519e-05
-2.667753392834304602e-06,-1.486151245784013356e-05
-2.050407349423115159e-06,-1.614795854593578431e-05
-1.508873292385513032e-06,-1.701943655465593754e-05
-1.249410737679627621e-06,-1.756394676791839168e-05
-1.957359285596271489e-06,-1.651864668065441982e-05
-2.254819490281550966e-06,-1.705463759744150497e-05
-2.219476490696684750e-06,-1.741798997352884574e-05
-2.031785944145372045e-06,-1.765487001465489370e-05
-1.742758932285753301e-06,-1.776318866410732584e-05
-3.895076495990478459e-07,-4.360760352356633898e-05
-1.582799182068258265e-06,-3.796005525526314957e-05
-2.218889671735972485e-06,-3.286460782823352148e-05
-2.548547504964906673e-06,-2.840230096190769866e-05
-2.466714054311736056e-06,-2.419801576353531458e-05
-2.102008860332907143e-06,-2.003741868943135590e-05
-5.781225645541153235e-07,-1.598821279391582961e-05
7.633595881477485016e-07,-1.179663178388657292e-05
9.638953162630636026e-07,-5.261849592951343518e-05
2.453928260842207340e-06,-5.447216354987281897e-05
5.204302278363306288e-06,-5.576806073852472276e-05
8.286203773357759181e-06,-5.654585438992731195e-05
1.066969291385861582e-05,-5.677250674206627516e-05
1.073901033752266224e-05,-5.567716012713116834e-05
9.593346517954930741e-06,-4.644263772296886771e-05
1.035551244425249801e-05,-3.839755491553433869e-05
1.052075142473308087e-05,-3.003987220889485911e-05
9.983889681651405158e-06,-2.182065301667993279e-05
8.529408217207386356e-06,-1.450085174813776253e-05
5.845707753464161622e-06,-8.811551530461084699e-06
-2.723840474189151923e-06,-1.207852971049845353e-05
-1.335415607552168207e-06,-1.522076518929094635e-05
1.370650210689753198e-06,-1.774073864761967188e-05
3.815468251076337429e-06,-2.019648250751067940e-05
6.171318474270641841e-06,-2.268257056418372975e-05
7.941615793379296613e-06,-2.588470603030953863e-05
-6.335953079962374832e-06,-8.840758595772267003e-06
-8.453634674178238644e-06,-1.302313050740390057e-05
-9.620211898190493037e-06,-1.891354854078439629e-05
-1.007285075794108975e-05,-2.543036322474478853e-05
-1.221269200922221920e-05,-3.509264035727742599e-05
-9.961206600610295530e-06,-3.666819574920346961e-05
-4.635967457631130351e-06,-3.647105745052521645e-05
1.411426019778857374e-06,-3.541128826865242829e-05
6.335314431623403202e-06,-3.347835203287392115e-05
-5.232965753795961399e-06,-5.771350935325011711e-05
-5.329596659431027567e-06,-5.002426599408321917e-05
-4.963775114294548885e-06,-4.276883877746018189e-05
-4.129790884755465517e-06,-3.545121881354141316e-05
-3.004460871759807011e-06,-2.778044606998301917e-05
-1.885117351349885707e-06,-1.974487521052738570e-05
7.093682358791240165e-08,-7.065559296035593998e-05
7.012823218956725573e-06,-7.253895969531875415e-05
1.197644121880940481e-05,-7.175293386158602938e-05
1.204260516357551558e-05,-5.707303327571711614e-05
1.244077480367912956e-05,-4.635245583483836032e-05
1.214527088971181701e-05,-3.575782879348255025e-05
1.106249914455745846e-05,-2.575153857615457845e-05
8.907735791923696405e-06,-1.723560782472268957e-05
5.286211293987927227e-06,-1.112379105230779341e-05
-3.518442034494258408e-07,-1.035999670105965386e-04
-4.628967088614048385e-07,-1.013157253853764551e-04
-9.484530514504813994e-07,-9.794682850592998627e-05
-1.643387377177901762e-06,-9.358698851707111777e-05
-2.359865434630703513e-06,-8.845128568901703694e-05
-3.032406527813847502e-06,-8.258217649316952895e-05
-3.468719161006117565e-06,-7.615482427322896656e-05
-7.902194163674104840e-06,-9.931755794004609088e-05
-1.534373066444526363e-05,-9.576716117880858757e-05
-2.238495266388742445e-05,-9.277305159056158991e-05
-2.724920722539067889e-05,-9.055964299862762068e-05
-2.684665049752327522e-05,-9.149537293376137741e-05
1.159922242995176666e-05,-7.069844385720331747e-05
5.565825908181403643e-06,-6.769319396135033509e-05
-1.720064401565445514e-06,-6.726875686539379761e-05
-1.381559526047677672e-05,-1.064763128106561367e-04
-1.014356689386495260e-05,-1.160363501125289190e-04
-6.418369214758483866e-06,-1.223592396129306512e-04
-2.745106393517916165e-06,-1.254464585048842924e-04
7.247951280332933055e-07,-1.254062832906347640e-04
3.928545963084352335e-06,-1.224340516036458496e-04
6.717899320676433475e-06,-1.168111299733381531e-04
8.874455819893259181e-06,-1.089837156983870532e-04
1.037922786607367297e-05,-9.946003643620011264e-05
1.106061674659235047e-05,-8.873364241169844145e-05
9.595704780051544773e-06,-3.681298822600771140e-05
9.588837865149540303e-06,-4.214655439793002891e-05
9.169708431919601057e-06,-4.782803207352150202e-05
8.406666904787745434e-06,-5.294720729569024300e-05
7.382886702470414476e-06,-5.653099379372527315e-05
6.157103360807637659e-06,-5.769759192811795782e-05
4.661987886971038464e-06,-5.650411634631439807e-05
8.125975280043625486e-06,-3.093860176264606163e-05
3.834214742388875337e-06,-3.070246686625625144e-05
-2.558051617194272356e-06,-3.128708857191054855e-05
-8.990693159515598715e-06,-3.262683768635488862e-05
-1.206583374039424783e-05,-3.555861229258634379e-05
1.074729572838216365e-05,-5.758275517396266167e-05
1.042129070507267217e-05,-5.530220096385217432e-05
7.562021462230359831e-06,-5.412365644546417929e-05
4.311257197497499901e-06,-5.326924080707947810e-05
1.613828882661954621e-06,-5.277427756084952115e-05
5.553541315178933708e-07,-5.267837547185984768e-05
-9.953014727241899897e-06,-4.836733621843839810e-05
-9.246798210770037859e-06,-5.629288656975311317e-05
-7.997707898164750612e-06,-6.329809733134716769e-05
-6.312848664365959172e-06,-6.904973904924595069e-05
-4.323948405716065085e-06,-7.324001958604449360e-05
-2.117381292571712246e-06,-7.565576867475525566e-05
1.792238739309181205e-07,-7.617147988560704110e-05
2.362465337588546633e-06,-7.480639113410042452e-05
4.400098704607170982e-06,-7.166498910778761478e-05
6.100595400794273723e-06,-6.690006542603098001e-05
1.676711005411438184e-05,-3.472366790115759771e-05
2.661987181840834434e-06,-1.911745802294840914e-05
9.004613310962231485e-06,-2.303589579736390808e-05
5.856690319228030065e-06,-2.230699774257898567e-05
1.297695233122526290e-05,-2.655473701017029708e-05
1.930693873703642240e-05,-4.730987796271497064e-05
-1.592284479593569888e-06,-3.650555736755071708e-05
-4.183279578295827070e-07,-3.162604084066480653e-06
-1.889631160299634927e-07,-2.471417436959293083e-06
1.933780104464034985e-05,-6.311514668305182138e-05
-1.460506729683350593e-06,-1.662806521884045396e-05
5.431779366104534170e-06,-2.092483563087275717e-05
-1.813286783350356845e-06,-2.452196342395990432e-05
-2.058334085367405760e-06,-1.701939446825620025e-05
-8.257632930392803437e-08,-3.747164112244200166e-06
5.409054846615559531e-08,-2.640526587034899824e-06
-7.999472564865681886e-07,-5.112353438661664781e-05
1.196278184343883670e-06,-2.150401886553898951e-05
1.762324962032294073e-05,-7.794192475717886441e-05
1.345713150731181011e-06,-1.877619824896538495e-05
7.691893639240450105e-06,-2.820501669880613095e-05
5.504387907869698327e-06,-2.445538856014846846e-05
1.630173764806413258e-07,-2.169735968053472962e-06
1.387481052749012374e-07,-1.669900361596861585e-06
1.040445137453955546e-07,-8.615361032013754352e-07
8.057376612967577014e-08,-7.272590488641282985e-07
2.156012944924733337e-08,-6.618724538893992998e-05
4.025688195262839308e-06,-2.005635732154895912e-05
1.527025523042815965e-05,-8.609250985536707459e-05
1.328130060979347017e-05,-9.374554571308712310e-05
1.044446619109778697e-05,-9.948968017591516605e-05
-1.331476469768442489e-07,-1.391327176581798799e-06
-2.116266815743708451e-07,-1.764990130415009747e-06
-8.653825303133960526e-08,-6.046839570928685265e-07
-1.081566903984982379e-07,-7.026923339280077025e-07
6.953429730054655067e-06,-1.054429759794618644e-04
1.070364018001667253e-06,-1.865463086063540326e-05
4.340012720976454006e-06,-2.806438675291290287e-05
4.904158010352560871e-06,-1.094634812787598113e-04
8.613439604163742130e-06,-3.583073983464509958e-05
1.353264730981348644e-06,-7.805242899180616679e-05
-9.565567027374227924e-07,-1.777228225660871608e-05
7.271842990288378163e-06,-2.588059753438784428e-05
3.429386937992828902e-07,-3.294174666726173322e-05
2.496092998060404807e-06,-9.045698084010783972e-05
-4.389849986569581740e-07,-5.056962796954045573e-06
-5.187786738320924982e-07,-5.515201390203201834e-06
-4.938169442847513964e-07,-4.370742264478042877e-06
-6.328957085018324032e-07,-5.907273851998431063e-06
-4.538471090260350920e-07,-4.799546355217643501e-06
2.087622581996920570e-08,-4.084748055124686192e-06
-3.998944458192729581e-08,-4.242656657880321188e-06
-1.827857564733359288e-07,-3.338471279554567284e-06
-1.447760064478259428e-07,-4.422280594759915299e-06
-1.619495460550928610e-07,-3.622515682615554058e-06
1.216376035182994170e-06,-1.062934033424024939e-04
4.481438000158692500e-09,-4.985324925270279148e-07
5.406337585671440765e-09,-5.668671115205093118e-07
2.186811677977945993e-06,-9.951774194629059542e-05
-3.940483140047906959e-07,-4.104144616747050315e-06
-1.158300631331192266e-06,-6.094980743030900830e-06
9.662592832109645740e-06,-4.417638149280716441e-05
3.171013468921662000e-06,-3.276883171099987118e-05
1.162424618394341931e-06,-1.759290605603660166e-05
-3.350216783021153082e-07,-4.614493760127415623e-06
-9.797579031577852938e-07,-6.605549367952799985e-06
6.936082378833613820e-07,-1.123506551706463527e-04
-1.564456777838908660e-07,-5.217032904588603317e-06
-8.717372682121505573e-07,-7.022698215462432234e-06
-1.575307853869166113e-06,-8.749085254746237606e-06
-3.303837618452000297e-07,-5.988132446763969997e-06
-1.027098637773867920e-08,-3.516439155721563822e-06
-2.344000032251124975e-07,-4.866796648534999827e-06
8.716450426306373357e-06,-5.205079922428872423e-05
-3.680772832022632403e-06,-6.909265549882848394e-06
-2.213827443901886385e-06,-5.740162876805730053e-06
2.276324274217108398e-06,-1.122666130328906441e-04
8.917636117838960202e-08,-3.895956276353569391e-07
1.051752443711530148e-07,-4.413021329101042570e-07
-4.452006845239862846e-06,-1.318903731040582480e-05
-1.681615645940215913e-06,-1.535563501982924618e-05
-4.702640457750223214e-06,-2.891505104719511014e-05
-6.811658500793768294e-06,-6.704262417605919954e-05
-1.217108646491754013e-07,-1.117150685356760978e-06
1.983156448637297330e-07,-1.534982221119323974e-06
-4.651484432473908709e-06,-1.559105779077501068e-05
-2.366048229669150756e-06,-1.027314899176183445e-05
2.787734738968104472e-06,-4.092533245679892586e-05
1.423781137912750319e-06,-1.414514241527460693e-05
2.405489000073806640e-06,-8.529656019699748807e-06
2.796545089365421247e-06,-6.283958758526237850e-06
5.475534705206992330e-06,-3.735472960528844576e-05
5.904422724659947736e-07,-6.314880261497330060e-06
3.862160484672983205e-06,-1.978711096175134881e-05
4.018971665254463096e-06,-1.680219858278595677e-05
4.203496485458251946e-06,-3.387156045074526250e-05
2.486965325419603893e-07,-1.294661488886841340e-05
4.312815746983705706e-06,-4.048070977839285801e-05
-7.871991448095007319e-07,-1.673128200257101704e-05
3.214484326320411380e-06,-5.041955868067514039e-05
3.363876070004386685e-06,-6.247804864125182736e-05
2.348464705380604323e-06,-6.354096198845573683e-05
2.978681778134377680e-06,-8.189484791525412184e-05
4.410772485810176225e-06,-4.399005687366939972e-05
2.790717952965731195e-06,-1.037914267167266741e-04
1.172231476493824883e-06,-7.349295624036924341e-05
-5.184516172578545403e-06,-1.008076280246183792e-04
1.339576045599284368e-06,-1.201462305227235614e-04
-5.179154814116569406e-07,-7.654579037128288676e-05
-7.684590880462301723e-07,-1.263875684382703528e-04
-1.914295377840882741e-06,-7.170199258662820260e-05
-2.828548111512805429e-06,-1.202261382880174954e-04
-3.037253954633167464e-06,-6.014212173126362701e-05
-3.690518326269078496e-06,-4.405252609215670685e-05
-2.010510372972342043e-07,-2.650521321658230594e-06
-1.277873042494019119e-07,-2.929205915398639765e-06
-3.999218629408504637e-08,-3.444826458717201940e-06
-2.032493634470378132e-08,-2.748237908323591235e-06
-4.014533554040046253e-07,-3.458991888404611597e-06
-2.822803907321707226e-07,-3.817131499340578680e-06
-2.118525630162437502e-07,-4.566592665821645256e-06
-9.698839518933932431e-08,-3.555059102734851629e-06
7.205486358083084344e-06,-5.690532057236191444e-05
3.326314515481760634e-06,-4.811978976822552654e-05
7.274733971459495553e-06,-3.295661632411870154e-05
-9.369104038468945858e-07,-1.726519223162215901e-05
1.510678392925106266e-06,-7.864063467943277437e-06
-8.835067127071389831e-07,-1.791977534620066727e-05
-7.394974751705026734e-07,-6.321842293442965384e-06
-2.158698810168863216e-07,-4.572333450744565085e-06
7.494687778864839200e-06,-3.022772729200170569e-05
6.487457357962481354e-06,-2.654478796364680368e-05
-1.902878565669468887e-06,-2.966627687991505957e-05
3.873098489037848659e-07,-3.169053180816291943e-05
1.449161941880685289e-06,-3.721506918418240569e-05
3.284892789693846702e-06,-3.313301540192435402e-05
4.707796076509395248e-06,-3.797837678510130981e-05
6.361195366376142447e-06,-3.426090591151048051e-05
4.818289450650859003e-06,-2.993312270440244818e-05
7.757013580931669476e-06,-3.093927886459009392e-05
6.196284326484428701e-06,-2.741620171821844965e-05
8.058724183006084847e-06,-3.913156883527747401e-05
5.936822770468072811e-06,-4.354532930307722881e-05
9.756688589684898256e-06,-4.420411692869332992e-05
8.053920028166009458e-06,-4.916369878709952453e-05
8.846886861854211167e-06,-2.819498685324578344e-05
7.311061096682438021e-06,-2.541485637932993863e-05
1.142245205296180891e-05,-3.988620355193216323e-05
1.175149421121136979e-05,-4.943832059127935025e-05
9.710210061572093442e-06,-5.458072530406245194e-05
6.202392373900195567e-06,-5.411077510008979253e-05
7.371697417065924920e-06,-6.008814875115779907e-05
1.364657827319639665e-05,-5.461857371230356001e-05
3.680755877656788406e-06,-2.653790456342310417e-05
1.067940077994060568e-05,-3.182959355879285150e-05
9.536545589944697725e-06,-2.610006726624806360e-05
8.060932570730269844e-06,-2.391353882960376844e-05
6.164336966808465896e-06,-2.333861257194263291e-05
6.996325425967207913e-06,-2.240497054357055396e-05
5.420840376888587300e-06,-2.183382765517944744e-05
6.335490244765314094e-06,-2.147721474366609122e-05
7.434496186945074538e-06,-2.203570477746831738e-05
6.872315298122893947e-06,-2.171121800597024972e-05
7.408249832762966614e-06,-2.221361443564540117e-05
5.009104763805079882e-06,-2.078817756242847670e-05
6.958449954608074677e-06,-2.247672026950650286e-05
9.918779970349019700e-06,-2.446987510539157902e-05
6.683194057846177190e-06,-2.197414904408809296e-05
6.972769609931765622e-06,-2.291049403584257240e-05
5.266233724947866731e-06,-4.938355328396696622e-05
5.095112577814556777e-06,-5.570542683166028328e-05
-2.080668840727522829e-06,-6.666590307929733364e-06
-1.058393304491364194e-06,-5.555158630664685225e-06
-2.307196863964875840e-06,-2.126360462908222039e-05
-1.430060185696827289e-06,-2.181461027668184195e-05
-3.517780880150115316e-07,-2.430230829133021403e-05
3.575011307707928894e-08,-2.195417615803809438e-05
1.490109831926885830e-06,-2.393215119841323303e-05
1.698619867069856600e-06,-2.184071339724553469e-05
3.273861670432362553e-07,-2.030927308204607951e-05
1.760225085099494970e-06,-2.033026054959205731e-05
5.372815340097696351e-07,-1.920004940185360585e-05
1.708077605382766963e-06,-1.933538654943676047e-05
6.055823689611463517e-07,-1.848323274930906582e-05
3.410235770703879645e-06,-2.361097692143083505e-05
3.301995043156900802e-06,-2.624780123316653959e-05
1.538245028379843895e-06,-1.873457203962074054e-05
5.460303830231265797e-07,-1.808730609616070471e-05
-2.591141657064957980e-07,-1.770856699117623575e-05
-2.897832841204734889e-07,-1.747800962353912213e-05
4.114966953590803753e-07,-1.795826730127732742e-05
-9.547580563574608706e-07,-1.690782611364422393e-05
-3.447741853956566834e-07,-1.753415118891151687e-05
2.509435778693555488e-07,-1.803421409734703941e-05
1.044668982379289134e-06,-1.836752657197489579e-05
-2.131893742419807140e-06,-1.959358683454300254e-05
-6.574520031713639908e-07,-1.901193275052738435e-05
2.914955889674438987e-06,-2.026287590353245078e-05
-1.297308454677782230e-06,-1.709564700212973357e-05
-1.726905148401732664e-06,-1.591134355794750964e-05
-1.133523019474994260e-06,-1.730304859689120049e-05
3.436128102669584728e-06,-1.934715171025124054e-05
-2.036726057319693413e-06,-1.564328173659387220e-05
-1.305427268925041770e-06,-1.662073738250886715e-05
2.489068103274528925e-06,-3.779555913599059314e-05
3.612411110040000485e-06,-3.270256792565353981e-05
5.918316475147421310e-06,-3.925323089391314539e-05
-7.702122413007624364e-07,-2.585277378149025983e-05
-7.131774780259319611e-06,-8.478132958896666049e-05
8.011710550411794420e-08,-1.809823736884322111e-05
-5.721524839566307178e-08,-1.831555344121915327e-05
5.434642841935972572e-06,-3.056131247399006354e-05
-4.835909509607346574e-06,-3.551863298184991963e-05
6.668983537390305064e-06,-2.356627991647057804e-05
1.814423656446822365e-06,-2.921233742168489298e-05
-3.377297393800769715e-07,-6.454242823485932624e-06
-1.146654995146668494e-06,-8.780437486143959669e-06
8.309645576088059211e-07,-1.844449406829476180e-05
1.458558666229921995e-07,-1.821771759057843175e-05
1.513900116660015293e-06,-1.868115452685836664e-05
3.120424510385797660e-06,-5.733348548315552964e-05
3.783058809540284428e-06,-7.221132727794362760e-05
7.700090175846537239e-06,-2.266240463873782769e-05
-1.053002106853090830e-07,-2.260688628081806497e-06
1.180720721689835129e-08,-2.170873172556255776e-06
-5.569923573858239577e-08,-1.802365534480584059e-06
2.164982562908138993e-08,-1.717522514327424825e-06
-6.458613157425594469e-08,-1.414683878090724374e-06
1.004188993263269157e-08,-1.327710364138784567e-06
8.647086291270178000e-08,-1.660475882842363672e-06
-1.870207926763401424e-07,-2.874868827779736491e-06
-1.036776587676122964e-08,-2.731991541406221304e-06
-9.293811303833828061e-08,-2.232629901917121919e-06
1.930634919251726109e-08,-2.102888063157447563e-06
-9.165438479021859415e-08,-1.709571833330790407e-06
1.018637560834567333e-08,-1.583140204461919332e-06
1.066371192110789152e-07,-2.055110638686550137e-06
5.536134590313929611e-06,-2.561770185816655138e-05
4.032573755106847198e-06,-2.263085433810970240e-05
7.064838673700645003e-06,-2.335240832903705542e-05
3.779552947912631925e-07,-1.135106392508637122e-04
1.176345127190251409e-06,-1.129232194303210165e-04
2.311103842877050474e-06,-1.109014310512370364e-04
-1.177601761652314359e-06,-7.213522347721547041e-06
-5.070868717449812547e-07,-6.127595208749191303e-06
-2.156355435993021224e-06,-8.925580698910013877e-06
-1.369984365845352799e-06,-7.804520114142373001e-06
6.651511501799274557e-06,-3.696551211942815905e-05
-6.765019476543771808e-07,-2.808496337310546201e-05
-4.862920100670899140e-07,-1.357665666323253510e-05
1.181713289136446689e-07,-1.133779520039955016e-05
1.192955086218551116e-05,-2.920326011898456055e-05
-1.109768219970534813e-07,-1.065517604244504443e-06
-1.573283491173414195e-07,-1.303689540815257639e-06
-6.575656394294624737e-08,-1.072400537791453646e-06
7.313989937925743317e-09,-9.602204005473279413e-07
-8.492831579613129212e-08,-1.264570129307408895e-06
8.492092789117414009e-09,-1.117981004835299263e-06
-5.362842763674405450e-07,-9.164308365958096154e-06
1.037036446475357271e-06,-6.162947191783727909e-06
8.439430827900430912e-06,-2.296260832552393793e-05
9.664670834271290101e-06,-2.342907028934364632e-05
8.299530754047670459e-06,-2.253246266601844302e-05
-1.562308043453112665e-07,-8.147915214683595269e-06
-6.826179034283698373e-07,-6.821955333081890868e-06
-1.915236422409972080e-06,-1.200006983773233479e-05
-2.105609695388156155e-06,-9.755180006798914595e-06
8.597783392221475162e-07,-7.153249594731695186e-05
5.235569459391874465e-06,-7.359689951174553009e-05
5.761170444386778048e-06,-7.961381531600158655e-05
9.466187099193540248e-06,-7.544306657261737575e-05
9.892250998825666167e-06,-8.088500085883667894e-05
9.167332987888648314e-06,-6.994115501295742623e-05
1.332057243088793292e-05,-7.144175582723190669e-05
1.259420368604868118e-05,-6.625104920948269346e-05
6.438292394730448164e-06,-8.482093697805896085e-05
1.039482047632987798e-05,-8.588148234770810741e-05
4.922722756321950728e-06,-6.685294923275636545e-05
-2.357319344621172953e-08,-5.923379945217230894e-05
-6.004744976830011363e-07,-1.556160996212967284e-05
7.057601226650272263e-07,-1.856206877857946683e-05
3.165928113257715979e-06,-2.163843233747510765e-05
7.296913398098390575e-06,-8.982263823147856668e-05
5.181001884896940641e-06,-9.353603435921209713e-05
8.403557618550442341e-06,-9.320219395534950905e-05
5.867322173107998812e-06,-9.693303244626187915e-05
-6.693359991183254489e-07,-4.313590229850086866e-05
1.080807749126245961e-06,-1.096216685939724355e-04
2.860572170021677937e-06,-1.080799536890179820e-04
3.156651667664408725e-06,-1.056388786233996294e-04
1.396251053288315999e-05,-8.221477452749781118e-05
1.146341995791789454e-05,-8.977684933961949814e-05
6.123378384648316521e-06,-5.755516639014950238e-05
-8.548627508821577521e-08,-8.387950959212432127e-07
-7.097508350022885482e-08,-7.278979134277290857e-07
-9.438074760149015148e-08,-4.076112785305501630e-07
-1.114817416114568641e-07,-4.637753534185286858e-07
-2.118469652887139691e-06,-2.202484025249722393e-05
-7.904969640007973652e-07,-8.583281496472174548e-06
-4.659462193715792282e-07,-1.216912004537531761e-05
1.331093196526651184e-05,-4.468888633384073640e-05
1.499627520024936028e-05,-4.031925483523296467e-05
1.256628087213187915e-05,-3.589089039837358623e-05
9.448756775834903085e-06,-3.514805418542808616e-05
2.016312464739286093e-06,-1.026409157167341090e-04
4.954493232212880312e-06,-1.005009786556756806e-04
4.751510755332162595e-06,-1.029220891033684026e-04
8.395309979308748376e-06,-9.857613688983502453e-05
7.300021755836545644e-06,-1.012547761470987835e-04
6.701454897055430994e-06,-1.035031657990661148e-04
2.831908183780923380e-06,-1.950390295298135994e-05
2.708540151407304737e-06,-4.632039215606483391e-05
-4.038271173073556006e-07,-5.711303168486935855e-06
-1.358911307887548293e-06,-8.017221022262186662e-06
1.020625023803232926e-06,-1.040916504797362405e-04
-1.516900182243714734e-06,-1.117016743837420735e-05
-1.927713014936953299e-06,-2.873310461378525622e-05
-3.425591392840944453e-06,-3.408592611469087280e-05
1.660174923378808452e-05,-6.747193166759313568e-05
1.297521343842624236e-06,-1.843308987780288409e-05
-2.497361211261442664e-06,-1.789668640526178805e-05
1.400711436100484758e-06,-5.290264064864006710e-06
8.932932360165058528e-08,-1.198442522611268652e-06
7.126494088454074799e-08,-1.019253777397170005e-06
4.697721885724127212e-06,-1.068780720254993365e-04
-1.558085166248926398e-06,-7.119945386302524068e-05
-4.677797614124587905e-06,-9.763859195541920116e-05
5.194945508019261878e-06,-2.337342457391574659e-05
1.816660096367619069e-06,-8.414364267323622680e-05
-5.287132669771158896e-07,-1.771985934087150357e-05
9.612863067592016335e-08,-2.074243449948303718e-06
1.016315030286793214e-07,-2.641999525427409164e-06
1.193207209504171358e-05,-6.052104293930397346e-05
1.638898966904222610e-05,-5.917981999398490072e-05
1.805481547738843284e-05,-5.471302886227005292e-05
1.570718050453862375e-05,-4.995033914439955629e-05
5.186692122448395571e-07,-1.034591003813431032e-05
-4.683089854122725480e-07,-7.650308927981426380e-05
-3.259263922808776350e-06,-1.163172035918048100e-04
-4.018978215504225415e-06,-1.122313812735037663e-04
6.104063802862609368e-06,-5.445763607863144101e-05
-3.477039514612214129e-06,-5.254561863973999345e-05
2.604685890228826142e-07,-1.247722832688553300e-04
-1.783243142456253385e-06,-1.249170463932254126e-04
-1.305120795722726576e-06,-7.506069543302886112e-05
-2.536844107818687432e-06,-6.664391423688456693e-05
3.948032354515839239e-06,-5.169575044319757267e-05
3.799382100220212333e-06,-4.254314865082271232e-05
-2.444806212514265423e-07,-1.538104114144417798e-05
1.783497542385538789e-05,-3.852498899752449321e-05
1.534224858891123540e-05,-3.138638343168087010e-05
1.868706889444043449e-05,-4.275289945959401158e-05
3.310719797664577015e-06,-1.948439986002601585e-05
2.272234429977746950e-06,-1.894223160945526357e-05
6.918323273804025208e-06,-2.338152493103933240e-05
4.877592096731116299e-06,-2.094738746053579430e-05
3.135358710980391315e-07,-1.879137463057110251e-05
-5.439752468428516663e-07,-1.177952601531357887e-05
-5.212412184957458304e-07,-1.055132029825140683e-05
1.846042084653992836e-06,-1.871907876223903851e-05
6.720520154126387816e-06,-2.333283317095409651e-05
4.733008420911692783e-06,-2.594159517430585726e-05
1.078964126918847848e-06,-1.833797266140767214e-05
3.370735305885132736e-06,-3.037459336336165370e-05
1.838002560130311096e-05,-7.251941304979081027e-05
9.672514501755701742e-06,-3.976415495626082943e-05
8.641632708828393187e-06,-3.175636982395641037e-05
5.912480571813538374e-06,-3.028516398243138557e-05
-4.555343587339855944e-06,-2.210491740125081558e-05
-6.581251200710070259e-06,-4.744997615183375498e-05
-5.671695165758093200e-06,-2.850447694913247143e-05
-4.423348079341923576e-06,-1.003480665047257940e-05
-2.524519523534188018e-06,-7.392868416902761543e-06
-2.017122442824642495e-06,-1.310039028375700306e-05
9.286502082235340987e-06,-1.018846619807426855e-04
1.181674391395079219e-05,-9.681410740273159064e-05
6.553043884952424315e-06,-5.807607051777130059e-05
-9.853124536574687514e-07,-1.685276732150778288e-05
5.673533491766418724e-06,-4.466996777437841224e-05
5.507571639799114321e-06,-2.668782440509754686e-05
-9.709905685964399278e-07,-1.693666834666065704e-05
-5.302822116438903932e-07,-1.446160356598385997e-05
8.737788502845833143e-07,-2.589289269296084120e-05
6.024346773301271213e-06,-2.110080459189666980e-05
4.610689813706164551e-07,-2.370195352061318090e-05
3.688522361384932467e-06,-1.110699687719881028e-04
5.947348094263504303e-06,-1.076206291376853651e-04
1.142899784623338743e-05,-2.476616769748273781e-05
1.406917246094171552e-05,-2.862087062203306839e-05
8.672577965434982960e-06,-4.875252407577700760e-05
4.843069001839959320e-06,-1.872170193359422237e-05
1.259695499944093038e-06,-1.770700462907742368e-05
3.440655181400566423e-06,-1.978484407649064392e-05
-5.111968264213294335e-07,-1.397474570700126049e-05
3.395304461469705503e-06,-3.675979220650505851e-05
4.558102363592821235e-06,-9.336339934610604976e-05
-1.647741230048941747e-06,-1.443299294762333796e-05
1.311903202913416676e-06,-1.618830429913458433e-05
1.127351285949614351e-06,-1.876885727007948917e-05
-2.452610945401156316e-06,-1.432704480047353048e-05
1.360879536402881665e-05,-7.672283554158335170e-05
1.278814371457415025e-06,-4.026916913591920200e-05
7.218707226940381141e-08,-3.397841399034658507e-07
8.366983885823284249e-08,-3.831182141688357805e-07
-2.088114633335837975e-06,-1.593121677589156614e-05
3.969435518929686364e-06,-5.233594247228906749e-05
1.371243391848006079e-05,-3.306986540153203591e-05
3.580975226974163932e-06,-6.011130552578514656e-05
9.091780126927882284e-06,-6.463505020718490648e-05
-1.046773396755138905e-06,-2.012301033489573721e-05
2.049211031838382304e-06,-2.864632213410732892e-05
-1.681814481880736228e-06,-6.195914682251096930e-06
-1.397763696293276268e-06,-4.962102317039869137e-06
6.019326901478571262e-06,-2.495030071826336040e-05
-1.015260923715314096e-06,-3.572716307663734253e-06
4.040583978656671628e-06,-1.088921460937366907e-04
-2.101267770419954150e-06,-6.016092355432797110e-05
-4.635658582816055508e-06,-7.649461299527304792e-05
1.233931055209453355e-07,-1.922731227787379080e-06
9.004179658561999235e-08,-2.921745831464354723e-06
1.088607687760580085e-07,-2.606313373516338635e-06
1.443397075357945885e-08,-3.908142101890048720e-06
6.577527934421078740e-06,-3.337661325039634652e-05
-7.349279418922227631e-07,-1.623556030527133974e-05
-3.593681577512680435e-07,-2.354455244347425314e-06
-1.952268884929555422e-07,-1.816414902046993962e-06
5.843609601103365802e-06,-7.746878286922600002e-05
1.083356495442478073e-06,-3.305653361227784857e-05
4.998743914497660599e-06,-2.470030055125768654e-05
6.968188578107758591e-07,-3.000739939629592448e-06
-1.703042210594672032e-06,-1.863051402406228722e-05
1.343949795576716634e-06,-3.905284701465368365e-06
-4.597822559817298529e-07,-4.992525204676139397e-06
-4.377891900087079532e-07,-1.818321724368654626e-05
-2.108106639697325624e-06,-5.367524963936599278e-05
-4.303093078618733026e-06,-6.685555300811860970e-05
8.043738735471675557e-06,-5.489306910618619819e-05
3.478917634920232760e-06,-2.100329065454035823e-05
-8.248112059613978426e-08,-3.847831954386850118e-07
-7.120417570693482910e-08,-3.401904692951128812e-07
-2.640401036553214693e-07,-1.859078557200420438e-06
-1.563206955790244628e-07,-1.441961735645544055e-06
-1.280642996473533108e-06,-1.621770148398222379e-05
-2.321545654298953864e-06,-4.615653460642231252e-05
-4.384961226566653295e-06,-5.652563887498650866e-05
-8.854089898127121754e-08,-7.901808716561542135e-07
-1.182340252816215902e-07,-9.423315533064089444e-07
9.843796261953585011e-06,-9.549471879826780518e-05
8.637720232667282417e-06,-1.035916248244198018e-04
-2.232204640335732401e-06,-3.753157819082869449e-05
-1.460300922091893946e-06,-1.420288469629511344e-05
-4.024724059543970392e-06,-4.515887408141281681e-05
3.791126152360814865e-06,-1.069841367489509937e-04
1.852307606796420498e-06,-4.855751715766943384e-05
3.042308537461610109e-06,-5.280029171250557403e-05
2.581537864846560198e-06,-1.167177302162045746e-04
1.808369853503441585e-06,-5.660167412577811046e-05
1.456062280340021439e-05,-9.026794552948783047e-05
4.771303264690659168e-06,-2.030013772974260459e-05
1.460510737055753899e-07,-1.478300519890402913e-06
1.133767738917567175e-07,-1.178178940339710874e-06
1.574926364228393197e-06,-6.375601286070017989e-05
1.306713896682842735e-06,-1.230883188284957340e-04
4.001973251024167149e-06,-2.486961821541170585e-05
3.931999109174822361e-06,-2.935332806825132864e-05
4.695983316477820555e-07,-9.676923205364205372e-06
9.882138791396544729e-08,-1.597939387955048945e-06
7.756956424657555828e-08,-1.326039640832332795e-06
2.061885874956011330e-08,-1.260917920475096606e-04
1.200344301602444612e-06,-6.962332376132550945e-05
7.374670480255656091e-06,-2.561596190456155142e-05
-1.533509929199167654e-06,-7.333954644089355843e-06
-1.463801824973270202e-06,-1.960310067904637676e-05
-2.625500483866755530e-06,-2.309457734173407835e-05
6.912224396123923518e-07,-7.386631710697555279e-05
-1.243485118909828210e-06,-1.258153143065284094e-04
9.968672337304680849e-08,-6.407723754421198839e-07
8.058454227599190458e-08,-5.543992176518459107e-07
9.702254268858419894e-08,-7.620601373594331320e-05
-2.357895647066904482e-06,-1.223862385661097282e-04
-5.298759532578605472e-08,-6.750557190707432742e-06
3.259173334492766080e-07,-5.282770298128198534e-06
4.210202643663582021e-06,-1.106546387887089113e-05
3.947486555134510039e-06,-1.336875685130324296e-05
3.271364408254910530e-07,-7.596300152401906094e-05
1.983196722107673231e-06,-1.128232366520562553e-04
2.377631683366591790e-06,-4.450015318438477066e-05
1.160069456221970184e-05,-2.666772809505642470e-05
-4.063300572261990340e-06,-1.077857657925805244e-04
-1.043221812528325527e-06,-7.478216055333534616e-05
1.714219339030260667e-06,-6.923465850292167363e-05
2.729478049248755124e-06,-9.317853315331380980e-05
9.318951826969162555e-08,-8.071541449422432312e-07
7.761278319524406081e-08,-7.023266079170457163e-07
-1.926568424869040689e-06,-6.612619103628700592e-05
-4.880857910403028580e-06,-8.676333641005918858e-05
9.185433958903443609e-08,-9.153803273773745160e-07
1.207709161656887530e-07,-1.113943595793725245e-06
-2.310152502315782135e-06,-1.819802150225568235e-05
2.121240197936599622e-06,-1.892677703583509107e-05
7.799858364578848564e-06,-2.305341910102169331e-05
1.529904817265415615e-06,-1.153930164789052675e-05
-1.347357620044222861e-07,-4.243281244422400755e-06
-5.289620327115878848e-07,-5.729862003643768225e-06
9.837863648634330826e-07,-1.130803170952724926e-04
-1.940440265330422403e-06,-1.644083917940625407e-05
6.848744181953509470e-06,-4.583742088725661473e-05
1.047673884979364594e-05,-2.380975838231634255e-05
2.615985564233038844e-06,-2.395316879729442934e-05
6.316012780370562040e-06,-5.760721279971371504e-05
-2.447641884634354804e-05,-8.693578673011100987e-05
1.741988051393262373e-05,-8.183556282579008837e-05
-1.201703236808939669e-05,-3.571609786503207238e-05
-8.831730572837098326e-07,-6.801388632996790978e-06
-2.325583605842876872e-07,-4.970338246732735711e-06
-1.296430155793148737e-06,-1.797678190403236427e-05
-2.854354280583111563e-07,-5.070781978897538415e-06
-3.720355132434666941e-08,-3.746525251475320853e-06
6.948291496272904377e-06,-2.384810550264815834e-05
1.057324081449544342e-06,-2.626819760255509023e-05
4.231821127279893524e-06,-2.128324411350650117e-05
-9.659296659073548984e-07,-7.595729055682672148e-06
-1.618917427418888369e-06,-9.785560529271053327e-06
5.959323372965593345e-07,-1.857590091523536539e-05
-1.743127558158472348e-06,-9.441050353195486650e-06
6.190990391233542310e-06,-5.046316166863654802e-05
2.014524067271504149e-05,-5.837705445388381232e-05
1.937478571643089820e-06,-1.977571873209592649e-05
5.000480474900504363e-06,-1.049472363222717390e-04
-1.433766063423146498e-06,-1.636466805261824081e-05
-2.764323110258661462e-05,-9.018280069112859145e-05
3.816583331059517412e-06,-2.896286961467894373e-05
1.950350860241114321e-06,-9.629097794712840330e-05
1.261039518327207164e-05,-7.175010878992910091e-05
1.008669670225692079e-05,-5.678874670098649625e-05
1.987623726685436469e-05,-5.133920474177374409e-05
6.307042687391670868e-06,-5.760715257067793314e-05
-2.933395785562265982e-06,-1.186591143547078118e-05
3.426519793209229682e-06,-1.105358687963205281e-04
-3.696434781448282180e-07,-5.977325728715453662e-06
-1.325675952037034481e-06,-8.239048510389727711e-06
1.634202661834455805e-07,-1.713743953867734142e-05
-6.959238697040839148e-07,-1.804172813232914215e-05
5.222755466198056864e-06,-3.384033763663850440e-05
-5.964178982155354095e-07,-1.372701970908752588e-06
-2.024513416814996274e-06,-1.576405407692892943e-05
1.585844073851809600e-05,-6.375923344674001771e-05
-1.400454942030218540e-06,-4.239837303040044274e-06
-8.525067033919768376e-07,-3.554878475186015211e-06
-2.012981035806239376e-06,-1.141192298423265232e-05
1.637498647264418124e-05,-4.492703828442589395e-05
1.107800332486650820e-05,-5.640955265434724101e-05
1.622544119289884938e-08,-3.424182604045135180e-06
6.304488131609086978e-08,-2.622692803677176734e-06
6.974189543096604207e-08,-1.728223895202410110e-07
7.939829805116607374e-08,-1.926975842937747918e-07
-8.729105758547760664e-07,-7.197499704363483755e-06
-1.252400518202131593e-07,-5.471706792323601872e-06
6.475897526318523178e-06,-5.628303464452476018e-05
6.388061115344375178e-06,-2.193348624861579573e-05
6.108881743282045477e-06,-2.819079160448161359e-05
-7.471204550897600205e-08,-1.883444879920839004e-07
-8.538243935724910989e-08,-2.112148363597657727e-07
2.392047534616755166e-06,-1.119204736974228524e-04
5.325378866270082458e-06,-4.826908257217318767e-05
1.121342848029525541e-05,-9.273204571874095990e-05
-4.387451105688173302e-07,-1.804266934155230161e-05
9.817431265657198074e-06,-7.098725603706296011e-05
1.517825043701500403e-05,-3.630497363547300932e-05
-2.847109884520801686e-06,-4.887328738473159008e-06
-8.957335848468364542e-07,-1.720462387244760924e-05
1.761213086021326599e-06,-1.887736271928869240e-05
6.372897097258682547e-06,-2.374317067373528958e-05
3.310067485978347488e-08,-1.833084612478850882e-05
-1.156576322936268913e-05,-3.527757161637291595e-05
-2.228074165163052241e-06,-1.689809006561835428e-05
6.709628622431479384e-06,-2.477798635770038797e-05
-1.546153009651666089e-07,-2.199531581044504773e-06
-2.784224614721910710e-07,-2.831167646474717759e-06
8.069786186475795647e-07,-1.344988444901506108e-06
-2.730630478260155980e-07,-5.327674859841094615e-06
4.782963982100641690e-07,-3.725159688638966311e-06
-7.163020459946590723e-07,-1.105614625266206422e-06
2.028437181669343238e-05,-6.754950403291081320e-05
5.176318998367940508e-06,-3.569662434448503217e-05
6.112876200445975144e-06,-5.398088796688447171e-05
7.290510864581128484e-06,-4.262122878124774823e-05
4.966059582642194870e-07,-9.886799131937613659e-07
5.208845021265821541e-06,-2.767747815504543080e-05
6.471383220541194870e-06,-5.184920276557644197e-05
3.067270913227489431e-06,-1.040202552974707961e-04
-2.531750556766046275e-07,-1.329864112736877171e-05
5.224699257233270634e-06,-5.695554820797943147e-05
1.068523543503925076e-06,-1.127861906494552485e-04
-8.584881381759874814e-07,-8.027973919214304407e-06
-2.381249335438944426e-06,-1.130115057504273564e-05
-1.898213098125337970e-06,-9.168403428804461399e-06
-7.093940572828881207e-07,-6.594633417391661178e-06
5.477445409720396583e-06,-4.041550157235202325e-05
-1.087298098119661970e-07,-1.457245271998076710e-06
-1.671809583186156781e-07,-1.818907903947081134e-06
1.139481409549141435e-05,-2.549113902412245542e-05
7.077235169156052025e-06,-2.802406438705603843e-05
5.453909471368066036e-07,-1.845623661950598907e-05
-7.081551311416158911e-07,-1.235368048545863978e-05
3.776286729974549722e-06,-2.030328841982544598e-05
2.871624120359116556e-06,-4.128077453496879957e-05
1.496656536247228050e-06,-2.571488456080615171e-05
