Size 979,2
0.000000000000000000e+00,0.000000000000000000e+00
0.000000000000000000e+00,0.000000000000000000e+00
0.000000000000000000e+00,0.000000000000000000e+00
0.000000000000000000e+00,0.000000000000000000e+00
0.000000000000000000e+00,0.000000000000000000e+00
0.000000000000000000e+00,0.000000000000000000e+00
0.000000000000000000e+00,0.000000000000000000e+00
0.000000000000000000e+00,0.000000000000000000e+00
0.000000000000000000e+00,0.000000000000000000e+00
0.000000000000000000e+00,0.000000000000000000e+00
0.000000000000000000e+00,0.000000000000000000e+00
-1.183375923210398094e-06,-1.683086463985571527e-05
-1.523427833463921167e-06,-1.742094628713602780e-05
0.000000000000000000e+00,0.000000000000000000e+00
0.000000000000000000e+00,0.000000000000000000e+00
0.000000000000000000e+00,-1.126583718595715956e-04
0.000000000000000000e+00,-1.138919057189123157e-04
-1.079962538437282333e-06,-1.074112549559625974e-04
-1.917587534726632252e-05,-7.751579955469009445e-05
0.000000000000000000e+00,0.000000000000000000e+00
-1.415468686291570505e-06,-8.815598799378819727e-06
-2.530732006869323282e-07,-1.096253506556561822e-05
-2.488438445022073028e-06,-1.427249773575258039e-05
-2.499274176826957704e-06,-1.696682126568760385e-05
-1.392549236192823338e-06,-1.174041546596632902e-05
-2.195564935168306038e-06,-1.527240857845347526e-05
2.367963671702090534e-07,-1.845150443384497525e-05
-2.037819942976919859e-06,-2.213402047648428296e-05
-2.054520940435533037e-06,-7.228081369012286165e-06
-2.183098134675770206e-06,-1.613006760853349711e-05
-1.297423439101956153e-06,-1.775864294699292615e-05
1.684146988568070781e-06,-5.005284083251254504e-05
2.321054834858113787e-06,-7.941984054012887935e-06
8.259731824687431735e-06,-5.392764342037711147e-05
-3.623267657274707597e-06,-8.572632149726913016e-06
8.463658152775206022e-06,-3.062345854284295249e-05
-9.899840591126991447e-06,-3.253235180166466292e-05
-3.780798834769607445e-06,-6.678362950066806447e-05
8.324794171320938914e-07,-1.228277093303451984e-05
1.090907576626431224e-05,-6.807163145944916172e-05
-1.150942884208599215e-06,-1.035161823829561120e-04
-3.393733048867625411e-06,-6.910257116930559472e-05
-1.727533801966518213e-05,-9.383530265320989253e-05
1.067912061942691255e-05,-7.639698429900779739e-05
8.968353443456339176e-06,-3.201066704478478479e-05
2.979787515971816532e-06,-5.302114126728317615e-05
-9.881354832168187294e-06,-3.936363949357323753e-05
7.372134823700200538e-06,-6.021590728362584470e-05
-5.128543508666516637e-06,-1.062471944792551905e-05
-8.160927405140839839e-06,-1.837779549073136889e-05
-1.055277938873613111e-05,-2.785689968717671339e-05
-1.207234830168673133e-05,-3.856994315701862665e-05
-1.276154577741952531e-05,-4.981645256010154116e-05
-1.272625711593222667e-05,-6.065109237711234031e-05
-1.259726376934269157e-05,-7.084571507128356138e-05
-1.272797657376558859e-05,-8.089588343972354710e-05
-1.274220146559940569e-05,-9.130003134715632617e-05
-1.182046538142084773e-05,-1.018528680540150752e-04
-1.003652700206637252e-05,-1.111692058536733194e-04
-7.562445005546681308e-06,-1.185910463819090456e-04
-4.523588457647544973e-06,-1.235748060428363106e-04
-1.054488966843636156e-06,-1.257277605863805906e-04
2.693188696787425517e-06,-1.247589013573969922e-04
6.587138565074812522e-06,-1.204868085003667514e-04
1.049695357941686800e-05,-1.128557449908561175e-04
1.431268214046234383e-05,-1.018882741674313362e-04
1.787321559379873042e-05,-8.746217117932719341e-05
2.072214741642504053e-05,-6.945118881380914775e-05
2.136838430497616743e-05,-4.865406189830723857e-05
1.822842292946289026e-05,-2.762230019649225836e-05
1.063407328699689027e-05,-1.071014565113282648e-05
0.000000000000000000e+00,0.000000000000000000e+00
0.000000000000000000e+00,0.000000000000000000e+00
0.000000000000000000e+00,0.000000000000000000e+00
0.000000000000000000e+00,0.000000000000000000e+00
0.000000000000000000e+00,0.000000000000000000e+00
0.000000000000000000e+00,0.000000000000000000e+00
0.000000000000000000e+00,0.000000000000000000e+00
0.000000000000000000e+00,0.000000000000000000e+00
0.000000000000000000e+00,0.000000000000000000e+00
0.000000000000000000e+00,0.000000000000000000e+00
0.000000000000000000e+00,0.000000000000000000e+00
0.000000000000000000e+00,0.000000000000000000e+00
0.000000000000000000e+00,0.000000000000000000e+00
0.000000000000000000e+00,0.000000000000000000e+00
0.000000000000000000e+00,0.000000000000000000e+00
0.000000000000000000e+00,0.000000000000000000e+00
0.000000000000000000e+00,0.000000000000000000e+00
0.000000000000000000e+00,0.000000000000000000e+00
0.000000000000000000e+00,0.000000000000000000e+00
0.000000000000000000e+00,0.000000000000000000e+00
-4.034209479363729110e-06,-8.601035035818206336e-06
-6.321271532370448598e-06,-1.541363245867361471e-05
-7.914248143831602772e-06,-2.347583048180896444e-05
-8.704855153580824602e-06,-3.220003174798353833e-05
-8.768340080613726289e-06,-4.095916735472808316e-05
-8.227639735455623726e-06,-4.905567975933384725e-05
-7.456820354244440419e-06,-5.623722801037495502e-05
-6.610659300381762234e-06,-6.258190471656161185e-05
-5.546430454710063161e-06,-6.811625079683677217e-05
-4.018718759663338739e-06,-7.256755239810562237e-05
-2.172825113947348451e-06,-7.533206079121380861e-05
-1.609285858558007984e-07,-7.622656317088573775e-05
1.890126127663697250e-06,-7.514498160273595437e-05
3.842854755904812843e-06,-7.213101822136626059e-05
5.549927715861146908e-06,-6.732629969144976955e-05
6.873302497785170706e-06,-6.098564490192499334e-05
7.666760132854581519e-06,-5.349426547474076199e-05
7.758398667916762868e-06,-4.561140156101268020e-05
7.453375567768049310e-06,-3.784215205702005946e-05
7.023344426789270553e-06,-3.026801206843035698e-05
6.376481131805541157e-06,-2.276779020749269248e-05
5.101542797532777280e-06,-1.551082689676255830e-05
3.183686888867738651e-06,-9.029103668103591120e-06
0.000000000000000000e+00,0.000000000000000000e+00
0.000000000000000000e+00,0.000000000000000000e+00
0.000000000000000000e+00,0.000000000000000000e+00
0.000000000000000000e+00,0.000000000000000000e+00
0.000000000000000000e+00,0.000000000000000000e+00
0.000000000000000000e+00,0.000000000000000000e+00
0.000000000000000000e+00,0.000000000000000000e+00
0.000000000000000000e+00,0.000000000000000000e+00
0.000000000000000000e+00,0.000000000000000000e+00
0.000000000000000000e+00,0.000000000000000000e+00
0.000000000000000000e+00,0.000000000000000000e+00
0.000000000000000000e+00,0.000000000000000000e+00
0.000000000000000000e+00,0.000000000000000000e+00
0.000000000000000000e+00,0.000000000000000000e+00
0.000000000000000000e+00,0.000000000000000000e+00
0.000000000000000000e+00,0.000000000000000000e+00
0.000000000000000000e+00,0.000000000000000000e+00
0.000000000000000000e+00,0.000000000000000000e+00
0.000000000000000000e+00,0.000000000000000000e+00
0.000000000000000000e+00,0.000000000000000000e+00
-2.331356196543600498e-06,-2.364178757345882598e-06
-3.466231203967689567e-06,-5.538851849542240589e-06
-3.836868431552147742e-06,-9.105627153666738847e-06
-3.582905577696194421e-06,-1.241139565014728503e-05
-2.840701291851414534e-06,-1.499838090963672095e-05
-1.752275037501069236e-06,-1.646559665681335841e-05
-5.714575324640795619e-07,-1.663993683003226910e-05
5.475884347225247476e-07,-1.553189648465042459e-05
1.375368881581720500e-06,-1.326581275532399932e-05
1.660547156012579481e-06,-1.018355625030797833e-05
1.380575142805280150e-06,-6.656924676636394379e-06
0.000000000000000000e+00,0.000000000000000000e+00
0.000000000000000000e+00,0.000000000000000000e+00
3.364444894885690195e-07,-1.604744730596774176e-05
1.595018813839922245e-06,-1.424226217792803080e-05
2.501274932783864831e-06,-1.157125001066201406e-05
2.925919402233614320e-06,-8.353377382406196178e-06
2.777526186113983105e-06,-5.029996003099751810e-06
1.920838699680048216e-06,-2.119437728875287897e-06
-1.457149618612194319e-06,-1.751289985992140084e-05
-1.833110372849565795e-06,-1.749742471225077282e-05
-2.141844196133675134e-06,-1.739010258619104194e-05
-2.306563574519929016e-06,-1.718714149769208290e-05
-2.232567962291935469e-06,-1.694765462133778402e-05
-2.296163664203449735e-06,-1.575602368289907268e-05
-2.917899226655196496e-06,-1.274911418201773732e-05
-3.115598182087762191e-06,-8.083559677264575972e-06
-2.335262580580846600e-06,-3.128418116906104230e-06
0.000000000000000000e+00,0.000000000000000000e+00
0.000000000000000000e+00,0.000000000000000000e+00
1.978042079836582063e-06,-1.122846283559085490e-04
3.813562211289346915e-06,-1.113694308317662152e-04
5.485068661784650599e-06,-1.099783406279665303e-04
6.934051791001679198e-06,-1.082684210278178622e-04
8.215660498553884614e-06,-1.064083531698535796e-04
9.419200581367044629e-06,-1.044470006726860666e-04
1.071705469276351616e-05,-1.024566027533095950e-04
1.211908472254146919e-05,-1.002739245146573013e-04
1.363619672812793668e-05,-9.778444027939377822e-05
1.523146176791584982e-05,-9.490605654392779975e-05
1.683118440091967624e-05,-9.159316073831411337e-05
1.835291160681445271e-05,-8.785961679228926748e-05
1.970874275162435354e-05,-8.376255717382139192e-05
2.093615717007597953e-05,-7.934549425470792817e-05
2.193309328004067906e-05,-7.472675379364893523e-05
2.273029849998591632e-05,-6.992426673621584122e-05
2.329758329879087775e-05,-6.494330954747062803e-05
2.358840626502896803e-05,-5.995462028982966160e-05
2.353906654834668705e-05,-5.491257474601828037e-05
2.321397595136986594e-05,-4.995915854200622477e-05
2.253555921782824368e-05,-4.525585157251081668e-05
2.152364166810261806e-05,-4.085514058303067096e-05
2.025074429297872125e-05,-3.689133986996482982e-05
1.876171701699332081e-05,-3.340028627092897804e-05
1.716464154924504388e-05,-3.043881547363819651e-05
1.549073826285562257e-05,-2.800325313712767643e-05
1.374861354181381640e-05,-2.608512973400198206e-05
1.203330539207640038e-05,-2.466806846631658189e-05
1.025874796206087441e-05,-2.375512316136986821e-05
8.593222057356035920e-06,-2.336006201169238815e-05
6.911949988038762252e-06,-2.352072356058045800e-05
5.399282638074001919e-06,-2.419429585635644498e-05
3.993390165871904762e-06,-2.539714890525452510e-05
2.789909682906875333e-06,-2.711922969434930097e-05
1.836622128915639368e-06,-2.927181887971356451e-05
9.910704373750877257e-07,-3.182527439164783875e-05
2.978006732584159210e-07,-3.486106742684517122e-05
-1.207458921499446774e-07,-3.836577329565940217e-05
-2.171008274097022008e-07,-4.228282966990979324e-05
1.210014931691014733e-07,-4.636148770454328032e-05
9.043707153010422235e-07,-5.023653346277980785e-05
2.160373611516896123e-06,-5.352763552204265623e-05
3.645963750630890802e-06,-5.588441707665200563e-05
5.543877541963730512e-06,-5.708872647190755964e-05
7.417724354000052705e-06,-5.697643559423633134e-05
9.135204513322243489e-06,-5.559520889027385839e-05
1.061611698710973713e-05,-5.322428872534438424e-05
1.183310702132590545e-05,-5.000630387024738017e-05
1.265476305402118977e-05,-4.613836667151163942e-05
1.297737335256020339e-05,-4.185684717249664428e-05
1.274016158995581052e-05,-3.759144937245403564e-05
1.211085518236500069e-05,-3.369441695139740566e-05
1.114731197359314171e-05,-3.023068611254569474e-05
1.003822320649552400e-05,-2.733182594250431756e-05
8.822943909979191881e-06,-2.494047762199063165e-05
7.577976617610858459e-06,-2.304663115686546572e-05
6.410618928838428921e-06,-2.156741656811443365e-05
5.305061467957715080e-06,-2.045159153225330285e-05
4.302441728215724309e-06,-1.965806751297967045e-05
3.414391771908886875e-06,-1.914899829774920829e-05
2.649405568665009665e-06,-1.890637578804769790e-05
2.039584352102895353e-06,-1.882313009191638825e-05
1.608363419871317486e-06,-1.881451349325091377e-05
1.349184853631830188e-06,-1.881517157256836639e-05
1.297551748898535896e-06,-1.876327026300686585e-05
1.478345397555284444e-06,-1.854713866897622827e-05
1.867198359568356957e-06,-1.803696080458354299e-05
2.446301942330875036e-06,-1.701044014546137975e-05
3.107521418742147694e-06,-1.533048762649031414e-05
3.680354231367461997e-06,-1.283553217676710608e-05
3.953193887368035884e-06,-9.605404192280411459e-06
3.651065195147045055e-06,-6.077734704636615516e-06
2.519574158251840733e-06,-2.726450940140221627e-06
0.000000000000000000e+00,-1.130798846903238535e-04
0.000000000000000000e+00,-1.135490507866353206e-04
-4.907223743942050823e-07,-1.132087472008169981e-04
-9.390185795632705379e-07,-1.112641741016806606e-04
-2.548324821693783468e-05,-8.537409746934098809e-05
-2.656663456775299834e-05,-9.333006705023178375e-05
-2.096225891106299273e-05,-9.816065915885971948e-05
-1.383223222035655331e-05,-1.021925275533074761e-04
-6.398375412361202560e-06,-1.054407133966882878e-04
-9.796741734414729069e-06,-8.835620361412545076e-06
-1.634438775896578317e-05,-2.150832474133781223e-05
-2.004344756144668565e-05,-3.829068411111477007e-05
-2.110652959417860775e-05,-5.699243642154221449e-05
0.000000000000000000e+00,0.000000000000000000e+00
-4.570194370498692977e-07,-6.307980954834187423e-06
-1.184900954802557096e-06,-8.691942136316297470e-06
-3.358603273142662615e-06,-6.740840207393738777e-06
-4.120965679723887622e-06,-8.877415301112608200e-06
-4.048892112406092661e-06,-1.165759809551110600e-05
-3.376385741538562847e-06,-1.415002395373698390e-05
-2.680433443699758981e-06,-1.044156612592313542e-05
-3.229560921899879308e-06,-1.300490206662944148e-05
-2.602350562785450985e-06,-1.472769290041505007e-05
-1.966899253043594146e-06,-1.601414052469448375e-05
-1.408437131725229027e-06,-1.690875031551987757e-05
-1.139794870073369889e-06,-1.750436596332941106e-05
-1.950529288089019505e-06,-1.657903817394713560e-05
-2.214428235910219025e-06,-1.712007266895539234e-05
-2.138555775093020238e-06,-1.748060713478446921e-05
-1.918816704082981046e-06,-1.770892832071366274e-05
-1.619434278396572723e-06,-1.780253908717057405e-05
-4.015616448498951627e-07,-4.347679797382012732e-05
-1.598523855358106953e-06,-3.781567853731504275e-05
-2.235866442189198871e-06,-3.270940458733130379e-05
-2.563488382145929478e-06,-2.824193417994843398e-05
-2.476198856743385533e-06,-2.404141630123377650e-05
-2.106124230146228864e-06,-1.989646357204445694e-05
-5.864611500040246914e-07,-1.587145035194521042e-05
7.561428389714598815e-07,-1.171002499944426143e-05
9.474995946272745277e-07,-5.250836827151057626e-05
2.432332586162496316e-06,-5.436610622582946410e-05
5.180797014281397882e-06,-5.566571854560260584e-05
8.263348303846031469e-06,-5.644689492011125027e-05
1.064947807264633138e-05,-5.667667313333719415e-05
1.072336250255935793e-05,-5.558468669706892674e-05
9.577572069363690332e-06,-4.636116183671497385e-05
1.033788884091729847e-05,-3.832609368882004022e-05
1.050248768019387824e-05,-2.997917840063607308e-05
9.966264998817776495e-06,-2.177072998370146336e-05
8.514241620619555830e-06,-1.446020606436156875e-05
5.835767092311098840e-06,-8.776271069251880623e-06
-2.723408976773856921e-06,-1.207657514254803239e-05
-1.334914497192551435e-06,-1.521771067175068408e-05
1.371383717521874812e-06,-1.773644397232461349e-05
3.816623959162498401e-06,-2.019061155856280518e-05
6.172929942059449214e-06,-2.267480274181159799e-05
7.943817815711952374e-06,-2.587442600137417062e-05
-6.334287327536321723e-06,-8.839159061084329378e-06
-8.450943487735414908e-06,-1.301979591271499220e-05
-9.616587261232911003e-06,-1.890740369749029971e-05
-1.006840381717161714e-05,-2.542050416848575545e-05
-1.220411532632605483e-05,-3.507638631307845805e-05
-9.952382482929218412e-06,-3.665095855143289943e-05
-4.628866796358136642e-06,-3.645393599270327725e-05
1.416253521923717547e-06,-3.539475989457762132e-05
6.338493414791003834e-06,-3.346289518184892821e-05
-5.230470495547949378e-06,-5.771685510272089832e-05
-5.327410257789834781e-06,-5.002729855794023892e-05
-4.961983737883128273e-06,-4.277142290094539698e-05
-4.128480690284295163e-06,-3.545323171346735701e-05
-3.003655557588476743e-06,-2.778179401127797853e-05
-1.884712332046907397e-06,-1.974561031275444761e-05
7.319285134507963568e-08,-7.065894360286666034e-05
7.014517120388506679e-06,-7.254219642136116154e-05
1.197750983088242576e-05,-7.175607606886429699e-05
1.204329551352895565e-05,-5.707569209136990939e-05
1.244149422513453671e-05,-4.635462038682271467e-05
1.214598044468792887e-05,-3.575949308388756432e-05
1.106316068421190172e-05,-2.575272523635638530e-05
8.908306141482375150e-06,-1.723637786766162857e-05
5.286639723609244241e-06,-1.112423910987938498e-05
-3.499870988733329834e-07,-1.036026861751329371e-04
-4.607124981663397045e-07,-1.013187354530125446e-04
-9.460022518029743566e-07,-9.795011248966522914e-05
-1.640733162646873170e-06,-9.359051196137353984e-05
-2.357067022423277895e-06,-8.845499076411569123e-05
-3.029531891510520020e-06,-8.258599211833538489e-05
-3.465842747483524605e-06,-7.615866306389915445e-05
-7.901063194427615838e-06,-9.931974998830673108e-05
-1.534300157257589313e-05,-9.576921281076955993e-05
-2.238469084594495238e-05,-9.277500125722033960e-05
-2.724938786008423568e-05,-9.056153539487413510e-05
-2.684710292848177670e-05,-9.149733035400170380e-05
1.160035961928102699e-05,-7.070214990151714484e-05
5.567629248610104351e-06,-6.769694670614492522e-05
-1.717684509649577190e-06,-6.727253435091636806e-05
-1.381594659442229291e-05,-1.064787990065390114e-04
-1.014387976301125024e-05,-1.160391935947890083e-04
-6.418632594691519515e-06,-1.223624084829060476e-04
-2.745309053789656116e-06,-1.254499139261684390e-04
7.246640744433378257e-07,-1.254099773888794846e-04
3.928498787672043246e-06,-1.224379271261208911e-04
6.717948560740492777e-06,-1.168151195427483390e-04
8.874610875170255609e-06,-1.089877430590965851e-04
1.037950228047297146e-05,-9.946401643374986376e-05
1.106101929651794558e-05,-8.873748286522898981e-05
9.599803286121662131e-06,-3.679171707611967489e-05
9.593181535049524687e-06,-4.211884047369985208e-05
9.174206595974772791e-06,-4.779162015135040133e-05
8.410833319074586609e-06,-5.290004567907049626e-05
7.386384066508072943e-06,-5.647114808818640949e-05
6.159198367325391884e-06,-5.762365491799875271e-05
4.661811608961112783e-06,-5.641549056570683212e-05
8.128736975817968461e-06,-3.092334176563279780e-05
3.838108320459659630e-06,-3.068745526254855910e-05
-2.551806107045601810e-06,-3.127173208162734031e-05
-8.982158579597967929e-06,-3.261058515335022757e-05
-1.205730834437098300e-05,-3.554034247150154478e-05
1.073043548688028828e-05,-5.748532712349992162e-05
1.039990727029574288e-05,-5.520344176625183473e-05
7.538230949298876871e-06,-5.402326603503499229e-05
4.287193715818516286e-06,-5.316756346605039005e-05
1.592447377183200743e-06,-5.267169031020562216e-05
5.404628176901520278e-07,-5.257527575282804641e-05
-9.945872397929601363e-06,-4.833793810122474088e-05
-9.239013787621659619e-06,-5.625437809858283873e-05
-7.989797276231604221e-06,-6.324993359450179961e-05
-6.305328356583725510e-06,-6.899174379975342799e-05
-4.317334949679609031e-06,-7.317244329848607775e-05
-2.112209241716952230e-06,-7.557929027843258692e-05
1.824030479877421206e-07,-7.608722280961128820e-05
2.363162570449816051e-06,-7.471590568345494161e-05
4.397735434955436063e-06,-7.157024355380752769e-05
6.094706420427821369e-06,-6.680341688142491950e-05
1.677310026765078705e-05,-3.472495919322343976e-05
2.649514371281935697e-06,-1.878335473963428691e-05
9.013212113103860376e-06,-2.303295240903461232e-05
5.869361358555175766e-06,-2.209229386977720768e-05
1.298411599230210394e-05,-2.655431109138127973e-05
1.931190604613316526e-05,-4.731239352437216359e-05
-1.590235297261562997e-06,-3.650763184740600162e-05
-4.183432263313286653e-07,-3.162342458618270791e-06
-1.876608960338525406e-07,-2.455857614057433330e-06
1.934175936868825412e-05,-6.311846739075953295e-05
-1.372481513617570611e-06,-1.648804498829314929e-05
5.433843501406478094e-06,-2.091948163496654619e-05
-1.825742733490866449e-06,-2.436058146839105930e-05
-2.032069406465907270e-06,-1.686731060518802320e-05
-8.260684993290210472e-08,-3.747148824703737587e-06
5.359610104308114264e-08,-2.624682199567007618e-06
-7.972527465533384380e-07,-5.112662402370616693e-05
1.197769090888136166e-06,-2.150304511603182850e-05
1.762631120281722236e-05,-7.794548503565543857e-05
1.304728489869161348e-06,-1.863129951565946159e-05
7.706289992721082038e-06,-2.803421530523228435e-05
5.515045862778127088e-06,-2.444816635007420526e-05
1.629934049287976916e-07,-2.169681386809589626e-06
1.376908705646305118e-07,-1.661682577068567865e-06
1.040392015973462267e-07,-8.615149867954002252e-07
8.014667363811562050e-08,-7.249648665631088506e-07
2.450853835638566778e-08,-6.619085139755936183e-05
4.017505584550197876e-06,-1.976188452656235241e-05
1.527281220660974359e-05,-8.609599184904711611e-05
1.328331715805672424e-05,-9.374874378872723451e-05
1.044603620438243628e-05,-9.949251264120650528e-05
-1.322216935360684936e-07,-1.384998018426312408e-06
-2.116264970754910916e-07,-1.764919281435435911e-06
-8.618753645387295811e-08,-6.030643358021327932e-07
-1.081539408270767163e-07,-7.026768451073746938e-07
6.954453552118006235e-06,-1.054452843780242393e-04
1.008686418497990619e-06,-1.863228874184310189e-05
4.351415711985109790e-06,-2.805291510228069009e-05
4.904769488033687660e-06,-1.094654972643651519e-04
8.628442682218003283e-06,-3.568114702205500477e-05
1.356174489982359515e-06,-7.805625287671856072e-05
-8.776625813620715168e-07,-1.769606825191733667e-05
7.276409613325925941e-06,-2.587074681337568855e-05
3.313473484012696040e-07,-3.278627148503542168e-05
2.498683844664165045e-06,-9.046058306408518400e-05
-4.391391908948395663e-07,-5.056427785500100832e-06
-5.188895686809906445e-07,-5.514761112603574166e-06
-4.938639977789939638e-07,-4.370457018796699348e-06
-6.329978870029130275e-07,-5.906939694130222350e-06
-4.539063620831104007e-07,-4.799311114576459519e-06
2.030810272829030842e-08,-4.056783236101580029e-06
-4.013324378858291014e-08,-4.215821274815476976e-06
-1.816059050530459061e-07,-3.318711079628194937e-06
-1.440782011229117228e-07,-4.395709973196900194e-06
-1.609703856907080787e-07,-3.602134759547435469e-06
1.217598357250062833e-06,-1.062957463736078815e-04
4.467578687370850832e-09,-4.973851716596855530e-07
5.405909413794296967e-09,-5.668562052533576987e-07
2.188916735363734745e-06,-9.952084556693822752e-05
-3.912974144775465409e-07,-4.078035512503210236e-06
-1.158322166824680735e-06,-6.095014733192022434e-06
9.681313894324310027e-06,-4.404692373687710152e-05
3.184229726344610681e-06,-3.275230043369999311e-05
1.108001192987778805e-06,-1.770473271058341464e-05
-3.327084328907422784e-07,-4.586170197410609827e-06
-9.798258003540552367e-07,-6.605470708357844052e-06
6.941434301562635452e-07,-1.123527196980376541e-04
-1.561101827990095521e-07,-5.184336583451476925e-06
-8.718497830400448809e-07,-7.022273501235400616e-06
-1.575307064121766260e-06,-8.749049330344707272e-06
-3.257410750854115060e-07,-5.949446130156224637e-06
-1.044346713714829546e-08,-3.496071423056110921e-06
-2.344623963219110658e-07,-4.866706248172011357e-06
8.735389367470000277e-06,-5.194368167546368966e-05
-3.680314379061364898e-06,-6.908345003517000406e-06
-2.205812749928986875e-06,-5.707744097232665320e-06
2.276575379499676687e-06,-1.122684705460109858e-04
8.890458769713295588e-08,-3.887152365272683013e-07
1.051724308521504508e-07,-4.412937311954703072e-07
-4.452088107898446431e-06,-1.318931193603703077e-05
-1.679037559817648016e-06,-1.539361817784474221e-05
-4.701746007269818897e-06,-2.890304146657698904e-05
-6.811763647542332854e-06,-6.704411588043350794e-05
-1.212513030792984227e-07,-1.123761829362665484e-06
1.946839823183273287e-07,-1.571448483712770928e-06
-4.650731852578316963e-06,-1.558662661159051585e-05
-2.362814019398362335e-06,-1.027391500754920083e-05
2.802920509968484821e-06,-4.089915499157202209e-05
1.388086534148730261e-06,-1.439101878448407118e-05
2.405710528511563189e-06,-8.529959994204658409e-06
2.786327370528675487e-06,-6.250384692626781792e-06
5.475699041354911204e-06,-3.735554102266806927e-05
5.972531081874153860e-07,-6.353189149004656912e-06
3.862466218449645675e-06,-1.978800962822758493e-05
4.008519680100646209e-06,-1.675873210398197825e-05
4.193207544675193027e-06,-3.380581164896111375e-05
2.552892340850664922e-07,-1.302213220050519685e-05
4.313156222696196990e-06,-4.048259756131214866e-05
-7.814274706628343675e-07,-1.679810886787783808e-05
3.206099581771407051e-06,-5.033311969701074025e-05
3.364178543417271830e-06,-6.248095420488986463e-05
2.341736553050195484e-06,-6.344381915435514188e-05
2.978947633086492936e-06,-8.189857762576305147e-05
4.412316453390409719e-06,-4.385994185437191393e-05
2.790889440285600510e-06,-1.037954567927270753e-04
1.168387599149873713e-06,-7.339919288847303639e-05
-5.184577430895694099e-06,-1.008099242193716646e-04
1.339659699521019799e-06,-1.201501925291592208e-04
-5.195064078524831947e-07,-7.646460644308495009e-05
-7.684294615209034081e-07,-1.263911627142100562e-04
-1.915028175438540416e-06,-7.163896066625893876e-05
-2.828565493644605611e-06,-1.202291577771503708e-04
-3.037268994201925126e-06,-6.009882721046408752e-05
-3.690276586824671739e-06,-4.402766703977978600e-05
-1.996764756284751236e-07,-2.636194748247446979e-06
-1.269911697474106558e-07,-2.914131239992573646e-06
-3.989524610779654282e-08,-3.426336911956034103e-06
-2.029789605393681223e-08,-2.734823306324954557e-06
-4.014753627140764384e-07,-3.458812632430977039e-06
-2.823118507426271687e-07,-3.816970619158702086e-06
-2.119092834365054487e-07,-4.566426078104871111e-06
-9.701994971741467652e-08,-3.554935765914401797e-06
7.224543222190276965e-06,-5.682052347948550930e-05
3.342706144611478631e-06,-4.808272897976032960e-05
7.281790727918925956e-06,-3.293972787334852579e-05
-9.219879076184811082e-07,-1.737835138294947603e-05
1.501946195624965195e-06,-8.030790219481200723e-06
-8.422230386353972020e-07,-1.795147047135991374e-05
-7.395923705629295619e-07,-6.321653076473829813e-06
-2.146289861968442742e-07,-4.545230323288447863e-06
7.500718562322800258e-06,-3.021389035883191644e-05
6.494592377689191134e-06,-2.653470140105698978e-05
-1.901371157982307921e-06,-2.966767869765351033e-05
3.896014039400276376e-07,-3.169204915737479968e-05
1.451861134298710897e-06,-3.721716123590360217e-05
3.287902609730223228e-06,-3.313462601011231027e-05
4.711124088007631570e-06,-3.798048376167964638e-05
6.364917834375082215e-06,-3.426257114288735691e-05
4.821682293189615916e-06,-2.993421995370356792e-05
7.761226064052808280e-06,-3.094042263397586294e-05
6.200167975927873697e-06,-2.741673895588940871e-05
8.062660197302532470e-06,-3.913371538764629740e-05
5.940313073697829784e-06,-4.354789284696408181e-05
9.760730718603263890e-06,-4.420665294017548887e-05
8.057603437615017304e-06,-4.916659701029955096e-05
8.851696679136405142e-06,-2.819553620363669498e-05
7.315544160213696019e-06,-2.541475234400270383e-05
1.142695089506768163e-05,-3.988833032924838561e-05
1.175558926862279048e-05,-4.944116722626112811e-05
9.713937873465042187e-06,-5.458388355430152295e-05
6.205801467281636203e-06,-5.411395293558114743e-05
7.375123527321907483e-06,-6.009155833885260748e-05
1.365063637888932259e-05,-5.462166269312975284e-05
3.683767775493917074e-06,-2.653839185684955625e-05
1.068436954283289637e-05,-3.183075188690370240e-05
9.542031176286485056e-06,-2.609997332880412967e-05
8.066137146890027930e-06,-2.391268000366320157e-05
6.168353985864619408e-06,-2.333775731296483462e-05
7.001064932700206597e-06,-2.240324353470583152e-05
5.424275103986573043e-06,-2.183211082252660485e-05
6.339627533121190161e-06,-2.147449280491364840e-05
7.440127176355723806e-06,-2.203296641725646405e-05
6.877306813006388573e-06,-2.170730543515050337e-05
7.414924368104133624e-06,-2.220966171018353463e-05
5.011856668065839206e-06,-2.078544774882003384e-05
6.964492959070057628e-06,-2.247138892785330424e-05
9.925164843207278189e-06,-2.446897084318942712e-05
6.687501540994531880e-06,-2.196880430737594043e-05
6.980650890184577243e-06,-2.290516588936668133e-05
5.271181999710204153e-06,-4.926747546681947498e-05
5.111931471183606724e-06,-5.564909226265029408e-05
-2.080523516003516451e-06,-6.665835556551750914e-06
-1.055819761809887079e-06,-5.514323065968100216e-06
-2.312798830778411316e-06,-2.111165186266630481e-05
-1.436448559860112184e-06,-2.164777599273720477e-05
-3.626952624868675008e-07,-2.413183006614276352e-05
2.884305317521728770e-08,-2.177188889833598921e-05
1.481721646939764312e-06,-2.375090392463276426e-05
1.691465681785580437e-06,-2.164252645542918125e-05
3.255696343163741830e-07,-2.011035982166700501e-05
1.754833025308984873e-06,-2.010878684821362447e-05
5.427487767262747618e-07,-1.898252528999341685e-05
1.707214805814314565e-06,-1.908814269778303751e-05
6.224159072288778974e-07,-1.825221467568812904e-05
3.406426158304932632e-06,-2.342047428739069232e-05
3.298247933240844663e-06,-2.607262756248582408e-05
1.546807104021383024e-06,-1.847138178460577750e-05
5.768033756781339329e-07,-1.785732604332740262e-05
-2.222792724878237001e-07,-1.750290195605648996e-05
-2.375523012190009660e-07,-1.728243229882497702e-05
4.533729134316650577e-07,-1.774809870864183279e-05
-8.994683485956619272e-07,-1.672995474357147932e-05
-2.826968876896410376e-07,-1.735989848973712400e-05
2.941473599695255834e-07,-1.786131735407783856e-05
1.067551217830370877e-06,-1.815132712269036837e-05
-2.128833362257238776e-06,-1.943526323554626829e-05
-6.476954857683573405e-07,-1.882014868511324568e-05
2.906058336213586626e-06,-2.001899313742816846e-05
-1.259406613553626367e-06,-1.692210639071883434e-05
-1.669677596481266671e-06,-1.576000012738815626e-05
-1.041285698276390332e-06,-1.718619863994954905e-05
3.437421847356046973e-06,-1.934305433766649485e-05
-1.963052625049531402e-06,-1.550429760273700880e-05
-1.303552001156117862e-06,-1.667282321887278190e-05
2.484485755011056098e-06,-3.765079048113509846e-05
3.610542386889229808e-06,-3.254594592207253048e-05
5.924542123235262769e-06,-3.911180053811509876e-05
-7.685243613240246117e-07,-2.585350747634680780e-05
-7.131892463735230250e-06,-8.478322505682351024e-05
6.881557572291270213e-08,-1.815028094373006924e-05
-4.793240183500309494e-08,-1.830007835728998054e-05
5.444362243301765082e-06,-3.054716310125887553e-05
-4.834875650524903402e-06,-3.550154259165255472e-05
6.676279499811055428e-06,-2.355962183626367345e-05
1.806394523027665698e-06,-2.904832626378181000e-05
-3.364887825008667213e-07,-6.412951845399146453e-06
-1.146630940572149328e-06,-8.779746909806087160e-06
8.424129930804215319e-07,-1.828168316258606499e-05
1.787890502128092688e-07,-1.809253918576335810e-05
1.504678001189863599e-06,-1.847156055421885653e-05
3.112686525351544510e-06,-5.723998997019207725e-05
3.783348778172497804e-06,-7.221469632113277628e-05
7.708390653320862479e-06,-2.265836366088253768e-05
-1.046341532764698416e-07,-2.250336921245768165e-06
1.168183977986708915e-08,-2.161495230856564007e-06
-5.535223479395780330e-08,-1.795157732233064259e-06
2.150998151675653956e-08,-1.711057658958820066e-06
-6.423274298433617472e-08,-1.409760516111682735e-06
9.983463308370360966e-09,-1.323420502445110675e-06
8.588959644159391737e-08,-1.653826974239724474e-06
-1.870332595725148807e-07,-2.874761033298251719e-06
-1.038438889033854246e-08,-2.731904231697268887e-06
-9.294410394615543412e-08,-2.232557919743767716e-06
1.929802505822981582e-08,-2.102827129862097063e-06
-9.165510574238101370e-08,-1.709523767525591386e-06
1.018289710574751846e-08,-1.583099560685906978e-06
1.066234586652481178e-07,-2.055051648272567544e-06
5.541733829947579596e-06,-2.543633977256763717e-05
4.035397502604687485e-06,-2.262995450054180026e-05
7.068165660511188501e-06,-2.334478400761755371e-05
3.782060804454890023e-07,-1.135126445570926022e-04
1.176669313103672025e-06,-1.129251716029185956e-04
2.311741274295186154e-06,-1.109034826656025595e-04
-1.174572563132591409e-06,-7.159684115932004232e-06
-5.071244043729229757e-07,-6.084163957603941831e-06
-2.156062261350062406e-06,-8.924488170173518011e-06
-1.369929872801230856e-06,-7.803704924750087484e-06
6.659970113460235437e-06,-3.694421850936472008e-05
-6.907288650399042555e-07,-2.792181087472019263e-05
-4.862364781711510280e-07,-1.357724496365729666e-05
1.113912796690431489e-07,-1.130102267700403006e-05
1.193532034025345553e-05,-2.920382945130402217e-05
-1.103154079631799839e-07,-1.061570395127229854e-06
-1.573254036812906160e-07,-1.303649805202389666e-06
-6.546426982004492194e-08,-1.069196451044878779e-06
7.281781562864100438e-09,-9.575703066922592913e-07
-8.492719029973849464e-08,-1.264539322075646020e-06
8.490658554949391431e-09,-1.117955845657361044e-06
-5.361838119672371743e-07,-9.164462928214751097e-06
1.036194068484017287e-06,-6.121099367578199585e-06
8.445515627806126241e-06,-2.296088015242169942e-05
9.672041262553607039e-06,-2.342722283160117766e-05
8.306642702594457372e-06,-2.252966619824010169e-05
-1.509809948847150329e-07,-8.093989644089666111e-06
-6.760124322035978791e-07,-6.779070452771697829e-06
-1.915091974645187529e-06,-1.200013331394464304e-05
-2.105551853000592873e-06,-9.754988820904761932e-06
8.627468859934798046e-07,-7.153628139183065447e-05
5.238626661856960342e-06,-7.360066688253660621e-05
5.764078265375104135e-06,-7.961758555358968597e-05
9.469282008585327797e-06,-7.544678368851220592e-05
9.895134586385485778e-06,-8.088869338505179721e-05
9.170611109932250688e-06,-6.994481489245966965e-05
1.332391621086129165e-05,-7.144537123372592048e-05
1.259773757129794185e-05,-6.625457918010142745e-05
6.441022948643753147e-06,-8.482462969720046958e-05
1.039746491224760612e-05,-8.588507693341944187e-05
4.925909938739441951e-06,-6.685658828937650756e-05
-2.074058845116868932e-08,-5.923718744736083773e-05
-6.164752699323140402e-07,-1.576044222210073675e-05
6.979904369992405975e-07,-1.845539592968050913e-05
3.159850569170401603e-06,-2.142566985339553932e-05
7.299406547627878499e-06,-8.982617404222362971e-05
5.183358392938268611e-06,-9.353945489872863043e-05
8.405817419636066508e-06,-9.320555891944723654e-05
5.869420388529686047e-06,-9.693623566789594595e-05
-6.668260149089126640e-07,-4.313851602798654203e-05
1.081701424965226054e-06,-1.096238641126171713e-04
2.861535165966769971e-06,-1.080821653139949824e-04
3.157883114264318985e-06,-1.056412564128436627e-04
1.396532419730010159e-05,-8.221837116028033062e-05
1.146581369310036408e-05,-8.978029577579667471e-05
6.136105565492776840e-06,-5.748755242388527549e-05
-8.548462240544354945e-08,-8.387774731908574234e-07
-7.073663959835903677e-08,-7.260488103565469164e-07
-9.409727106409360916e-08,-4.066818327285763038e-07
-1.114792838089138005e-07,-4.637665527761371522e-07
-2.117698153033429466e-06,-2.202547725838091384e-05
-7.770125799066231236e-07,-8.573281057486089273e-06
-4.673440972624912622e-07,-1.216617790730955930e-05
1.331543134908443196e-05,-4.469137339817606325e-05
1.500131060590507682e-05,-4.032131091257198300e-05
1.257128510596242922e-05,-3.589254317312574844e-05
9.453151106932013072e-06,-3.514973137689664560e-05
2.018068779154792448e-06,-1.026436893368669524e-04
4.956305952296618950e-06,-1.005038993032388885e-04
4.753017484191081698e-06,-1.029247309035340727e-04
8.397119330170074963e-06,-9.857912856365255488e-05
7.301588786210366860e-06,-1.012575349607478155e-04
6.702765274285823262e-06,-1.035056913743993465e-04
2.821664923057366517e-06,-1.921885690598674486e-05
2.711568509593214884e-06,-4.632318830612414232e-05
-4.005363661134185702e-07,-5.676012296283244515e-06
-1.358993239105605280e-06,-8.016965485657376038e-06
1.022095223613927002e-06,-1.040941341702028848e-04
-1.517065660630762564e-06,-1.123558107418653297e-05
-1.930607280811714989e-06,-2.867394893351529712e-05
-3.425624127739958911e-06,-3.408750655039020986e-05
1.660537483777742247e-05,-6.747541964429143013e-05
1.318388875124738450e-06,-1.817874820037803467e-05
-2.494092709130746836e-06,-1.776367424209981035e-05
1.400753159070023172e-06,-5.290371952966523989e-06
8.932461557188577610e-08,-1.198414041364648786e-06
7.093471072929064251e-08,-1.016220174837797773e-06
4.698723114650665508e-06,-1.068803227600504231e-04
-1.564316869105074112e-06,-7.110351764190312373e-05
-4.677706643819178032e-06,-9.764257482509005877e-05
5.199570443574624383e-06,-2.317617786598610621e-05
1.819455468409823272e-06,-8.414740959543254187e-05
-4.621414368389254147e-07,-1.758727793283990616e-05
9.538865887227544052e-08,-2.064774723488083690e-06
1.016066160430912804e-07,-2.641920886445961808e-06
1.193578520251565972e-05,-6.052441122616680546e-05
1.639301967064890939e-05,-5.918305555309374716e-05
1.805919297439590400e-05,-5.471602526726439156e-05
1.571164538218244172e-05,-4.995312880587558698e-05
5.197087035877222740e-07,-1.027558697356958688e-05
-4.754804399667285207e-07,-7.641747601126952852e-05
-3.259115622262956274e-06,-1.163212214051463324e-04
-4.019019252807015655e-06,-1.122340561910845780e-04
6.112754243548268630e-06,-5.435904236983982705e-05
-3.476814148804321709e-06,-5.251183317193381511e-05
2.605204860811921535e-07,-1.247760912144113760e-04
-1.783238841207190509e-06,-1.249203749494131417e-04
-1.306135153456223819e-06,-7.498824470934592067e-05
-2.537136836343540076e-06,-6.659073291347575676e-05
3.948361385900762968e-06,-5.169816524626756870e-05
3.789865396065126844e-06,-4.246630915102462086e-05
-2.381274913126181091e-07,-1.545926012917906366e-05
1.784060806980708715e-05,-3.852674108220509346e-05
1.534856859271672909e-05,-3.138716786139903229e-05
1.869236437956580998e-05,-4.275506156947662863e-05
3.296451503605333426e-06,-1.914397061416488717e-05
2.272580495304471215e-06,-1.864065762251734899e-05
6.923577396948025360e-06,-2.337452133165388230e-05
4.883381946075563871e-06,-2.070192269190787129e-05
3.113049984276377257e-07,-1.878532790957341322e-05
-5.299877094172996727e-07,-1.178852692227490954e-05
-5.561027854231024873e-07,-1.076737064230768349e-05
1.851367010108750713e-06,-1.844934311053242332e-05
6.730238731693638194e-06,-2.332739017099464641e-05
4.744173559805555170e-06,-2.593248278915859128e-05
1.019474081236702977e-06,-1.837560416920257477e-05
3.383485844100034363e-06,-3.036066900217527622e-05
1.838341895583673163e-05,-7.252294610610758249e-05
9.690686517336245326e-06,-3.962388837011523985e-05
8.657636159457174496e-06,-3.159645014510040103e-05
5.918641265763383832e-06,-3.012166635078771106e-05
-4.554623965964327516e-06,-2.209711940037046237e-05
-6.581358743211810063e-06,-4.745101246391532688e-05
-5.671792541906638233e-06,-2.850508713685860000e-05
-4.422700315761783742e-06,-1.003273565216663662e-05
-2.518575467830223961e-06,-7.377688660042906930e-06
-2.014368315221204434e-06,-1.311950322915249567e-05
9.287842389848388798e-06,-1.018872814557634355e-04
1.181853413548061778e-05,-9.681713445293021255e-05
6.553251280266884714e-06,-5.807735232454833363e-05
-9.744037758201091306e-07,-1.691370753753248819e-05
5.684360847339412993e-06,-4.463877513359384861e-05
5.517061375125044347e-06,-2.667778180871356497e-05
-8.990374681190092499e-07,-1.677220819062816002e-05
-5.162109706680774506e-07,-1.449065380687950941e-05
8.706991065992441731e-07,-2.588276707972264815e-05
6.027665847301014544e-06,-2.109662520321970320e-05
4.628161218339246579e-07,-2.370199545153934648e-05
3.688956997740810706e-06,-1.110718933095389515e-04
5.948148119283773423e-06,-1.076227665190311166e-04
1.143657387093780543e-05,-2.476499243686825297e-05
1.407587739677503255e-05,-2.862107127526611103e-05
8.689519382031665254e-06,-4.863509074889910887e-05
4.843202081442539870e-06,-1.872210064713058811e-05
1.260342031415594099e-06,-1.770413927593521828e-05
3.442277428873384908e-06,-1.978202177603409549e-05
-5.161279954918203994e-07,-1.387340556194104616e-05
3.408764865821288020e-06,-3.673877360977494024e-05
4.558303413801983963e-06,-9.336550899515204123e-05
-1.647378148797026058e-06,-1.443085690660797858e-05
1.270856111909428690e-06,-1.638216360759304615e-05
1.072477792939715944e-06,-1.868872478364565521e-05
-2.396690506520006588e-06,-1.420203962413845716e-05
1.361189602039047163e-05,-7.672648114314313289e-05
1.274246906889696427e-06,-4.024792359333621280e-05
7.199447657952402973e-08,-3.390504486142203756e-07
8.366784663403866675e-08,-3.831112162765964496e-07
-2.087811888494815974e-06,-1.593155462604722760e-05
3.986531717693296082e-06,-5.229019076153022507e-05
1.371802620090536552e-05,-3.307106235566377987e-05
3.584124619124947275e-06,-6.011473805728873411e-05
9.095205078555418740e-06,-6.463858710146287755e-05
-1.045999378087915975e-06,-1.994498724347846269e-05
2.051799437023378068e-06,-2.864732895955151570e-05
-1.682355378219549140e-06,-6.195033682506457069e-06
-1.384706390103457183e-06,-4.941248621192072654e-06
6.028087796953352656e-06,-2.494213916929277833e-05
-1.018179478945040736e-06,-3.593951789778799939e-06
4.041362369948518654e-06,-1.088942558216812669e-04
-2.105669365110534578e-06,-6.006575837609043675e-05
-4.635644659235874572e-06,-7.649813194933969076e-05
1.223789850939703236e-07,-1.912126756253705792e-06
8.922772409794167989e-08,-2.906022752303957510e-06
1.088321736355660867e-07,-2.606271149263656147e-06
1.438480713492751193e-08,-3.908039915681739288e-06
6.585893321124919291e-06,-3.322113081984844957e-05
-7.224622111573457920e-07,-1.628195586838864468e-05
-3.593716883681096166e-07,-2.354301473711741670e-06
-1.938248751077138712e-07,-1.805964939396641100e-06
5.843817568234112335e-06,-7.747050787645901634e-05
1.079532455297549430e-06,-3.304136764181159728e-05
5.002189645027842572e-06,-2.470016565215607914e-05
7.028879517877143778e-07,-3.018867916339463796e-06
-1.691227563839218153e-06,-1.846148859388183986e-05
1.350555835457387016e-06,-3.991305094021188809e-06
-4.844324818795209530e-07,-5.107376715706313597e-06
-4.159439391085509772e-07,-1.798236367280314681e-05
-2.111657580843941178e-06,-5.358545053817003384e-05
-4.303104899882303844e-06,-6.685867473104562865e-05
8.062639016940311362e-06,-5.479686307186422943e-05
3.481055934663591484e-06,-2.100150619897449218e-05
-8.247948035045783158e-08,-3.847761588352193999e-07
-7.101482299459283031e-08,-3.394481329498129167e-07
-2.640413544308462356e-07,-1.858986775416061419e-06
-1.552022565541692589e-07,-1.434624176896384289e-06
-1.271773653247389183e-06,-1.629026263692266209e-05
-2.324318955961368596e-06,-4.607521102520501611e-05
-4.384996653688195614e-06,-5.652827700915923417e-05
-8.808165138219594209e-08,-7.876684383548556223e-07
-1.182310188953352203e-07,-9.423070509482180386e-07
9.845819679682425385e-06,-9.549790576811915618e-05
8.638866353473708063e-06,-1.035940722924224259e-04
-2.234812520130718222e-06,-3.746108083683651860e-05
-1.456031499272556919e-06,-1.427873758955369534e-05
-4.024764961693937081e-06,-4.516097952433397995e-05
3.791345792075046385e-06,-1.069866320431083433e-04
1.846497168523240331e-06,-4.852807558907422538e-05
3.045391574842865784e-06,-5.280343081293913121e-05
2.581756554624117750e-06,-1.167205868947119001e-04
1.801869347782295425e-06,-5.656296895341943789e-05
1.456288744269834300e-05,-9.027129229706432317e-05
4.773449886009611940e-06,-2.029635349464509547e-05
1.460377201306691958e-07,-1.478259948050393669e-06
1.125917127280141715e-07,-1.173109348947530724e-06
1.567909607629521523e-06,-6.370744258081668628e-05
1.306927786021676559e-06,-1.230915077880896300e-04
3.991766271336555613e-06,-2.481558434638209891e-05
3.932314399583509835e-06,-2.935468657807354591e-05
4.764277595259341478e-07,-9.735560385880437584e-06
9.881345949833229671e-08,-1.597897026717804088e-06
7.712564990993509209e-08,-1.321440828891551773e-06
2.082356637622373138e-08,-1.260952730308462005e-04
1.192964883678500537e-06,-6.956466303748177072e-05
7.390779731971738101e-06,-2.543312132610696261e-05
-1.536895679973846432e-06,-7.378015435196540130e-06
-1.467474803213479093e-06,-1.955560290368844515e-05
-2.625518544626043779e-06,-2.309563002325267222e-05
6.836815131505224936e-07,-7.379775030419623999e-05
-1.243294713273793456e-06,-1.258190391965432239e-04
9.968302590853332751e-08,-6.407584717221220447e-07
8.025293432116838032e-08,-5.529254432045878931e-07
8.959646113266060127e-08,-7.612821416978454128e-05
-2.357725313876654240e-06,-1.223901473061368510e-04
-5.295028102701284807e-08,-6.750808988973849674e-06
3.192433514421235885e-07,-5.257825548725488599e-06
4.199602420249919912e-06,-1.102877148208305652e-05
3.947800541580460539e-06,-1.336933294656926112e-05
3.243375714205449575e-07,-7.587445401947788266e-05
1.983323361301135106e-06,-1.128272763146613192e-04
2.394532524367619855e-06,-4.446888574966314492e-05
1.160707202847107396e-05,-2.666757099817100102e-05
-4.063179184452852821e-06,-1.077898124994889072e-04
-1.049992464060208676e-06,-7.469026104033491486e-05
1.708920779803949621e-06,-6.913787316930179489e-05
2.729693261084812884e-06,-9.318245995363395341e-05
9.318639382230472792e-08,-8.071373173693365620e-07
7.734615203063215776e-08,-7.005528156830465783e-07
-1.932018997903971851e-06,-6.602890581889177615e-05
-4.880800070071580603e-06,-8.676715416287227825e-05
9.128070268088793713e-08,-9.119936186589437204e-07
1.207627956972256464e-07,-1.113913865471456253e-06
-2.298610129999349064e-06,-1.804684871949861099e-05
2.095030652008783807e-06,-1.866480516557505787e-05
7.809377504407337997e-06,-2.304925091045574494e-05
1.501640358767272957e-06,-1.177380468077498758e-05
-1.340691437654578215e-07,-4.218701070377973008e-06
-5.290537349980805559e-07,-5.729626533852718826e-06
9.839388220839729636e-07,-1.130821858224577485e-04
-1.942067664012777937e-06,-1.649149381605289382e-05
6.858622532656670618e-06,-4.571206370875357627e-05
1.048506191237169892e-05,-2.380773643403606810e-05
2.618462298464092985e-06,-2.395300925398862005e-05
6.335630929781665532e-06,-5.753316127874854116e-05
-2.447688994940610749e-05,-8.693774223795012286e-05
1.742269329622873902e-05,-8.183908673105853328e-05
-1.200922819141737085e-05,-3.569846432286630510e-05
-8.832815662692434199e-07,-6.801093200162870767e-06
-2.312796762046633893e-07,-4.940104828216786729e-06
-1.274401278886630686e-06,-1.779864395023057308e-05
-2.855098447820151583e-07,-5.070625193979408536e-06
-3.720212088718452885e-08,-3.725433000295432603e-06
6.965972957206477767e-06,-2.365184420461189079e-05
1.047353600297381146e-06,-2.609752726756773604e-05
4.229518289111308254e-06,-2.105519232743103075e-05
-9.601250380314881407e-07,-7.541337961159108434e-06
-1.618730966764021125e-06,-9.784438561825001924e-06
5.759503749296119354e-07,-1.852346463456278056e-05
-1.727171404023268191e-06,-9.368130842473704024e-06
6.201375799641638067e-06,-5.042189203575494523e-05
2.014951674926160913e-05,-5.838017785650211587e-05
1.938684811265340087e-06,-1.977360848286878554e-05
5.001701767896082149e-06,-1.049496465082227310e-04
-1.363203756028406306e-06,-1.620931757119503894e-05
-2.764357255213799382e-05,-9.018482750870446577e-05
3.815146632013901371e-06,-2.879640921491269143e-05
1.952699408909081848e-06,-9.629431614041584434e-05
1.261126433055172153e-05,-7.175349667708802340e-05
1.007242100108042383e-05,-5.669492620645983163e-05
1.988095642263025138e-05,-5.134197331779427674e-05
6.317757615109702604e-06,-5.752815999886135711e-05
-2.891748038607967394e-06,-1.176731588196525618e-05
3.427099354629516755e-06,-1.105378750883582512e-04
-3.672641829148492083e-07,-5.940032750296897213e-06
-1.325738133914771034e-06,-8.238613617541665649e-06
1.428628275417119884e-07,-1.727346062760171049e-05
-6.470740610584483942e-07,-1.800530931939525674e-05
5.233095736469023020e-06,-3.382261384066389572e-05
-6.136773416246041230e-07,-1.406569282188770362e-06
-1.979416569475669901e-06,-1.561838203147491102e-05
1.586222222028438461e-05,-6.376263726848416160e-05
-1.400654740474010782e-06,-4.239360699700756570e-06
-8.463966878264625485e-07,-3.531640723599415372e-06
-2.012673619780275668e-06,-1.141032541422699203e-05
1.637983963672382656e-05,-4.492945372483125540e-05
1.105938400708504004e-05,-5.631360208105337672e-05
1.618772419869642675e-08,-3.424079437354174348e-06
6.247198758869178707e-08,-2.609548867007030463e-06
6.957865201247569561e-08,-1.724843720981142853e-07
7.939668193236129975e-08,-1.926943392423918752e-07
-8.730007268046135722e-07,-7.196920549884074095e-06
-1.260323247772041704e-07,-5.435588079771882229e-06
6.487343055291306204e-06,-5.619361167694069504e-05
6.391110751874399977e-06,-2.192750767469878038e-05
6.117166788085052138e-06,-2.817909331774937377e-05
-7.453443287537371971e-08,-1.879657528922298353e-07
-8.538082274027643989e-08,-2.112112691370199878e-07
2.392462427498846224e-06,-1.119224156162320803e-04
5.328738783001639097e-06,-4.827196023020326545e-05
1.121561840966624901e-05,-9.273535940133861778e-05
-3.880161050173120917e-07,-1.795403085484204548e-05
9.818830952464397205e-06,-7.099069279600857285e-05
1.518371761113132529e-05,-3.630656286370180860e-05
-2.847164234163986524e-06,-4.887427471695407500e-06
-8.165828678831717613e-07,-1.705649359846538187e-05
1.710287053219641679e-06,-1.868229370532356593e-05
6.381814419741300721e-06,-2.373666491496751797e-05
5.332563790277912758e-08,-1.825897626242010767e-05
-1.155677417241446249e-05,-3.526045659123332578e-05
-2.205917088373972319e-06,-1.694920037392102450e-05
6.716086814337577125e-06,-2.476966948732467805e-05
-1.535573332091225814e-07,-2.188701363534045669e-06
-2.784346139258244720e-07,-2.831044647215579566e-06
8.150029918694445682e-07,-1.374618910935284595e-06
-2.730162707403350270e-07,-5.327790227434529875e-06
4.750680074955520746e-07,-3.702098063476587698e-06
-7.192950268796485843e-07,-1.111898122238321892e-06
2.028809809416113686e-05,-6.755291956363814604e-05
5.179971843127882483e-06,-3.554688881650578221e-05
6.123899202836444401e-06,-5.393099734466314855e-05
7.301401554977193548e-06,-4.248785616101595210e-05
5.003912561208645600e-07,-9.946386672404181789e-07
5.212552549461031988e-06,-2.750572353864487283e-05
6.481207469216449717e-06,-5.174134844872195499e-05
3.068697688984074011e-06,-1.040227742845263749e-04
-2.837951290192771986e-07,-1.352936410591826263e-05
5.245376400538611039e-06,-5.689124150856068272e-05
1.068631933799761023e-06,-1.127880142144527535e-04
-8.503605243525428360e-07,-7.977133188972149812e-06
-2.381020907109882491e-06,-1.130098087243275247e-05
-1.898102022650784955e-06,-9.168042186957719474e-06
-7.036116989853055741e-07,-6.554003369206163686e-06
5.488113576263828881e-06,-4.039000247798524241e-05
-1.080338993847534839e-07,-1.451194632532223816e-06
-1.671821924849752547e-07,-1.818844508017028904e-06
1.140169410565774113e-05,-2.549046493016764961e-05
7.082969302922893659e-06,-2.801243502686002335e-05
5.172513052282965272e-07,-1.845560409187962982e-05
-7.079542258180838062e-07,-1.235391148952112184e-05
3.768360902122637711e-06,-2.004045014598015403e-05
2.874635547910395946e-06,-4.128320118568403596e-05
1.498938380156847474e-06,-2.571534068047518406e-05
