Size 1576,2
0.000000000000000000e+00,0.000000000000000000e+00
-2.700040541588252883e-03,-3.293884705276541730e-02
2.712602773247310955e-03,-3.294151180825303366e-02
0.000000000000000000e+00,0.000000000000000000e+00
-9.031329971610595198e-05,-4.872178916831210925e-05
-1.677443654465980304e-04,-8.647989202288243579e-05
-2.427123161263824666e-04,-1.312452225076020731e-04
-3.165796524761899859e-04,-1.852225810491082655e-04
-3.894506281103452092e-04,-2.497985667869968623e-04
-4.612084394579050767e-04,-3.254440470125775160e-04
-5.317554620685347681e-04,-4.122809643367032675e-04
-6.010434555690271621e-04,-5.102243722417336251e-04
-6.688883466710405850e-04,-6.190359572996857957e-04
-7.353175659143044388e-04,-7.385616490909166412e-04
-8.002453941327275326e-04,-8.685218530974948012e-04
-8.637930434913880778e-04,-1.008720337287243116e-03
-9.258678577496040141e-04,-1.158905566521845499e-03
-9.865108158147073598e-04,-1.318844378588482835e-03
-1.045755945865052073e-03,-1.488285712129811065e-03
-1.103630045475186743e-03,-1.667021509032040995e-03
-1.160242392348309354e-03,-1.854871711151170628e-03
-1.215395371586115367e-03,-2.051603108234644271e-03
-1.269182366537647665e-03,-2.256969396615828884e-03
-1.321676950123387446e-03,-2.470750216099016575e-03
-1.372875797799571812e-03,-2.692759393610554604e-03
-1.422836932599003904e-03,-2.922805024521289187e-03
-1.471483404900536052e-03,-3.160665322710123817e-03
-1.518909473023254391e-03,-3.406152657899522585e-03
-1.565067710443860055e-03,-3.659054740044553108e-03
-1.610023577289303740e-03,-3.919168054680260103e-03
-1.653779426701929185e-03,-4.186317978755736344e-03
-1.696345967297787152e-03,-4.460305056737936744e-03
-1.737731541376130078e-03,-4.740930006389009951e-03
-1.777984165968107778e-03,-5.028028656474629356e-03
-1.817079259735073600e-03,-5.321388256121955922e-03
-1.855078118681380067e-03,-5.620854880993316274e-03
-1.891986157552929702e-03,-5.926241205864341693e-03
-1.927841857509774359e-03,-6.237414382996598998e-03
-1.962540905740834361e-03,-6.554143959753518101e-03
-1.996200930487029065e-03,-6.876268550251105581e-03
-2.028822136343330293e-03,-7.203624956738460643e-03
-2.060430931745115338e-03,-7.536058851036813930e-03
-2.091028267232144383e-03,-7.873392953328409161e-03
-2.120642030979782381e-03,-8.215483878333373902e-03
-2.149276562761944995e-03,-8.562157916673154845e-03
-2.176959733697581001e-03,-8.913278650375923429e-03
-2.203692341697529363e-03,-9.268671380250829983e-03
-2.229510094979559025e-03,-9.628214515468403595e-03
-2.254407214127139569e-03,-9.991728753198659760e-03
-2.278424389340258198e-03,-1.035910613483706152e-02
-2.301553392601443128e-03,-1.073016798914614399e-02
-2.323833879843915581e-03,-1.110481320217999654e-02
-2.345257641152017226e-03,-1.148286654599568052e-02
-2.365864177261797763e-03,-1.186422804163254213e-02
-2.385661476777799824e-03,-1.224874864577118853e-02
-2.404660695087557261e-03,-1.263630633853365069e-02
-2.422882245389641667e-03,-1.302677285005884693e-02
-2.440338459636434178e-03,-1.342002588500405304e-02
-2.457049993612898768e-03,-1.381594297187570958e-02
-2.473028761629902320e-03,-1.421440720433882719e-02
-2.488295471859859956e-03,-1.461530113994154688e-02
-2.502862485228747168e-03,-1.501851260254154045e-02
-2.516752928200945063e-03,-1.542393542569395204e-02
-2.529962069490192863e-03,-1.583144375338315507e-02
-2.542596748411305851e-03,-1.624099288594350529e-02
-2.554484945245026010e-03,-1.665238825052888297e-02
-2.565792627565032825e-03,-1.706558029811877306e-02
-2.576576198275639090e-03,-1.748050715475853861e-02
-2.586670265811409890e-03,-1.789699325659599091e-02
-2.596235592486317075e-03,-1.831500606695204980e-02
-2.605244892140637022e-03,-1.873443379404185830e-02
-2.613695273210922716e-03,-1.915518152334268545e-02
-2.621607044281953295e-03,-1.957713282039638680e-02
-2.629054208380293516e-03,-2.000031423123488014e-02
-2.636180548952207162e-03,-2.042463200420296249e-02
-2.642671732350196628e-03,-2.084982343260725207e-02
-2.648810585584338104e-03,-2.127610345806498632e-02
-2.654379483253191049e-03,-2.170313150660236473e-02
-2.659631835300181428e-03,-2.213106271462735031e-02
-2.664378102029615024e-03,-2.255961786093941407e-02
-2.668823814173367469e-03,-2.298894048836804677e-02
-2.672814205090762868e-03,-2.341877084999643630e-02
-2.676521843989464969e-03,-2.384924304415558804e-02
-2.679818140048910446e-03,-2.428011626126965264e-02
-2.682854293415759712e-03,-2.471151250678486552e-02
-2.685524693733393111e-03,-2.514321646994718135e-02
-2.687952686244384198e-03,-2.557533570632770925e-02
-2.690061361096003027e-03,-2.600767756903926697e-02
-2.691947230671358406e-03,-2.644033800730121592e-02
-2.693558325044548545e-03,-2.687314641225400577e-02
-2.694967936809428578e-03,-2.730618703779639014e-02
-2.696145421724177333e-03,-2.773931123737079923e-02
-2.697144583908347298e-03,-2.817259144947581451e-02
-2.697953138118705171e-03,-2.860590144420620956e-02
-2.698607764377314918e-03,-2.903930186706431271e-02
-2.699111655708909176e-03,-2.947268859014581799e-02
-2.699489282513806414e-03,-2.990611013732293044e-02
-2.699753369945753767e-03,-3.033948463657745384e-02
-2.699924995840023972e-03,-3.077284159755919873e-02
-2.700012963993589712e-03,-3.120615614199271498e-02
-2.700051755122262649e-03,-3.163939788046961354e-02
-2.700055213734373332e-03,-3.207258671002929939e-02
-2.700046475229594175e-03,-3.250572924073641401e-02
-2.283580689944127769e-03,-3.293884149690485402e-02
-1.867142729923990411e-03,-3.293883401261608890e-02
-1.450754070231872247e-03,-3.293883306903529207e-02
-1.034408021255698489e-03,-3.293886586241526193e-02
-6.181175090216302435e-04,-3.293894169437200370e-02
-2.018476510751720816e-04,-3.293908007970966501e-02
2.144143800339866313e-04,-3.293928635349014505e-02
6.306784765266614141e-04,-3.293956414979936492e-02
1.046975548133478829e-03,-3.293988940663392095e-02
1.463316114881773678e-03,-3.294026590606919519e-02
1.879706671492177485e-03,-3.294067496765849118e-02
2.296142523548905332e-03,-3.294109616422379039e-02
2.712480701786283352e-03,-3.250839391944664730e-02
2.712361088243158379e-03,-3.207525209584939641e-02
2.712230507691817775e-03,-3.164206076825967079e-02
2.712064760858338714e-03,-3.120881130606514842e-02
2.711843044895482103e-03,-3.077550711546420820e-02
2.711545465882532740e-03,-3.034215407622732966e-02
2.711153240127916249e-03,-2.990876643076718217e-02
2.710648426819452141e-03,-2.947536031398069814e-02
2.710014623169610705e-03,-2.904195594172321801e-02
2.709234963985185114e-03,-2.860857557282676933e-02
2.708292894059904400e-03,-2.817524355856588017e-02
2.707171083360952659e-03,-2.774198567475847504e-02
2.705856398413330945e-03,-2.730883679652071350e-02
2.704329738620802216e-03,-2.687582439659936401e-02
2.702573501784723796e-03,-2.644298378830434518e-02
2.700576823921741268e-03,-2.601035774038890427e-02
2.698320429525267496e-03,-2.557798205236139211e-02
2.695783012764045670e-03,-2.514589721231677913e-02
2.692958701161442779e-03,-2.471415736291875109e-02
2.689826513606913272e-03,-2.428280344892998557e-02
2.686360407254816292e-03,-2.385188381581614808e-02
2.682563541513159188e-03,-2.342146392217572121e-02
2.678409915712163299e-03,-2.299158779609545775e-02
2.673871516754867603e-03,-2.256231376322826582e-02
2.668956655559547291e-03,-2.213371500836576813e-02
2.663632276645882396e-03,-2.170584215999352487e-02
2.657886911598130678e-03,-2.127876668651128983e-02
2.651709573719677158e-03,-2.085256079040950089e-02
2.645070663846306718e-03,-2.042728312922679340e-02
2.637957960652949352e-03,-2.000301487070728357e-02
2.630340620323465013e-03,-1.957983396464708231e-02
2.622248825578944384e-03,-1.915783539213331693e-02
2.613632818548122794e-03,-1.873707699525394704e-02
2.604479645679557386e-03,-1.831765060729446948e-02
2.594775542410725829e-03,-1.789964044801860277e-02
2.584505453803364206e-03,-1.748314389517230394e-02
2.573646143103798523e-03,-1.706824326358534830e-02
2.562194354669102524e-03,-1.665504267973956162e-02
2.550127976742738462e-03,-1.624363409917564324e-02
2.537413727879460779e-03,-1.583411056006082951e-02
2.524062239982772030e-03,-1.542659132706331211e-02
2.510032122734372727e-03,-1.502116994009840452e-02
2.495310532077454728e-03,-1.461796177126960077e-02
2.479934551823108520e-03,-1.421708731753884049e-02
2.463877588887423802e-03,-1.381863100087501670e-02
2.447053314614342640e-03,-1.342269617176620501e-02
2.429422495234403491e-03,-1.302941298872256279e-02
2.411075414430106055e-03,-1.263896344947493602e-02
2.391935264947923391e-03,-1.225139694072120526e-02
2.371994007741613005e-03,-1.186688275487307945e-02
2.351287522258235438e-03,-1.148552909840693838e-02
2.329674427474220846e-03,-1.110745592883121552e-02
2.307318558868240357e-03,-1.073282852817354291e-02
2.284054150109946380e-03,-1.036176730894709450e-02
2.259788546307922065e-03,-9.994372922499676973e-03
2.234899505535313958e-03,-9.630902107382257812e-03
2.208980632827180560e-03,-9.271364483518160227e-03
2.181977713377979827e-03,-8.915904225958873677e-03
2.154253192046806913e-03,-8.564835682400115391e-03
2.125495619402314844e-03,-8.218187194107974547e-03
2.095761498717496792e-03,-7.876051780243321573e-03
2.065052054062297554e-03,-7.538732231878540052e-03
2.033241881792648316e-03,-7.206297909305540116e-03
2.000461928413750645e-03,-6.878944552310081034e-03
1.966753019521884013e-03,-6.556843198882928055e-03
1.931957712431277806e-03,-6.240172212667548061e-03
1.895961491143164594e-03,-5.928948616423344517e-03
1.859380567747501677e-03,-5.623643671444152232e-03
1.821338522261068196e-03,-5.324263374667345845e-03
1.781874313325041174e-03,-5.030317716302277337e-03
1.741048033083803090e-03,-4.743384981614287912e-03
1.699669207053298775e-03,-4.462915813786763261e-03
1.656099810713703921e-03,-4.188954582298378727e-03
1.612596015882648056e-03,-3.921692506787449739e-03
1.567560695116130415e-03,-3.661744687653273496e-03
1.521541587041038129e-03,-3.408982783513087381e-03
1.474145064687011012e-03,-3.163511228085749433e-03
1.425675522002293116e-03,-2.925601698481344274e-03
1.375723269652776590e-03,-2.695454970190439177e-03
1.324330244676278885e-03,-2.473375013103203731e-03
1.271642321117906699e-03,-2.259832983512708587e-03
1.217109206603809654e-03,-2.054337268300707869e-03
1.161893844645723152e-03,-1.857505722833154840e-03
1.105953633703965402e-03,-1.669837244121092452e-03
1.048244934842646478e-03,-1.491222196917283424e-03
9.883848092405614176e-04,-1.321589147900843883e-03
9.272444121135550070e-04,-1.161518579979541445e-03
8.650196161322853483e-04,-1.011376522114339638e-03
8.014855860891951893e-04,-8.712178242975944596e-04
7.364192661223361745e-04,-7.412606056845598944e-04
6.700532778689735885e-04,-6.216735890174553570e-04
6.022150339079510115e-04,-5.128221978580971112e-04
5.332898842996547113e-04,-4.150942677689384991e-04
4.621239457108461076e-04,-3.277562830480721333e-04
3.900748625255537122e-04,-2.519698314305455589e-04
3.173620908884922770e-04,-1.873760375440679010e-04
2.428104117538886766e-04,-1.333324711554854795e-04
1.681370207678990444e-04,-8.848691315674609337e-05
9.088676026476989126e-05,-4.955808440949849709e-05
0.000000000000000000e+00,0.000000000000000000e+00
0.000000000000000000e+00,0.000000000000000000e+00
0.000000000000000000e+00,0.000000000000000000e+00
0.000000000000000000e+00,0.000000000000000000e+00
0.000000000000000000e+00,0.000000000000000000e+00
0.000000000000000000e+00,0.000000000000000000e+00
0.000000000000000000e+00,0.000000000000000000e+00
0.000000000000000000e+00,0.000000000000000000e+00
0.000000000000000000e+00,0.000000000000000000e+00
0.000000000000000000e+00,0.000000000000000000e+00
0.000000000000000000e+00,0.000000000000000000e+00
0.000000000000000000e+00,0.000000000000000000e+00
-1.554420683250728272e-07,-3.078689478950676330e-06
-1.694385866478256746e-05,-3.259910732008765993e-02
1.079892889287341947e-03,-2.143341441289159290e-03
1.580661928904437442e-03,-5.467402525201370787e-03
1.895457387918663469e-03,-9.439780524630599426e-03
2.178471011335747845e-03,-1.562652811077940018e-02
2.238171244846153506e-03,-1.810577369693105315e-02
2.325805134963349324e-03,-2.491316064906503452e-02
2.349770307341946755e-03,-2.967510708742774131e-02
4.832499997898481812e-04,-4.435053246347265068e-04
-2.081123715960602697e-03,-1.400539827318582169e-02
-2.239826901516031848e-03,-1.980519683614734988e-02
-8.722510126493275432e-04,-1.385278700098380514e-03
-1.284073778727138921e-03,-3.266639660734081598e-03
-1.438939484213773868e-03,-4.312172440291580505e-03
-1.690370425580409522e-03,-6.701946441100955533e-03
-1.794286485568819065e-03,-8.031909597465419423e-03
-1.961504972499003401e-03,-1.090637874579253319e-02
-2.026784506850285057e-03,-1.243209741815324253e-02
-2.304210769950671041e-03,-2.148488478795501297e-02
-2.318754866270943994e-03,-2.319949413963069348e-02
-2.329055207944758215e-03,-2.665391446160860975e-02
-2.145109853453065676e-03,-1.684461466095275861e-02
-2.335313045790605568e-03,-2.838559149097815912e-02
-6.572134743229345781e-04,-7.845196703342324730e-04
1.354710433241251757e-03,-3.776278760731913760e-03
1.758322456789314803e-03,-7.352325639352505667e-03
7.757643280357717991e-04,-1.070747158758562217e-03
2.341808772418751700e-03,-2.750885600694228869e-02
2.300480683648396286e-03,-2.233070644870953012e-02
2.284185232882980036e-03,-2.062645484309682392e-02
2.098354930263879141e-03,-1.322111082180309205e-02
2.023308758479473810e-03,-1.166638686476297038e-02
-1.111823883502564359e-03,-2.346350241566669097e-03
-2.323157679876083122e-03,-2.492427160081864962e-02
-1.577823990291187927e-03,-5.461182760081910795e-03
-1.884334102919171545e-03,-9.436630654682866617e-03
-2.351969368067578781e-03,-3.011127071564786983e-02
-4.223537285026197604e-04,-3.494593000986011234e-04
2.210675252111589037e-03,-1.685831472726561850e-02
1.663073981160249556e-03,-6.384871854278657659e-03
1.189341664308536791e-03,-2.793118428403555068e-03
2.334794336743074242e-03,-2.620998524487097234e-02
2.262488547889949120e-03,-1.935028996436459134e-02
-2.172477060116377069e-03,-1.809527441582734278e-02
-2.122029514720172837e-03,-1.561607139048251831e-02
2.314489651213936378e-03,-2.361959866159816374e-02
2.119333888300688369e-03,-1.439723987354938478e-02
1.965223542326542065e-03,-1.053678527806133775e-02
1.828828587088849114e-03,-8.379505401311432636e-03
1.497917687511114530e-03,-4.578972439440063928e-03
9.168589543750560846e-04,-1.552580349241303431e-03
2.337576638797276424e-03,-3.098252454030820183e-02
3.018828035543947978e-04,-1.990666825229075977e-04
-2.317073685484889126e-03,-3.137263225656673760e-02
-2.336244341829819783e-04,-1.386966595295244470e-04
1.304812825496328007e-03,-3.259771312240618280e-02
2.623091641308872925e-05,-7.521942577168456753e-06
-2.691122227474397027e-05,-6.884532268270312415e-06
-1.233592222109024467e-03,-3.256232423136706106e-02
2.347135933037017199e-03,-2.880866940506323498e-02
-2.294739460576625950e-03,-2.063227405836704637e-02
-1.363479924900144660e-03,-3.777347804716693364e-03
-7.677656398024239369e-04,-1.066450147654693630e-03
6.139139704002281655e-04,-6.801504455034337567e-04
-1.020918617009225395e-03,-1.935262025920783625e-03
-1.744123632842251026e-03,-7.356949950114567531e-03
-1.510349948617176804e-03,-4.873946025097101141e-03
-1.641451270662787039e-03,-6.072450035409023006e-03
-1.995567513188213019e-03,-1.166278091454643964e-02
-2.055261599802828566e-03,-1.321329942980616068e-02
-2.312181115294379471e-03,-2.234079904234753319e-02
-2.318698143002206977e-03,-2.406143033430394734e-02
-2.326572672969220556e-03,-2.578855479147789884e-02
-2.330711856691443547e-03,-2.752002289583087638e-02
-2.339809790629080420e-03,-2.925076075929278208e-02
-1.201438983418414179e-03,-2.790717432591129001e-03
2.291325038520354313e-03,-2.149046938208183308e-02
2.066641455286855663e-03,-1.243983993439522207e-02
1.263135757823858653e-03,-3.262784215046143996e-03
-1.840982670912017687e-03,-8.725549361299647297e-03
-2.104488954563599450e-03,-1.480744593515119674e-02
-2.188025483924157383e-03,-1.893678376816380557e-02
-1.924466848366642455e-03,-1.016395750358096983e-02
-5.427532706148912667e-04,-5.453575764453007842e-04
1.745859852840476512e-04,-9.475385223470162474e-05
2.340581342853534624e-03,-3.185718053472743477e-02
-1.039049472864456689e-04,-5.040320760505619812e-05
-2.336227803568900838e-03,-3.227140390505259249e-02
2.081968372438239550e-03,-3.262397178142279613e-02
5.511540837008012563e-05,-2.191166170847585570e-05
-1.687344223091368802e-04,-9.000451063442180516e-05
-1.634876126042373050e-04,-9.757181625011029989e-05
-2.179024846491448605e-04,-1.512398002661369473e-04
-1.511667162291889630e-04,-1.104995884150715505e-04
-1.946640894715410074e-04,-1.691118629702659942e-04
-1.305029537957612894e-04,-1.283141816700831162e-04
-1.634669671989014237e-04,-1.918691507481055697e-04
-1.010702265839358109e-04,-1.513284418191653718e-04
-1.248864548671570391e-04,-2.206045352560847390e-04
-6.252497367412303091e-05,-1.798950421985168820e-04
-7.618969759638896449e-05,-2.554115580174522171e-04
-1.432913824984200062e-05,-2.139537346680250266e-04
-1.654915548358743796e-05,-2.951843074654721751e-04
-8.834868637282629344e-05,-3.423808298306216290e-04
-1.848634276514579761e-05,-3.876949933828355223e-04
-1.000572346291172767e-04,-4.404442814241043571e-04
-2.017954848683680799e-05,-4.912653262022846461e-04
-1.114209580707765224e-04,-5.494384848388453617e-04
-2.174185938273778050e-05,-6.056559280778565100e-04
-1.222088384452972739e-04,-6.691310406029746510e-04
-2.309591578871768118e-05,-7.306343188559425968e-04
-1.327395065657039253e-04,-7.993117041906856127e-04
-2.432130682789726355e-05,-8.659157257179156452e-04
-1.427666737181937091e-04,-9.397237657289140341e-04
-2.554772566263542412e-05,-1.011365149925636323e-03
-1.525855415973174532e-04,-1.090159595845524012e-03
-2.645382242666996465e-05,-1.166799510047714832e-03
-1.618132113338101156e-04,-1.250607190106418822e-03
-2.697347165941018838e-05,-1.331834666775009827e-03
-1.732548073499760085e-04,-1.420672640393543310e-03
-2.816005472221827429e-05,-1.506353334401158229e-03
-1.803797990382677502e-04,-1.599562883856769360e-03
-2.841441918326780813e-05,-1.690071239667243755e-03
-1.880727950161341811e-04,-1.787555852111330631e-03
-2.836152471232583337e-05,-1.882739782213224558e-03
-1.959499979282404805e-04,-1.984613929219178254e-03
-2.858972819472761109e-05,-2.084195627241316670e-03
-2.035467788570856568e-04,-2.190357583179477780e-03
-2.861291053759452787e-05,-2.294185775331200952e-03
-2.109368230507117600e-04,-2.404550131867404673e-03
-2.847507210821483673e-05,-2.512514088650546519e-03
-2.179128202663045699e-04,-2.626981347210538120e-03
-2.833628503594435883e-05,-2.738998908887285613e-03
-2.247000921217069235e-04,-2.857457719898620196e-03
-2.786826566630448826e-05,-2.973430274605384869e-03
-2.310492197049497252e-04,-3.095764969956460617e-03
-2.729573219560555342e-05,-3.215579293725622043e-03
-2.372041686601552332e-04,-3.341696865875668377e-03
-2.669846901814588227e-05,-3.465244020880882229e-03
-2.429829606697477570e-04,-3.595048716927169968e-03
-2.593878365194523692e-05,-3.722238121883716770e-03
-2.485821384940621517e-04,-3.855633184330434834e-03
-2.513842881248131765e-05,-3.986370247339890253e-03
-2.538044923593290323e-04,-4.123247412426422898e-03
-2.381194866015347024e-05,-4.257892993375599761e-03
-2.587980788663681053e-04,-4.397775364725423075e-03
-2.225838617319283205e-05,-4.535800526885960630e-03
-2.633756006630917938e-04,-4.678897652890172051e-03
-2.134541191634864579e-05,-4.819927617732814445e-03
-2.679359162917008957e-04,-4.966419815548784450e-03
-2.020910521547434623e-05,-5.110572447564577271e-03
-2.721223529239038814e-04,-5.260236519995863808e-03
-1.898975964717103089e-05,-5.408005270307011600e-03
-2.761892388403036896e-04,-5.560268509433876315e-03
-1.835132488800036383e-05,-5.710556092218830107e-03
-2.799984200639112791e-04,-5.866093876978003413e-03
-1.623245172347639368e-05,-6.018923549352285692e-03
-2.834751443641487741e-04,-6.177643574483283016e-03
-1.441018350953357730e-05,-6.334163251736886838e-03
-2.866218453746109500e-04,-6.494971331757160363e-03
-1.372581644053837019e-05,-6.653728066323932704e-03
-2.898833191827728797e-04,-6.817538176402043737e-03
-1.144845282055510655e-05,-6.978550654507809092e-03
-2.925632682561954932e-04,-7.145293503263724574e-03
-9.072861235381024300e-06,-7.309775304773931046e-03
-2.951288460347681461e-04,-7.478334573458164311e-03
-8.444361651801876673e-06,-7.644778835341137918e-03
-2.976477665869622078e-04,-7.816107543284721987e-03
-6.041675685540747419e-06,-7.984553176736918639e-03
-2.998631837749135120e-04,-8.158591235775536007e-03
-3.146287258492562786e-06,-8.330294205294051096e-03
-3.016278461804179482e-04,-8.505877092174667434e-03
-2.575909899487692977e-06,-8.679283872977509168e-03
-3.037303434538819193e-04,-8.857421934516147496e-03
1.266042651463449691e-06,-9.033265427701003478e-03
-3.050153257048980626e-04,-9.213320714219810567e-03
3.600596026959107342e-06,-9.391562811981763945e-03
-3.064507811553071549e-04,-9.573393189728957725e-03
3.825297747458489632e-06,-9.753060635112444435e-03
-3.079579235857694743e-04,-9.937308495393671129e-03
8.095809446430286192e-06,-1.011921198894339714e-02
-3.088300775320494207e-04,-1.030516352472986633e-02
1.060379679882274306e-05,-1.048925506139242354e-02
-3.095810148928778544e-04,-1.067676358002878252e-02
1.063783898405038659e-05,-1.086205008119923814e-02
-3.107976008287476207e-04,-1.105178470508385614e-02
1.531598058763673624e-05,-1.123910842483448642e-02
-3.109874307140885635e-04,-1.143032909398616383e-02
2.110494153984828080e-05,-1.161968866968229007e-02
-3.108836976270472471e-04,-1.181221675668026570e-02
2.151496562636614723e-05,-1.200255905498354494e-02
-3.113311267236374205e-04,-1.219711341085129297e-02
2.321915158904244144e-05,-1.238860952751434652e-02
-3.117319330160892347e-04,-1.258503382369348909e-02
2.553731860274075042e-05,-1.277799932837642670e-02
-3.117169696225211310e-04,-1.297591623154012094e-02
2.822521715469824373e-05,-1.317030060861890464e-02
-3.116576665717346183e-04,-1.336960578383007865e-02
3.078295820258199515e-05,-1.356534219274094927e-02
-3.113105060670908744e-04,-1.376596234300547436e-02
2.815621377757257499e-05,-1.396301635004549950e-02
-3.118878546439611283e-04,-1.416486672142544187e-02
3.200721298586126133e-05,-1.436155885908611124e-02
-3.112352462946923071e-04,-1.456592829723203988e-02
3.693170951674960232e-05,-1.476309869720804011e-02
-3.102998131558736819e-04,-1.496936428409917710e-02
4.180976746388639302e-05,-1.517055152838078617e-02
-3.097407569682911893e-04,-1.537562256382489501e-02
4.466533519789502119e-05,-1.557826553258678109e-02
-3.089951267396937777e-04,-1.578377143278040726e-02
4.338003823885587653e-05,-1.598672316851406164e-02
-3.070596531496293138e-04,-1.619353775487971173e-02
4.998861022364460116e-05,-1.639788425952281095e-02
-3.062222274361719294e-04,-1.660563385258046268e-02
5.316158231520717718e-05,-1.681098097706489047e-02
-3.051052404357448952e-04,-1.702016661089398794e-02
5.092531381999708607e-05,-1.722432760613482744e-02
-3.039386016382800647e-04,-1.743438399565875110e-02
5.827275838109583774e-05,-1.764112277779013999e-02
-3.022972630459418359e-04,-1.785127143046113737e-02
6.678593122794488583e-05,-1.805931148523242866e-02
-2.999488559615485161e-04,-1.826974780039595375e-02
6.592681488920546277e-05,-1.847784533926218054e-02
-2.987755101401594294e-04,-1.868946570454340511e-02
6.843949809163781331e-05,-1.889597819322700809e-02
-2.973777946679594022e-04,-1.911018157013858257e-02
7.127342615377494077e-05,-1.931544179278287324e-02
-2.971010007272915725e-04,-1.953280399033982193e-02
7.110873879016604490e-05,-1.973827775860152386e-02
-2.947470323508970692e-04,-1.995564664736709445e-02
7.594023058805573784e-05,-2.016633308594035015e-02
-2.924794618445693728e-04,-2.038079893136682599e-02
8.482950258587490565e-05,-2.059265772033281802e-02
-2.895952723080015274e-04,-2.080669970652314349e-02
8.329742089077840541e-05,-2.101830695395080426e-02
-2.881897741337031060e-04,-2.123321032734273167e-02
7.948868951416755918e-05,-2.144475846881182396e-02
-2.874726346303911411e-04,-2.166051095416919245e-02
8.090539468973485966e-05,-2.187245219945715621e-02
-2.858405443200706122e-04,-2.208865928592037078e-02
8.333757993562277712e-05,-2.230098232223517302e-02
-2.839501363302236302e-04,-2.251755352669421520e-02
8.597115060819536970e-05,-2.273021928161014088e-02
-2.823259528723834192e-04,-2.294711543657516548e-02
8.808681824759265774e-05,-2.316009124312514572e-02
-2.804071282117122843e-04,-2.337727444946955530e-02
9.038399587271125956e-05,-2.359099742587320025e-02
-2.783707874411548225e-04,-2.380804942105678793e-02
9.348223926169842277e-05,-2.402203226900509470e-02
-2.761444326635277037e-04,-2.423925542189459340e-02
9.588789245633821295e-05,-2.445298614655454575e-02
-2.739681013105008719e-04,-2.467079182262655115e-02
9.818421192825621492e-05,-2.488527626205334908e-02
-2.717862212823719185e-04,-2.510284469265713914e-02
1.013946468042213871e-04,-2.531752192760718112e-02
-2.694205307001091621e-04,-2.553518384924682166e-02
1.037501887753387186e-04,-2.574943197900395400e-02
-2.671389577523013386e-04,-2.596769185063896312e-02
1.059660291424467649e-04,-2.618272472649127089e-02
-2.648686515578121785e-04,-2.640060823763529241e-02
1.092675491576336965e-04,-2.661577147793181899e-02
-2.623939730520869103e-04,-2.683367390729063731e-02
1.122740730451134990e-04,-2.704827321951676702e-02
-2.599075830606457482e-04,-2.726677029615428086e-02
1.140579021117253092e-04,-2.748251764483323686e-02
-2.575892171717159571e-04,-2.770022474999520035e-02
1.171493661411785868e-04,-2.791566953771204909e-02
-2.550469473974515972e-04,-2.813357743926695256e-02
1.204220043724099658e-04,-2.834805332801306962e-02
-2.523947800983456446e-04,-2.856676010555857931e-02
1.218298555034118746e-04,-2.878246712928520662e-02
-2.500233001782177738e-04,-2.900013400643080066e-02
1.248276520890126049e-04,-2.921547638783266246e-02
-2.473595393689147128e-04,-2.943316243387774506e-02
1.276453917030219215e-04,-2.964791351082839491e-02
-2.443702732420887790e-04,-2.986576013699803259e-02
1.297744186672783440e-04,-3.008009157021339017e-02
-2.412352618070980450e-04,-3.029732656647465133e-02
1.320632044099173230e-04,-3.051064643067989690e-02
4.387916612363510952e-05,-2.534875002150081889e-04
8.346537641790296590e-05,-7.970832334202619315e-04
1.063665986348044244e-04,-1.248104427137324305e-03
1.289618890789337121e-04,-1.785213117985574123e-03
1.514542031812424509e-04,-2.402521662297718314e-03
2.032326409693599944e-04,-4.121806309206392689e-03
-2.382058040901157130e-04,-3.072715765490595385e-02
2.250619263798472956e-04,-4.965144520653505880e-03
2.446298730375077979e-04,-5.864765397817298283e-03
2.645496212944555979e-04,-6.816208654237383702e-03
2.838385712974399806e-04,-7.814762217396572369e-03
3.015173818450613821e-04,-8.855566244416157931e-03
3.183160554302666249e-04,-9.934968212304383026e-03
3.352518790973616977e-04,-1.104939038705864476e-02
3.683577316840642318e-04,-1.376654138351028102e-02
3.851505655691036590e-04,-1.496600718967406977e-02
3.991933891325355455e-04,-1.619072251220603220e-02
3.610645581261640708e-05,-1.780989574105110477e-04
4.122774772548340786e-04,-1.743135442146993147e-02
4.288863408297856317e-04,-1.868542010167647052e-02
4.363397572771466411e-04,-1.995194760162546238e-02
1.738498639120973318e-04,-3.093869158552407708e-03
4.552258698969000299e-04,-2.294390273236557309e-02
4.641286860377036002e-04,-2.423659685702316685e-02
4.728798355012985683e-04,-2.553271150706781789e-02
4.818461190444767173e-04,-2.683220326064872027e-02
5.027142060717116950e-04,-3.029427952629133725e-02
5.046868811645913383e-04,-3.072359236000804864e-02
4.908850461388445221e-04,-2.813135299305521975e-02
3.570481494415204114e-04,-1.219462863955276047e-02
4.511133578947563679e-04,-2.122823507722294833e-02
1.883515129396808149e-04,-3.592352950869987828e-03
3.667934556495638931e-04,-1.297318524584293795e-02
4.499121190944848281e-04,-2.208479797666312860e-02
6.779656590895673924e-05,-5.473190351031552957e-04
4.983528035101509679e-04,-2.943116108823795249e-02
-6.109692930724561124e-04,-3.051499792713029124e-02
-6.077162304586914169e-04,-3.094371996750823126e-02
-6.179668035015349050e-04,-2.965250499883293617e-02
-6.237824029955879894e-04,-2.878682982738092408e-02
9.444617105905762173e-05,-2.172481993293819298e-04
-6.288260183584671714e-04,-2.792035254790882839e-02
-6.335501454884424509e-04,-2.705378465339859304e-02
-6.389126516592695667e-04,-2.618617229554686537e-02
-6.417984095652221879e-04,-2.532187529895889647e-02
-6.460821115076497648e-04,-2.445865401472067241e-02
-6.496337647677174077e-04,-2.359632571334401366e-02
-6.522914629751718103e-04,-2.273603451502529543e-02
-6.621028005840391912e-04,-1.764685352617030578e-02
-6.542547702962515357e-04,-2.187827516924770177e-02
-6.621703824553579762e-04,-1.640396394593821722e-02
-6.564023626397392499e-04,-2.102358061570342579e-02
-6.589580713381563721e-04,-2.017223834928129345e-02
-6.603175562009358946e-04,-1.932424301089871732e-02
7.636625697965784311e-05,-1.477472067897079634e-04
-6.610426012620046260e-04,-1.848225536273609762e-02
-6.585423359001793325e-04,-1.517595041187128416e-02
-6.565156269117834297e-04,-1.436893415620041532e-02
-6.516992877548167694e-04,-1.357094177851217269e-02
-6.471810163981315872e-04,-1.278363521200770979e-02
-6.416241348017039060e-04,-1.200772662615553175e-02
-6.351921588747105061e-04,-1.124417580698070136e-02
-6.275232431291442609e-04,-1.049407420256739942e-02
-6.206757675584771749e-04,-9.758795824684706605e-03
-6.107912476845335416e-04,-9.038864687675460599e-03
-5.996099951632169944e-04,-8.335773343598916127e-03
-5.870965519946970803e-04,-7.650751875712533644e-03
-5.731845168089730238e-04,-6.985015145387128352e-03
-5.582270081010857815e-04,-6.339921092153162803e-03
-5.412893087765220657e-04,-5.716784682432729178e-03
-5.227147965837090123e-04,-5.116989636197348014e-03
-3.428507552978885355e-04,-1.697359482368044660e-03
-5.025117269376747423e-04,-4.541991321036333365e-03
-4.806030371663223941e-04,-3.993184372715873239e-03
-4.568663168857663246e-04,-3.472134463012167653e-03
-4.312670457753759921e-04,-2.980386886419834468e-03
-4.037180775685072945e-04,-2.519552829198844993e-03
-3.741647041584542739e-04,-2.091266214124509835e-03
8.748587726358678877e-04,-3.050773233543120633e-02
8.762690336627701037e-04,-3.093651116869162651e-02
-2.909506327274942027e-04,-1.174231778881794320e-03
-1.722791746520490165e-04,-3.951358457750460450e-04
-2.538436764131163435e-04,-8.732629902146148149e-04
-2.143489726619885241e-04,-6.130027885608054904e-04
-9.797347974486157220e-04,-3.073233772421488444e-02
5.074065040026007898e-04,-3.115165639245805196e-02
-9.795510505344446305e-04,-3.115544346959288682e-02
-4.990039175973319454e-05,-1.161913123924466948e-04
1.123148573327217110e-04,-2.984147971440580032e-04
1.635501249652797329e-04,-2.618629796815980740e-04
1.912119064863861400e-04,-3.487005880789489465e-04
-5.910559010644249496e-04,-3.136619223901414288e-02
8.774245174214309172e-04,-3.136363699479902817e-02
5.104692732030305597e-04,-3.157735112271493200e-02
-1.349391685340228277e-03,-3.094856549202057092e-02
-1.334938383172630050e-03,-3.136360769268217025e-02
-1.352308900504692064e-03,-3.052054299322186012e-02
1.246595270472056725e-03,-3.072124241571289396e-02
1.245254609389654732e-03,-3.029137815507841960e-02
2.436616837490254131e-04,-3.119138326043118100e-04
2.807555592982618293e-04,-4.041935233833670389e-04
2.057124471445547116e-04,-2.308322292090194013e-04
-9.705011774347806783e-05,-7.593974209746573217e-05
-1.722268674421343531e-03,-3.073833293700965058e-02
2.874558777077156351e-04,-2.806276558106558707e-04
1.613717687902121089e-03,-3.050534957570984890e-02
-2.371483529833163368e-04,-2.388265905416538061e-04
2.827089410915753663e-05,-1.147354543266820615e-04
5.829521672509529806e-05,-9.041373307016421302e-05
2.075595465357629721e-05,-6.408879989150059742e-05
4.067761302568551572e-05,-4.609176632899061052e-05
7.869919837222675316e-05,-7.099226150738157293e-05
2.184588071216088476e-04,-4.465582354443325443e-04
3.173029703457408706e-04,-5.073346860937671043e-04
2.452485181238618964e-04,-5.553379055682878228e-04
3.532836537103872798e-04,-6.213382088114453817e-04
2.715983981969447209e-04,-6.747943248858299806e-04
3.885831327717086288e-04,-7.458336876105438069e-04
2.975341763696780998e-04,-8.047353948576900550e-04
4.158255873353473332e-04,-8.801855427846280245e-04
3.215997573855401302e-04,-9.450127974874633933e-04
4.477338601474096418e-04,-1.025589753848307273e-03
4.937213831061251909e-04,-8.176593704601611227e-04
3.459683594072356810e-04,-1.095373380859861840e-03
4.884185587984423175e-04,-1.181178711284723354e-03
3.719166795641971998e-04,-1.255317514567363480e-03
5.159866810018499256e-04,-1.345284084806548045e-03
3.953073366469262795e-04,-1.425124584515080487e-03
5.553882309971371924e-04,-1.519799022357958647e-03
6.429672333183954593e-04,-1.270340613103983175e-03
4.204876699455598987e-04,-1.604056628420760062e-03
5.945689955886272358e-04,-1.699996146929284770e-03
4.443124440356551255e-04,-1.792286836821383594e-03
6.088539062442329969e-04,-1.894482564740853974e-03
4.656269968312333517e-04,-1.988950280352832709e-03
6.347610902415686289e-04,-2.096560460478793901e-03
4.872042164851425085e-04,-2.194728770506599886e-03
6.753887583338236524e-04,-2.306944066580649856e-03
5.112411556043550912e-04,-2.408755121613825618e-03
7.197339790149784224e-04,-2.528763198277744328e-03
5.360284529072488393e-04,-2.631846926459637925e-03
7.516593604773780983e-04,-2.756993028764789713e-03
5.587598102347808874e-04,-2.862701841134706205e-03
7.655382517326580084e-04,-2.984207969089009566e-03
5.776815317199905479e-04,-3.099725684134272460e-03
8.021090848989325707e-04,-3.226261371126676498e-03
5.995808204857616371e-04,-3.345303147882011316e-03
8.312177548666222068e-04,-3.475535076839742984e-03
6.205638905486871764e-04,-3.598390406682216037e-03
8.580450817245546292e-04,-3.732042797889857568e-03
6.406535985684465783e-04,-3.858757251833522771e-03
8.844483738031885161e-04,-3.995779281558004860e-03
6.603907484942950386e-04,-4.126205814306480729e-03
8.936406038848602107e-04,-4.254682721001543273e-03
6.769038311130185425e-04,-4.398502545225583746e-03
9.512903558249768314e-04,-4.538436733636140412e-03
7.006206380222149187e-04,-4.680113048735386021e-03
9.476994178586740751e-04,-4.827610464206857389e-03
7.151203604619844499e-04,-4.968442533687203802e-03
9.863352970067391576e-04,-5.118678564496660123e-03
7.354805159892524634e-04,-5.262326943257548788e-03
1.020381354952365786e-03,-5.415918681648852415e-03
7.549553563032883850e-04,-5.562323552436766565e-03
1.024412984601123441e-03,-5.717579256360376047e-03
7.682984549330418083e-04,-5.867835583926856585e-03
1.053382271583291722e-03,-6.031836537435608658e-03
7.875954151848708418e-04,-6.180303203503711117e-03
1.076039622458376931e-03,-6.349449827381122881e-03
8.040201792337125239e-04,-6.498128342706022999e-03
1.085257283549430091e-03,-6.663490445032014056e-03
8.182641620662272708e-04,-6.819737329866369657e-03
1.119371935048061196e-03,-6.986172166541618732e-03
8.370781818131413626e-04,-7.146893710714408848e-03
1.150387899038984646e-03,-7.316301584990365058e-03
8.539615626404840941e-04,-7.479552401544069251e-03
1.153977225543194405e-03,-7.650047312238519859e-03
8.657836475629829059e-04,-7.816799758472622525e-03
1.164306427259240726e-03,-7.989286738765333587e-03
8.807896890987325974e-04,-8.159178276680521813e-03
1.192628433235800580e-03,-8.343300994600391304e-03
8.955896783827084267e-04,-8.507770673712788251e-03
1.201888407601110547e-03,-8.687479511145668881e-03
9.083704551530018007e-04,-8.858617322453063436e-03
1.229119462378066262e-03,-9.044217840745730208e-03
9.251812304111525775e-04,-9.214789486279548886e-03
1.247344877589116451e-03,-9.405513858321386950e-03
9.376739868072117698e-04,-9.575342657919368866e-03
1.254500083599401680e-03,-9.760984568155172542e-03
9.491358123604602985e-04,-9.938223006173120544e-03
1.279275755746973322e-03,-1.012959558887972095e-02
9.650654523037727542e-04,-1.030624474633079317e-02
1.295825700087782466e-03,-1.050278494295299979e-02
9.767529271827661130e-04,-1.067607680159288544e-02
1.302804996602165231e-03,-1.086756754939869826e-02
9.869584201052012968e-04,-1.105161635095336208e-02
1.325337493315644844e-03,-1.124845408439581647e-02
1.002070049215565738e-03,-1.143082674941889657e-02
1.340236520943769750e-03,-1.163261617828454525e-02
1.014391598289385386e-03,-1.181334420079321705e-02
1.347643840317724840e-03,-1.200502275157529219e-02
1.024807706260788109e-03,-1.219652163034055589e-02
1.364128922801986343e-03,-1.239013179102605583e-02
1.035447988944149548e-03,-1.258392195197295324e-02
1.378148275879028436e-03,-1.277908632408383642e-02
1.046326750680467207e-03,-1.297457734692373209e-02
1.390560801774118772e-03,-1.317108822993395129e-02
1.055700285063753546e-03,-1.337002886465371403e-02
1.403129159741034774e-03,-1.356620338951037945e-02
1.060439361675360060e-03,-1.376768651802617351e-02
1.408861382880860665e-03,-1.396388283832970811e-02
1.070328280983439372e-03,-1.416480808755672671e-02
1.419782497939518469e-03,-1.436355185205369367e-02
1.081984693409317189e-03,-1.456464385744266066e-02
1.438160334102776220e-03,-1.476542312603459223e-02
1.092907684222081286e-03,-1.496785802796176713e-02
1.448313476695319403e-03,-1.516996536189218862e-02
1.105540850104267270e-03,-1.537352342692417835e-02
1.459756155652737215e-03,-1.557664053404419525e-02
1.111525389028273497e-03,-1.578133930509209235e-02
1.469715180408234919e-03,-1.598536485593034587e-02
1.119611996053359107e-03,-1.619114402705837744e-02
1.479323705553593684e-03,-1.639604507176707637e-02
1.131576185061021001e-03,-1.660283541043587954e-02
7.880562603368234742e-04,-1.840538055640720183e-03
8.790173363502746216e-04,-3.178850565604970230e-02
1.242206807163129994e-03,-3.157572734878925230e-02
1.490807069914890310e-03,-1.680855641316557694e-02
1.136644563228068373e-03,-1.701633335515682216e-02
1.498929278884766599e-03,-1.722281231871061399e-02
1.143831137829940487e-03,-1.743151109126171716e-02
1.507375152345242142e-03,-1.763872231960066789e-02
1.155372940137149333e-03,-1.784827554917923706e-02
9.250076887857716255e-04,-2.408410840907095410e-03
1.518465295537419282e-03,-1.805617214110477250e-02
1.163897389654179040e-03,-1.826655138704881901e-02
1.525893669268010974e-03,-1.847509348848976746e-02
1.171162081602018876e-03,-1.868624326662040452e-02
1.533582334662711086e-03,-1.889538767956568110e-02
1.178134214368075760e-03,-1.910726960302722155e-02
1.117901296765878502e-03,-4.137311544630060955e-03
1.545262551774860115e-03,-1.931695580676351387e-02
1.180863442862582421e-03,-1.952955292961140385e-02
1.549086223160136286e-03,-1.973975046445571035e-02
1.186151475016121578e-03,-1.995298355883624170e-02
1.559884905126418574e-03,-2.016365226692275192e-02
1.196223201517527222e-03,-2.037498446784908462e-02
1.611543691099623279e-03,-3.007444937383893513e-02
1.242542101218158763e-03,-2.986016734720940008e-02
1.609439496375931295e-03,-2.964265008815942029e-02
1.239770291604071683e-03,-2.942789767879864030e-02
1.607365758841547898e-03,-2.921012051042620392e-02
1.237110602604279659e-03,-2.899501050352109102e-02
1.604944523761051749e-03,-2.877716538409523517e-02
1.234513062411314631e-03,-2.856196019382684081e-02
1.606609163964116101e-03,-2.834401349901143063e-02
1.232956853153423238e-03,-2.812928177518677839e-02
1.600985687392173645e-03,-2.791089646047634210e-02
1.229599980917663342e-03,-2.769557103241240825e-02
1.597534420584248698e-03,-2.747762697274877541e-02
1.226357238610558580e-03,-2.726226044582719457e-02
1.598144959838469249e-03,-2.704444649827478925e-02
1.224477509645569961e-03,-2.682964130466064176e-02
1.592521266802001453e-03,-2.661151287372387139e-02
1.220961885344293328e-03,-2.639625989379690632e-02
1.588745162908691659e-03,-2.617861044874752671e-02
1.217446699566106716e-03,-2.596338396749176339e-02
1.588425721781364141e-03,-2.574594542284133064e-02
1.214670775420744918e-03,-2.553081279707401438e-02
1.582705330417601055e-03,-2.531357396564602735e-02
1.211000800157687124e-03,-2.509812717360940942e-02
1.578548528800772632e-03,-2.488144239649662734e-02
1.207526521309461309e-03,-2.466665361954761479e-02
1.577285117805659427e-03,-2.444979755403032390e-02
1.203959992011431222e-03,-2.423510473772343479e-02
1.571432999044481684e-03,-2.401851696850642801e-02
1.200253203445888692e-03,-2.380398628670268510e-02
1.566855688351733930e-03,-2.358768321987050887e-02
1.196399435170612336e-03,-2.337335397753268276e-02
1.564515907195127443e-03,-2.315735879775682182e-02
1.192636073946760997e-03,-2.294301957609964915e-02
1.558552693997627102e-03,-2.272757276010173647e-02
1.188332686230760861e-03,-2.251282751550712571e-02
1.553409164634773215e-03,-2.229833298377596751e-02
1.183857527373641900e-03,-2.208386119418828328e-02
1.548560448524113073e-03,-2.186986807911940611e-02
1.179294070677974326e-03,-2.165572408420704184e-02
1.543228744386665159e-03,-2.144219176102191149e-02
1.177865561309172915e-03,-2.122746435792082983e-02
1.542120505982474792e-03,-2.101610497148155912e-02
1.211376255730946087e-03,-4.972783461369293181e-03
1.311292987306019201e-03,-5.885414928432847366e-03
1.413692055494517215e-03,-6.842749479546255537e-03
1.603975484931586962e-03,-3.094482320830194144e-02
1.479623043617120772e-03,-7.843086636848265944e-03
1.542724153282982969e-03,-8.887867374074891538e-03
1.596969442289763791e-03,-9.967296163460034192e-03
1.655837692352247212e-03,-1.108101396159289279e-02
5.147276453558650815e-04,-3.199884007416541748e-02
1.498805656273779650e-04,-3.177855704734947051e-02
1.745983874923634407e-03,-1.378052929986896789e-02
8.121329485145564178e-04,-1.931328313321145282e-02
8.017837452702936433e-04,-1.805866562210049070e-02
7.800517330158080213e-04,-1.681050343281646764e-02
7.595970143554729584e-04,-1.557810269153203642e-02
7.265336745496819718e-04,-1.436269451365642519e-02
1.791283118306661627e-03,-1.496757637122753115e-02
6.822668662820452869e-04,-1.162037769310378388e-02
6.518668698544228353e-04,-1.048982334368536544e-02
6.221542397029590672e-04,-9.392583534035405662e-03
1.829494806128007314e-03,-1.619026862634507027e-02
5.913712567778379656e-04,-8.331419782848010006e-03
5.608022038934300279e-04,-7.311158201136530067e-03
5.255143197052677224e-04,-6.335835686607147604e-03
4.890114704394725583e-04,-5.409504074522584159e-03
4.513804702887806069e-04,-4.537216682713882988e-03
1.933229241411734854e-03,-2.294173451196038910e-02
1.861845227401681679e-03,-1.744683392846423792e-02
3.544442734112374267e-04,-2.741739369116583634e-03
1.947944927620782552e-03,-2.423325004015427706e-02
3.090014684358410521e-04,-2.087272206943234076e-03
2.626578790016995688e-04,-1.509332258628464513e-03
8.288265190044607827e-04,-2.358916371247832267e-02
2.143114769346875052e-04,-1.014833364202216920e-03
1.888597986560551457e-03,-1.870121483853393052e-02
8.388075547476950538e-04,-2.488335734206230040e-02
8.483124246422072941e-04,-2.618136010769731709e-02
1.959936298689702976e-03,-2.554515363158465363e-02
8.570337887309069673e-04,-2.748112016967589610e-02
8.649004471723699232e-04,-2.878093706785464501e-02
1.969139643587358279e-03,-2.684327189045069076e-02
1.919857942108497192e-03,-1.996759174397558234e-02
1.976763899257566286e-03,-2.814276600514023854e-02
1.975432037388952233e-03,-3.030684844999035135e-02
-1.706974210401586553e-03,-3.030834350546496997e-02
-1.352588167457766024e-03,-3.009052160606433268e-02
-1.706779985090887616e-03,-2.987747270960728826e-02
-1.354830231007010839e-03,-2.965909117692400176e-02
-1.708379876887824392e-03,-2.944571126703991737e-02
-1.357509440962161116e-03,-2.922695477898343622e-02
-1.711137559238080702e-03,-2.901332715950681942e-02
-1.360252848315882980e-03,-2.879429675105589850e-02
-1.713200909200762647e-03,-2.858049826297681673e-02
-1.362804186517245887e-03,-2.836130819380409604e-02
-1.715738658679142551e-03,-2.814744330471436948e-02
-1.365337243994780864e-03,-2.792815432758346053e-02
-1.717571677149507892e-03,-2.771427139660110131e-02
-1.367682373396141753e-03,-2.749496303853547763e-02
-1.719807370500999301e-03,-2.728113093785271628e-02
-1.369977944276857748e-03,-2.706181140867380125e-02
-1.721354727523338474e-03,-2.684804517077824665e-02
-1.371633028403759953e-03,-2.662799868614032506e-02
-1.723205058297239438e-03,-2.641500041409963750e-02
-1.373139541278387346e-03,-2.619419566787711123e-02
2.362883809391642985e-04,-2.047724299577898682e-04
1.668391093302189025e-04,-1.611506536465589579e-04
1.876827011551028058e-04,-1.406523357445693342e-04
-1.724330169123794443e-03,-2.598207325006027593e-02
-1.374895882562855373e-03,-2.576141192841865588e-02
-1.725888539015123409e-03,-2.554954296160373214e-02
-1.377075561352690634e-03,-2.532976097892244982e-02
4.268139797304513431e-04,-5.729090339232275350e-04
-1.726818954182105913e-03,-2.511743369361534028e-02
-1.379104697774580007e-03,-2.489854871623331523e-02
-1.728124651877115591e-03,-2.468574108692623073e-02
-1.380641872029658495e-03,-2.446698409570957286e-02
-1.728614943545667658e-03,-2.425428427390411215e-02
-1.381865765852132713e-03,-2.403570251004396099e-02
-1.729416693588239906e-03,-2.382326023481569008e-02
-1.382958367198887503e-03,-2.360483617093420139e-02
1.233446811603458289e-03,-3.197774349139904243e-02
1.611639402746681054e-03,-3.180737395581075683e-02
-1.729425318794090231e-03,-2.339266946041083928e-02
-1.383791416735872257e-03,-2.317448901107022757e-02
-1.729752799739317937e-03,-2.296266089614359615e-02
-1.384489435927258082e-03,-2.274469434915801086e-02
1.583450554559341509e-03,-3.222838064515718554e-02
-1.729262797287546820e-03,-2.253320791345411397e-02
-1.384527902514441199e-03,-2.231554238559695091e-02
-1.729013133851005964e-03,-2.210446308305310734e-02
-1.384724471849121345e-03,-2.188706662739337006e-02
-1.727955151771730369e-03,-2.167639493185385610e-02
-1.384797634974752577e-03,-2.145936912231438676e-02
-1.727225350103949071e-03,-2.124917097934086660e-02
-1.384624100710236472e-03,-2.103247730246170580e-02
1.086417361769441583e-05,-2.148359223369498768e-05
-7.024324481304157672e-06,-4.313568177233314117e-05
2.484375983041144564e-05,-1.817409011229153594e-05
1.014137091435338926e-03,-3.121007921347811707e-03
-1.725605288672102562e-03,-2.082276037239541230e-02
-1.384239613908375957e-03,-2.060650811304643934e-02
-1.724283794135535825e-03,-2.039733477012955348e-02
-1.383587567238882092e-03,-2.018150922402058706e-02
1.078002262161923026e-03,-3.616332555525048151e-03
-1.768255559669071764e-03,-1.997980513686929693e-02
-1.388913945576681708e-03,-1.975758749853558441e-02
-1.779288318397158862e-03,-1.956101729092166869e-02
-1.392291600187928798e-03,-1.933658949739043217e-02
-1.772420958798452554e-03,-1.913587606646682815e-02
-1.386418431588726068e-03,-1.891310720538528362e-02
-1.767938389102566722e-03,-1.871412953967931114e-02
-1.388159246360020629e-03,-1.849396840151049104e-02
-1.764003088497843484e-03,-1.829416663895024400e-02
-1.385479395174543703e-03,-1.807472928349920446e-02
-1.744632150602977872e-03,-1.786990332971807177e-02
-1.380414716347934260e-03,-1.765624062507382616e-02
-1.757490126257253140e-03,-1.745584118996629241e-02
-1.381192183182392919e-03,-1.724083788818448273e-02
-1.766257158741866900e-03,-1.704284036470170294e-02
-1.380910382031478234e-03,-1.682693367419307168e-02
-1.020714940241980451e-03,-1.702892771946512215e-02
-1.727702298906127944e-03,-1.662385046527503629e-02
-1.372435745173663851e-03,-1.641349712226201907e-02
-1.741103115711998498e-03,-1.621540914454569146e-02
-1.370940835234763259e-03,-1.600311655590027152e-02
-1.748321731288140016e-03,-1.580834037235108111e-02
-1.369689889133370985e-03,-1.559480515703699777e-02
-1.016196953766072223e-03,-1.579273539494192857e-02
-1.729796923394313077e-03,-1.540134464670792937e-02
-1.359093605646076062e-03,-1.518698125383044668e-02
-1.720049963570383176e-03,-1.499605314710848562e-02
-1.354207555795337121e-03,-1.478236478325501910e-02
-1.712175651113208947e-03,-1.459267276781509373e-02
-1.348908201092448040e-03,-1.438000809143745624e-02
-1.703805106241475980e-03,-1.419155744915106057e-02
-1.343189868093232773e-03,-1.398002404115173541e-02
-1.695298755567852022e-03,-1.379286473387656732e-02
-1.337036102075504079e-03,-1.358252421262838572e-02
-1.685937385125280607e-03,-1.339671414232053437e-02
-1.330439040700515758e-03,-1.318762977446029556e-02
-1.676359190772874807e-03,-1.300322848528774090e-02
-1.323383090753019273e-03,-1.279545734604263518e-02
-1.665889131325200539e-03,-1.261252527478231265e-02
-1.315861500921658737e-03,-1.240613314116245820e-02
-1.655176203865146942e-03,-1.222473293846103662e-02
-1.307856274450601821e-03,-1.201977853478437656e-02
-1.643547972849732173e-03,-1.183997418277530495e-02
-1.299355461832651200e-03,-1.163651854722244638e-02
-1.624572949358429018e-03,-1.145427239829356625e-02
-1.290353492076257288e-03,-1.125663242013151370e-02
1.700021864510100570e-03,-1.221673864638079567e-02
-2.152851577673281936e-03,-1.767393879499949347e-02
-1.617602905084057499e-03,-1.107941925294341629e-02
-1.281146562543382036e-03,-1.088017526312194325e-02
-1.599092466905181710e-03,-1.070115401832831201e-02
-1.270761417861508659e-03,-1.050707993077368632e-02
1.722564527981721924e-03,-1.297964664539663811e-02
-2.129042637021034273e-03,-1.643085478314800299e-02
-1.590394732066469259e-03,-1.033329078166709061e-02
-1.260911983400902787e-03,-1.013810975666287230e-02
-1.571097248938700848e-03,-9.962360769893919415e-03
-1.249069838275312016e-03,-9.771881987519910953e-03
-1.560568282568394706e-03,-9.601958694994866192e-03
-1.237965242772780987e-03,-9.410497687380975362e-03
-1.541574932122684143e-03,-9.239810171130777294e-03
-1.225233719525307876e-03,-9.052386838315192377e-03
-2.049488519923482223e-03,-3.046127600496788615e-02
-2.095412182353473089e-03,-3.095036911048836686e-02
-2.083308791936875747e-03,-2.966982090547569742e-02
-1.528204796342014921e-03,-8.886731490991004942e-03
-1.212773448926017560e-03,-8.699165582144506234e-03
-1.509450948522105549e-03,-8.534140032311636828e-03
-1.199091196848239317e-03,-8.349793270097622538e-03
-2.092580365034731309e-03,-2.880380525568335473e-02
-2.101585013911513432e-03,-2.793669224377411803e-02
-1.493022618408386447e-03,-8.188712266672715928e-03
-1.185196455861424036e-03,-8.005298073610651530e-03
-1.472699359514929602e-03,-7.844980572272189367e-03
-1.170226062053895347e-03,-7.665056426009623364e-03
1.910861525133423968e-03,-2.124928778528516540e-02
-2.109359828682751646e-03,-2.706971324409558968e-02
1.922145680910882903e-03,-2.209726395368665289e-02
8.309233483098379079e-04,-2.016680689973024757e-02
8.354844542556815173e-04,-2.059038993577821941e-02
-1.454528793683964758e-03,-7.508824719403378763e-03
-1.155022895143883619e-03,-7.330039325118310745e-03
-1.432840319535743463e-03,-7.174786422247966464e-03
-1.138786451009109755e-03,-6.999617543040133338e-03
-2.202265517712232151e-03,-1.936144685279022129e-02
-2.112204201350008186e-03,-2.620391928000401216e-02
-2.182073963256786486e-03,-1.851448012300633064e-02
-2.114222577194348543e-03,-2.533902868189905067e-02
-1.412908789581104538e-03,-6.848564851337832389e-03
-1.122249044500382839e-03,-6.674739532070720661e-03
-1.393557322593986375e-03,-6.526530215564711052e-03
-1.108171731499919691e-03,-6.355150273298787629e-03
-8.400100256356050508e-04,-6.506160810747784427e-03
-8.274482938771394709e-04,-6.188798480662877251e-03
-1.089133212836374334e-03,-6.039873179720937207e-03
-8.138818894938284424e-04,-5.877053260895708821e-03
-1.069445708821631846e-03,-5.731075041471929594e-03
-7.997625548180882591e-04,-5.571203889883289719e-03
-1.049775648021731081e-03,-5.428291547711393619e-03
-1.351522959923784524e-03,-5.897983286724492111e-03
-7.851218480130609835e-04,-5.271333604974793793e-03
-1.028835415253549941e-03,-5.131547828089707240e-03
-7.698930940894991139e-04,-4.977577592835874531e-03
-1.007741392752998242e-03,-4.841017695688346750e-03
-1.294915357199622960e-03,-5.290162170509623077e-03
-7.541066651820878437e-04,-4.690113477570857954e-03
-9.853558380794812891e-04,-4.556847730283509167e-03
-7.377042780393199169e-04,-4.409110504371634674e-03
-9.627726694938775224e-04,-4.279253250392570616e-03
-7.207195841830018679e-04,-4.134752836285331135e-03
-9.391803409301126629e-04,-4.008391428750567205e-03
-7.031412738897517079e-04,-3.867238465234049041e-03
-9.150991508247021755e-04,-3.744479906999886865e-03
-6.849182673965821620e-04,-3.606752810049546065e-03
-8.899401548712956725e-04,-3.487686044394183033e-03
-6.660673351335828904e-04,-3.353494858177109503e-03
-8.642342928265244958e-04,-3.238223778068624430e-03
-6.465486535354325213e-04,-3.107660184293235556e-03
-8.374502606912423560e-04,-2.996280119817905201e-03
-6.263780515625535150e-04,-2.869450610949166210e-03
-8.100662342132116701e-04,-2.762069768081425528e-03
-6.055132355968468423e-04,-2.639066246580533577e-03
-7.815807333670000837e-04,-2.535777067209997893e-03
-5.839841834310233659e-04,-2.416722849691147791e-03
-7.534548121709758444e-04,-2.317783684722372027e-03
-5.618888355111630473e-04,-2.202632414260201604e-03
-7.234718985164055377e-04,-2.107978125517827837e-03
-5.390057060557146068e-04,-1.996971688810105471e-03
-6.914677513517139985e-04,-1.906329016089801810e-03
-5.152132070557871634e-04,-1.799924915654650464e-03
-6.606174322445424124e-04,-1.713853224349631962e-03
-4.912651924760065483e-04,-1.611981032857215173e-03
-6.268345270449221865e-04,-1.530551978114128540e-03
-4.668735727022988065e-04,-1.433195721859838352e-03
-5.948907204827179112e-04,-1.356497531588454156e-03
-7.965033063008260120e-04,-1.634740321256326423e-03
-4.400533721439499704e-04,-1.263397407813397072e-03
-5.602416188639100470e-04,-1.191625591485762472e-03
-4.133423617850678065e-04,-1.103010475220321833e-03
-5.225887344242385922e-04,-1.037450967554480420e-03
-3.855402204616678271e-04,-9.527086162349671615e-04
-4.855193999011846065e-04,-8.921948677073002340e-04
-3.572389546218631231e-04,-8.123723587749149492e-04
-4.489681480363213214e-04,-7.558220744387758507e-04
-3.283100041896680412e-04,-6.820507305499776260e-04
-4.107055185821228060e-04,-6.309401310968785516e-04
-2.985769511921076047e-04,-5.624035704150121559e-04
-3.718194747261178578e-04,-5.168167674113235271e-04
-2.678959913005864667e-04,-4.534680881309455778e-04
-3.264062889047941360e-04,-4.116804912918421580e-04
-2.336632818391404340e-04,-3.539992979923667544e-04
-1.239284146174366016e-03,-4.708188146485273867e-03
-2.115333829303281486e-03,-2.447541708200511382e-02
-8.628451436338555654e-04,-7.156365402120365253e-03
-8.849303984664064898e-04,-7.826934753067463224e-03
7.121435433192444550e-04,-1.317231263390650046e-02
-9.050258645516954820e-04,-8.516478328197527384e-03
-1.181589338820550643e-03,-4.152190348821410172e-03
6.965126227201851386e-04,-1.238888073364744803e-02
-2.115620266602307852e-03,-2.361339642860184676e-02
-9.231909777277348770e-04,-9.223739593092453518e-03
-9.395628595707093298e-04,-9.947557449998738893e-03
-2.115697741096577919e-03,-1.520981451326739245e-02
-9.538335947669845374e-04,-1.068659723628447369e-02
-2.108668109631855418e-03,-2.275414542456172251e-02
-2.093514838547664778e-03,-1.440364329332640553e-02
-9.668155063867784216e-04,-1.143995948235668192e-02
-1.121458972860132821e-03,-3.628735504361589072e-03
-9.782441444236267790e-04,-1.220657908784517597e-02
-2.068854381240521102e-03,-1.360647768218705388e-02
-9.882026965256189566e-04,-1.298535143173487443e-02
-2.106064576356679336e-03,-2.189675523951893285e-02
-9.967309208309817030e-04,-1.377526216044746774e-02
-2.041649599161149062e-03,-1.281972905062458805e-02
-1.005401490811540233e-03,-1.457607273635174415e-02
4.597557556017631839e-04,-2.037933765803855851e-02
-2.011765884884767885e-03,-1.204436755739230445e-02
1.919494882763445130e-03,-2.039776047054458682e-02
-2.102107910386099600e-03,-2.104241180238110992e-02
-3.108105822923534550e-04,-1.339626741304889013e-03
-1.055692841707821066e-03,-3.129187513780588240e-03
-1.977715911722375229e-03,-1.128061566954045511e-02
-1.942224413419678906e-03,-1.053111474272395640e-02
-2.069634222299583139e-03,-2.027271983703522393e-02
3.065787529604492578e-04,-2.424167351575116534e-04
3.792360685371206123e-04,-3.367145261001765547e-04
-1.022662997770964945e-03,-1.786014971699883408e-02
-2.975447081684736328e-04,-1.978722894607996548e-04
-1.903708407408580879e-03,-9.796157204195146684e-03
-3.605418281274940721e-04,-2.682645799805817273e-04
-3.239187973190968384e-04,-2.911945291895605436e-04
-1.024485792928427237e-03,-1.869906813892207448e-02
1.279362560390269379e-04,-1.027816625013761097e-04
1.413201776903845236e-04,-8.989718543481265691e-05
9.093395657288197225e-05,-5.766796937434135178e-05
9.149932177702651854e-05,-4.551576521667226094e-05
2.064386860437485345e-04,-1.284725302330106550e-04
4.778615911665533701e-05,-2.731620151708667241e-05
-1.083073765560162182e-04,-5.419173731485715535e-05
-4.935274008379836747e-05,-1.808123126012379820e-05
-6.323315126641220656e-05,-2.682109787612323829e-05
-1.070669854073471184e-04,-6.290521496992210713e-05
-6.309761032989798550e-05,-3.512985417904753680e-05
-3.159973846119612338e-05,-1.616937719900726894e-05
-5.470175033381251511e-05,-4.740532265208661204e-05
-2.405483314615972863e-05,-2.536676775603092463e-05
-7.811919779595489631e-05,-9.328463313285852881e-05
-3.730094246271425360e-05,-6.484807498285827406e-05
-2.325959861224796612e-03,-3.185779175002786956e-02
-1.956955955475703137e-03,-3.206955886478409651e-02
-2.006041320154623372e-03,-3.253691816710394674e-02
-1.604753459193466666e-03,-3.228967931284709020e-02
-1.585689131738654426e-03,-3.186069768097388177e-02
-1.230400899598462112e-03,-3.211947300398512034e-02
-8.334882252605565860e-04,-3.233773384136417323e-02
-8.841843077398247154e-04,-3.195501627964988239e-02
-4.803098138170100906e-04,-3.217022992658775254e-02
1.975175816110028102e-03,-2.943941164376731590e-02
-1.862262216883027108e-03,-9.077032960052659402e-03
-1.024945528196817210e-03,-1.954244193916552380e-02
4.107291702899439068e-04,-3.724940019225933714e-03
-1.180601496060412102e-05,-1.444325185039665169e-04
-9.862164102455001601e-04,-2.660909095043694633e-03
-1.939063299412896316e-04,-4.987426909026662853e-04
2.343245802446689702e-03,-3.142322605239282474e-02
1.971974280274809907e-03,-3.117914518938904797e-02
-1.482837292381152634e-04,-3.015483916316681287e-04
1.350980228883847094e-04,-3.093908441448095167e-02
-2.328498335501121323e-04,-3.115403217278279666e-02
-2.033383401090471914e-04,-3.156896915701543765e-02
-1.817573919448268885e-03,-8.374815741353243415e-03
-2.346002029271534171e-04,-7.380968582838020372e-04
-1.024531349819410601e-03,-2.039047754409890542e-02
-2.729842814157145575e-04,-1.018909522294238158e-03
3.827382515031518893e-04,-3.218476239535056349e-03
-1.769140003011692016e-03,-7.690410742941969184e-03
8.624876140944520448e-04,-3.217980029491499666e-02
5.553144415815759955e-04,-3.242727995277103203e-02
-1.028803454453097145e-05,-4.012828154593056254e-06
-3.590416618400735704e-04,-1.890042271501818838e-03
5.007627939272048766e-04,-2.986333346458700314e-02
-3.895446421948243055e-04,-2.301411614200556902e-03
-4.180915460593623788e-04,-2.746182814668748483e-03
8.063472393790852488e-04,-1.973978774924045956e-02
4.423951485947210500e-04,-1.952534680371349404e-02
-4.446841638964409474e-04,-3.222691454582466471e-03
-1.954926291629004859e-03,-3.164117073492573456e-02
-1.023292317913273696e-03,-2.124250810040335599e-02
-4.693718838051157919e-04,-3.729298302402923263e-03
-1.717163266271141920e-03,-7.025315073932596015e-03
1.444418241687315065e-04,-3.136161328004770377e-02
-4.922186505809541222e-04,-4.264437096350333356e-03
-5.132892197550288421e-04,-4.826548375819301843e-03
-9.552927240518996753e-06,-8.714055317332756111e-05
-5.327389152814971263e-04,-5.414138079527741794e-03
2.344104267251450636e-03,-3.054201523042454278e-02
1.353065609777746447e-04,-1.865401230605847661e-04
-4.832436946597137113e-04,-4.411552533692246220e-04
-5.505959444198166254e-04,-6.025833018011122512e-03
-6.145504492239935645e-04,-3.008449116493718684e-02
-1.662552422752754111e-03,-6.382514161362430084e-03
-5.662711454558347953e-04,-6.660365313875743661e-03
-1.021327909629746135e-03,-2.209799191029867410e-02
-6.008057598567530851e-04,-6.590627281481094887e-04
1.068722033602426428e-04,-1.227497422379547599e-04
-6.205611336871804089e-04,-2.922024793304354648e-02
-6.258454262217481986e-04,-2.835410929736199501e-02
-6.308155796823180540e-04,-2.748754287783500977e-02
-8.503849619303363106e-04,-6.828794555458274004e-03
-5.805861493766562411e-04,-7.315931350204253093e-03
-8.732893150658532560e-04,-7.489221612445606281e-03
-5.938060261819505959e-04,-7.991477814951521499e-03
-8.944550022875561585e-04,-8.169438953876159704e-03
-6.055890334652711546e-04,-8.685724619026226681e-03
-9.136197133603364681e-04,-8.867974257480839423e-03
-6.160156676931473297e-04,-9.397393653238276384e-03
-9.308261372766409502e-04,-9.583853714972405749e-03
-6.249925616568376792e-04,-1.012523468769594044e-02
-9.461330777213161885e-04,-1.031521363910158258e-02
-6.344284052560641984e-04,-1.086775679062994271e-02
-9.601727557217808575e-04,-1.106141077365535054e-02
-6.394647883821813310e-04,-1.162511619659180144e-02
-9.721069205696503818e-04,-1.182156080125912334e-02
-6.453294691749890486e-04,-1.239495831822676891e-02
-9.827516755521491839e-04,-1.259473242361281060e-02
-6.502420371420350930e-04,-1.317667978802306884e-02
-9.920407448188669781e-04,-1.337919783306720269e-02
-6.544774382879874888e-04,-1.396936558576725336e-02
-1.000304227450786541e-03,-1.417444106963032698e-02
-6.586492879821697699e-04,-1.477169864607292583e-02
-1.008353396928064662e-03,-1.497909261761924508e-02
1.968887602624167475e-03,-2.727643319851153630e-02
3.391168201529897223e-04,-2.515691559765928509e-03
-6.352091785017358223e-04,-2.662017598378710326e-02
1.975641475303116078e-03,-2.857607373499936737e-02
1.960614839737155526e-03,-2.597773061759426141e-02
4.377827607078969060e-04,-4.260280340287568926e-03
2.109288910407342628e-04,-4.396220928538863149e-03
4.242024437065234970e-04,-3.988870150827431536e-03
4.766309952281552807e-04,-5.112595769409728798e-03
2.330037887219430545e-04,-5.259836211936963143e-03
4.646778075144647837e-04,-4.821413091606803827e-03
1.950460369538526079e-03,-2.467846554521280558e-02
5.137807157293990644e-04,-6.021363801533835894e-03
2.541005433197992495e-04,-6.177383193776446978e-03
5.009083805067259497e-04,-5.712163443759642016e-03
5.487449937532396264e-04,-6.980819385869734689e-03
2.747380585630415260e-04,-7.145075338008891573e-03
5.338887660109849437e-04,-6.655634497516417503e-03
1.938216118403554306e-03,-2.338544440220700557e-02
5.816749153270956004e-04,-7.986504596791637114e-03
2.930395462876305671e-04,-8.157958408304008535e-03
5.668487879692514844e-04,-7.646306525892771454e-03
6.137994465210530387e-04,-9.034498166780240841e-03
3.122410914484511821e-04,-9.212636359929764554e-03
5.972762088607027047e-04,-8.680716434384437921e-03
6.445783956063001405e-04,-1.012020784511973200e-02
3.320445445043390047e-04,-1.030468510561386927e-02
6.271434906429782137e-04,-9.754277004979401006e-03
6.716238866236978440e-04,-1.123989814988908369e-02
3.476260319088496625e-04,-1.142875010411129044e-02
6.526620621610363347e-04,-1.086298275133193436e-02
6.892000923207481072e-04,-1.200304207031016590e-02
3.619505662086557963e-04,-1.258279210911120508e-02
7.028549669561150485e-04,-1.277929149743129399e-02
3.697343718518868822e-04,-1.337006981437490784e-02
7.113667739523699173e-04,-1.357135181698875849e-02
-1.017267623754118102e-03,-1.620363246894201970e-02
-1.019757984311740013e-03,-1.661529571125388433e-02
-6.646947785122038835e-04,-1.681800976477750009e-02
-1.022037403578069130e-03,-1.744416860317948154e-02
-6.622261873896145932e-04,-1.806354398375630693e-02
7.546346129830673122e-04,-1.517134880757950964e-02
4.051509725209810186e-04,-1.537516099796200526e-02
7.302789022736405709e-04,-1.476571622626561206e-02
3.782254379505839924e-04,-1.456262595659947416e-02
-1.023921376181163813e-03,-1.827888918193473766e-02
-6.610912620390814497e-04,-1.890297675457681265e-02
7.757998031391327579e-04,-1.639793326477619398e-02
4.202150003570652220e-04,-1.660492937183178849e-02
7.501301249004941381e-04,-1.598691756006420661e-02
7.955218180041475880e-04,-1.764106716498373140e-02
4.331919426175282828e-04,-1.785003499821474771e-02
7.684941960534756372e-04,-1.722484239719793489e-02
8.138560197566257603e-04,-1.889815183152109349e-02
8.043007140571325217e-04,-1.847675635692628410e-02
5.575936220860221258e-04,-5.664083160106668687e-04
2.255794945959304579e-03,-1.892896981630944053e-02
1.217734405675347312e-03,-3.021547643041580349e-03
1.045790585691371054e-03,-3.367772380793315930e-03
1.300272405202117188e-03,-3.515081721518937673e-03
1.107558761001036732e-03,-3.883110778153512060e-03
1.388388416213084779e-03,-4.075177210272205169e-03
1.305671509351438416e-03,-4.328644704496681893e-03
1.214333043350074130e-03,-4.546294013863231946e-03
-7.140217813845635116e-04,-9.204873709356940509e-04
2.229509835130845299e-03,-1.768837276827603389e-02
1.015327146991977080e-03,-1.941557302073183963e-03
9.062639661657534472e-04,-2.059974143402028106e-03
9.486628064476267412e-04,-1.741733552475884352e-03
7.434948638897924183e-04,-1.599407714549831152e-03
7.663116384714838960e-04,-1.426609187769596436e-03
2.080466158784123869e-03,-1.282532956897591489e-02
1.743371554057480521e-03,-1.337589328917489044e-02
2.200483884037741488e-03,-1.644584821192861951e-02
1.979025386290611185e-03,-1.090648441342646248e-02
2.013921116125946646e-03,-1.129051581375774965e-02
1.669216746006142987e-03,-1.145753188332244293e-02
1.954687813439279567e-03,-1.017140092458182835e-02
1.639115941696832942e-03,-1.034590893295222504e-02
1.902944246563659193e-03,-9.805194078207884328e-03
1.845952717381440806e-03,-8.725353918661721275e-03
1.888582255369746594e-03,-9.086241776284146449e-03
1.583634721920357258e-03,-9.254333751349820905e-03
1.801049519913798308e-03,-8.034958332051866936e-03
1.521336667522338489e-03,-8.199202109543682337e-03
1.777470979300997461e-03,-7.687195643409773342e-03
1.467078188471929818e-03,-7.499556713670338208e-03
1.454950037699998065e-03,-7.166871768892957989e-03
1.688708549722019994e-03,-6.700432107469001669e-03
1.640385525833388614e-03,-6.073394882358807735e-03
1.379910373013764008e-03,-6.218739290185090404e-03
1.582097386993079266e-03,-5.760622794300706770e-03
1.306931847710479612e-03,-5.584963220262165358e-03
1.324845956955947920e-03,-5.274957515050453932e-03
1.486816804871164905e-03,-5.041769367301859699e-03
-1.474255547038349785e-03,-4.588493764504287913e-03
-1.269425422979293758e-03,-4.995682400999654042e-03
-8.199226310050489403e-04,-1.219678492767871294e-03
-1.065680830920254750e-03,-2.135323701174788105e-03
-1.543224583750481054e-03,-5.162737106116803421e-03
-1.325026683119325411e-03,-5.591778202081612234e-03
2.094892428388924702e-03,-1.360395500562852807e-02
2.096783680452528591e-03,-1.400001270357163763e-02
2.049777934287171956e-03,-1.205359686188423214e-02
1.717685654179234482e-03,-1.259870141969161340e-02
8.373324589454471693e-04,-1.228203649458262754e-03
7.215046882043252155e-04,-9.322417924280561102e-04
6.561532343546080167e-04,-1.013712527944127164e-03
6.746311806758966334e-04,-8.091905954998992795e-04
-1.610116711950066370e-03,-5.763896665455476437e-03
-1.374845969599831387e-03,-6.208833569281342959e-03
2.166632238618514204e-03,-1.521988459468820269e-02
1.114267474453828170e-03,-2.352545420216400895e-03
1.152121747032684501e-03,-2.562951725780548452e-03
9.667833144428915684e-04,-2.661804063909261817e-03
-6.409294958787316743e-04,-2.575346280053962544e-02
-6.439374752362063154e-04,-2.489084733310666445e-02
-6.477881974507036268e-04,-2.402779529246732923e-02
-6.510975198751447817e-04,-2.316640669684154330e-02
4.523744632727496598e-04,-2.251380494330337476e-02
4.475823703184808209e-04,-2.165648707467485515e-02
1.555378789628174751e-03,-2.059290841806121070e-02
-6.606335322880230003e-04,-1.599178561672617502e-02
-6.629768744510356870e-04,-1.558316458783755992e-02
1.957108886910651629e-04,-3.853524880885497890e-03
-1.024845952220633429e-03,-1.911971447181819508e-02
1.363764419128089280e-04,-1.982477988990768037e-03
5.970032039324554526e-05,-4.383624390497512825e-04
-1.211044266494544844e-03,-4.427410727150219924e-03
1.241190271353592896e-03,-3.115086170574358354e-02
1.776622054734551797e-03,-1.457796646243985500e-02
3.969469783004767787e-04,-3.467729988183906788e-03
3.812703708975290120e-04,-4.645149748262426955e-04
4.672483833441964159e-04,-6.913267909129759822e-04
7.550167437032093230e-05,-6.669727855829023829e-04
-6.596802681243360469e-04,-1.974741455485094083e-02
1.810020850763356106e-04,-3.339233098079192382e-03
5.175269281543943975e-05,-3.403479646223653960e-04
-1.023373136215544217e-03,-1.996490764709090218e-02
-2.175396024674115629e-03,-1.726271570918152046e-02
3.303607009679052227e-04,-3.668322177772725479e-04
3.688936929604231672e-04,-2.976597711143131892e-03
1.136118111216551872e-04,-1.418036924993210405e-03
-6.577105712383201448e-04,-2.059739145210150169e-02
-3.274324504726496931e-04,-1.514021431808044559e-03
-1.699875988130087300e-03,-3.114882566167193403e-02
1.663491133603908062e-04,-2.855248892761999210e-03
-9.829092390961917565e-04,-3.030312919400161842e-02
-1.024020405813605211e-03,-2.081572073021506833e-02
8.250414368773664135e-04,-2.315963283510820425e-02
-2.714603377107619223e-04,-2.158147353490625297e-04
1.589257924788216336e-04,-2.624936401950372748e-03
9.067430438026409599e-05,-9.376769598264738607e-04
1.300141563139229793e-04,-3.908538643613898968e-04
-6.556259848845743523e-04,-2.145103891895648249e-02
4.624098203487388603e-04,-2.080266534966549591e-02
-1.401845141764763427e-03,-4.040056926045607587e-03
3.752028147075189130e-05,-1.237398630678545927e-05
8.728010030638917857e-04,-3.007714860043080030e-02
2.149303310210233780e-03,-1.480731623191581907e-02
4.371788149522229275e-04,-1.826774315116140926e-02
3.235105444449174242e-04,-2.296746029079090815e-03
4.141734904595807654e-04,-1.701724856772345376e-02
-1.022458784206600226e-03,-2.166948031479848727e-02
4.003385425903844890e-04,-1.578197615597483686e-02
8.170547364617434779e-04,-2.143960192433832027e-02
8.352621022273535624e-04,-2.445235809190296830e-02
1.438071954671036039e-04,-2.188482426915238678e-03
3.530864996371248731e-04,-1.181045275344400763e-02
-2.148962131161817005e-03,-1.602542901028901345e-02
-1.014171525336776810e-03,-1.538560603697706509e-02
8.159172496036575005e-04,-2.186940737647826566e-02
3.303739134382460653e-04,-1.067510496962670481e-02
-6.619065828727622915e-04,-1.723132720359500311e-02
-6.533641310435652416e-04,-2.230732071469818459e-02
3.129917171090944219e-04,-9.571788463826081186e-03
1.475033792106807606e-04,-4.942375589040834058e-04
2.949385023762227760e-04,-8.504343687088940576e-03
2.768119257878923819e-04,-7.476926925579992049e-03
2.937149548340977885e-04,-1.885239644624532931e-03
2.565847223678086584e-04,-6.493547277694391474e-03
2.374643819080112937e-04,-5.558794813442759046e-03
2.180157401815788220e-04,-4.677158922054046666e-03
8.186706721692460107e-04,-2.229833468416591094e-02
-1.021908008255012100e-03,-2.252667417288256244e-02
2.785072447866500920e-04,-1.692464379658425219e-03
1.647392296673765434e-04,-6.085299110598460688e-04
8.220082622176416373e-04,-2.272836335981341660e-02
8.450309867551073981e-04,-2.574742848830419151e-02
1.210642591240458882e-04,-1.597003613093962585e-03
-1.021666244266578169e-03,-2.295639708112081484e-02
4.582054598439934444e-04,-2.337491797503212995e-02
2.467018664050771260e-04,-1.334456835728204662e-03
-4.490626593394289926e-04,-3.256453494111491431e-02
4.612655606217693134e-04,-2.380509459624740101e-02
8.706074570619566633e-04,-2.964544528774949034e-02
1.817222322104462850e-04,-7.334017181299945509e-04
-1.020449306377868483e-03,-2.338651807496520268e-02
2.304092619626892482e-04,-1.169511124669375766e-03
-1.151148123406762732e-03,-3.886583804882633945e-03
1.981847728563205385e-04,-8.687333640126449017e-04
8.323726528544067712e-04,-2.401956079839434946e-02
1.801194828304397829e-03,-1.537307182984797883e-02
9.823007497388833056e-05,-1.088206381095635717e-03
8.544570826052482523e-04,-2.704729605684367058e-02
-1.019084004667845066e-03,-2.381717498018386808e-02
4.671691548573553179e-04,-2.466866308995844040e-02
-8.360233397961751127e-04,-1.822728467647865983e-03
4.701582917206954858e-04,-2.509999327462111157e-02
-1.017582481842141872e-03,-2.424831759832484640e-02
-9.855689934840585094e-04,-2.987174080921614974e-02
8.627643512914571003e-04,-2.834694710621285529e-02
8.420626833212253165e-04,-2.531528650969715535e-02
-1.015947076467682997e-03,-2.467988710144426723e-02
4.758920668458278672e-04,-2.596561190807260278e-02
4.790925874445667591e-04,-2.639851306555026852e-02
-1.012089545237209853e-03,-2.511051833546779077e-02
8.515007856162382311e-04,-2.661413437087357600e-02
-1.322705556281593029e-03,-3.515834594490976645e-03
-1.009043877171646566e-03,-2.554139703571816494e-02
4.845652455865658470e-04,-2.726528367131048763e-02
1.814929023483913663e-03,-1.578496932240783593e-02
8.685875366406849976e-04,-2.921327648930388543e-02
4.950096266597993865e-04,-2.899801119955422099e-02
4.876370835919044151e-04,-2.769889299676292146e-02
-1.007054573228984961e-03,-2.597348074688550501e-02
4.926257344049501637e-04,-2.856459576421136598e-02
8.601271601926455254e-04,-2.791381602867365128e-02
-1.005304678280236281e-03,-2.640733331621911151e-02
-9.906498889254589796e-04,-2.944076113021136532e-02
-1.004603896189551135e-03,-2.684174822826460374e-02
7.056574462185449120e-04,-1.396843987420697854e-02
-1.003121837711146158e-03,-2.727538422814604693e-02
-1.000764963005643885e-03,-2.770863125583754999e-02
-9.930846747168550672e-04,-2.900799557631797768e-02
-1.089321791058222048e-03,-3.375292633883655424e-03
-9.956823627267127191e-04,-2.857504440539283819e-02
-9.982500534772389186e-04,-2.814186262647947259e-02
2.193249344209366718e-03,-1.603136250381908753e-02
2.284094113886554235e-03,-2.105689888525516529e-02
5.769124881487955369e-04,-1.094696762206233713e-03
1.920071137376381945e-03,-2.167759643708928180e-02
-1.241809518920964760e-03,-3.023820806152557883e-03
1.835619443876028087e-03,-1.660609953819953272e-02
2.297390933031661763e-03,-2.190923092510317291e-02
-1.021755637958253341e-03,-2.891287494638778485e-03
1.930488932787945578e-03,-2.252828810416828212e-02
1.849061001267420564e-03,-1.702538255432379730e-02
4.481886586422375099e-04,-1.910058376036627079e-02
2.315844067604842359e-03,-2.277547494696962119e-02
-1.156258540394646418e-03,-2.563564578651262704e-03
2.221886775180984680e-03,-1.726443784016409855e-02
8.097271544422354706e-04,-2.182486079884442785e-03
2.310336319468690724e-03,-2.318902799132864512e-02
-9.474841760905364230e-04,-2.436725001869586345e-03
1.944639980809742845e-03,-2.381827233594182788e-02
1.868133494867876398e-03,-1.786066677841380984e-02
9.727642440241586128e-04,-2.884876007601514664e-03
2.329515082126908457e-03,-2.406615029611894330e-02
-9.104126209490893311e-04,-2.222988940404233612e-03
1.883457518750178503e-03,-1.828680664377014750e-02
3.730857260730346459e-04,-1.416334132739698395e-02
2.322650537796736719e-03,-2.448119545772487263e-02
1.648842002848134895e-04,-3.224113143376342028e-02
-8.719970160154254290e-04,-2.017386576327912830e-03
1.956262114547368397e-03,-2.511534405655178534e-02
2.247173990197716235e-03,-1.851247618055923763e-02
2.336709203820775977e-03,-2.535638722259665051e-02
1.189888049003476897e-03,-2.080039592804151793e-02
-9.766658142692143801e-04,-1.745538954863347500e-03
8.252125703471855766e-04,-2.101103235847275735e-02
1.893534127923530595e-03,-1.911546442158071693e-02
2.331745820357905390e-03,-2.577950919542635472e-02
-9.235431380734578088e-04,-1.559318186093793879e-03
1.965819595048779074e-03,-2.641321718156878356e-02
1.909782053807130252e-03,-1.954615265265144397e-02
2.345328357886884013e-03,-2.665407525462168414e-02
1.371084297460207352e-03,-6.522259926686616201e-03
-7.520824104806184086e-04,-1.454659868813539631e-03
2.342839808491011325e-03,-2.708177579280455702e-02
2.282646309762733413e-03,-1.978262110373881291e-02
2.305172917437290931e-03,-3.230427953893717091e-02
1.069204173156422473e-04,-5.391609943195837764e-05
-7.080725486487020109e-04,-1.284249041058906820e-03
1.973700229234840852e-03,-2.771239203114185187e-02
1.502465380490787235e-03,-8.531231905995403930e-03
2.281389735497438113e-03,-2.020044576127901989e-02
2.352080036239850413e-03,-2.795342773245479417e-02
-6.642133698977196370e-04,-1.124508849936064645e-03
1.558321163209907710e-03,-9.597770529028711722e-03
2.348723287233177824e-03,-2.838141675848702972e-02
1.622289409781751783e-03,-1.070157671220362330e-02
-1.969094444009444780e-04,-2.660005151003698703e-04
-6.207530757599610599e-04,-9.758534574587305601e-04
1.984123360930691114e-03,-3.162883908530809279e-02
1.978661097422782563e-03,-2.901159062242480990e-02
1.724397822688463486e-03,-7.022902362012259717e-03
1.951275926671002447e-03,-3.203036876233743280e-02
1.688048663440563707e-03,-1.183760014303916405e-02
2.349976402785761923e-03,-2.924663406755636380e-02
1.609172664541449072e-03,-3.138113705033963169e-02
-5.739343392843944272e-04,-8.343611595271383961e-04
1.980970464799575864e-03,-2.987725299257561543e-02
1.685650198136254925e-03,-3.260933768773111030e-02
2.345468886132721312e-03,-3.010869567776048791e-02
-5.266445685791446441e-04,-7.038711034407531524e-04
1.974446030232772809e-03,-3.074345903799313023e-02
1.760987229779001047e-03,-1.417973037684005025e-02
-4.778454984798474769e-04,-5.839434885780602413e-04
-2.800874794990830074e-04,-3.172929550149851136e-04
-4.292089538285826194e-04,-4.755631827641915578e-04
-3.764332415054366535e-04,-3.760628104508255691e-04
1.915905180234759924e-03,-2.082292373736161981e-02
-9.450106594603466074e-04,-3.156250333173000328e-02
8.496284806478037886e-06,-3.517008053011360244e-06
9.283907918802364800e-04,-3.256255291401111834e-02
1.710234760103018054e-05,-4.846383343480113647e-06
1.359016230456200998e-03,-4.792579450415323031e-03
8.924554984865111897e-04,-1.392373452806765959e-03
-5.997914004827468364e-06,-1.728372515912463973e-05
5.859725146621289201e-05,-2.755261086608166974e-05
-1.820109562033244473e-04,-3.195743692472916009e-02
-2.797989962545806969e-05,-8.176908627654564686e-06
-1.631129086885843398e-03,-3.264807229512571574e-02
-5.334874105790465880e-04,-3.177435864478780209e-02
-8.262732364136510070e-04,-3.267625151249662491e-02
-1.320221364777725824e-05,-2.888213991662378677e-06
1.136413291219304494e-03,-4.734248580024608133e-03
-1.926855713635688733e-04,-3.230649665314112157e-02
-2.449694747525972636e-03,-3.097163811122029958e-02
-1.270062411632739583e-03,-3.173220765930862691e-02
-2.413098586484757266e-03,-3.057910611812425863e-02
-2.384511954044333734e-03,-3.261912081996498625e-02
-4.967011236580541877e-05,-2.224986496857946474e-05
-1.979690499230404074e-03,-3.008563631994055909e-02
-1.642205723671321749e-03,-3.151659805906708439e-02
6.405403534677043143e-04,-1.435314992848170249e-03
-2.440663233050533766e-03,-2.968933528159838076e-02
1.156470214350559049e-04,-5.893889627892776809e-05
-1.987031477783613668e-03,-2.923667864037212544e-02
4.866986510339320945e-05,-2.246457715784169840e-05
2.413509761093545272e-03,-3.264222734131750486e-02
-2.444125482499523092e-03,-2.882248764772094365e-02
-1.976536559136197937e-03,-3.132120427058414369e-02
2.494611105303646756e-04,-1.467748782383189975e-04
-1.991147902539489728e-03,-2.836624914039031012e-02
1.579395885795006069e-03,-4.848133295825606329e-03
-2.446514707650929935e-03,-2.795577626285092321e-02
1.097207231683167226e-03,-4.353717189332186217e-03
2.477503271923660604e-04,-1.810785742545044255e-04
-1.992283023347374889e-03,-2.749990076295586588e-02
7.703240059388426989e-04,-1.289143833633358931e-03
-2.448015530814418896e-03,-2.708941988252634367e-02
3.825451941272659429e-04,-2.806391229563518679e-04
-1.992798461466075907e-03,-2.663377877621159184e-02
4.490750578709262102e-04,-3.586543074983727106e-04
-2.448647847316051934e-03,-2.622367958169934468e-02
-1.992594957949192069e-03,-2.576835433112080812e-02
4.069718307075777079e-04,-4.246898501033083439e-04
-2.448348397943746896e-03,-2.535885700716766430e-02
4.618421365859910126e-04,-5.149359558319401833e-04
-1.991574395979595763e-03,-2.490399614249950988e-02
5.124771241806755145e-04,-6.345615688751455154e-04
-2.447008839898507596e-03,-2.449529532640284946e-02
5.617468962043662643e-04,-7.561980444881948385e-04
-1.989637003638946178e-03,-2.404107611804837466e-02
3.053461501052566886e-04,-3.264643658009262067e-02
-2.444507235100409036e-03,-2.363337970527553886e-02
5.335879007657917889e-04,-9.502511858471304838e-04
7.101502200078309594e-04,-1.158432599451712265e-03
-1.986681157238987579e-03,-2.318000319612954774e-02
1.604724901053055383e-03,-5.244563899392103157e-03
-2.440720796589287978e-03,-2.277353737808283582e-02
1.521889968992756921e-03,-4.321986618855264660e-03
-1.982604677862388840e-03,-2.232122247483089850e-02
-2.435524426988704486e-03,-2.191623127849933600e-02
1.921494907162381175e-03,-3.235927096341868758e-02
-1.977308011567006571e-03,-2.146522236300755018e-02
1.170131290575661441e-03,-3.229098707061962142e-02
-2.428787801170823220e-03,-2.106196624381744334e-02
9.763620163985142070e-04,-2.233519419455266743e-03
6.082777305505756042e-04,-8.798413114864595853e-04
7.384329796415176669e-04,-2.004165774767099895e-03
-1.970684121059115747e-03,-2.061254879117421779e-02
1.448835875388006808e-04,-8.146951117860260925e-05
-2.408245463038154090e-03,-2.021536372573774082e-02
