Size 1576,2
0.000000000000000000e+00,0.000000000000000000e+00
-2.416863970462235797e-04,-2.948396049671899669e-03
2.428030399508951983e-04,-2.948632916081462933e-03
0.000000000000000000e+00,0.000000000000000000e+00
-8.084225490733057425e-06,-4.361343732034845130e-06
-1.501526507552161442e-05,-7.741265637750932476e-06
-2.172579788400326526e-05,-1.174838780736564079e-05
-2.833780110092164230e-05,-1.658006577413356314e-05
-3.486061504869082564e-05,-2.236042234883380271e-05
-4.128378850965132166e-05,-2.913161102843320619e-05
-4.759858469394000723e-05,-3.690455155122894873e-05
-5.380068594422382548e-05,-4.567164370039979664e-05
-5.987361564917581861e-05,-5.541155810514624005e-05
-6.581982858942267520e-05,-6.611050563336520378e-05
-7.163165140888861433e-05,-7.774346048348301395e-05
-7.731993331541873375e-05,-9.029285836411097242e-05
-8.287638012477773484e-05,-1.037361843679543183e-04
-8.830465946772366142e-05,-1.180525681287524989e-04
-9.360781694696905780e-05,-1.332195366344218084e-04
-9.878825102018242690e-05,-1.492184663318296581e-04
-1.038557430513734834e-04,-1.660332396537096114e-04
-1.087926043129415504e-04,-1.836429816228413083e-04
-1.136071935529040221e-04,-2.020256450267362788e-04
-1.183060963101548131e-04,-2.211615048855438196e-04
-1.228890149833279145e-04,-2.410338964665152055e-04
-1.273611432635743596e-04,-2.616256418513296573e-04
-1.317155933678629774e-04,-2.829168885652883240e-04
-1.359608024231370705e-04,-3.048908413289234563e-04
-1.400925252959515932e-04,-3.275284976810449201e-04
-1.441166213808971902e-04,-3.508116404813854021e-04
-1.480333013263228858e-04,-3.747246389961642488e-04
-1.518435236963058333e-04,-3.992496393944957494e-04
-1.555480352562457400e-04,-4.243688036040477803e-04
-1.591511340462313984e-04,-4.500674361959705778e-04
-1.626506198191069515e-04,-4.763264935268552401e-04
-1.660519792188499806e-04,-5.031321973584864261e-04
-1.693556969495071604e-04,-5.304677798827439573e-04
-1.725652174857301210e-04,-5.583213494935347762e-04
-1.756712038522765770e-04,-5.866722780397858527e-04
-1.786841849742307827e-04,-6.155061194568762876e-04
-1.816041792026853020e-04,-6.448082656301310335e-04
-1.844335503787256547e-04,-6.745649022030562967e-04
-1.871723836357554226e-04,-7.047601606068971611e-04
-1.898231752638506484e-04,-7.353812059879419934e-04
-1.923863137669993726e-04,-7.664124893817041671e-04
-1.948642939071613001e-04,-7.978417995831413225e-04
-1.972571871625488857e-04,-8.296534990577936457e-04
-1.995681897805775759e-04,-8.618367037656190707e-04
-2.017967845181826666e-04,-8.943753641331590514e-04
-2.039466135453470034e-04,-9.272598163345906848e-04
-2.060169404555220257e-04,-9.604740673533376490e-04
-2.080113148359995538e-04,-9.940090660325491285e-04
-2.099290019061532972e-04,-1.027849127586345952e-03
-2.117735373570331717e-04,-1.061985302462930235e-03
-2.135456363075909981e-04,-1.096404249626169603e-03
-2.152462973174660221e-04,-1.131095046716975271e-03
-2.168773475965000085e-04,-1.166046212115030628e-03
-2.184398910242607626e-04,-1.201246798814090827e-03
-2.199357765221113291e-04,-1.236685844222057233e-03
-2.213660705887843239e-04,-1.272352883712581225e-03
-2.227326268321478276e-04,-1.308237404857176284e-03
-2.240365517264719848e-04,-1.344329366434765570e-03
-2.252799153300937799e-04,-1.380619265325180693e-03
-2.264622942702057247e-04,-1.417095835894576807e-03
-2.275932513493373406e-04,-1.453755076804253863e-03
-2.286573900105280535e-04,-1.490579571692718678e-03
-2.296695653448444245e-04,-1.527564885227670815e-03
-2.306348257370600962e-04,-1.564705478747627264e-03
-2.315383680927050707e-04,-1.601985637447045883e-03
-2.323945814183166474e-04,-1.639402448718005985e-03
-2.332010236449723925e-04,-1.676945905948408304e-03
-2.339574361374072457e-04,-1.714607513178911845e-03
-2.346656367348017968e-04,-1.752376848557852173e-03
-2.353322489124269818e-04,-1.790256286431195654e-03
-2.359701415991756414e-04,-1.828237436885731936e-03
-2.365511823927157775e-04,-1.866296783758764630e-03
-2.371006833958433499e-04,-1.904453566911271361e-03
-2.375991685729227781e-04,-1.942677300877132095e-03
-2.380693170882913475e-04,-1.980981872228010886e-03
-2.384941668437561880e-04,-2.019342287307549205e-03
-2.388921113614446857e-04,-2.057771394921348133e-03
-2.392493010641306560e-04,-2.096245944633899801e-03
-2.395811790437247200e-04,-2.134777939740791289e-03
-2.398762388958147296e-04,-2.173345824985285953e-03
-2.401480107713170576e-04,-2.211960521294476997e-03
-2.403870453303401497e-04,-2.250602755727944618e-03
-2.406043794618225890e-04,-2.289282155841453580e-03
-2.407931327421914487e-04,-2.327981477374039838e-03
-2.409619403204853888e-04,-2.366709308970110174e-03
-2.411061540719529415e-04,-2.405450379039063540e-03
-2.412323308222766608e-04,-2.444212229356746563e-03
-2.413377312172876169e-04,-2.482981554195615604e-03
-2.414271678138902569e-04,-2.521764837786350400e-03
-2.414995443147678459e-04,-2.560550780884420473e-03
-2.415581408510018488e-04,-2.599344812125081120e-03
-2.416032461816944798e-04,-2.638137610649249083e-03
-2.416370480969318505e-04,-2.676933520150616419e-03
-2.416606878772223734e-04,-2.715725212638918622e-03
-2.416760502899183833e-04,-2.754515327159034153e-03
-2.416839240710501986e-04,-2.793301638842952267e-03
-2.416873972833467421e-04,-2.832081428861277402e-03
-2.416877078221394749e-04,-2.870856474973613147e-03
-2.416869266617884438e-04,-2.909627369979893644e-03
-2.044087857725740409e-04,-2.948395541075173737e-03
-1.671331372686934828e-04,-2.948394840461486012e-03
-1.298619010704872903e-04,-2.948394706746070102e-03
-9.259448040028853426e-05,-2.948397573388192999e-03
-5.533202917980058915e-05,-2.948404272926416665e-03
-1.807142792431113931e-05,-2.948416552488944496e-03
1.918847245043736374e-05,-2.948434888700054730e-03
5.644855865181692376e-05,-2.948459608563103185e-03
9.371159696516645195e-05,-2.948488554928521948e-03
1.309785276457764555e-04,-2.948522069182861992e-03
1.682499335196492856e-04,-2.948558478929055263e-03
2.055253934527139805e-04,-2.948595955257283033e-03
2.427921920195747765e-04,-2.909864229942549230e-03
2.427815635712351355e-04,-2.871093398430967815e-03
2.427699543592286269e-04,-2.832318128062988067e-03
2.427551974523923975e-04,-2.793537647700468796e-03
2.427354304244481445e-04,-2.754752261989730760e-03
2.427088728702425646e-04,-2.715962497472039841e-03
2.426738432761245466e-04,-2.677169629000267746e-03
2.426287358188798887e-04,-2.638375100794256283e-03
2.425720821273128522e-04,-2.599580722419613053e-03
2.425023725577545475e-04,-2.560788486256588420e-03
2.424181252945930827e-04,-2.522000572138501009e-03
2.423177891527243460e-04,-2.483219287321462680e-03
2.422001882374474988e-04,-2.444447753322363890e-03
2.420636130799322426e-04,-2.405688429583832492e-03
2.419064881020069574e-04,-2.366944477002441618e-03
2.417278405688646603e-04,-2.328219723681344746e-03
2.415259452574928601e-04,-2.289517374352326943e-03
2.412988952117865694e-04,-2.250841053249776503e-03
2.410461644072763357e-04,-2.212195606492323510e-03
2.407658749906581514e-04,-2.173584699286661235e-03
2.404556959733105998e-04,-2.135012659378752922e-03
2.401159097452891121e-04,-2.096485345681743141e-03
2.397441891978037865e-04,-2.058006699450103550e-03
2.393380269544218399e-04,-2.019581941752839668e-03
2.388981665606359996e-04,-1.981217623037723804e-03
2.384216494231750669e-04,-1.942918275551326190e-03
2.379074489008691515e-04,-1.904690296577997953e-03
2.373545814871766922e-04,-1.866540148884870227e-03
2.367603978892027900e-04,-1.828473083234977668e-03
2.361238040899426628e-04,-1.790496365043563447e-03
2.354420393121764931e-04,-1.752616971815118638e-03
2.347178048011145410e-04,-1.714843405270519800e-03
2.339466469698929551e-04,-1.677180843240905607e-03
2.331274063034501868e-04,-1.639637505860126352e-03
2.322588506788638828e-04,-1.602220931922754580e-03
2.313396324482096093e-04,-1.564939837761937296e-03
2.303676717560502118e-04,-1.527801591508734643e-03
2.293426770515598096e-04,-1.490815513941765600e-03
2.282626691118687129e-04,-1.453989836071884834e-03
2.271246689537471486e-04,-1.417332885950625242e-03
2.259296281092717997e-04,-1.380855339273357515e-03
2.246738417689732054e-04,-1.344565568933208310e-03
2.233561601859561005e-04,-1.308473902112139648e-03
2.219799025761633822e-04,-1.272591124746759580e-03
2.205426885915411311e-04,-1.236924793854407264e-03
2.190367911637929889e-04,-1.201484160368195128e-03
2.174586984433686423e-04,-1.166280875178919577e-03
2.158164913935640451e-04,-1.131331228893209251e-03
2.141032951361525978e-04,-1.096639642693202858e-03
2.123183900296383292e-04,-1.062221270037942440e-03
2.104649875141018187e-04,-1.028085796812082224e-03
2.085304327901505437e-04,-9.942439607325396535e-04
2.065293903960154561e-04,-9.607105563539004855e-04
2.044470228075529546e-04,-9.274963622241578793e-04
2.022750365746802661e-04,-8.946103878667316812e-04
2.000472442297100413e-04,-8.620756143271652173e-04
1.977272698345386101e-04,-8.298929028661134041e-04
1.953102606299274963e-04,-7.980751590928833765e-04
1.928286585961420366e-04,-7.666505203334628539e-04
1.902545861662928298e-04,-7.356215239407438685e-04
1.875931008568483495e-04,-7.049964964668058685e-04
1.848443121698625314e-04,-6.748025407460227828e-04
1.819969952639970004e-04,-6.450458657710415704e-04
1.790628710189976110e-04,-6.157439925561693922e-04
1.760455937037015434e-04,-5.869122311030300311e-04
1.729310706442642844e-04,-5.585665471005946776e-04
1.697090515400931951e-04,-5.307084645140290905e-04
1.664346933111244934e-04,-5.033801664614710129e-04
1.630295478728940796e-04,-4.765821894033418858e-04
1.594971021598363438e-04,-4.502706741424151874e-04
1.558427350129061736e-04,-4.245868923151887154e-04
1.521389069289550170e-04,-3.994816722675582237e-04
1.482389980083545868e-04,-3.749589851395907772e-04
1.443449593210284574e-04,-3.510359489772832864e-04
1.403138308807145554e-04,-3.277676191703188247e-04
1.361946410906286807e-04,-3.051425101458721061e-04
1.319521563215406861e-04,-2.831699696379926185e-04
1.276136229210661824e-04,-2.618743160208965651e-04
1.231423694223361676e-04,-2.412735212598821738e-04
1.185421497679625083e-04,-2.213947933775393668e-04
1.138260206577477741e-04,-2.022803067328788641e-04
1.089447250994135964e-04,-1.838860574950930990e-04
1.040023593439969935e-04,-1.662673505781161510e-04
9.899510997766241736e-05,-1.494688419191955871e-04
9.382955969313499047e-05,-1.334807177500608045e-04
8.847143093781699333e-05,-1.182965858485635568e-04
8.299870139796108111e-05,-1.039684060176667850e-04
7.742890367384781987e-05,-9.052894174466135030e-05
7.174191190493471864e-05,-7.798310318994766395e-05
6.591775964710793910e-05,-6.635041554032453483e-05
5.997726828137931539e-05,-5.564598207265101837e-05
5.390498856529020585e-05,-4.590251444708081638e-05
4.773541268972208643e-05,-3.715472967578382181e-05
4.136525349521973701e-05,-2.933697322686499147e-05
3.491603480221312257e-05,-2.255322784294237784e-05
2.840740075500150814e-05,-1.677137448046122704e-05
2.173415343896468844e-05,-1.193392528891006452e-05
1.505001457166161778e-05,-7.919860600077259979e-06
8.135235119420112748e-06,-4.435513107749472049e-06
0.000000000000000000e+00,0.000000000000000000e+00
0.000000000000000000e+00,0.000000000000000000e+00
0.000000000000000000e+00,0.000000000000000000e+00
0.000000000000000000e+00,0.000000000000000000e+00
0.000000000000000000e+00,0.000000000000000000e+00
0.000000000000000000e+00,0.000000000000000000e+00
0.000000000000000000e+00,0.000000000000000000e+00
0.000000000000000000e+00,0.000000000000000000e+00
0.000000000000000000e+00,0.000000000000000000e+00
0.000000000000000000e+00,0.000000000000000000e+00
0.000000000000000000e+00,0.000000000000000000e+00
0.000000000000000000e+00,0.000000000000000000e+00
-1.389850708773439478e-08,-2.756351766761651426e-07
-1.520531250015409811e-06,-2.917985300763485407e-03
9.666224905416706406e-05,-1.918531637569299397e-04
1.414862005394005901e-04,-4.893950064685777344e-04
1.696633408104811734e-04,-8.449682845285175865e-04
1.949953000092605703e-04,-1.398752145636672712e-03
2.003387521471392679e-04,-1.620672378198218053e-03
2.081818625436515386e-04,-2.230008799651856354e-03
2.103262102932340171e-04,-2.656254808585863450e-03
4.325625526477060504e-05,-3.969805636345792599e-05
-1.862861456432139586e-04,-1.253644215648867192e-03
-2.004920758505878591e-04,-1.772791102117789609e-03
-7.807709367398765244e-05,-1.239991972850005815e-04
-1.149402807688119211e-04,-2.924028017903930682e-04
-1.288026650255198323e-04,-3.859900492996474358e-04
-1.513088397312942744e-04,-5.999022794093943067e-04
-1.606106158040569666e-04,-7.189491969934709917e-04
-1.755787568476573730e-04,-9.762469164171254030e-04
-1.814220968693165085e-04,-1.112816025168098270e-03
-2.062551919878737559e-04,-1.923141798045609370e-03
-2.075570895540720896e-04,-2.076618257783048073e-03
-2.084791504637914853e-04,-2.385826722949488648e-03
-1.920137426520993962e-04,-1.507785973944818659e-03
-2.090393228977600729e-04,-2.540830644798207447e-03
-5.882861124466116177e-05,-7.022427139728017545e-05
1.212612512030614343e-04,-3.380199664162775197e-04
1.573885354788880423e-04,-6.581172373345773935e-04
6.943949328353727821e-05,-9.584350698957193066e-05
2.096139317059626936e-04,-2.462351863601856036e-03
2.059154664867793088e-04,-1.998850752165172960e-03
2.044571168842952496e-04,-1.846301378371545312e-03
1.878243819283680646e-04,-1.183440214382438680e-03
1.811071419543295972e-04,-1.044274839979638346e-03
-9.952180124511851003e-05,-2.100262513121884918e-04
-2.079512255742465665e-04,-2.231004784151137659e-03
-1.412345372999970663e-04,-4.888396941758635199e-04
-1.686709986051793380e-04,-8.446877528854365019e-04
-2.105302680264506756e-04,-2.695297599230307012e-03
-3.780582282769103457e-05,-3.128125710418100424e-05
1.978777487769826677e-04,-1.509010857424134162e-03
1.488628673211133519e-04,-5.715190503424883578e-04
1.064590354516664828e-04,-2.500157590685867111e-04
2.089862799701859043e-04,-2.346088781730260031e-03
2.025152254574739876e-04,-1.732070449964916072e-03
-1.944634592868147956e-04,-1.619734001058371767e-03
-1.899477448225869508e-04,-1.397817578178740978e-03
2.071692143826655587e-04,-2.114220803631392323e-03
1.897020529820590416e-04,-1.288717039087280058e-03
1.759080323554962767e-04,-9.431626828856891787e-04
1.636994726044638162e-04,-7.500615701063605579e-04
1.340797993640380984e-04,-4.098702746569698064e-04
8.206896682787970623e-05,-1.389732052265443623e-04
2.092345236842274754e-04,-2.773282770087018203e-03
2.702186157641654535e-05,-1.781798442382250060e-05
-2.074067457397044036e-04,-2.808203032559689755e-03
-2.091227649925157732e-05,-1.241540686253072403e-05
1.167908356264154868e-04,-2.917860005035166713e-03
2.348002232055650758e-06,-6.732490176676399496e-07
-2.408873679827885610e-06,-6.163574543645755509e-07
-1.104235762689629647e-04,-2.914693106652611106e-03
2.100905518206690637e-04,-2.578699266117803843e-03
-2.054073828566026021e-04,-1.846823695314062227e-03
-1.220481069280727272e-04,-3.381170774696521959e-04
-6.872437646019533453e-05,-9.546033393460017055e-05
5.495212394687345412e-05,-6.088054479770933916e-05
-9.138466407943009542e-05,-1.732290906989667606e-04
-1.561204178393906265e-04,-6.585325925514454951e-04
-1.351947799768650439e-04,-4.362752538730452190e-04
-1.469299628323407546e-04,-5.435551341975052497e-04
-1.786277822931155905e-04,-1.043953488583837476e-03
-1.839711572564893560e-04,-1.182742433698984576e-03
-2.069686467867592160e-04,-1.999755580979278771e-03
-2.075520307015867884e-04,-2.153771025493906970e-03
-2.082569211540463846e-04,-2.308367587214190872e-03
-2.086274529838701608e-04,-2.463352856859535832e-03
-2.094418429431007264e-04,-2.618272663729755232e-03
-1.075434512370251048e-04,-2.498022597980314812e-04
2.050960703171792604e-04,-1.923640250575558899e-03
1.849857886727435184e-04,-1.113507640613188273e-03
1.130643622200685285e-04,-2.920562859991145382e-04
-1.647905051287034588e-04,-7.810378732891048179e-04
-1.883776333516658068e-04,-1.325436512349567652e-03
-1.958552451898580148e-04,-1.695058469420213576e-03
-1.722633807319939468e-04,-9.097917815916610387e-04
-4.858303471052987293e-05,-4.881646699711352075e-05
1.562737431159233963e-05,-8.480935092154377058e-06
2.095033283982784226e-04,-2.851573875018827402e-03
-9.300795976010019312e-06,-4.511907607527362834e-06
-2.091212573544896534e-04,-2.888652736753452750e-03
1.863545692748616643e-04,-2.920210049699893846e-03
4.933490717431342596e-06,-1.961132324936400533e-06
-1.510383140808859258e-05,-8.056803124912506467e-06
-1.463415230988009869e-05,-8.734189226231495632e-06
-1.950495106254926969e-05,-1.353817279000311709e-05
-1.353127268287082880e-05,-9.891381282837063727e-06
-1.742482863735320345e-05,-1.513792018774055244e-05
-1.168161671571119243e-05,-1.148597991870362605e-05
-1.463231575665716929e-05,-1.717493233098852710e-05
-9.047042462079474590e-06,-1.354598711482955955e-05
-1.117891129010747229e-05,-1.974703468193236041e-05
-5.596797601104210055e-06,-1.610297005776843246e-05
-6.819992003589484777e-06,-2.286259674733006378e-05
-1.282720320107575974e-06,-1.915153505212707191e-05
-1.481483253267190028e-06,-2.642262551026669306e-05
-7.908407633716306551e-06,-3.064737167604936001e-05
-1.654930999463325044e-06,-3.470341575517500732e-05
-8.956504131291493241e-06,-3.942520123968871386e-05
-1.806539566588342246e-06,-4.397417195999358354e-05
-9.973734476063746878e-06,-4.918145796393714038e-05
-1.946430791436663805e-06,-5.421346729833081295e-05
-1.093941932801012337e-05,-5.989533971092034540e-05
-2.067679751477681736e-06,-6.540049193616999910e-05
-1.188207966285833347e-05,-7.154802776765705667e-05
-2.177410524614274390e-06,-7.750975538408639675e-05
-1.277966975978996739e-05,-8.411654351754400635e-05
-2.287232261696396525e-06,-9.052917365908515895e-05
-1.365861368832565163e-05,-9.758230197901648798e-05
-2.368380578337944667e-06,-1.044423583941296683e-04
-1.448463776942466451e-05,-1.119442282738289276e-04
-2.414936635009377892e-06,-1.192149245387357176e-04
-1.550883325510987764e-05,-1.271670649241095970e-04
-2.521190401996445229e-06,-1.348363742852124640e-04
-1.614664196617331617e-05,-1.431798189328349353e-04
-2.543999406498552031e-06,-1.512812605378015284e-04
-1.683529323805153414e-05,-1.600073717145301293e-04
-2.539304882445132869e-06,-1.685273310626646357e-04
-1.754043288320005794e-05,-1.776463557535962591e-04
-2.559771692103213348e-06,-1.865599658056422624e-04
-1.822047127856189251e-05,-1.960627981169221822e-04
-2.561886602758165091e-06,-2.053565179257382572e-04
-1.888200413461707682e-05,-2.152355128920042395e-04
-2.549588182133635778e-06,-2.248994307035660225e-04
-1.950647483311548024e-05,-2.351456819846710193e-04
-2.537204795218516036e-06,-2.451724435588752203e-04
-2.011405228665417050e-05,-2.557759840338155017e-04
-2.495351299174278632e-06,-2.661567622023505828e-04
-2.068241065891718663e-05,-2.771072382623504028e-04
-2.444142581114816811e-06,-2.878318981755839862e-04
-2.123338769042397545e-05,-2.991209845542218914e-04
-2.390720250234418714e-06,-3.101797749646267041e-04
-2.175069423534714409e-05,-3.217989005248157253e-04
-2.322759260281806635e-06,-3.331837132880160796e-04
-2.225192313837635305e-05,-3.451242171418331442e-04
-2.251157895350321375e-06,-3.568265851081580254e-04
-2.271942187671539625e-05,-3.690787762968652293e-04
-2.132462351952361312e-06,-3.811310003589379164e-04
-2.316644323137556725e-05,-3.936521913332303242e-04
-1.993440303871501217e-06,-4.060069254520623570e-04
-2.357622192738652837e-05,-4.188158731452250750e-04
-1.911758235663497707e-06,-4.314395707023045744e-04
-2.398446036190674048e-05,-4.445524152299131383e-04
-1.810085375162651537e-06,-4.574556262259645337e-04
-2.435923224818170354e-05,-4.708523888289381336e-04
-1.700979675952187602e-06,-4.840792827899562177e-04
-2.472330288977103789e-05,-4.977086994954574599e-04
-1.643872031381408267e-06,-5.111610569170594925e-04
-2.506430590280460201e-05,-5.250835815660063717e-04
-1.454248212358802271e-06,-5.387634835388369460e-04
-2.537555013574654503e-05,-5.529708542844246266e-04
-1.291174145048678072e-06,-5.669810525554093905e-04
-2.565725346364044186e-05,-5.813753269650481044e-04
-1.229955098715034551e-06,-5.955857665678617428e-04
-2.594923016242111982e-05,-6.102487554678368096e-04
-1.026144672999924362e-06,-6.246611082242767505e-04
-2.618915368634348355e-05,-6.395866097078217044e-04
-8.135419369381994204e-07,-6.543095049669653230e-04
-2.641883962250179773e-05,-6.693975956592955034e-04
-7.573237228891980453e-07,-6.842961525955301065e-04
-2.664434909771255770e-05,-6.996321379374044989e-04
-5.422956101026244363e-07,-7.147098387304965175e-04
-2.684269149007273973e-05,-7.302883407309959879e-04
-2.831652168953473070e-07,-7.456576083743850962e-04
-2.700068615497985540e-05,-7.613743889114139157e-04
-2.321496641717475202e-07,-7.768961661568376479e-04
-2.718892078207931791e-05,-7.928416620128739571e-04
1.117090238749542124e-07,-8.085815504030745195e-04
-2.730397847319052224e-05,-8.246986587860044918e-04
3.206382258387690931e-07,-8.406532479703797064e-04
-2.743250517086552817e-05,-8.569292457191869487e-04
3.407118217824181768e-07,-8.730114187823994178e-04
-2.756744856990765087e-05,-8.895038064847752678e-04
7.229312753891860646e-07,-9.057861287183743967e-04
-2.764555326287188079e-05,-9.224310137946534942e-04
9.473846461497936697e-07,-9.389091889546278017e-04
-2.771280766559707626e-05,-9.556934400235782019e-04
9.503919866784623595e-07,-9.722785771563736143e-04
-2.782174276336952422e-05,-9.892620875099279905e-04
1.369098755767343433e-06,-1.006029575998407906e-03
-2.783877156779175733e-05,-1.023146103220939776e-03
1.887236296856145606e-06,-1.040095820910656938e-03
-2.782952314092980732e-05,-1.057329376083744740e-03
1.923898157888353227e-06,-1.074367057552457275e-03
-2.786960989543747129e-05,-1.091781984243174377e-03
2.076402100287170989e-06,-1.108922943775878661e-03
-2.790552332411197543e-05,-1.126505249206101802e-03
2.283864207861361494e-06,-1.143777733576882734e-03
-2.790422064799641445e-05,-1.161493642240938153e-03
2.524421389989364028e-06,-1.178893129652198567e-03
-2.789894902704691959e-05,-1.196733302441745431e-03
2.753327970733329355e-06,-1.214253809872323708e-03
-2.786791089633740558e-05,-1.232211685754112116e-03
2.518164692171390464e-06,-1.249850132759461893e-03
-2.791962665832445283e-05,-1.267918123798267033e-03
2.862832513615416476e-06,-1.285524176593110055e-03
-2.786124738444706070e-05,-1.303817650791676925e-03
3.303590293160567226e-06,-1.321466510534144130e-03
-2.777755210101799142e-05,-1.339929709979068712e-03
3.740190860974758824e-06,-1.357938119593423212e-03
-2.772754685300165054e-05,-1.376294391920324014e-03
3.995755822167514290e-06,-1.394433102830581334e-03
-2.766084106234062203e-05,-1.412828298333431614e-03
3.880667148778440019e-06,-1.430994646364668705e-03
-2.748763087979979640e-05,-1.449506980164195396e-03
4.472168123408751654e-06,-1.467798172326420687e-03
-2.741270833023111682e-05,-1.486394198832645267e-03
4.756144184570286380e-06,-1.504774955060022559e-03
-2.731276195225329471e-05,-1.523499521161728997e-03
4.555932931588178830e-06,-1.541774104778236096e-03
-2.720837095275431748e-05,-1.560576609356018919e-03
5.213570892366565596e-06,-1.579081929765113615e-03
-2.706148912249195689e-05,-1.597892691997681008e-03
5.975554286757098793e-06,-1.616514486520127022e-03
-2.685131683787217276e-05,-1.635350997039360403e-03
5.898613317425903914e-06,-1.653977935978630590e-03
-2.674632556108047905e-05,-1.672920428663054104e-03
6.123486211611645842e-06,-1.691405485387422955e-03
-2.662125067768325668e-05,-1.710579183960489469e-03
6.377113833165437387e-06,-1.728952146271636910e-03
-2.659651082045430621e-05,-1.748408592329657018e-03
6.362331886255044897e-06,-1.766800667314364151e-03
-2.638584065058640994e-05,-1.786257708595665730e-03
6.794763072289529014e-06,-1.805116372367649357e-03
-2.618290416843259365e-05,-1.824313556960975536e-03
7.590410550990839384e-06,-1.843277154524602902e-03
-2.592477352535580291e-05,-1.862436398146079123e-03
7.453231505884710134e-06,-1.881377478936632807e-03
-2.579900208611670841e-05,-1.900613822412281070e-03
7.112267224285263096e-06,-1.919549611791499617e-03
-2.573484630648770349e-05,-1.938861955772959965e-03
7.239037250466057730e-06,-1.957832929563772806e-03
-2.558879233742811010e-05,-1.977185962375850245e-03
7.456703875338553016e-06,-1.996191107835929446e-03
-2.541961609958724261e-05,-2.015576730462519291e-03
7.692396645733512572e-06,-2.034612550147728034e-03
-2.527426990007006918e-05,-2.054027256785270934e-03
7.881731322097560593e-06,-2.073090826676033706e-03
-2.510255007912919357e-05,-2.092531224666804596e-03
8.087313026610639690e-06,-2.111661671632275323e-03
-2.492031129328619747e-05,-2.131090321892085016e-03
8.364598882450620997e-06,-2.150244027102772657e-03
-2.472106419002500892e-05,-2.169687995147255837e-03
8.579890290825618196e-06,-2.188819129676058788e-03
-2.452629474137088566e-05,-2.208315237020658500e-03
8.785394965689634784e-06,-2.227513834372201514e-03
-2.433102866816900920e-05,-2.246988702668835988e-03
9.072722940122329523e-06,-2.266204554104503995e-03
-2.411930957499931999e-05,-2.285687788123450404e-03
9.283528631019225449e-06,-2.304865227007446820e-03
-2.391511994409735572e-05,-2.324401981084731495e-03
9.481829319292697054e-06,-2.343649660351410438e-03
-2.371193885261479921e-05,-2.363152722989541807e-03
9.777310137892321470e-06,-2.382412067944299477e-03
-2.349046426608149176e-05,-2.401916821178113389e-03
1.004638557293859280e-05,-2.421125685201357125e-03
-2.326794139672340537e-05,-2.440683662951451463e-03
1.020601628294012502e-05,-2.459995285857520357e-03
-2.306045857648657065e-05,-2.479482549308372960e-03
1.048269456739460037e-05,-2.498767086358768923e-03
-2.283293395905699135e-05,-2.518272320367052116e-03
1.077558989582732089e-05,-2.537470127063852065e-03
-2.259557237237539004e-05,-2.557046866255003811e-03
1.090156629984658633e-05,-2.576354870094821597e-03
-2.238333539738686793e-05,-2.595838523508246787e-03
1.116986009642145360e-05,-2.615113884522988780e-03
-2.214493616380879316e-05,-2.634599250764731084e-03
1.142203681349320240e-05,-2.653821680381636666e-03
-2.187740071468749663e-05,-2.673321417135551565e-03
1.161256625789162531e-05,-2.692506281155655507e-03
-2.159681948046918170e-05,-2.711951267029139891e-03
1.181739591826076369e-05,-2.731045581750106508e-03
3.927581817702403655e-06,-2.269015933757672040e-05
7.470772380766299568e-06,-7.134832256169524472e-05
9.520567256040022913e-06,-1.117199732768661431e-04
1.154298254646748708e-05,-1.597974426580937076e-04
1.355618150726509490e-05,-2.150537145744209453e-04
1.819066092163182239e-05,-3.689495523948985211e-04
-2.132568638347058531e-05,-2.750425778898813855e-03
2.014450861127526369e-05,-4.444380320111185985e-04
2.189593951833980449e-05,-5.249644375055178679e-04
2.367885950941575761e-05,-6.101295172734161028e-04
2.540531467204916471e-05,-6.995114844511828283e-04
2.698764289105200657e-05,-7.926753247915904960e-04
2.849118764421531294e-05,-8.892940924769515525e-04
3.000700764598326857e-05,-9.890475361820267892e-04
3.297005257173145750e-05,-1.232263283832525560e-03
3.447306955303700211e-05,-1.339628978019242241e-03
3.572992778052437297e-05,-1.449254749630275903e-03
3.231879578320370476e-06,-1.594200558505096707e-05
3.690096721663632765e-05,-1.560305193157864815e-03
3.838751200775432658e-05,-1.672558064780449005e-03
3.905454103303137355e-05,-1.785926366251394627e-03
1.556072862942996444e-05,-2.769373138810079312e-04
4.074473948944631619e-05,-2.053739448140958542e-03
4.154150204249255375e-05,-2.169449787803267443e-03
4.232468769940928314e-05,-2.285466249400082070e-03
4.312712900284357276e-05,-2.401784944541921797e-03
4.499467601586748755e-05,-2.711678285519870252e-03
4.517120515841298182e-05,-2.750106408267755966e-03
4.393607177683509348e-05,-2.518072969747197579e-03
3.195789127271928253e-05,-1.091559333761214171e-03
4.037680645536325817e-05,-1.900168244144530586e-03
1.685871126847863106e-05,-3.215573706379684887e-04
3.283011963049989893e-05,-1.161248952623136115e-03
4.026919139157818088e-05,-1.976840096371858951e-03
6.068323666842954559e-06,-4.899151206637757387e-05
4.460437678170170640e-05,-2.634419869868337774e-03
-5.469201556308650897e-05,-2.731435294731794899e-03
-5.440086214078900423e-05,-2.769810531715882415e-03
-5.531830665557793941e-05,-2.654232875668523662e-03
-5.583880399157238372e-05,-2.576745586010375285e-03
8.453939555979226927e-06,-1.944619489716869917e-05
-5.629020048068921741e-05,-2.499186473683368600e-03
-5.671299938274961937e-05,-2.421619225388595663e-03
-5.719294010540389427e-05,-2.343958461820048501e-03
-5.745118496411298474e-05,-2.266594434488252915e-03
-5.783456105807500833e-05,-2.189326671771774611e-03
-5.815241062675737042e-05,-2.112138817312174920e-03
-5.839024125112073972e-05,-2.035133282860582780e-03
-5.926808329735749192e-05,-1.579595100745317515e-03
-5.856591602953733133e-05,-1.958354354514111467e-03
-5.927403559065762034e-05,-1.468342577135898835e-03
-5.875808610382884885e-05,-1.881849737015460705e-03
-5.898678691117710993e-05,-1.805645165141577749e-03
-5.910841213321059234e-05,-1.729740159385694106e-03
6.835622442442031050e-06,-1.322505654183310817e-05
-5.917324780891382167e-05,-1.654372888051440418e-03
-5.894918672490654738e-05,-1.358421584419620184e-03
-5.876770773509684763e-05,-1.286184551152672441e-03
-5.833652497255995565e-05,-1.214755239160875870e-03
-5.793202214434684238e-05,-1.144282411744894845e-03
-5.743455145569347306e-05,-1.074829816620699032e-03
-5.685874938720483421e-05,-1.006483366385756660e-03
-5.617222662564137943e-05,-9.393407587812574325e-04
-5.555923157446747526e-05,-8.735249848810804248e-04
-5.467438592092826945e-05,-8.090829498027183849e-04
-5.367346730896839659e-05,-7.461482552792463897e-04
-5.255330179836811925e-05,-6.848310086905607524e-04
-5.130794564895165683e-05,-6.252399549083978870e-04
-4.996900698330756369e-05,-5.674966460840195253e-04
-4.845281790518332220e-05,-5.117187874080323133e-04
-4.679011456763039104e-05,-4.580302387102807129e-04
-3.068969485237036158e-05,-1.519338426375518674e-04
-4.498163587100473064e-05,-4.065612730840404603e-04
-4.302048379207061850e-05,-3.574367274632005566e-04
-4.089570118380044211e-05,-3.107967484021413227e-04
-3.860419800101035445e-05,-2.667796585095147952e-04
-3.613817356832412024e-05,-2.255296785469093092e-04
-3.349273072622732694e-05,-1.871930645791936314e-04
7.830559977245048512e-05,-2.730784469390163012e-03
7.843178149810499367e-05,-2.769164790404269987e-03
-2.604391730333677563e-05,-1.051078343505599367e-04
-1.542119642639585344e-05,-3.536965684299300073e-05
-2.272233467491654080e-05,-7.816762430995740827e-05
-1.918701751912479334e-05,-5.487130033406447939e-05
-8.770051262673713788e-05,-2.750889626663035985e-03
4.541459422755269833e-05,-2.788422743311237684e-03
-8.768409024311619841e-05,-2.788762142332464576e-03
-4.466712842663373909e-06,-1.040072010476835998e-05
1.005334676601152005e-05,-2.671154612774243381e-05
1.463951601401126643e-05,-2.343959093751928928e-05
1.711551918133423061e-05,-3.121256180561657328e-05
-5.290961384685269320e-05,-2.807626337698388916e-03
7.853515805743616399e-05,-2.807397143310584424e-03
4.568869866134235574e-05,-2.826526993896714707e-03
-1.207887928147525651e-04,-2.770244403081643849e-03
-1.194950861524382449e-04,-2.807395139329353032e-03
-1.210498950199539829e-04,-2.731931782392808903e-03
1.115799918092677810e-04,-2.749895762675029498e-03
1.114600454035602587e-04,-2.711418281050123006e-03
2.181039563455832732e-05,-2.791956015377107959e-05
2.513068342336233731e-05,-3.617966138875633046e-05
1.841354372500032449e-05,-2.066182631308981869e-05
-8.687166186173687039e-06,-6.797798285039223531e-06
-1.541652869688838487e-04,-2.751426376769475820e-03
2.573048870447506697e-05,-2.511891416467800699e-05
1.444414312973775949e-04,-2.730570856900834450e-03
-2.122770019172414585e-05,-2.137824054627400166e-05
2.530546417029740899e-06,-1.027023394620639953e-05
5.218093576030346282e-06,-8.093058422119620338e-06
1.857903529984727070e-06,-5.736766696473707586e-06
3.641141512996265314e-06,-4.125744354499984817e-06
7.044501856683198159e-06,-6.354515093772523173e-06
1.955438613631964824e-05,-3.997195954999784294e-05
2.840205684552509985e-05,-4.541199614029910246e-05
2.195233009355898889e-05,-4.970900848663056869e-05
3.162270200991389396e-05,-5.561664114012884573e-05
2.431090487843878652e-05,-6.040175204161488825e-05
3.478237163621226231e-05,-6.676043914237752284e-05
2.663241336468186486e-05,-7.203299391413463357e-05
3.722084423345620023e-05,-7.878650834830180851e-05
2.878651800094813361e-05,-8.458945906567800804e-05
4.007696128042961966e-05,-9.180188270322720034e-05
4.419344309481633995e-05,-7.318953244873202990e-05
3.096774687332553856e-05,-9.804848397092009624e-05
4.371867025944045561e-05,-1.057288963214675560e-04
3.329037901564067158e-05,-1.123653444157546229e-04
4.618629306746362243e-05,-1.204182432541375748e-04
3.538407072487407602e-05,-1.275650529647106906e-04
4.971314506906926868e-05,-1.360393496207169155e-04
5.755254831397178924e-05,-1.137097425118642951e-04
3.763795900560892578e-05,-1.435815491969572456e-04
5.322023408554977419e-05,-1.521690777045357984e-04
3.977050898425589986e-05,-1.604303383450998016e-04
5.449885387424107432e-05,-1.695778874118099896e-04
4.167836508344276896e-05,-1.780339993716804838e-04
5.681780248737770497e-05,-1.876662063109423852e-04
4.360973257437761324e-05,-1.964535607585163877e-04
6.045440430163865047e-05,-2.064979663078413184e-04
4.576127307778051943e-05,-2.156113973308107696e-04
6.442376841891869462e-05,-2.263533341892557695e-04
4.797997876525375718e-05,-2.355806941744769247e-04
6.728141323090055614e-05,-2.467825424545948298e-04
5.001465375312697719e-05,-2.562448786010252484e-04
6.852369017908691755e-05,-2.671209189737313444e-04
5.170832252749507483e-05,-2.774612542490238038e-04
7.179715610692278898e-05,-2.887874880199274054e-04
5.366851732151308937e-05,-2.994432733286172123e-04
7.440267193055820111e-05,-3.111003616897868172e-04
5.554669961947237422e-05,-3.220975043392597837e-04
7.680398070471385194e-05,-3.340607629247005299e-04
5.734491545976470802e-05,-3.454033406004501736e-04
7.916733309555475616e-05,-3.576682193678036039e-04
5.911157298522117697e-05,-3.693430698791343300e-04
7.999009881479163383e-05,-3.808430719230618657e-04
6.058963952091131710e-05,-3.937167658730446806e-04
8.515036744968500107e-05,-4.062423001878486093e-04
6.271252130426649678e-05,-4.189241447736740493e-04
8.482888961425157645e-05,-4.321266971269327483e-04
6.401036785641493082e-05,-4.447329534409896084e-04
8.828719741944722141e-05,-4.581806293876391546e-04
6.583279012132931473e-05,-4.710389856007560238e-04
9.133466241958559115e-05,-4.847870288391761969e-04
6.757596606346964762e-05,-4.978921275694452378e-04
9.169549175331919919e-05,-5.117891272601146797e-04
6.877028070368873471e-05,-5.252389641985041619e-04
9.428852632224447047e-05,-5.399187560664401577e-04
7.049753361531217418e-05,-5.532083994843335455e-04
9.631656969219672777e-05,-5.683487872612172495e-04
7.196769170554582497e-05,-5.816573930004352187e-04
9.714160825310234220e-05,-5.964590287493313960e-04
7.324264503207065841e-05,-6.104450827208585248e-04
1.001952113824823988e-04,-6.253427291992725559e-04
7.492666836874688403e-05,-6.397293221523327102e-04
1.029714456092986066e-04,-6.548930830283567926e-04
7.643787694692797080e-05,-6.695060794734626923e-04
1.032926821082740654e-04,-6.847671517151279535e-04
7.749604164623063117e-05,-6.996935746073470932e-04
1.042172140448676814e-04,-7.151329617022923963e-04
7.883920641923295217e-05,-7.303403624012680699e-04
1.067523052350858882e-04,-7.468212737591259885e-04
8.016392649420765921e-05,-7.615433601013612153e-04
1.075811292443519545e-04,-7.776291825254909827e-04
8.130790419930384943e-05,-7.929481369789647630e-04
1.100185679260514180e-04,-8.095613239895514245e-04
8.281261198750672489e-05,-8.248296026437342996e-04
1.116498985725784745e-04,-8.419014322395083341e-04
8.393080759148011734e-05,-8.571032171850789588e-04
1.122903209886672976e-04,-8.737201117373614729e-04
8.495672324104511469e-05,-8.895851377074840078e-04
1.145079735176495302e-04,-9.067149851053961070e-04
8.638255831791472842e-05,-9.225272653872643820e-04
1.159893291596867071e-04,-9.401196723076362142e-04
8.742867136942018521e-05,-9.556314352877585006e-04
1.166140048165859781e-04,-9.727718615782745323e-04
8.834212982286201684e-05,-9.892464879585748539e-04
1.186308659469737078e-04,-1.006865522975238219e-03
8.969474250190146011e-05,-1.023190116957527641e-03
1.199644446788832936e-04,-1.041252384359601111e-03
9.079761107398736872e-05,-1.057429762215403345e-03
1.206274323076996435e-04,-1.074586993345163274e-03
9.172992117034894563e-05,-1.091728480057579552e-03
1.221029807478963517e-04,-1.109058608178674745e-03
9.268229690891225585e-05,-1.126405190442831238e-03
1.233578179481416097e-04,-1.143874435478286480e-03
9.365601885424670848e-05,-1.161373262524800776e-03
1.244688256002381599e-04,-1.178963033813671367e-03
9.449500535331439930e-05,-1.196770638424268741e-03
1.255937813988435134e-04,-1.214330299172459169e-03
9.491915539919559060e-05,-1.232365486278769878e-03
1.261068258686894505e-04,-1.249927096598996666e-03
9.580427463511221133e-05,-1.267912341837739701e-03
1.270843342496523346e-04,-1.285701975445232171e-03
9.684760390726606229e-05,-1.303702143819799068e-03
1.287293026424040645e-04,-1.321673973129892194e-03
9.782528324683719171e-05,-1.339794346661128243e-03
1.296380679539586031e-04,-1.357885051718498489e-03
9.895604195853325213e-05,-1.376105956731566446e-03
1.306622608148804386e-04,-1.394287046829696067e-03
9.949167359980318746e-05,-1.412610057405867293e-03
1.315536496147972224e-04,-1.430872459970651111e-03
1.002154637717826436e-04,-1.449292176333359401e-03
1.324136643443554414e-04,-1.467632943027340426e-03
1.012863404539622689e-04,-1.486143166113652447e-03
7.053955581243411953e-05,-1.647490181558002996e-04
7.867768097706258693e-05,-2.845427449290862092e-03
1.111870633445930981e-04,-2.826381352688468046e-03
1.334414977787761099e-04,-1.504557326616210106e-03
1.017399645569660061e-04,-1.523155861817762982e-03
1.341684698174154609e-04,-1.541637865124455579e-03
1.023831908331097841e-04,-1.560318911838059260e-03
1.349244130594386745e-04,-1.578866458511565037e-03
1.034162580968030177e-04,-1.597623984295617723e-03
8.279816695082843560e-05,-2.155801826433612024e-04
1.359170475632814315e-04,-1.616232876799915440e-03
1.041792382755997920e-04,-1.635064338557207751e-03
1.365819123970522645e-04,-1.653731009826401276e-03
1.048294558374441210e-04,-1.672631439905633999e-03
1.372700758952556210e-04,-1.691352022453061895e-03
1.054534857478884810e-04,-1.710317984994526959e-03
1.000640345792755555e-04,-3.703368136434338504e-04
1.383155273554470099e-04,-1.729087059410634427e-03
1.056977282477451356e-04,-1.748117041532663363e-03
1.386577302080567648e-04,-1.766931883119246798e-03
1.061710120119341690e-04,-1.786018787968738763e-03
1.396242736052215718e-04,-1.804875799760699995e-03
1.070724893055034034e-04,-1.823792551088194904e-03
1.442468976637800607e-04,-2.692000644663940668e-03
1.112173039463968760e-04,-2.672820263280430673e-03
1.440586121346662746e-04,-2.653349948400943008e-03
1.109692543600226288e-04,-2.634127459737805113e-03
1.438730527539208704e-04,-2.614633876699866671e-03
1.107312407268940061e-04,-2.595379376279170671e-03
1.436563885371545794e-04,-2.575879707662953079e-03
1.104987899322818428e-04,-2.556616684164701725e-03
1.438054542700576560e-04,-2.537107918239547583e-03
1.103595494005781507e-04,-2.517887273573517909e-03
1.433021544022032806e-04,-2.498339245239985466e-03
1.100591299429628275e-04,-2.479065453301511693e-03
1.429932906868911478e-04,-2.459556919037214715e-03
1.097689261222397662e-04,-2.440279445042718882e-03
1.430480025605546362e-04,-2.420782552245658286e-03
1.096007266165472798e-04,-2.401555321865964533e-03
1.425446826052772164e-04,-2.382030278071687462e-03
1.092860965672367749e-04,-2.362762961809228204e-03
1.422067417742646793e-04,-2.343280789525014913e-03
1.089715055180982584e-04,-2.324015841985449700e-03
1.421782097309153535e-04,-2.304552542940989119e-03
1.087230862865601544e-04,-2.285295994728771263e-03
1.416662334248390369e-04,-2.265850570550773536e-03
1.083946395268726271e-04,-2.246565897037151437e-03
1.412942152350303256e-04,-2.227170063961521514e-03
1.080837093993998612e-04,-2.207944286738912007e-03
1.411811869142481739e-04,-2.188533117332908465e-03
1.077645217085929595e-04,-2.169315927877841620e-03
1.406574186956094114e-04,-2.149928771936082065e-03
1.074327790504342407e-04,-2.130726091465145241e-03
1.402477594866746420e-04,-2.111364416930638140e-03
1.070878798441524907e-04,-2.092179764334235661e-03
1.400383834947199378e-04,-2.072845645275700303e-03
1.067510728794817955e-04,-2.053660097373280567e-03
1.395046701838790256e-04,-2.034375060883425197e-03
1.063659274203010126e-04,-2.015153165985921618e-03
1.390443273007175402e-04,-1.995953366863679156e-03
1.059654062110739799e-04,-1.976755946182550891e-03
1.386103731182074760e-04,-1.957601026502666600e-03
1.055569811267946664e-04,-1.938432944400924349e-03
1.381331859059219504e-04,-1.919319268072582855e-03
1.054291683633689920e-04,-1.900098960132100365e-03
1.380340451554877882e-04,-1.881179782380931493e-03
1.084309736614716830e-04,-4.451211648496782155e-04
1.173745168333315892e-04,-5.268121547210062811e-04
1.265402527214069437e-04,-6.125045549653720944e-04
1.435693353928497442e-04,-2.769908482857563574e-03
1.324416737212999820e-04,-7.020461772736589752e-04
1.380897835309788531e-04,-7.955659788955556826e-04
1.429451925941126764e-04,-8.921871491944638726e-04
1.482144047667112517e-04,-9.918775391453795495e-04
4.606982271069256314e-05,-2.864254775488731929e-03
1.341211925873652571e-05,-2.844537207188870941e-03
1.562831133707686998e-04,-1.233514701298013376e-03
7.269227712445645406e-05,-1.728758648653610369e-03
7.176605498031652720e-05,-1.616456400687058892e-03
6.982094328462123598e-05,-1.504731936383016952e-03
6.799016136866314680e-05,-1.394418254902476430e-03
6.503076397088417319e-05,-1.285625563212990010e-03
1.603377332524899828e-04,-1.339768774819062071e-03
6.106871247766108943e-05,-1.040157229063220969e-03
5.834770643186090706e-05,-9.389597909633401332e-04
5.568822507174975024e-05,-8.407443500904283667e-04
1.637579302355932781e-04,-1.449213456418985916e-03
5.293293285772076516e-05,-7.457580974572577698e-04
5.019678768704455578e-05,-6.544330272650884621e-04
4.703825113505034954e-05,-5.671304935528102744e-04
4.377095918157331586e-05,-4.842131832805698596e-04
4.040268270500696485e-05,-4.061334289817769496e-04
1.730423180701230431e-04,-2.053544707773184708e-03
1.666534714215328920e-04,-1.561690115186573080e-03
3.172607550397152473e-05,-2.454174901439666449e-04
1.743593382088121817e-04,-2.169149548963254619e-03
2.765854604989071702e-05,-1.868351003096007366e-04
2.351038506775965427e-05,-1.351027671201319926e-04
7.418603560813182419e-05,-2.111497266674866591e-03
1.918295040852844826e-05,-9.083936260214289381e-05
1.690479576467023037e-04,-1.673971203661889879e-03
7.507929544987569604e-05,-2.227341802177891690e-03
7.592993162904311381e-05,-2.343527243725769798e-03
1.754324967918277243e-04,-2.286579292955276746e-03
7.671043407782185300e-05,-2.459869927943691015e-03
7.741442987680358849e-05,-2.576217644023555409e-03
1.762560964485762724e-04,-2.402775044874780764e-03
1.718458839274489823e-04,-1.787326018154098556e-03
1.769383482084568252e-04,-2.519093895850455910e-03
1.768187930533405541e-04,-2.712802683122232661e-03
-1.527962527917356428e-04,-2.712937688559068604e-03
-1.210748723165141474e-04,-2.693440232807783972e-03
-1.527788521331393938e-04,-2.674370104905544453e-03
-1.212755409558777150e-04,-2.654822553100063404e-03
-1.529220448516810415e-04,-2.635722792598772270e-03
-1.215153388997360784e-04,-2.616141675112695561e-03
-1.531688716515305167e-04,-2.597019738775592241e-03
-1.217608831991107425e-04,-2.577414099480889332e-03
-1.533535488339034887e-04,-2.558276865208808197e-03
-1.219892351913243834e-04,-2.538656931386896239e-03
-1.535806890998582877e-04,-2.519513750418833978e-03
-1.222159508430279654e-04,-2.499884960327177549e-03
-1.537447490217721613e-04,-2.480740161098663864e-03
-1.224258448380105926e-04,-2.461109633049188977e-03
-1.539448517817760414e-04,-2.441969380658672115e-03
-1.226313027689795640e-04,-2.422337849773472610e-03
-1.540833417630157640e-04,-2.403203489522977732e-03
-1.227794300553170935e-04,-2.383506885010583127e-03
-1.542489501463092374e-04,-2.364441263179428883e-03
-1.229142585069085427e-04,-2.344676783024420008e-03
2.115044630286274499e-05,-1.832902123745549624e-05
1.493397446902326472e-05,-1.442454232875260481e-05
1.679971653594890116e-05,-1.258957086375495326e-05
-1.543496442611836229e-04,-2.325689556516899112e-03
-1.230714492848131441e-04,-2.305937911329109923e-03
-1.544891187044613310e-04,-2.286973368586602082e-03
-1.232665333515673605e-04,-2.267300431084044634e-03
3.820453587079646231e-05,-5.128148652983679649e-05
-1.545723851825593338e-04,-2.248294860568781240e-03
-1.234481421490961112e-04,-2.228702211888282901e-03
-1.546892424214214065e-04,-2.209653642433566639e-03
-1.235857148259500904e-04,-2.190072447151212697e-03
-1.547331127256766094e-04,-2.171033524475356538e-03
-1.236952453422682577e-04,-2.151468010968805421e-03
-1.548048607805210569e-04,-2.132452138768494050e-03
-1.237930236156259466e-04,-2.112900738413853521e-03
1.104028960985385975e-04,-2.862366114647272447e-03
1.442552126868963138e-04,-2.847116037506682885e-03
-1.548056162927788468e-04,-2.093909529163774132e-03
-1.238675690228891900e-04,-2.074379932064187877e-03
-1.548349116968648280e-04,-2.055419028148746958e-03
-1.239300275806670128e-04,-2.035908574978212513e-03
1.417319474007422777e-04,-2.884800663576631008e-03
-1.547910341145065103e-04,-2.016978252070642137e-03
-1.239334487576061424e-04,-1.997494740491632254e-03
-1.547686683306108305e-04,-1.978600857898351814e-03
-1.239510216950138880e-04,-1.959141428621586321e-03
-1.546739498603574435e-04,-1.940284028392446833e-03
-1.239575482347638261e-04,-1.920857773219857706e-03
-1.546086059294952530e-04,-1.902042758588521482e-03
-1.239419924236091373e-04,-1.882646230385230180e-03
9.724936770243225965e-07,-1.923097704852927441e-06
-6.287519755278408428e-07,-3.861279404233723521e-06
2.223834994303091985e-06,-1.626799952273640843e-06
9.077613230232783848e-05,-2.793658878325093941e-04
-1.544635746492545336e-04,-1.863874286703288887e-03
-1.239075537796593409e-04,-1.844517267434637531e-03
-1.543452671386574002e-04,-1.825793978124617143e-03
-1.238491653157719355e-04,-1.806475152157857589e-03
9.649270705020406740e-05,-3.237031658943680134e-04
-1.582812094481522334e-04,-1.788420446891452430e-03
-1.243259123939678050e-04,-1.768529450911444706e-03
-1.592687461838898037e-04,-1.750934282600146623e-03
-1.246282271328102813e-04,-1.730845449678813236e-03
-1.586540225198606940e-04,-1.712879413001728354e-03
-1.241024898921057622e-04,-1.692939070262802163e-03
-1.582527637089302993e-04,-1.675128401955025808e-03
-1.242582888288337360e-04,-1.655421477643898845e-03
-1.579004912863438712e-04,-1.637537040473188276e-03
-1.240183886286152820e-04,-1.617894900299139639e-03
-1.561665565843529968e-04,-1.599560737955637224e-03
-1.235650192671065601e-04,-1.580435492175339372e-03
-1.573174692442645911e-04,-1.562497552533315256e-03
-1.236345871951873465e-04,-1.543252304690092983e-03
-1.581021968453432736e-04,-1.525529361519410406e-03
-1.236093387161057294e-04,-1.506203246930670368e-03
-9.136783106166921058e-05,-1.524283911323173800e-03
-1.546510849490889488e-04,-1.488025071634421726e-03
-1.228507390786442641e-04,-1.469196044240722934e-03
-1.558505876738743739e-04,-1.451464998579441975e-03
-1.227169031802809532e-04,-1.432462383032811213e-03
-1.564967141221697375e-04,-1.415027778905110023e-03
-1.226049046465864899e-04,-1.395913931060961330e-03
-9.096333489127599546e-05,-1.413630846298543752e-03
-1.548385148266841291e-04,-1.378597090536583291e-03
-1.216563930574184022e-04,-1.359409109632473030e-03
-1.539660310855798663e-04,-1.342318946090502712e-03
-1.212190112670907143e-04,-1.323191385971827670e-03
-1.532611699120877584e-04,-1.306211864340547750e-03
-1.207446337797221252e-04,-1.287175933625536468e-03
-1.525118899692036423e-04,-1.270307526721244345e-03
-1.202327527273452815e-04,-1.251372855174261211e-03
-1.517504534838759955e-04,-1.234620035260237513e-03
-1.196818952365801339e-04,-1.215792138410016349e-03
-1.509124827089567712e-04,-1.199160088356251465e-03
-1.190913575181012940e-04,-1.180444629383993168e-03
-1.500551033495194661e-04,-1.163938679172816073e-03
-1.184597438045883951e-04,-1.145340766947048521e-03
-1.491178915976970013e-04,-1.128966326348764980e-03
-1.177864497528362649e-04,-1.110491848760819565e-03
-1.481589399991306577e-04,-1.094254525826066733e-03
-1.170698644580602156e-04,-1.075908739362591319e-03
-1.471180579575300884e-04,-1.059814261201108554e-03
-1.163089182997791525e-04,-1.041602629609906291e-03
-1.454195541341779540e-04,-1.025289580295715318e-03
-1.155031125347225567e-04,-1.007598514836235016e-03
1.521692220919284655e-04,-1.093537768369021949e-03
-1.927067444550528144e-04,-1.582019757755258977e-03
-1.447956319840248984e-04,-9.917359732829508605e-04
-1.146789603063570192e-04,-9.739013282243231531e-04
-1.431387128695733868e-04,-9.578769407477860697e-04
-1.137493440641482233e-04,-9.405050593646648851e-04
1.541869340234583257e-04,-1.161826663088358661e-03
-1.905755308110466310e-04,-1.470749830265128061e-03
-1.423601420631198254e-04,-9.249490027860780058e-04
-1.128676797310466652e-04,-9.074780357580401659e-04
-1.406327725310935303e-04,-8.917465490221055660e-04
-1.118076446931412472e-04,-8.746964848679789940e-04
-1.396902849225150375e-04,-8.594864630364366844e-04
-1.108136285084114508e-04,-8.423484764792368504e-04
-1.379901378297130276e-04,-8.270700458020497151e-04
-1.096739833383909981e-04,-8.102934757449688262e-04
-1.834549784141710211e-04,-2.726626827884166392e-03
-1.875656512503341483e-04,-2.770405929688652107e-03
-1.864822393669498938e-04,-2.655783061755395604e-03
-1.367933323691008726e-04,-7.954654803889323837e-04
-1.085586181021607491e-04,-7.786761462741292666e-04
-1.351146226294534553e-04,-7.639045231648277940e-04
-1.073338711899765743e-04,-7.474033379418421530e-04
-1.873121257839732961e-04,-2.578265295437883516e-03
-1.881181195090690129e-04,-2.500649278240337642e-03
-1.336440729886439745e-04,-7.329847954550630391e-04
-1.060901037836057962e-04,-7.165670841529659394e-04
-1.318248821031599424e-04,-7.022168821085938246e-04
-1.047500527666400140e-04,-6.861115684898063272e-04
1.710404141668565880e-04,-1.902052038307498446e-03
-1.888140295376139303e-04,-2.423045231657239371e-03
1.720503441214154259e-04,-1.977955279509117231e-03
7.437412656827620792e-05,-1.805158505994057701e-03
7.478234638986498261e-05,-1.843073886571212471e-03
-1.301983815853067171e-04,-6.721270905310346112e-04
-1.033891655786632163e-04,-6.561237066592284133e-04
-1.282569873878230200e-04,-6.422268412121259719e-04
-1.019357878576077048e-04,-6.265471754981297853e-04
-1.971299004313348431e-04,-1.733070542671248399e-03
-1.890686109031661883e-04,-2.345547233812290185e-03
-1.953225036263292501e-04,-1.657257587810668066e-03
-1.892492558677668648e-04,-2.268130072881166092e-03
-1.264728595521631476e-04,-6.130262758386729972e-04
-1.004554702226120410e-04,-5.974668726203195921e-04
-1.247406534395319774e-04,-5.842004866009987496e-04
-9.919535875792767729e-05,-5.688599715585865215e-04
-7.519183083927814652e-05,-5.823770843459786855e-04
-7.406737885288441502e-05,-5.539695170496275814e-04
-9.749116210392685857e-05,-5.406390552646063528e-04
-7.285299688677592726e-05,-5.260647428237157563e-04
-9.572887351811071137e-05,-5.129980772321155293e-04
-7.158912103860599939e-05,-4.986877121818352517e-04
-9.396814592073180221e-05,-4.858954765744902889e-04
-1.209780387442210131e-04,-5.279383277029759064e-04
-7.027857612735139954e-05,-4.718458759532774484e-04
-9.209372292566488842e-05,-4.593335025243471957e-04
-6.891539394821913898e-05,-4.455513350057712014e-04
-9.020553362051162327e-05,-4.333277137331297880e-04
-1.159109497509314580e-04,-4.735313551443072087e-04
-6.750229316734256667e-05,-4.198199888708869631e-04
-8.820173691233766081e-05,-4.078912306530722864e-04
-6.603405673615850779e-05,-3.946669870530157163e-04
-8.618025110028976297e-05,-3.830433271320146855e-04
-6.451369686899562496e-05,-3.701088143938100535e-04
-8.406843345259071005e-05,-3.587980718641484916e-04
-6.294020119842741576e-05,-3.461631935596674522e-04
-8.191285665942916886e-05,-3.351749465442875977e-04
-6.130899750400649480e-05,-3.228467217971730347e-04
-7.966080342364268449e-05,-3.121889317426815714e-04
-5.962158690686278768e-05,-3.001772108845539018e-04
-7.735979896900913272e-05,-2.898591775277394749e-04
-5.787440474787042098e-05,-2.781721671288625401e-04
-7.496228543444928831e-05,-2.682024236197005072e-04
-5.606886787810886919e-05,-2.568496561138572756e-04
-7.251106507922900409e-05,-2.472378882792544371e-04
-5.420119053243965704e-05,-2.362275899894786182e-04
-6.996124964096324579e-05,-2.269820724647456328e-04
-5.227405603425105230e-05,-2.163252817641522796e-04
-6.744362032712573755e-05,-2.074691403643295906e-04
-5.029623120547577257e-05,-1.971617075679343162e-04
-6.475976828041356606e-05,-1.886891114442695253e-04
-4.824789045962847171e-05,-1.787526884963674609e-04
-6.189499196647770983e-05,-1.706391774569857554e-04
-4.611815024846152111e-05,-1.611147164918356588e-04
-5.913349632328945832e-05,-1.534103610743365643e-04
-4.397448926269341836e-05,-1.442915576382668391e-04
-5.610949991434648548e-05,-1.370027709707328665e-04
-4.179112005325043565e-05,-1.282881961051411343e-04
-5.325012377177742740e-05,-1.214228765403135352e-04
-7.129684200186110050e-05,-1.463288815981770414e-04
-3.939036421701725739e-05,-1.130892731751143390e-04
-5.014859187439650075e-05,-1.066649212864962228e-04
-3.699938159511041204e-05,-9.873277741886310650e-05
-4.677818643819472842e-05,-9.286449796757986091e-05
-3.451072958018795061e-05,-8.527901155812492144e-05
-4.346001501648623762e-05,-7.986238564301185690e-05
-3.197739949464259635e-05,-7.271728164863407737e-05
-4.018821741964416668e-05,-6.765543175912233946e-05
-2.938788369079473227e-05,-6.105197594384904609e-05
-3.676323162769939539e-05,-5.647704003095121165e-05
-2.672639077574295603e-05,-5.034215699380889010e-05
-3.328244282836804763e-05,-4.626166345954053081e-05
-2.398004871482970377e-05,-4.059115455202596721e-05
-2.921739738902869466e-05,-3.685072804333174511e-05
-2.091578233117115750e-05,-3.168752413598881212e-05
-1.109312570489689824e-04,-4.214379853642816892e-04
-1.893487025655083106e-04,-2.190827372482108751e-03
-7.723590086961188805e-05,-6.405778419259167090e-04
-7.921284850712563173e-05,-7.006014676199720645e-04
6.374282628511265217e-05,-1.179072960247468322e-03
-8.101168627854533183e-05,-7.623234913916929331e-04
-1.057668466952827097e-04,-3.716697779671005526e-04
6.234377609317653664e-05,-1.108946951964676119e-03
-1.893743184247606462e-04,-2.113667055884609070e-03
-8.263773443355023241e-05,-8.256314381647419671e-04
-8.410326697694261934e-05,-8.904213755782853417e-04
-1.893809630208429537e-04,-1.361453024339540898e-03
-8.538072204741733887e-05,-9.565738351783351859e-04
-1.887519994126653331e-04,-2.036754630011522980e-03
-1.873953086904112087e-04,-1.289291631283416952e-03
-8.654281184860703022e-05,-1.024008303512690538e-03
-1.003844244039288770e-04,-3.248145316158158056e-04
-8.756586517880580122e-05,-1.092629441077707471e-03
-1.851878833323275725e-04,-1.217936324700623352e-03
-8.845732831347545631e-05,-1.162338370934468861e-03
-1.885189289161513966e-04,-1.960008745857879427e-03
-8.922076011722415766e-05,-1.233044296122945806e-03
-1.827527101760164654e-04,-1.147513438953926988e-03
-8.999693267181521010e-05,-1.304725864320888150e-03
4.115048704068839609e-05,-1.824182512855582802e-03
-1.800777402388786883e-04,-1.078109815013332919e-03
1.718133221319158310e-04,-1.825830897415967350e-03
-1.881647369582076712e-04,-1.883535557283092703e-03
-2.782165198730226493e-05,-1.199126079490990489e-04
-9.449753350473622481e-05,-2.800992163670654482e-04
-1.770298407423829819e-04,-1.009745366887284269e-03
-1.738529062721447336e-04,-9.426565269244436890e-04
-1.852579566938413402e-04,-1.814639591019753806e-03
2.744221040949958976e-05,-2.169844545970593452e-05
3.394584223759985445e-05,-3.013915269891763519e-05
-9.154226030843520617e-05,-1.598687570726639671e-03
-2.663391284151775520e-05,-1.771237919263290634e-05
-1.704052418070818641e-04,-8.768694714431405583e-04
-3.227291358393824191e-05,-2.401335381028724272e-05
-2.899470935276408939e-05,-2.606583950354456701e-05
-9.170547660627844072e-05,-1.673780126892606811e-03
1.145176152808783857e-05,-9.199883599968356132e-06
1.264977356187468065e-05,-8.046458239337238313e-06
8.139662529941184992e-06,-5.161746938924487200e-06
8.190268736890008274e-06,-4.073911004282929940e-06
1.847857052030817959e-05,-1.149918231710537012e-05
4.277451610513289824e-06,-2.445047658380854992e-06
-9.694842503237699081e-06,-4.851067079515235458e-06
-4.417678272678654684e-06,-1.618615885251487443e-06
-5.660133839597754391e-06,-2.400997915848378168e-06
-9.583800640640811164e-06,-5.631051253503189512e-06
-5.647995148811137113e-06,-3.144757103222669586e-06
-2.828546743655250233e-06,-1.447501686625175629e-06
-4.896462702071895369e-06,-4.243559141393598665e-06
-2.153184882621120779e-06,-2.270777762632265987e-06
-6.992623981295640160e-06,-8.350349510542582772e-06
-3.338885528080679822e-06,-5.804868006188645552e-06
-2.082021607084057538e-04,-2.851630014986668120e-03
-1.751723587261773667e-04,-2.870585419032566608e-03
-1.795660361479728341e-04,-2.912419086507583507e-03
-1.436464686122259683e-04,-2.890288521479869241e-03
-1.419399908274772187e-04,-2.851890064799942042e-03
-1.101378964989604823e-04,-2.875053178619316630e-03
-7.460997276514105207e-05,-2.894589787064279999e-03
-7.914779130842875530e-05,-2.860332474300379072e-03
-4.299670997819097704e-05,-2.879596310279883709e-03
1.767959947161997804e-04,-2.635157725570646918e-03
-1.666952902731699642e-04,-8.124996625952693972e-04
-9.174668319688717799e-05,-1.749271469047635526e-03
3.676405239938052521e-05,-3.334253068524581430e-04
-1.056829385932351784e-06,-1.292856540529330459e-05
-8.827852592377144914e-05,-2.381828817091227366e-04
-1.735712113062188016e-05,-4.464368538198110832e-05
2.097418999630316114e-04,-2.812730289387823431e-03
1.765091492135713628e-04,-2.790882633210054874e-03
-1.327328142456616952e-05,-2.699247392790177699e-05
1.208900369211760973e-05,-2.769395392561322007e-03
-2.084630517478615767e-05,-2.788635638953367892e-03
-1.820474433822561491e-05,-2.825776948566369878e-03
-1.626951309753117052e-04,-7.496432124064607251e-04
-2.099977956858267448e-05,-6.606867997451570441e-05
-9.170966441315697812e-05,-1.825180073572742331e-03
-2.443568109668707811e-05,-9.120468524943766743e-05
3.425862797826371243e-05,-2.880909516827710693e-04
-1.583596937133863018e-04,-6.883811469852494465e-04
7.719804611956931992e-05,-2.880452521048554055e-03
4.970272891987915386e-05,-2.902604719376486800e-03
-9.208893417670793115e-07,-3.592817653347064143e-07
-3.213900608428335088e-05,-1.691811883224728964e-04
4.482005023174455985e-05,-2.673103964966179903e-03
-3.486945027841857646e-05,-2.060035135081463909e-04
-3.742480194691229814e-05,-2.458156854015901152e-04
7.217434193873518370e-05,-1.766935557937560596e-03
3.959661113553585921e-05,-1.747740850899081461e-03
-3.980522153493647544e-05,-2.884687181307723537e-04
-1.749906711491012502e-04,-2.832240086536731531e-03
-9.159881175395688567e-05,-1.901446249816622245e-03
-4.201512996061890974e-05,-3.338158804959705152e-04
-1.537071312101364218e-04,-6.288474756146855259e-04
1.292533378722666475e-05,-2.807216265495808463e-03
-4.406025109453034220e-05,-3.817169730370148831e-04
-4.594638135386909376e-05,-4.320324051490170370e-04
-8.551165018238489240e-07,-7.800252257654831449e-06
-4.768742401811278228e-05,-4.846284402279178900e-04
2.098188914981707117e-04,-2.733852441434084755e-03
1.211143612679509856e-05,-1.669733272885386461e-05
-4.325620864769160650e-05,-3.948913287746495245e-05
-4.928590401435008607e-05,-5.393821610264058937e-04
-5.501253689966901866e-05,-2.692900299676680848e-03
-1.488187838322595127e-04,-5.713094292222799936e-04
-5.068908470157997367e-05,-5.961800768207334506e-04
-9.142302938360917497e-05,-1.978021508764517440e-03
-5.377943556692505833e-05,-5.899440996613842766e-05
9.566275456249011708e-06,-1.098737585671557991e-05
-5.555049643020858131e-05,-2.615541196737894512e-03
-5.602343607681855789e-05,-2.538012409310694360e-03
-5.646825696051527976e-05,-2.460445305508644764e-03
-7.612053934672848910e-05,-6.112565005920793078e-04
-5.197051149185620648e-05,-6.548607426185633785e-04
-7.817080617663736089e-05,-6.703722806043109711e-04
-5.315391121147336560e-05,-7.153298740452698713e-04
-8.006544149319471814e-05,-7.312595059298677156e-04
-5.420869405265315211e-05,-7.774728874799545150e-04
-8.178096557141171889e-05,-7.937863859234045539e-04
-5.514206541059507349e-05,-8.411753766933855727e-04
-8.332119964889887797e-05,-8.578657527353102542e-04
-5.594566791332671111e-05,-9.063254309265038246e-04
-8.469140732956134915e-05,-9.233307842478580447e-04
-5.679035095725551592e-05,-9.727895944399016529e-04
-8.594817967829600247e-05,-9.901239009720516106e-04
-5.724123192569468280e-05,-1.040581849855267381e-03
-8.701648384638761954e-05,-1.058165945396892299e-03
-5.776625437673342468e-05,-1.109491435368991502e-03
-8.796937036756456339e-05,-1.127373555040668681e-03
-5.820605144095521936e-05,-1.179464341467091441e-03
-8.880090681270805708e-05,-1.197592070722792133e-03
-5.858523393522907351e-05,-1.250418662696467465e-03
-8.954064085705368986e-05,-1.268775307414790653e-03
-5.895872733830887820e-05,-1.322236506225290490e-03
-9.026119061140421918e-05,-1.340800677401550933e-03
1.762334688771856177e-04,-2.441547698873483465e-03
3.035413367507648190e-05,-2.251835957505077387e-04
-5.686146992624698687e-05,-2.382806525665695768e-03
1.768378114079022950e-04,-2.557879637823278016e-03
1.754931671427075607e-04,-2.325299661798867299e-03
3.918557428580638754e-05,-3.813444371567436793e-04
1.887952249404774630e-05,-3.935128222200051846e-04
3.797002269316526957e-05,-3.570500974771993589e-04
4.266280807797234005e-05,-4.576364774196990236e-04
2.085535481868331127e-05,-4.708163262887328894e-04
4.159290394523999465e-05,-4.315722782254616794e-04
1.745844300362027544e-04,-2.209001221288792779e-03
4.598800315395484064e-05,-5.389816532634598284e-04
2.274363112513456766e-05,-5.529473157105915977e-04
4.483582544531830577e-05,-5.113046730398662122e-04
4.911757397038492382e-05,-6.248639234967250794e-04
2.459079899548470015e-05,-6.395668487896469072e-04
4.778781585178452880e-05,-5.957561537817201254e-04
1.734886314849429397e-04,-2.093261627979231456e-03
5.206504450393058064e-05,-7.148842497695094859e-04
2.622886458715522991e-05,-7.302314624586950589e-04
5.073798151168302427e-05,-6.844326372408417007e-04
5.494042129883474588e-05,-8.086916300564222365e-04
2.794749433047199815e-05,-8.246371673415946006e-04
5.346144841360177079e-05,-7.770241349679210281e-04
5.769535097680653963e-05,-9.058750028387697970e-04
2.972000034366047746e-05,-9.223879543309262312e-04
5.613477438357717493e-05,-8.731200346924078166e-04
6.011609151334886523e-05,-1.006099998136902006e-03
3.111459138247928987e-05,-1.023004530150737430e-03
5.841883929538463127e-05,-9.723617986046832881e-04
6.168926837365561308e-05,-1.074410025247153795e-03
3.239666966031241776e-05,-1.126304354950233982e-03
6.291144076496827352e-05,-1.143893129843280001e-03
3.309332095651730060e-05,-1.196774603520781152e-03
6.367324924568272581e-05,-1.214791474023838632e-03
-9.105920065805185723e-05,-1.450410743121796154e-03
-9.128214442138801374e-05,-1.487259216339920261e-03
-5.950002982778164565e-05,-1.505404315808780719e-03
-9.148623456176845743e-05,-1.561452614009744590e-03
-5.927915989436529851e-05,-1.616893549473109697e-03
6.754601858520646010e-05,-1.358009212705736787e-03
3.626328619180622389e-05,-1.376252836220451942e-03
6.536595650398091420e-05,-1.321700543492691044e-03
3.385323655144310904e-05,-1.303521820829741176e-03
-9.165492720042247904e-05,-1.636169426033145646e-03
-5.917763551281461355e-05,-1.692032140582883440e-03
6.944039633063172408e-05,-1.467802285029563576e-03
3.761155275512809664e-05,-1.486330898647382536e-03
6.714272063760262611e-05,-1.431011779920177964e-03
7.120559149588904569e-05,-1.579076676512714992e-03
3.877300050016339026e-05,-1.597781775721865373e-03
6.878636603556523592e-05,-1.541819916663309756e-03
7.284655982234179044e-05,-1.691599774015942062e-03
7.199130277687503291e-05,-1.653880185795981832e-03
4.991083426261550742e-05,-5.069929477900946040e-05
2.019161401771772213e-04,-1.694357606803323802e-03
1.090004660622440074e-04,-2.704628289318064560e-04
9.360943748166503456e-05,-3.014541602183581567e-04
1.163884704602922488e-04,-3.146398302519233308e-04
9.913830480783225238e-05,-3.475828982302704164e-04
1.242757619027856522e-04,-3.647748341695114071e-04
1.168715980356627523e-04,-3.874631974584846761e-04
1.086957141405314753e-04,-4.069454139653609875e-04
-6.391364552003028809e-05,-8.239496596358519983e-05
1.995635247352788152e-04,-1.583310334496876694e-03
9.088291476705750093e-05,-1.737911636900544481e-04
8.112046514481015659e-05,-1.843910079440876386e-04
8.491573175724344562e-05,-1.559046409239632383e-04
6.655085291618764655e-05,-1.431650444100637906e-04
6.859326483686435151e-05,-1.276974820366936494e-04
1.862231960646127153e-04,-1.148013322748723825e-03
1.560493399799912451e-04,-1.197295207598998452e-03
1.969655715134948498e-04,-1.472090484684634342e-03
1.771433963811268092e-04,-9.762549571984166334e-04
1.802669000994784566e-04,-1.010630114553080772e-03
1.494119263363386462e-04,-1.025580164624720000e-03
1.749650223808526671e-04,-9.104566245635327534e-04
1.467177270099452309e-04,-9.260772819443711468e-04
1.703334422794770093e-04,-8.776769668416385195e-04
1.652322223261347900e-04,-7.810189634149826334e-04
1.690479944399018671e-04,-8.133225285292438114e-04
1.417516902378032390e-04,-8.283688830512020472e-04
1.612129847457856346e-04,-7.192206749931489554e-04
1.361754647516063297e-04,-7.339225674940343200e-04
1.591024923563635744e-04,-6.880919380392863790e-04
1.313188191615085958e-04,-6.712963150361072728e-04
1.302332631573939318e-04,-6.415171987278257305e-04
1.511574020878802876e-04,-5.997653124514151519e-04
1.468320434609143984e-04,-5.436382830400236441e-04
1.235165053455767193e-04,-5.566484802089097196e-04
1.416146395351783717e-04,-5.156416119838046208e-04
1.169841944034614447e-04,-4.999182609334006664e-04
1.185877649459434559e-04,-4.721691530980842710e-04
1.330860586192671071e-04,-4.512959831554109731e-04
-1.319638875419499788e-04,-4.107239906618557622e-04
-1.136292779224318462e-04,-4.471720297310954819e-04
-7.339306406463111626e-05,-1.091760534581479286e-04
-9.539143223109926891e-05,-1.911369303556774608e-04
-1.381374653395850438e-04,-4.621253774597608465e-04
-1.186062887559805208e-04,-5.005294563827363897e-04
1.875143896678978640e-04,-1.217709100649328694e-03
1.876836168254625997e-04,-1.253160737930765446e-03
1.834763726985554110e-04,-1.078934514777397501e-03
1.537502752293018840e-04,-1.127727755107478308e-03
7.495051135566151482e-05,-1.099376860238103921e-04
6.458266592955437839e-05,-8.344566506212823759e-05
5.873292325433224486e-05,-9.073840967724580600e-05
6.038697989806814489e-05,-7.243113988606526745e-05
-1.441251336558600814e-04,-5.159360658819491354e-04
-1.230657443094711006e-04,-5.557629946728671931e-04
1.939356599927631109e-04,-1.362352983032561436e-03
9.973912352785024968e-05,-2.105793595773912635e-04
1.031274720851883955e-04,-2.294131678224624771e-04
8.653751522264781823e-05,-2.382618101260411219e-04
-5.737343867477965546e-05,-2.305226235950785015e-03
-5.764262375339423988e-05,-2.228012711987209776e-03
-5.798724333791984749e-05,-2.150760086625170837e-03
-5.828340156759919142e-05,-2.073656334602684646e-03
4.048955283536603210e-05,-2.015240954821364509e-03
4.006069858515219514e-05,-1.938501537784341608e-03
1.392208669317033848e-04,-1.843298992263883197e-03
-5.913643763790434087e-05,-1.431447995393134859e-03
-5.934616043461332522e-05,-1.394871828387169409e-03
1.751741887251719921e-05,-3.449352715898647910e-04
-9.173774251524112510e-05,-1.711432658172690755e-03
1.220662964398699520e-05,-1.774549374789358288e-04
5.343663131676292660e-06,-3.923862465372089897e-05
-1.084034325774862947e-04,-3.963051731822588518e-04
1.110961290911685357e-04,-2.788351313475091482e-03
1.590254598584178139e-04,-1.304894307049777984e-03
3.553043022539086271e-05,-3.104020406357354319e-04
3.412789452128094108e-05,-4.157895517629183542e-05
4.182384353090545391e-05,-6.188126467350125461e-05
6.757973899944950597e-06,-5.970191973487416076e-05
-5.905139965674770621e-05,-1.767618717482857295e-03
1.620089389043956758e-05,-2.989002214248584846e-04
4.632306209432154164e-06,-3.046518469773196606e-05
-9.160596403845964444e-05,-1.787086843980240742e-03
-1.947247093391127988e-04,-1.545210697065371123e-03
2.957092889183141361e-05,-3.283522674838676322e-05
3.301942277747499247e-05,-2.664400277869773668e-04
1.016905566398059349e-05,-1.269309085141905340e-04
-5.887515354660722677e-05,-1.843701084236897512e-03
-2.930954010292227268e-05,-1.355229588155907336e-04
-1.521609146313962621e-04,-2.788169888287320933e-03
1.488936603419881170e-05,-2.555780413601757128e-04
-8.798463401437455996e-05,-2.712470840297080427e-03
-9.166395647792646326e-05,-1.863244053573908342e-03
7.384727954440758687e-05,-2.073049527005308302e-03
-2.429903498845440698e-05,-1.931843404308549052e-05
1.422493409574961534e-05,-2.349624088350168029e-04
8.116010772813998233e-06,-8.393310075503706928e-05
1.163759129626463761e-05,-3.498591845552194809e-05
-5.868862338016158221e-05,-1.920111986647926507e-03
4.138801012155238381e-05,-1.862075035068781574e-03
-1.254822651079631995e-04,-3.616325741559573391e-04
3.358530439567613820e-06,-1.107505673706054818e-06
7.812145917384658901e-05,-2.692242584202985973e-03
1.923845900298945782e-04,-1.325423478381756786e-03
3.912982539711756802e-05,-1.635171316923201374e-03
2.895723400174591194e-05,-2.055854355904800990e-04
3.707072578130332511e-05,-1.523238086132162709e-03
-9.152422823049834297e-05,-1.939664986228001623e-03
3.583247576442037837e-05,-1.412667363949415356e-03
7.313258320579887070e-05,-1.919087775119233648e-03
7.476198941668205956e-05,-2.188762644414631812e-03
1.287172689290404385e-05,-1.958947232192314149e-04
3.160332192786166280e-05,-1.057171242196652469e-03
-1.923585327182373650e-04,-1.434459680078570406e-03
-9.078200756573108119e-05,-1.377188197698042075e-03
7.303071531777578036e-05,-1.957560116906702317e-03
2.957041718646999075e-05,-9.555447429403371917e-04
-5.925048741595062871e-05,-1.542400850359055501e-03
-5.848622550315385834e-05,-1.996758668917678146e-03
2.801464138479608352e-05,-8.567853725418699560e-04
1.320303207055723431e-05,-4.423996474170115254e-05
2.639880056665253822e-05,-7.612369004167282528e-04
2.477639182444849850e-05,-6.692713642481287663e-04
2.629026855770016406e-05,-1.687508429138352836e-04
2.296595186213303339e-05,-5.812476280803191044e-04
2.125458761897951350e-05,-4.975765573506557614e-04
1.951383556493908858e-05,-4.186600073460246740e-04
7.327712683363584855e-05,-1.995953847896321694e-03
-9.147498130941072276e-05,-2.016393302694846623e-03
2.492904465685059291e-05,-1.514952190892274988e-04
1.474579393227916589e-05,-5.447046413572248914e-05
7.357582757668930569e-05,-2.034446157615764274e-03
7.563625854348281176e-05,-2.304685624714121906e-03
1.083609451724114839e-05,-1.429505069028425143e-04
-9.145336742137589667e-05,-2.054858240161131985e-03
4.101139981698940248e-05,-2.092320057910617651e-03
2.208217976739437015e-05,-1.194493836771928281e-04
-4.019978471534421026e-05,-2.914890823767125969e-03
4.128526677087537768e-05,-2.130825596060360611e-03
7.792516513161551809e-05,-2.653600478486237060e-03
1.626592398774454309e-05,-6.564794809669424215e-05
-9.134446456279513200e-05,-2.093358804848119165e-03
2.062384567073636182e-05,-1.046848235822809214e-04
-1.030419765168813593e-04,-3.478949295321942851e-04
1.773946753327224318e-05,-7.776170925644426885e-05
7.450340294914153006e-05,-2.150022535862582736e-03
1.612248836889689917e-04,-1.376065176271327930e-03
8.792296527086249425e-06,-9.740723757338073832e-05
7.647984255351439515e-05,-2.421037950107978419e-03
-9.122228147275185991e-05,-2.131907333784335400e-03
4.181361136385714357e-05,-2.208124455311188603e-03
-7.483437638761635501e-05,-1.631560024665097111e-04
4.208112590824309308e-05,-2.246733232545475387e-03
-9.108790497055314298e-05,-2.170499333584257652e-03
-8.822268527333992796e-05,-2.673856927107479391e-03
7.722327815509160006e-05,-2.537370839518599767e-03
7.537061407187102134e-05,-2.266004191929764464e-03
-9.094154449730434985e-05,-2.209129538453283911e-03
4.259426909637874432e-05,-2.324215566219503711e-03
4.288070434039379850e-05,-2.362964944613204447e-03
-9.059627923663747268e-05,-2.247675751669704104e-03
7.621527331527099729e-05,-2.382265260659120320e-03
-1.183983005776527339e-04,-3.147086265262395493e-04
-9.032368463798887517e-05,-2.286244110109472965e-03
4.337047399704795780e-05,-2.440550355980973963e-03
1.624541883918601633e-04,-1.412934624968127184e-03
7.774441239203952318e-05,-2.614916700375743194e-03
4.430517306447157743e-05,-2.595648270868130322e-03
4.364539035449761334e-05,-2.479363104724419727e-03
-9.014564613977281535e-05,-2.324920324464897509e-03
4.409183560635224799e-05,-2.556852895917183840e-03
7.698727276600776507e-05,-2.498600908365327094e-03
-8.998903745476997994e-05,-2.363754864970812452e-03
-8.867745480350183035e-05,-2.635279591706677499e-03
-8.992633574321443198e-05,-2.402639735385029597e-03
6.316215308531109972e-05,-1.250335337876899841e-03
-8.979370121862912746e-05,-2.441454878396548227e-03
-8.958276102727412774e-05,-2.480235197828127916e-03
-8.889536889403852073e-05,-2.596542394393307369e-03
-9.750774441065655708e-05,-3.021284682900721706e-04
-8.912786448323631382e-05,-2.557788576068719278e-03
-8.935767502159517098e-05,-2.519014109573582388e-03
1.963180636770077176e-04,-1.434989364787175739e-03
2.044488919340945398e-04,-1.884830893261216396e-03
5.163993002827934903e-05,-9.798760258900813332e-05
1.718647123720605443e-04,-1.940390398347870268e-03
-1.111571110880956923e-04,-2.706677076259491450e-04
1.643060933180871396e-04,-1.486434984768165903e-03
2.056389676280314510e-04,-1.961124037619207949e-03
-9.145972980829813787e-05,-2.588044140194381559e-04
1.727970925561262349e-04,-2.016536696003918324e-03
1.655092019000132999e-04,-1.523965506147761028e-03
4.011523992782409334e-05,-1.709719829803594063e-03
2.072905868436877147e-04,-2.038662432186612999e-03
-1.034992481849157132e-04,-2.294694501649394180e-04
1.988812420603888590e-04,-1.545363419023275831e-03
7.247927314815130924e-05,-1.953573790197622511e-04
2.067975156070370657e-04,-2.075679991087864100e-03
-8.481151025170902016e-05,-2.181158093713484608e-04
1.740635722849545228e-04,-2.132004486500713690e-03
1.672162809522170638e-04,-1.598732779453250919e-03
8.707283146582980361e-05,-2.582293581858169547e-04
2.085140826158933503e-04,-2.154192075971863435e-03
-8.149314438924432232e-05,-1.989839557060358102e-04
1.685878894664914990e-04,-1.636877049094730792e-03
3.339321804047380916e-05,-1.267781350812907963e-03
2.078995625285805162e-04,-2.191343179465992091e-03
1.475506050139015963e-05,-2.885942569476225138e-03
-7.805446998379773774e-05,-1.805801605846315660e-04
1.751036830368431164e-04,-2.248106633257846050e-03
2.011445342611095253e-04,-1.657076786226842260e-03
2.091578230033724732e-04,-2.269682426381796920e-03
1.065053685533959158e-04,-1.861871598466875418e-03
-8.742349393304663747e-05,-1.562466748453199467e-04
7.386284967123243916e-05,-1.880726050418586939e-03
1.694897361376983681e-04,-1.711051155695346914e-03
2.087134758964904471e-04,-2.307556474207695784e-03
-8.266836595543487580e-05,-1.395777534249764825e-04
1.759589824401865609e-04,-2.364280461108159322e-03
1.709440425118494773e-04,-1.749602538467223342e-03
2.099291158459083619e-04,-2.385839676768249356e-03
1.227264214882827290e-04,-5.838170807153815738e-04
-6.732062297802657292e-05,-1.302095889021483730e-04
2.097062921529708026e-04,-2.424123536529559312e-03
2.043195006640253001e-04,-1.770768886115809673e-03
2.063338189109019578e-04,-2.891594048545912451e-03
9.570557082369443016e-06,-4.825639285183569091e-06
-6.338119605031722445e-05,-1.149558390664480353e-04
1.766641835704850266e-04,-2.480570752851160403e-03
1.344862184536172150e-04,-7.636430494559866625e-04
2.042069568172591475e-04,-1.808168837728969499e-03
2.105332467853976441e-04,-2.502145858361684138e-03
-5.945525701816608741e-05,-1.006572341858972050e-04
1.394857870687614670e-04,-8.591104127470723661e-04
2.102327092846110546e-04,-2.540455522811845088e-03
1.452115087119995162e-04,-9.579136086598534364e-04
-1.762584509088568619e-05,-2.381058360527326984e-05
-5.556502294920019885e-05,-8.735084673477883164e-05
1.775965515018721364e-04,-2.831135061183683802e-03
1.771080321693800739e-04,-2.596863114820241025e-03
1.543519470214040588e-04,-6.286300882361011821e-04
1.746562902364066612e-04,-2.867076292325924838e-03
1.510975405547444598e-04,-1.059600578371518598e-03
2.103447305640640281e-04,-2.617901841980030137e-03
1.440344753980416490e-04,-2.808963259811034056e-03
-5.137416862888943657e-05,-7.468563756805787204e-05
1.773146095905661526e-04,-2.674349252705177874e-03
1.508798538853990234e-04,-2.918900346912128678e-03
2.099411131224701869e-04,-2.695065669920764222e-03
-4.714115158786761928e-05,-6.300525519936173505e-05
1.767304659948969094e-04,-2.751884034550464066e-03
1.576260247950484589e-04,-1.269247695360446347e-03
-4.277303497208512223e-05,-5.227033132434631501e-05
-2.507128735647049151e-05,-2.840192269334547337e-05
-3.841946699601175901e-05,-4.256902246871764692e-05
-3.369539452462787352e-05,-3.366256382324327206e-05
1.714919406375865546e-04,-1.863887728615848914e-03
-8.459237826723098005e-05,-2.825198366204466176e-03
7.605373607812295633e-07,-3.148402477047758564e-07
8.309703996982663679e-05,-2.914712952414784484e-03
1.530885027541218721e-06,-4.338015163833050405e-07
1.216464809693032918e-04,-4.289907006561655980e-04
7.988461797129078055e-05,-1.246327911841853145e-04
-5.368688944064622335e-07,-1.547199686771565392e-06
5.245167988273721778e-06,-2.466135982700721415e-06
-1.629574770524922953e-05,-2.860548976013085540e-03
-2.504539906722409872e-06,-7.320228119758758624e-07
-1.460073826926303791e-04,-2.922368531683542953e-03
-4.775664568290009934e-05,-2.844161599190027021e-03
-7.396417538410609465e-05,-2.924890739069423151e-03
-1.181750098949808843e-06,-2.586021364049919876e-07
1.017209668448930144e-04,-4.237695879837836250e-04
-1.725127029134178989e-05,-2.891793564778389128e-03
-2.192777521202172704e-04,-2.772309749952862543e-03
-1.136880078056560779e-04,-2.840388783711426165e-03
-2.160019976803267342e-04,-2.737173911813952764e-03
-2.134432098363236736e-04,-2.919777124111591366e-03
-4.446104165711014123e-06,-1.991734884399895521e-06
-1.772072940588078748e-04,-2.693003020252790133e-03
-1.469988194615147762e-04,-2.821089462405551498e-03
5.733527029459069090e-05,-1.284769222079814286e-04
-2.184693212343473889e-04,-2.657529825797662944e-03
1.035172090190577536e-05,-5.275289866387213066e-06
-1.778643687945287866e-04,-2.617012139029489901e-03
4.356501712888902623e-06,-2.010603788832634281e-06
2.160310679991398939e-04,-2.921843931551062340e-03
-2.187792207170966452e-04,-2.579937588154456590e-03
-1.769250142332805199e-04,-2.803599652825971601e-03
2.232951922137123293e-05,-1.313727084444913424e-05
-1.782328105206605813e-04,-2.539099272496599460e-03
1.413729866416350790e-04,-4.339632286856347112e-04
-2.189930723148157655e-04,-2.502357521073962383e-03
9.821163934801852295e-05,-3.897076475124730977e-04
2.217642032871186853e-05,-1.620803356752540181e-05
-1.783343928631746808e-04,-2.461551685370453723e-03
6.895245658729985585e-05,-1.153926733284274878e-04
-2.191274016258008177e-04,-2.424809205873519179e-03
3.424205392597653324e-05,-2.511960468959586183e-05
-1.783805062373644025e-04,-2.384024337940329578e-03
4.019722531360388294e-05,-3.210283678330486373e-05
-2.191839893259824837e-04,-2.347316011913033393e-03
-1.783622657892610134e-04,-2.306559403694327659e-03
3.642848547011717461e-05,-3.801402966196357165e-05
-2.191571728866054927e-04,-2.269904940280413098e-03
4.133998182745994229e-05,-4.609208495030411385e-05
-1.782708888665289503e-04,-2.229189887046881171e-03
4.587236039774963178e-05,-5.679998085356602116e-05
-2.190372543025410716e-04,-2.192606708637000797e-03
5.028253771321004216e-05,-6.768786555610033565e-05
-1.780974446780362545e-04,-2.151949078245032204e-03
2.732786789251175159e-05,-2.922221671821713298e-03
-2.188133186528768380e-04,-2.115455793995667851e-03
4.776191850578709325e-05,-8.505804583734922705e-05
6.356623951745574922e-05,-1.036925289183980619e-04
-1.778328366452810235e-04,-2.074873582191802228e-03
1.436401528403727368e-04,-4.694483469605993252e-04
-2.184743749849408806e-04,-2.038490438965722719e-03
1.362256430298399779e-04,-3.868670303476491384e-04
-1.774679185730221982e-04,-1.998003240626986584e-03
-2.180092256210948247e-04,-1.961752081839328917e-03
1.719905182211452341e-04,-2.896516577913550803e-03
-1.769937791226391716e-04,-1.921381772056385403e-03
1.047354371958510069e-04,-2.890404798813802929e-03
-2.174062049276056043e-04,-1.885285911595240699e-03
8.739501375127642975e-05,-1.999252818772059783e-04
5.444754943458174351e-05,-7.875537891084397242e-05
6.609765866347925504e-05,-1.793956872736325624e-04
-1.764008371718919278e-04,-1.845058043752373150e-03
1.296872311282549799e-05,-7.292000760031966202e-06
-2.155674183925296924e-04,-1.809505599572349549e-03
