Size 1576,2
0.000000000000000000e+00,0.000000000000000000e+00
-2.760000398772201758e-03,-3.367032146747494376e-02
2.772841791132579434e-03,-3.367304543976935155e-02
0.000000000000000000e+00,0.000000000000000000e+00
-9.231888689233441368e-05,-4.980375125212367838e-05
-1.714694654556484107e-04,-8.840034632495866803e-05
-2.481022312054644865e-04,-1.341597794515101045e-04
-3.236099415341228951e-04,-1.893358131289853705e-04
-3.980991650142874563e-04,-2.553458386025613371e-04
-4.714505041151789569e-04,-3.326711795975560520e-04
-5.435641663947435396e-04,-4.214364865997630009e-04
-6.143908401940213759e-04,-5.215549265963993547e-04
-6.837423645008410640e-04,-6.327828938654047903e-04
-7.516467790197881504e-04,-7.549628964923186126e-04
-8.180164610284298109e-04,-8.878091309661273033e-04
-8.829753144712880215e-04,-1.031121007504878524e-03
-9.464286254965491134e-04,-1.184641405110962520e-03
-1.008418283042680731e-03,-1.348131983721644533e-03
-1.068979070960612886e-03,-1.521336106654085822e-03
-1.128138381925306586e-03,-1.704041095439360297e-03
-1.186007920379939786e-03,-1.896062893382813265e-03
-1.242385682983019896e-03,-2.097163111322733562e-03
-1.297367126854346697e-03,-2.307089975922876381e-03
-1.351027458752976015e-03,-2.525618233445682797e-03
-1.403363280307282296e-03,-2.752557576467722176e-03
-1.454433903070596803e-03,-2.987711838732746549e-03
-1.504160668596451903e-03,-3.230854308908773578e-03
-1.552639928403741661e-03,-3.481793190010995173e-03
-1.599823202764537149e-03,-3.740311477663168203e-03
-1.645777405482188368e-03,-4.006201137953397870e-03
-1.690504941954989061e-03,-4.279283669969377764e-03
-1.734016758605136941e-03,-4.559355188868258885e-03
-1.776321382988806877e-03,-4.846211986944737315e-03
-1.817467898454003380e-03,-5.139686247213129389e-03
-1.857431177781800448e-03,-5.439560494234025635e-03
-1.896273878180462129e-03,-5.745677385472208222e-03
-1.934001534640813905e-03,-6.057845435766325004e-03
-1.970653482876210966e-03,-6.375928847228375454e-03
-2.006123093591771333e-03,-6.699692049551406528e-03
-2.040530607206849940e-03,-7.028970072953396632e-03
-2.073876232858952711e-03,-7.363596095545967869e-03
-2.106186965436976800e-03,-7.703412361983966866e-03
-2.137463776588150594e-03,-8.048237655589898093e-03
-2.167735173802118592e-03,-8.397925406927155695e-03
-2.197005593225233398e-03,-8.752298049046109557e-03
-2.225303524911977689e-03,-9.111216134541593251e-03
-2.252629784491061871e-03,-9.474501084670161263e-03
-2.279020873155140296e-03,-9.842028608436755033e-03
-2.304470883141989529e-03,-1.021361542122464078e-02
-2.329021408262082690e-03,-1.058915116699564625e-02
-2.352664037775733033e-03,-1.096845320675083821e-02
-2.375439308258741906e-03,-1.135141818111040819e-02
-2.397338827475086441e-03,-1.173786697083491898e-02
-2.418402973357036082e-03,-1.212769737673422346e-02
-2.438639911911219538e-03,-1.252075704567715518e-02
-2.458061046252681906e-03,-1.291692124809014700e-02
-2.476687242896792075e-03,-1.331605886561844018e-02
-2.494531107651366472e-03,-1.371804488710623264e-02
-2.511613755005357926e-03,-1.412275412133066552e-02
-2.527947363850418117e-03,-1.453006706581750317e-02
-2.543553102226389726e-03,-1.493986367006554239e-02
-2.558443605558071224e-03,-1.535202926683681100e-02
-2.572642513880721814e-03,-1.576645533204439412e-02
-2.586144990837022095e-03,-1.618301321478530022e-02
-2.599060248339647283e-03,-1.660165722275176378e-02
-2.611212446592209302e-03,-1.702218846220779000e-02
-2.622771238838696520e-03,-1.744455628379901896e-02
-2.633794280532679184e-03,-1.786869743953927239e-02
-2.644112507219182999e-03,-1.829443246681911397e-02
-2.653890251292853174e-03,-1.872172810642115312e-02
-2.663099620640531091e-03,-1.915047008399534123e-02
-2.671737659481008848e-03,-1.958056137724908247e-02
-2.679825127392861713e-03,-2.001188296605095618e-02
-2.687437670806340148e-03,-2.044446198598616482e-02
-2.694722266204721117e-03,-2.087820260340580991e-02
-2.701357599422329631e-03,-2.131283627770109643e-02
-2.707632778320640757e-03,-2.174858272370285353e-02
-2.713325344586852046e-03,-2.218509380430295358e-02
-2.718694335744368737e-03,-2.262252810102731090e-02
-2.723546002887802277e-03,-2.306060019200358371e-02
-2.728090441071216298e-03,-2.349945680772038900e-02
-2.732169446652384353e-03,-2.393883243305404418e-02
-2.735959421183260191e-03,-2.437886414426322992e-02
-2.739328918125814600e-03,-2.481930578410582525e-02
-2.742432495431477903e-03,-2.526028206740654411e-02
-2.745162197352980522e-03,-2.570157290200127120e-02
-2.747644108361035464e-03,-2.614328823194928333e-02
-2.749799610568052100e-03,-2.658523113225057244e-02
-2.751727359704311295e-03,-2.702749968287022908e-02
-2.753374231653641421e-03,-2.746991948623480825e-02
-2.754815146711562038e-03,-2.791257666727047643e-02
-2.756018780029229412e-03,-2.835531927842380520e-02
-2.757040130642364646e-03,-2.879822136683403075e-02
-2.757866640406613033e-03,-2.924115389940911205e-02
-2.758535803975523202e-03,-2.968417886840422903e-02
-2.759050885209578252e-03,-3.012718983354810767e-02
-2.759436897987394173e-03,-3.057023639627828512e-02
-2.759706849996207759e-03,-3.101323486642954333e-02
-2.759882287194902369e-03,-3.145621540903230373e-02
-2.759972208869746011e-03,-3.189915259328898051e-02
-2.760011861411013848e-03,-3.234201535489901469e-02
-2.760015396805400815e-03,-3.278482403283546065e-02
-2.760006464219048362e-03,-3.322758538392552030e-02
-2.334292199801965301e-03,-3.367031578851038820e-02
-1.908606378525337568e-03,-3.367030813876613349e-02
-1.482970952406537438e-03,-3.367030717543252616e-02
-1.057379083227775367e-03,-3.367034069873293262e-02
-6.318439841397199006e-04,-3.367041821684621516e-02
-2.063299979812939814e-04,-3.367055967793449595e-02
2.191759875360137937e-04,-3.367077053555813521e-02
6.446840842797062297e-04,-3.367105450446360171e-02
1.070225888405875944e-03,-3.367138698838276212e-02
1.495812153594844752e-03,-3.367177185331025890e-02
1.921449518759795307e-03,-3.367219000396890621e-02
2.347133185258562776e-03,-3.367262055956437433e-02
2.772717006902536765e-03,-3.323030927772717413e-02
2.772594735186367700e-03,-3.278754864944491421e-02
2.772461252895044252e-03,-3.234473741802050550e-02
2.772291823380426852e-03,-3.190186676114716707e-02
2.772065181833793454e-03,-3.145894016067086324e-02
2.771760992541362750e-03,-3.101596362692862069e-02
2.771360054685271558e-03,-3.057295171861508509e-02
2.770844029038961511e-03,-3.012992092893640103e-02
2.770196148560874049e-03,-2.968689192268177471e-02
2.769399173532182193e-03,-2.924388745298696010e-02
2.768436181102945128e-03,-2.880093241189332631e-02
2.767289456390405536e-03,-2.835805314762274848e-02
2.765945574271265646e-03,-2.791528530976941647e-02
2.764385009975446096e-03,-2.747265698116068203e-02
2.762589770411123975e-03,-2.703020425931166454e-02
2.760548750344980415e-03,-2.658797086274758414e-02
2.758242246214723681e-03,-2.614599338597132366e-02
2.755648479045798120e-03,-2.570431321619641787e-02
2.752761445960314520e-03,-2.526298569844129954e-02
2.749559699914617527e-03,-2.482205268672613152e-02
2.746016619725088082e-03,-2.438156360011946647e-02
2.742135434970908395e-03,-2.394158535087066025e-02
2.737889567578365678e-03,-2.350216294479410412e-02
2.733250382359758007e-03,-2.306335600277642159e-02
2.728226374803416430e-03,-2.262523933483714944e-02
2.722783755358622760e-03,-2.218786469376037365e-02
2.716910800932205439e-03,-2.175130513504621582e-02
2.710596280847287279e-03,-2.131563446459300293e-02
2.703809938625737624e-03,-2.088091264254364129e-02
2.696539281544721531e-03,-2.044722263913808721e-02
2.688752780835928450e-03,-2.001464413520393296e-02
2.680481289500348790e-03,-1.958327422108116847e-02
2.671673944684173612e-03,-1.915317202335181310e-02
2.662317505176530364e-03,-1.872443141464650088e-02
2.652397900745643352e-03,-1.829713848499653697e-02
2.641899742129098696e-03,-1.787139277462132872e-02
2.630799276551306232e-03,-1.744727842631891082e-02
2.619093176074409682e-03,-1.702490187890535328e-02
2.606758837904469585e-03,-1.660435712998304530e-02
2.593762241511794828e-03,-1.618573928381960084e-02
2.580114254906514405e-03,-1.576917025359475880e-02
2.565772568611577112e-03,-1.535474565646826120e-02
2.550724053343098909e-03,-1.494258342661487771e-02
2.535006616438883684e-03,-1.453280673687520723e-02
2.518593074260489211e-03,-1.412550188397306700e-02
2.501395181039960374e-03,-1.372077451350760952e-02
2.483372831741496173e-03,-1.331875767441874012e-02
2.464618314991968723e-03,-1.291963740607448077e-02
2.445053117870160230e-03,-1.252346419189261095e-02
2.424669022807756508e-03,-1.213041108377149215e-02
2.403502706032479078e-03,-1.174058869112875290e-02
2.381409646856757090e-03,-1.135411963537019675e-02
2.358557319074877038e-03,-1.097117286894962011e-02
2.334776275166100621e-03,-1.059187147837935272e-02
2.309971802642875847e-03,-1.021631835017364209e-02
2.284530048493986498e-03,-9.844775924286029711e-03
2.258035592900170616e-03,-9.477254034265754357e-03
2.230433017103542088e-03,-9.113900056858029869e-03
2.202092814813896588e-03,-8.755035320499288121e-03
2.172696620212946541e-03,-8.400688795819356500e-03
2.142302191348240646e-03,-8.050955567652494718e-03
2.110910779474304243e-03,-7.706145151174443805e-03
2.078394196098221330e-03,-7.366328446952713667e-03
2.044886295667277219e-03,-7.031705541572362550e-03
2.010428810395493635e-03,-6.702451271267796315e-03
1.974860801255348686e-03,-6.378747960608200339e-03
1.938065209182261240e-03,-6.060613010372343894e-03
1.900671930538629269e-03,-5.748528147175429974e-03
1.861785082611995719e-03,-5.442499501137194190e-03
1.821444489207117061e-03,-5.142026180745195782e-03
1.779711576939188057e-03,-4.848721520377676127e-03
1.737413848519744203e-03,-4.562023963579913029e-03
1.692876903706516580e-03,-4.281978865155904902e-03
1.648407017262199653e-03,-4.008781691124277922e-03
1.602371594243822122e-03,-3.743061201518709056e-03
1.555330536942266207e-03,-3.484686204814722767e-03
1.506881477086166859e-03,-3.233763453901544998e-03
1.457335568321345420e-03,-2.990570659029156454e-03
1.406274023316932045e-03,-2.755313054310692782e-03
1.353739710405748187e-03,-2.528301359925778577e-03
1.299881743080348031e-03,-2.310017195141482547e-03
1.244137608591720182e-03,-2.099958029539865205e-03
1.187696075994544445e-03,-1.898755439229615804e-03
1.130513597697288455e-03,-1.706919400272354642e-03
1.071523358626778454e-03,-1.524337842750627487e-03
1.010333916028431037e-03,-1.350937746975288019e-03
9.478357709114949674e-04,-1.187312486661536420e-03
8.842291457044410734e-04,-1.033836219196524863e-03
8.192842122888099963e-04,-8.905650126172918232e-04
7.527729614022186542e-04,-7.577218298344176985e-04
6.849331805418404666e-04,-6.354791404063516846e-04
6.155884496480150316e-04,-5.242104828193406034e-04
5.451326762901399217e-04,-4.243123052834048780e-04
4.723863528380555800e-04,-3.350348027998082431e-04
3.987372729578297611e-04,-2.575653583473159233e-04
3.244097662576012108e-04,-1.915371268870824986e-04
2.482025156152278616e-04,-1.362934112985724616e-04
1.718708501873191929e-04,-9.045196321910383471e-05
9.290509014636365976e-05,-5.065863492905328490e-05
0.000000000000000000e+00,0.000000000000000000e+00
0.000000000000000000e+00,0.000000000000000000e+00
0.000000000000000000e+00,0.000000000000000000e+00
0.000000000000000000e+00,0.000000000000000000e+00
0.000000000000000000e+00,0.000000000000000000e+00
0.000000000000000000e+00,0.000000000000000000e+00
0.000000000000000000e+00,0.000000000000000000e+00
0.000000000000000000e+00,0.000000000000000000e+00
0.000000000000000000e+00,0.000000000000000000e+00
0.000000000000000000e+00,0.000000000000000000e+00
0.000000000000000000e+00,0.000000000000000000e+00
0.000000000000000000e+00,0.000000000000000000e+00
-1.588943503064634478e-07,-3.147056657054925548e-06
-1.732003738222180622e-05,-3.332303712543697310e-02
1.103874124414978451e-03,-2.190938716350918601e-03
1.615763775937728445e-03,-5.588817342731432040e-03
1.937549925653008018e-03,-9.649410091462343533e-03
2.226848467709561640e-03,-1.597354703675847240e-02
2.287874476375397099e-03,-1.850784933885134265e-02
2.377454483071139279e-03,-2.546640825514823528e-02
2.401951870684589790e-03,-3.033410348447258820e-02
4.939815545343613544e-04,-4.533542823974397390e-04
-2.127339266456149038e-03,-1.431641666483304993e-02
-2.289566775312751323e-03,-2.024501161014806427e-02
-8.916211082340905203e-04,-1.416041614801143199e-03
-1.312589229896851195e-03,-3.339182023147337346e-03
-1.470894040779337523e-03,-4.407932986413328445e-03
-1.727908513040140757e-03,-6.850776786508059463e-03
-1.834132238489907547e-03,-8.210274485281799164e-03
-2.005064148490500690e-03,-1.114857708309436105e-02
-2.071793346118113062e-03,-1.270817745212847807e-02
-2.355380418193663526e-03,-2.196200047063570637e-02
-2.370247494971352339e-03,-2.371468623430988965e-02
-2.380776575200401011e-03,-2.724581904060024290e-02
-2.192746343960405488e-03,-1.721868365331878301e-02
-2.387173380495315189e-03,-2.901595151161662570e-02
-6.718082270809401816e-04,-8.019415093326929091e-04
1.384794559632425860e-03,-3.860138731324972740e-03
1.797369625601762284e-03,-7.515599015011469909e-03
7.929917630297272360e-04,-1.094525296606584401e-03
2.393813524631244541e-03,-2.811974635190177610e-02
2.351567640164530480e-03,-2.282660536813740579e-02
2.334910308882943465e-03,-2.108450736662669314e-02
2.144953236320840725e-03,-1.351471254393529255e-02
2.068240505223986180e-03,-1.192546276780645682e-02
-1.136514178191768342e-03,-2.398455704743603176e-03
-2.374748081200521010e-03,-2.547776591342026595e-02
-1.612862757437311069e-03,-5.582459420225952679e-03
-1.926179544487802370e-03,-9.646190237653527733e-03
-2.404199590019804808e-03,-3.077995298677993138e-02
-4.317329457142027424e-04,-3.572197401716352828e-04
2.259767874144143120e-03,-1.723268799238369259e-02
1.700005959546566211e-03,-6.526660947057584365e-03
1.215753435744068404e-03,-2.855145322777574973e-03
2.386643313737528069e-03,-2.679203150006948322e-02
2.312731799656592407e-03,-1.978000263544748422e-02
-2.220721294282948424e-03,-1.849711686496802870e-02
-2.169153460327431608e-03,-1.596285806883137801e-02
2.365887710648841100e-03,-2.414412007276805702e-02
2.166398079406017720e-03,-1.471695994268258124e-02
2.008865384033151503e-03,-1.077077607306561012e-02
1.869441492320175410e-03,-8.565589397194468477e-03
1.531182026246407030e-03,-4.680657858093307741e-03
9.372196857786443611e-04,-1.587058572266050868e-03
2.389487422092715849e-03,-3.167055482738671823e-02
3.085867289684913269e-04,-2.034873824765435449e-04
-2.368528976698182787e-03,-3.206932565227416099e-02
-2.388125355899018863e-04,-1.417766900823776946e-04
1.333788971590714164e-03,-3.332161197892736376e-02
2.681342651506511010e-05,-7.688983883497728071e-06
-2.750884053315650916e-05,-7.037414580804581887e-06
-1.260986579324629682e-03,-3.328543718562831932e-02
2.399258991115454497e-03,-2.944842477430574187e-02
-2.345698779545408053e-03,-2.109045577453905543e-02
-1.393758749728728251e-03,-3.861231480991005396e-03
-7.848154267132081844e-04,-1.090132826038108741e-03
6.275471861673822919e-04,-6.952545894230838762e-04
-1.043590176836779434e-03,-1.978238438974971175e-03
-1.782855418574026641e-03,-7.520325983225849276e-03
-1.543890318584010537e-03,-4.982181897565976861e-03
-1.677903009878160259e-03,-6.207301130560518264e-03
-2.039883116380776691e-03,-1.192177670542356356e-02
-2.100902830108838850e-03,-1.350672764922339862e-02
-2.363527760867731916e-03,-2.283692205360038710e-02
-2.370189511594908774e-03,-2.459576348817732808e-02
-2.378238910818374682e-03,-2.636124228426478186e-02
-2.382470012879437347e-03,-2.813116118946427241e-02
-2.391769984475084539e-03,-2.990033363967229893e-02
-1.228119362252104137e-03,-2.852690973390956987e-03
2.342208671891160467e-03,-2.196770911699659143e-02
2.112535495935978069e-03,-1.271609194156062689e-02
1.291186279667852401e-03,-3.335240993803384804e-03
-1.881865406662827254e-03,-8.919317934177946328e-03
-2.151223377032183970e-03,-1.513627543326829389e-02
-2.236615001942071027e-03,-1.935731365349897815e-02
-1.967203518308950714e-03,-1.038966886265386795e-02
-5.548062031979236839e-04,-5.574683352123286891e-04
1.784630245760584892e-04,-9.685806972598315237e-05
2.392558855401221134e-03,-3.256463435569588449e-02
-1.062123656110902772e-04,-5.152250760499584324e-05
-2.388108451037543583e-03,-3.298805637257200968e-02
2.128202855442219710e-03,-3.334845377487939688e-02
5.633935758112026244e-05,-2.239825998612313300e-05
-1.724815098920889911e-04,-9.200323520782434752e-05
-1.671181848065384889e-04,-9.973858764093642630e-05
-2.227414488829638811e-04,-1.545983765460423793e-04
-1.545236782669037940e-04,-1.129534471256136481e-04
-1.989869982723745491e-04,-1.728673249893516431e-04
-1.334010351879574255e-04,-1.311636500054823859e-04
-1.670970806487119683e-04,-1.961299853436446682e-04
-1.033146944893467619e-04,-1.546889894948805840e-04
-1.276598095885482650e-04,-2.255034986847222320e-04
-6.391346577346483724e-05,-1.838899707873153499e-04
-7.788164163523759889e-05,-2.610834839020888167e-04
-1.464734356520135232e-05,-2.187050078293879363e-04
-1.691665968432692850e-05,-3.017394704399889720e-04
-9.031064439085319858e-05,-3.499840849075618997e-04
-1.889686500333314872e-05,-3.963045440566801791e-04
-1.022792036656494370e-04,-4.502252345993330764e-04
-2.062767065562324753e-05,-5.021748665496568800e-04
-1.138952805974765891e-04,-5.616398757382323184e-04
-2.222467471423282434e-05,-6.191057441944292821e-04
-1.249227267164503843e-04,-6.839904479418038637e-04
-2.360879959450400326e-05,-7.468595341466678682e-04
-1.356872486852851777e-04,-8.170620377619779162e-04
-2.486140185968468698e-05,-8.851451396284950148e-04
-1.459370884488863263e-04,-9.605922345633360069e-04
-2.611505476997556913e-05,-1.033824563980916249e-03
-1.559740032536340373e-04,-1.114368798134949103e-03
-2.704127222784876081e-05,-1.192710660088044158e-03
-1.654065911768436115e-04,-1.278379457468186873e-03
-2.757246031854184879e-05,-1.361410758049063372e-03
-1.771022701327773388e-04,-1.452221556868406056e-03
-2.878539287637002351e-05,-1.539804967574715314e-03
-1.843854857961234252e-04,-1.635084422025643355e-03
-2.904540503148173974e-05,-1.727602702572837321e-03
-1.922493194497457310e-04,-1.827252156511249837e-03
-2.899133495207906067e-05,-1.924549841997381331e-03
-2.003014507342169100e-04,-2.028686309059798618e-03
-2.922460518259658823e-05,-2.130479423861695101e-03
-2.080669327004640323e-04,-2.238998919400510875e-03
-2.924830136527365999e-05,-2.345132830389866450e-03
-2.156210869267135904e-04,-2.457948049403386494e-03
-2.910740098446060588e-05,-2.568309568112664074e-03
-2.227519994232109472e-04,-2.685318802459945187e-03
-2.896553089547418330e-05,-2.799823944626999347e-03
-2.296899955323174604e-04,-2.920913371992880318e-03
-2.848711723623441956e-05,-3.039461335883503115e-03
-2.361801174865600639e-04,-3.164512719509971535e-03
-2.790186852766643569e-05,-3.286987766787814128e-03
-2.424717486838068076e-04,-3.415906033712773262e-03
-2.729134093931446974e-05,-3.542196807366640617e-03
-2.483788696071712108e-04,-3.674884078302833191e-03
-2.651478424686387836e-05,-3.804897985507997484e-03
-2.541023876490779046e-04,-3.941255354261859710e-03
-2.569665493241094943e-05,-4.074895702516269369e-03
-2.594407135906110764e-04,-4.214812501112503995e-03
-2.434071661888959602e-05,-4.352448163936976054e-03
-2.645451919306351040e-04,-4.495436905539863803e-03
-2.275265314561448899e-05,-4.636527200091662519e-03
-2.692243659981070208e-04,-4.782802086542484177e-03
-2.181940346953502966e-05,-4.926963911562822970e-03
-2.738859518021817996e-04,-5.076709264337045738e-03
-2.065786179694527092e-05,-5.224063101743561637e-03
-2.781653558672132786e-04,-5.377050767097490101e-03
-1.941143720744437567e-05,-5.528101026100103524e-03
-2.823225543512922447e-04,-5.683745577968952675e-03
-1.875882373816048924e-05,-5.837370605274961807e-03
-2.862163252873523912e-04,-5.996362420768529267e-03
-1.659289571155143475e-05,-6.152585989981874601e-03
-2.897702564184988596e-04,-6.314830714000317646e-03
-1.473015934769024973e-05,-6.474826232204719360e-03
-2.929868354212182232e-04,-6.639205380654518776e-03
-1.403059354643516578e-05,-6.801487634610655850e-03
-2.963207359881454101e-04,-6.968935479351646804e-03
-1.170265545829948776e-05,-7.133523570270810729e-03
-2.990601978798483845e-04,-7.303969281155322547e-03
-9.274308047537947606e-06,-7.472103738915553649e-03
-3.016827486301886050e-04,-7.644406207063003320e-03
-8.631850381774326813e-06,-7.814546705651995509e-03
-3.042576060379181433e-04,-7.989680114146842024e-03
-6.175806906892001586e-06,-8.161866428883403010e-03
-3.065222201721037377e-04,-8.339769355166854609e-03
-3.216119503409783237e-06,-8.515285341804275029e-03
-3.083260695956711742e-04,-8.694767402010342497e-03
-2.633074783275569403e-06,-8.872025036558487537e-03
-3.104752562019745098e-04,-9.054119014333287391e-03
1.294197130185714938e-06,-9.233867473488744509e-03
-3.117887731983551855e-04,-9.417921252157207546e-03
3.680594997716884985e-06,-9.600121581835690393e-03
-3.132561049598062922e-04,-9.785989871290159958e-03
3.910287648082786190e-06,-9.969647201364383385e-03
-3.147967156593280765e-04,-1.015798665853777719e-02
8.275635743283576225e-06,-1.034392969285131449e-02
-3.156882366605673947e-04,-1.053401065914290509e-02
1.083931904644691277e-05,-1.072219032657381783e-02
-3.164558492154960381e-04,-1.091386285173620921e-02
1.087411817910837848e-05,-1.110326402032222291e-02
-3.176994510254642725e-04,-1.129721208600027553e-02
1.565614843719466190e-05,-1.148869571383047752e-02
-3.178934955713155655e-04,-1.168416282546823164e-02
2.157366605796921387e-05,-1.187772751965232056e-02
-3.177874579803680781e-04,-1.207453108303626309e-02
2.199279654022984440e-05,-1.226910032321355815e-02
-3.182448222560353658e-04,-1.246797515296367391e-02
2.373482840584143890e-05,-1.266372383443478342e-02
-3.186545283744309344e-04,-1.286451013038829132e-02
2.610447602700501451e-05,-1.306176083068859815e-02
-3.186392317926326238e-04,-1.326407288005959813e-02
2.885206583188562515e-05,-1.346277396176442064e-02
-3.185786109020933145e-04,-1.366650511264441703e-02
3.146660772043070739e-05,-1.386658825085968286e-02
-3.182237400956451070e-04,-1.407166357854817279e-02
2.878153204794925749e-05,-1.427309357485733593e-02
-3.188139089850736108e-04,-1.447942644331876721e-02
3.271805153396378335e-05,-1.468048653426884745e-02
-3.181468072437223875e-04,-1.488939441055982943e-02
3.775190754659363989e-05,-1.509094338468786912e-02
-3.171906000108696199e-04,-1.530178951761428617e-02
4.273829372249142086e-05,-1.550744453835118698e-02
-3.166191279467154228e-04,-1.571706959240791804e-02
4.565727615827552799e-05,-1.592421266501984484e-02
-3.158569385854847708e-04,-1.613428224093763769e-02
4.434343753373171722e-05,-1.634174093734695396e-02
-3.138784829610914403e-04,-1.655314826158007027e-02
5.109876734803865092e-05,-1.676203270067393170e-02
-3.130224596094909138e-04,-1.697439579535478874e-02
5.434220275741591448e-05,-1.718430307516255820e-02
-3.118806667402213581e-04,-1.739813410088744336e-02
5.205627432946537125e-05,-1.760682891104594500e-02
-3.106881194598798044e-04,-1.782155002947099359e-02
5.956688490520753269e-05,-1.803287987164440068e-02
-3.090103307026128882e-04,-1.824769530213096388e-02
6.826911115333633825e-05,-1.846035531446929903e-02
-3.066097715499350573e-04,-1.867546479559976241e-02
6.739091736656132637e-05,-1.888818356861054690e-02
-3.054103683006266956e-04,-1.910450339419900515e-02
6.995940082041497048e-05,-1.931560191780843858e-02
-3.039816128140661365e-04,-1.953456211614290963e-02
7.285626303964161745e-05,-1.974438056464898616e-02
-3.036986712128234727e-04,-1.996656973175468114e-02
7.268791944635614555e-05,-2.017660646814508837e-02
-3.012924272704165722e-04,-2.039880247514198539e-02
7.762670540551062026e-05,-2.061416763992990342e-02
-2.989744998366676348e-04,-2.083339613562060558e-02
8.671338287940715602e-05,-2.104995968535250742e-02
-2.960262600831862849e-04,-2.126875490916645822e-02
8.514727916845620458e-05,-2.148506133139014770e-02
-2.945895490616918318e-04,-2.170473707136540489e-02
8.125396810659956813e-05,-2.192098307508058563e-02
-2.938564831260958785e-04,-2.214152678339834091e-02
8.270213511507980503e-05,-2.235817462067403449e-02
-2.921881480269677739e-04,-2.257918302551898543e-02
8.518833301025999065e-05,-2.279622113234244449e-02
-2.902557587748771364e-04,-2.301760174123642158e-02
8.788038850971686207e-05,-2.323499017749943926e-02
-2.885955061156131752e-04,-2.345670295315537696e-02
9.004303987992143244e-05,-2.367440832645313631e-02
-2.866340691417763637e-04,-2.389641452812324429e-02
9.239123203968736776e-05,-2.411488366378147785e-02
-2.845525063715947565e-04,-2.433675574054856849e-02
9.555827927094597734e-05,-2.455549051880754827e-02
-2.822767099433730028e-04,-2.477753755425424892e-02
9.801735592378543304e-05,-2.499601461038082270e-02
-2.800520478121907111e-04,-2.521865710520226553e-02
1.003646708785609190e-04,-2.543790461394796268e-02
-2.778217137851625223e-04,-2.566030459485192303e-02
1.036464010448064982e-04,-2.587974918061939494e-02
-2.754034873129242449e-04,-2.610224472878637861e-02
1.060542536569014708e-04,-2.632125068027212772e-02
-2.730712464793361833e-04,-2.654435745721341749e-02
1.083193023088575846e-04,-2.676416558176293245e-02
-2.707505225994078619e-04,-2.698688764043149710e-02
1.116941403532265502e-04,-2.720682902451683483e-02
-2.682208879005337538e-04,-2.742957042158600603e-02
1.147674312761325170e-04,-2.764893535450001910e-02
-2.656792816378223321e-04,-2.787228460428111884e-02
1.165908749368152795e-04,-2.809282306822283651e-02
-2.633094307959951588e-04,-2.831536480367042793e-02
1.197509922771249795e-04,-2.853559398774499836e-02
-2.607107038227843309e-04,-2.875834097875226703e-02
1.230963071645194346e-04,-2.897757974754837720e-02
-2.579996388233751878e-04,-2.920114335529764779e-02
1.245354235327617313e-04,-2.942164059902150491e-02
-2.555754944411705340e-04,-2.964414121333130286e-02
1.275997933571199582e-04,-2.986426571718162754e-02
-2.528525784714747392e-04,-3.008678592614873193e-02
1.304801076759300865e-04,-3.030630599449777446e-02
-2.497969286695867516e-04,-3.052899034967755318e-02
1.326564150675007268e-04,-3.074808145531230524e-02
-2.465922969857970793e-04,-3.097014059816838305e-02
1.349960290072733558e-04,-3.118819767089763689e-02
4.485359500914561120e-05,-2.591167036510427508e-04
8.531890334563784753e-05,-8.147840849046158193e-04
1.087286969611156581e-04,-1.275821121133918551e-03
1.318257648480178660e-04,-1.824857402749656150e-03
1.548175695635343216e-04,-2.455874539071452659e-03
2.077458599949143225e-04,-4.213339400835935597e-03
-2.434955630585697252e-04,-3.140951696895483841e-02
2.300599121790815782e-04,-5.075405654522828144e-03
2.500624080013905993e-04,-5.995004445629770022e-03
2.704245179233585633e-04,-6.967576438065762115e-03
2.901418214590363175e-04,-7.988304918200106117e-03
3.082132291366233021e-04,-9.052222120504549441e-03
3.253849546445580256e-04,-1.015559441034894449e-02
3.426968759620271704e-04,-1.129476460293367575e-02
3.765379189794863975e-04,-1.407225548350240878e-02
3.937036752280303033e-04,-1.529835787776318533e-02
4.080583516045336169e-04,-1.655027050641517949e-02
3.690827474516015496e-05,-1.820540050160097316e-04
4.214330018899112166e-04,-1.781845318313606680e-02
4.384107025083675306e-04,-1.910036795623489339e-02
4.460296406001696659e-04,-2.039502129029310135e-02
1.777105745287474708e-04,-3.162574813300486447e-03
4.653351657604935907e-04,-2.345341891002956231e-02
4.744356905253890866e-04,-2.477481995627239114e-02
4.833811805696316879e-04,-2.609971748896210836e-02
4.925465822162157330e-04,-2.742806712201713293e-02
5.138780970486725398e-04,-3.096702589801741262e-02
5.158945805793715023e-04,-3.140587250517238443e-02
5.017862406354805594e-04,-2.875606713996512256e-02
3.649771801285624012e-04,-1.246543520798669251e-02
4.611313225640064706e-04,-2.169965134144434538e-02
1.925342641999535915e-04,-3.672128452826861709e-03
3.749389028695415617e-04,-1.326128125299462848e-02
4.599034100140649678e-04,-2.257523597374337318e-02
6.930213279291068200e-05,-5.594733649333198926e-04
5.094198383083986060e-04,-3.008474014234446825e-02
-6.245370315482909850e-04,-3.119264579621311775e-02
-6.212117272469324736e-04,-3.163088849033236089e-02
-6.316899375709417305e-04,-3.031099944086127970e-02
-6.376346858981278868e-04,-2.942610017473137884e-02
9.654354255913260446e-05,-2.220726384618746210e-04
-6.427903065993964419e-04,-2.854038098874353904e-02
-6.476193441739548466e-04,-2.765456917603292472e-02
-6.531009373069319307e-04,-2.676768970612552340e-02
-6.560507808969651827e-04,-2.588419922248253596e-02
-6.604296127381326141e-04,-2.500180834015841569e-02
-6.640601392589640150e-04,-2.412033027178378183e-02
-6.667768586269811476e-04,-2.324093454507806730e-02
-6.768060863715202446e-04,-1.803873787800992085e-02
-6.687837667417818790e-04,-2.236412689643629825e-02
-6.768751714032828024e-04,-1.676824739395777267e-02
-6.709790523113462685e-04,-2.149045210054945088e-02
-6.735915172997903200e-04,-2.062020403669930294e-02
-6.749811938611220957e-04,-1.975337722678925309e-02
7.806212611471177168e-05,-1.510282348445339204e-04
-6.757223415901287070e-04,-1.889269152065521651e-02
-6.731665590507956726e-04,-1.551296331010179781e-02
-6.710948444526795582e-04,-1.468802560998205137e-02
-6.661715502617000448e-04,-1.387231218191096842e-02
-6.615529430872480908e-04,-1.306752186567264676e-02
-6.558726612247806021e-04,-1.227438264590027459e-02
-6.492978517890420380e-04,-1.149387562260495432e-02
-6.414586337755730618e-04,-1.072711648168411976e-02
-6.344590977044298110e-04,-9.975509747606733923e-03
-6.243550735812063894e-04,-9.239591071526005728e-03
-6.129255202328320233e-04,-8.520886150631091019e-03
-6.001341922433867885e-04,-7.820652384664276979e-03
-5.859132136665334400e-04,-7.140131613447573203e-03
-5.706235447137128578e-04,-6.480711932301179076e-03
-5.533097109928947514e-04,-5.843737509140638393e-03
-5.343227156572697171e-04,-5.230622792233614524e-03
-3.504644396989980613e-04,-1.735052790654152124e-03
-5.136709974514933963e-04,-4.642855468547359317e-03
-4.912757823705708911e-04,-4.081861144551298878e-03
-4.670119416589841102e-04,-3.549240260929480226e-03
-4.408441884040184837e-04,-3.046572428563985076e-03
-4.126834410807059825e-04,-2.575504613361082572e-03
-3.824737766811910230e-04,-2.137707022650001641e-03
8.942868988032569690e-04,-3.118521886874922600e-02
8.957284788375119997e-04,-3.162351961694247204e-02
-2.974117721280827463e-04,-1.200307972650846433e-03
-1.761049789990158947e-04,-4.039106308709490686e-04
-2.594807823091695685e-04,-8.926555601147270714e-04
-2.191090203483994983e-04,-6.266157516882859060e-04
-1.001491731224757797e-03,-3.141481206805754600e-02
5.186745993629639923e-04,-3.184344257902253783e-02
-1.001303903224476160e-03,-3.184731374586746017e-02
-5.100853026990553754e-05,-1.187715707409264083e-04
1.148090405172754933e-04,-3.050417057054309231e-04
1.671820910372617266e-04,-2.676781842851117281e-04
1.954581598352896684e-04,-3.564441984758587724e-04
-6.041814202648545682e-04,-3.206274262685105542e-02
8.969096237473781711e-04,-3.206013064971333093e-02
5.218053847772145077e-04,-3.227859073561287206e-02
-1.379357609548167475e-03,-3.163584161614096252e-02
-1.364583341636537795e-03,-3.206010068178826583e-02
-1.382339607955539651e-03,-3.119831399836397665e-02
1.274278569951626692e-03,-3.140347038286010750e-02
1.272908135340528610e-03,-3.096406010322540203e-02
2.490726907762073157e-04,-3.188405221762757196e-04
2.869903123683809868e-04,-4.131694712368933799e-04
2.102807130816168385e-04,-2.359583365967246474e-04
-9.920531168389995860e-05,-7.762613097093943476e-05
-1.760515098505547075e-03,-3.142094041408861199e-02
2.938394237809649674e-04,-2.868595763386061113e-04
1.649553694160768146e-03,-3.118278320299781164e-02
-2.424147103684767292e-04,-2.441302088342236316e-04
2.889870746750206867e-05,-1.172833865310836789e-04
5.958978070434070822e-05,-9.242155440304315576e-05
2.121688272976143309e-05,-6.551202021333041834e-05
4.158094159916568821e-05,-4.711532784056348566e-05
8.044687389699598185e-05,-7.256879190771336867e-05
2.233101344627132364e-04,-4.564749738807789793e-04
3.243493340896480169e-04,-5.186010931658017239e-04
2.506947666124056452e-04,-5.676703176922294480e-04
3.611290427762518514e-04,-6.351362958278176582e-04
2.776298004730054199e-04,-6.897795095893461542e-04
3.972124196286711440e-04,-7.623964497683025001e-04
3.041415364429701372e-04,-8.226061851246043713e-04
4.250598493622220861e-04,-8.997318606977074097e-04
3.287415437119929249e-04,-9.659987325709198632e-04
4.576767113392865875e-04,-1.048365067778673403e-03
5.046854792039610687e-04,-8.358171713872676427e-04
3.536513011763550880e-04,-1.119698378344955976e-03
4.992648975432953514e-04,-1.207409194576507900e-03
3.801758576263566621e-04,-1.283194396766180545e-03
5.274452270490295096e-04,-1.375158861429774974e-03
4.040859528889272599e-04,-1.456772377967525392e-03
5.677217696783088069e-04,-1.553549258278376106e-03
6.572456402697221013e-04,-1.298551122142813010e-03
4.298254677733630660e-04,-1.639677971816459095e-03
6.077726239179699359e-04,-1.737748026666470361e-03
4.541793205003224381e-04,-1.832088214832997258e-03
6.223747611800854078e-04,-1.936553410529363254e-03
4.759672073616659158e-04,-2.033118970132857285e-03
6.488572679916697339e-04,-2.143118856921908712e-03
4.980235941415015128e-04,-2.243467190256549955e-03
6.903871572126559679e-04,-2.358174459270227525e-03
5.225943234708566856e-04,-2.462246431962187773e-03
7.357171548831738760e-04,-2.584919536426239992e-03
5.479320742277850494e-04,-2.690292444320247639e-03
7.683515055321687688e-04,-2.818217674772350873e-03
5.711682286855520934e-04,-2.926273962172108115e-03
7.825386068925004957e-04,-3.050478384945475799e-03
5.905101465783430328e-04,-3.168561401936348214e-03
8.199215709670295551e-04,-3.297907075592692791e-03
6.128957547092790323e-04,-3.419592413115018700e-03
8.496766593284758775e-04,-3.552716411355591550e-03
6.343447976445205395e-04,-3.678299989666184832e-03
8.770997427250375048e-04,-3.814920408498759848e-03
6.548806396198773990e-04,-3.944448810644081947e-03
9.040893747960561258e-04,-4.084513697708982288e-03
6.750560942384184427e-04,-4.217836612951045804e-03
9.134857381548603826e-04,-4.349166614881502281e-03
6.919358845664844810e-04,-4.496180247161008468e-03
9.724157213951061061e-04,-4.639221963720240559e-03
7.161793725763110048e-04,-4.784044485417374148e-03
9.687450404987816514e-04,-4.934817385355143825e-03
7.310010919889486881e-04,-5.078776913693204553e-03
1.008238909191793960e-03,-5.232349245840778144e-03
7.518133873518840138e-04,-5.379187625151610717e-03
1.043041030379993636e-03,-5.536190185375912398e-03
7.717207072847461153e-04,-5.685846270116451384e-03
1.047162191743751004e-03,-5.844549747314035405e-03
7.853601177191219147e-04,-5.998142818554369829e-03
1.076774801955509338e-03,-6.165785751615337693e-03
8.050856074182734289e-04,-6.317549418235884721e-03
1.099935306672184410e-03,-6.490452291774286009e-03
8.218751179539108675e-04,-6.642432512211027262e-03
1.109357665873730338e-03,-6.811466821038900457e-03
8.364354185792548723e-04,-6.971183482235762327e-03
1.144229903917951853e-03,-7.141314347940202860e-03
8.556672431166627117e-04,-7.305605037264691938e-03
1.175934641805561395e-03,-7.478774963086987429e-03
8.729255549744726088e-04,-7.645651092326267995e-03
1.179603677822094231e-03,-7.819932194202492554e-03
8.850101745365610787e-04,-7.990387714176643008e-03
1.190162261727882240e-03,-8.166705123571737709e-03
9.003494569689632614e-04,-8.340369445321467456e-03
1.219113216845572282e-03,-8.528580987791630624e-03
9.154781113555981965e-04,-8.696703047215492005e-03
1.228578829024445799e-03,-8.880402689892492873e-03
9.285427124933358974e-04,-9.055340961123151816e-03
1.256414606145186746e-03,-9.245063121642211473e-03
9.457268064702645163e-04,-9.419422654173097847e-03
1.275044755126102623e-03,-9.614382454079467913e-03
9.584969911783257010e-04,-9.787982644278726482e-03
1.282358858297223594e-03,-9.977747115872671185e-03
9.702133511194706728e-04,-1.015892149076983234e-02
1.307684726045248158e-03,-1.035454389628884080e-02
9.864967424009891094e-04,-1.053511590440257134e-02
1.324602196939688326e-03,-1.073602068126141423e-02
9.984437626904087756e-04,-1.091316083491738510e-02
1.331736484206691050e-03,-1.110890402958942917e-02
1.008875890599891800e-03,-1.129704000614834870e-02
1.354769362275854523e-03,-1.149824892735728729e-02
1.024323105476873490e-03,-1.168467154533258008e-02
1.369999254511204646e-03,-1.189094212447782545e-02
1.036918280904393017e-03,-1.207568357734388476e-02
1.377571069781383323e-03,-1.227161874567845624e-02
1.047565701019091602e-03,-1.246737024376208536e-02
1.394422238461841832e-03,-1.266527991743695951e-02
1.058442274115738938e-03,-1.286337358030294892e-02
1.408752921194415114e-03,-1.306287197990347627e-02
1.069562622188422341e-03,-1.326270427581149880e-02
1.421441093875921427e-03,-1.346357908837590017e-02
1.079144316276206160e-03,-1.366693760187881468e-02
1.434288559212795354e-03,-1.386746858683568159e-02
1.083988634999168621e-03,-1.407342605538585215e-02
1.440148079393350870e-03,-1.427397931983532056e-02
1.094097159187056804e-03,-1.447936652037912567e-02
1.451311721444147745e-03,-1.468252380026363949e-02
1.106012427299612327e-03,-1.488808146021393039e-02
1.470097676333512703e-03,-1.509331944683712200e-02
1.117177986684891574e-03,-1.530024982506663668e-02
1.480476291542664460e-03,-1.550684536945737789e-02
1.130091699083430419e-03,-1.571492385302641209e-02
1.492173079917073026e-03,-1.592255159470794615e-02
1.136209138185061704e-03,-1.613179611601124955e-02
1.502353266525145161e-03,-1.634035247534397495e-02
1.144475326109003566e-03,-1.655070138927116491e-02
1.512175169973329833e-03,-1.676015268466315641e-02
1.156705205661191912e-03,-1.697153522127299238e-02
8.055566677642469163e-04,-1.881410958994007279e-03
8.985378157496181706e-04,-3.249443439279985774e-02
1.269792654573333093e-03,-3.227693090966969602e-02
1.523913547284062473e-03,-1.718182468356920997e-02
1.161886138805412689e-03,-1.739421573304312726e-02
1.532216127886409452e-03,-1.760527998831026841e-02
1.169232307268888585e-03,-1.781861333954032692e-02
1.540849560620507000e-03,-1.803042612109062581e-02
1.181030420186911321e-03,-1.824463290442028193e-02
9.455493844402814308e-04,-2.461894515498891899e-03
1.552185984512397367e-03,-1.845714626950243145e-02
1.189744173834141917e-03,-1.867219741262176116e-02
1.559779321874617958e-03,-1.888537062211569084e-02
1.197170194425541860e-03,-1.910120940873538328e-02
1.567638731218013760e-03,-1.931499830534890230e-02
1.204297158968562929e-03,-1.953158549614995854e-02
1.142726595843599228e-03,-4.229188977093146021e-03
1.579578332858253432e-03,-1.974592821523551631e-02
1.207086996877575940e-03,-1.996324648785720648e-02
1.583486918110181031e-03,-2.017811189326877350e-02
1.212492461918659916e-03,-2.039608026056469528e-02
1.594525408334249291e-03,-2.061142730270716997e-02
1.222787853034892208e-03,-2.082745256337981132e-02
1.647331417768779782e-03,-3.074231397698948959e-02
1.270135388956485437e-03,-3.052327337364663801e-02
1.645180493552540844e-03,-3.030092570132419255e-02
1.267302024219770168e-03,-3.008140426950737731e-02
1.643060702892461689e-03,-2.985879091612678518e-02
1.264583269967134698e-03,-2.963890394564889369e-02
1.640585697790898374e-03,-2.941622113230084323e-02
1.261928044666893933e-03,-2.919623686479415337e-02
1.642287303224935265e-03,-2.897345022049361424e-02
1.260337275196168850e-03,-2.875394993376266181e-02
1.636538944294357216e-03,-2.853071492914059648e-02
1.256905855331676147e-03,-2.831060775385410219e-02
1.633011033508568284e-03,-2.808782380332706594e-02
1.253591099890755687e-03,-2.786767461657798511e-02
1.633635129528167957e-03,-2.764502366769009192e-02
1.251669626304807888e-03,-2.742544827985071709e-02
1.627886549343378559e-03,-2.720247586386168731e-02
1.248075928972997668e-03,-2.698244274579655530e-02
1.624026587814403040e-03,-2.675995995263095659e-02
1.244482679908732277e-03,-2.653995392177236137e-02
1.623700051343565523e-03,-2.631768671259495859e-02
1.241645109302060013e-03,-2.609777662152141034e-02
1.617852625466200235e-03,-2.587571356064829672e-02
1.237893633343796138e-03,-2.565548232669647571e-02
1.613603512058470624e-03,-2.543398562411938041e-02
1.234342199648724670e-03,-2.521442701790875887e-02
1.612312042949346847e-03,-2.499275522321802237e-02
1.230696466896860457e-03,-2.477329470869524264e-02
1.606329964418838933e-03,-2.455189716842273717e-02
1.226907360138456337e-03,-2.433260238902551498e-02
1.601651003689901842e-03,-2.411149587360071622e-02
1.222968009690763875e-03,-2.389240700712285184e-02
1.599259261431717214e-03,-2.367161521610998409e-02
1.219121073972786757e-03,-2.345251614875148299e-02
1.593163621407711833e-03,-2.323228489910703770e-02
1.214722119372475557e-03,-2.301277079232468686e-02
1.587905867984376997e-03,-2.279351297443233879e-02
1.210147579109310595e-03,-2.257427839535912709e-02
1.582949474753521596e-03,-2.235553312918320268e-02
1.205482780179218446e-03,-2.213663362420228292e-02
1.577499367764242889e-03,-2.191835938280113291e-02
1.204022546502971254e-03,-2.169886351396442883e-02
1.576366517222157733e-03,-2.148281046389861546e-02
1.238277360171663845e-03,-5.083214249089278679e-03
1.340412950000471762e-03,-6.016112557059956865e-03
1.445086001903614576e-03,-6.994706672828707519e-03
1.639595147115450666e-03,-3.163201625038590536e-02
1.512481125809701180e-03,-8.017258355374463560e-03
1.576983528154981239e-03,-9.085240578835349079e-03
1.632433448379900240e-03,-1.018864028575918249e-02
1.692608992049452312e-03,-1.132709045970136004e-02
5.261583239569597682e-04,-3.270943971559648472e-02
1.532090643192926115e-04,-3.248426484832894062e-02
1.784757064229802346e-03,-1.408655404617556103e-02
8.301680868411438112e-04,-1.974217397429820983e-02
8.195890547895592990e-04,-1.845969511530568333e-02
7.973744352043712381e-04,-1.718381493272946176e-02
7.764654741844163963e-04,-1.592404621437664217e-02
7.426678918808723474e-04,-1.468164741488673167e-02
1.831062274039685746e-03,-1.529996192235941709e-02
6.974180407650778330e-04,-1.187843185076329841e-02
6.663429470110693873e-04,-1.072277123521515538e-02
6.359704839622566880e-04,-9.601164977546247647e-03
1.870122534808310154e-03,-1.654980655731886144e-02
6.045038988246706664e-04,-8.516435921516062393e-03
5.732559945326106158e-04,-7.473517351718749445e-03
5.371844677191751427e-04,-6.476535813267000029e-03
4.998709951042990072e-04,-5.529633120650433165e-03
4.614043187664343122e-04,-4.637974810853687582e-03
1.976160629785917236e-03,-2.345120255596492426e-02
1.903191367791439922e-03,-1.783427646049539836e-02
3.623154489699513211e-04,-2.802625268603716521e-03
1.991203112728390408e-03,-2.477139883262231140e-02
3.158634909330583604e-04,-2.133624331495269800e-03
2.684907447074047645e-04,-1.542850051104274365e-03
8.472323844531458141e-04,-2.411300923554666326e-02
2.190707092889835868e-04,-1.037369803265631102e-03
1.930538231168203375e-03,-1.911651346377469737e-02
8.574350732671476988e-04,-2.543594308693748057e-02
8.671510220327682209e-04,-2.676277066535511298e-02
2.003460781662820284e-03,-2.611243593252679171e-02
8.760660656736595419e-04,-2.809139456581566038e-02
8.841074232039605610e-04,-2.942007656599681872e-02
2.012868510590738215e-03,-2.743938156961104810e-02
1.962492382551930814e-03,-2.041101285923949821e-02
2.020662083429485435e-03,-2.876773361756187683e-02
2.019300653104448909e-03,-3.097987395649927714e-02
-1.744880989855485207e-03,-3.098140218392603576e-02
-1.382625077095356965e-03,-3.075874310297296160e-02
-1.744682451748387616e-03,-3.054096301703897870e-02
-1.384916930764349850e-03,-3.031773187506598202e-02
-1.746317872791142145e-03,-3.009961342495303185e-02
-1.387655638573437192e-03,-2.987599900102899664e-02
-1.749136795520677854e-03,-2.965762734050019292e-02
-1.390459969416293039e-03,-2.943373291328937186e-02
-1.751245966770688910e-03,-2.921518658975158500e-02
-1.393067965817879885e-03,-2.899112895630201470e-02
-1.753840072571319179e-03,-2.877251475725808860e-02
-1.395657275535073290e-03,-2.854835601946771259e-02
-1.755713797347745880e-03,-2.832972337795475887e-02
-1.398054483848784526e-03,-2.810554482891314265e-02
-1.757999139250250109e-03,-2.788696414656471889e-02
-1.400401033094126951e-03,-2.766277417840303995e-02
-1.759580858883349596e-03,-2.744426082154051427e-02
-1.402092872265920482e-03,-2.721932775446051986e-02
-1.761472280447260938e-03,-2.700159941778056474e-02
-1.403632840858184440e-03,-2.677589125043445747e-02
2.415356476376103942e-04,-2.093198301704806915e-04
1.705441126195161015e-04,-1.647293392884564486e-04
1.918505788287403651e-04,-1.437758178148328743e-04
-1.762622377047275276e-03,-2.655905821819543738e-02
-1.405428185813547507e-03,-2.633349666054275381e-02
-1.764215354144654108e-03,-2.611692270777484295e-02
-1.407656269352724338e-03,-2.589226001667457519e-02
4.362922588489788890e-04,-5.856316570303821177e-04
-1.765166431474784157e-03,-2.567521756759204646e-02
-1.409730467423988068e-03,-2.545147180170510490e-02
-1.766501125278477228e-03,-2.523393834166992589e-02
-1.411301778302924068e-03,-2.501032340421095734e-02
-1.767002305272984781e-03,-2.479290014584136295e-02
-1.412552851718231828e-03,-2.456946432709454162e-02
-1.767821860242090384e-03,-2.435230433471924708e-02
-1.413669717042384663e-03,-2.412902971806881597e-02
1.260838126615765852e-03,-3.268787464692951561e-02
1.647429261040814783e-03,-3.251372170991567723e-02
-1.767830677391686112e-03,-2.391215140995341798e-02
-1.414521266680094855e-03,-2.368912581787522079e-02
-1.768165431154986641e-03,-2.347259362463124596e-02
-1.415234787350348571e-03,-2.324978668511359231e-02
1.618614423026615680e-03,-3.294407771787861289e-02
-1.767664547608840172e-03,-2.303360375885368100e-02
-1.415274108703635505e-03,-2.281110452328242305e-02
-1.767409340327113229e-03,-2.259533777147149786e-02
-1.415475043804102079e-03,-2.237311358346095319e-02
-1.766327864013471491e-03,-2.215776349047484869e-02
-1.415549832212313706e-03,-2.193591817960935386e-02
-1.765581856059423660e-03,-2.172105215545675969e-02
-1.415372444814784426e-03,-2.149954635300013739e-02
1.110543410405221582e-05,-2.196067746610572905e-05
-7.180314054615751495e-06,-4.409359402521353933e-05
2.539546531421894230e-05,-1.857768255521876781e-05
1.036658090438581951e-03,-3.190316263628669574e-03
-1.763925818282412921e-03,-2.128517222814397744e-02
-1.414979420252977186e-03,-2.106411764586620800e-02
-1.762574977720821664e-03,-2.085029917969062618e-02
-1.414312894115054382e-03,-2.062968078674893083e-02
1.101941519603670799e-03,-3.696640589418476001e-03
-1.807523226747629252e-03,-2.042349744638093448e-02
-1.419757556142112404e-03,-2.019634501189224857e-02
-1.818800990890160913e-03,-1.999540955941728898e-02
-1.423210219042926432e-03,-1.976599788879800784e-02
-1.811781127975975025e-03,-1.956082720435618760e-02
-1.417206625288640809e-03,-1.933311130624189994e-02
-1.807199014112164130e-03,-1.912971493328230813e-02
-1.418986098982733153e-03,-1.890466466794624156e-02
-1.803176322576169202e-03,-1.870042589744965941e-02
-1.416246736797614368e-03,-1.847611548796748368e-02
-1.783375213871721786e-03,-1.826674095390738370e-02
-1.411069587008443194e-03,-1.804833343319329000e-02
-1.796518727647810482e-03,-1.784348371770854216e-02
-1.411864319669885702e-03,-1.762370582924530429e-02
-1.805480450495440146e-03,-1.742131136477929540e-02
-1.411576261136732787e-03,-1.720061002607750286e-02
-1.043381942904915947e-03,-1.740708976356612758e-02
-1.766069401685570325e-03,-1.699301693829064278e-02
-1.402913428249154227e-03,-1.677799227050642134e-02
-1.779767811517808055e-03,-1.657550534322778032e-02
-1.401385321382433253e-03,-1.635849836499458226e-02
-1.787146731706823911e-03,-1.615939677706925565e-02
-1.400106596072073131e-03,-1.594111957718273923e-02
-1.038763627397165309e-03,-1.614344526198199792e-02
-1.768210543115474997e-03,-1.574336287978526233e-02
-1.389275001075068782e-03,-1.552423911100599650e-02
-1.758247132655380062e-03,-1.532907105445037617e-02
-1.384280447125295658e-03,-1.511063730513995985e-02
-1.750197955532752092e-03,-1.491673278985104246e-02
-1.378863410051296657e-03,-1.469934546114016333e-02
-1.741641526150556002e-03,-1.450670988628348194e-02
-1.373018090419230418e-03,-1.429047894812678250e-02
-1.732946275130877031e-03,-1.409916338506231673e-02
-1.366727668095965142e-03,-1.388415182419467341e-02
-1.723377016891534941e-03,-1.369421546070989475e-02
-1.359984106143989711e-03,-1.348048794873043729e-02
-1.713586119734422045e-03,-1.329199165129052972e-02
-1.352771465068833712e-03,-1.307960653089861210e-02
-1.702883551806359808e-03,-1.289261207840262588e-02
-1.345082843633092903e-03,-1.268163658731858226e-02
-1.691932722496025839e-03,-1.249620802169602168e-02
-1.336899845426029647e-03,-1.228670218833123606e-02
-1.680046263456858469e-03,-1.210290491256978823e-02
-1.328210255577354009e-03,-1.189493113057884209e-02
-1.660649861437070701e-03,-1.170863783287886400e-02
-1.319008379382149380e-03,-1.150660885684602099e-02
1.737774367983714770e-03,-1.248803622877131710e-02
-2.200659988239578486e-03,-1.806642462517615844e-02
-1.653525033696254427e-03,-1.132546030854487962e-02
-1.309596991866236173e-03,-1.112179170055845566e-02
-1.634603534076782029e-03,-1.093879492265953032e-02
-1.298981224539492952e-03,-1.074041102519828275e-02
1.760817640029482779e-03,-1.326788615716024966e-02
-2.176322322538351128e-03,-1.679573539175487767e-02
-1.625712648895819533e-03,-1.056276253237149569e-02
-1.288913063978214474e-03,-1.036324711570931791e-02
-1.605986626412057427e-03,-1.018359526308590390e-02
-1.276807940557801811e-03,-9.988886511974822552e-03
-1.595223843486584612e-03,-9.815189725042619898e-03
-1.265456745559714749e-03,-9.619476936427347191e-03
-1.575808707593241535e-03,-9.444998954675373065e-03
-1.252442493578645932e-03,-9.253413505694947985e-03
-2.095001533131021082e-03,-3.113773086294547091e-02
-2.141945024575494117e-03,-3.163768528562974081e-02
-2.129572854194683451e-03,-3.032869987727367794e-02
-1.562141661316962310e-03,-9.084079442469097931e-03
-1.239705517970501143e-03,-8.892348251312064480e-03
-1.542971346714605996e-03,-8.723657971559111921e-03
-1.225719424303316988e-03,-8.535217414784343481e-03
-2.139050322089630120e-03,-2.944345257178681771e-02
-2.148254938165236518e-03,-2.855708353561633647e-02
-1.526178192686914381e-03,-8.370559278165819878e-03
-1.211516122985272078e-03,-8.183072000182780442e-03
-1.505403615061556583e-03,-8.019194320812758625e-03
-1.196213281792606400e-03,-7.835274593266194562e-03
1.953296186376508176e-03,-2.172117158399190784e-02
-2.156202409149712233e-03,-2.767085148830135399e-02
1.964830933027696645e-03,-2.258797879939826100e-02
8.493757683523140431e-04,-2.061465198250428052e-02
8.540381642036274723e-04,-2.104764154673446214e-02
-1.486829535442466032e-03,-7.675573442058792120e-03
-1.180672498304007880e-03,-7.492817754836811686e-03
-1.464659425197885464e-03,-7.334117143736629610e-03
-1.164075491573777653e-03,-7.155058283711878374e-03
-2.251171264475180633e-03,-1.979140725059796643e-02
-2.159109947458471689e-03,-2.678583079332570380e-02
-2.230531315930698710e-03,-1.892563189215741570e-02
-2.161173146007196524e-03,-2.590173352602139628e-02
-1.444285275679369753e-03,-7.000651158057311259e-03
-1.147170838994961053e-03,-6.822965694496329649e-03
-1.424504070622141429e-03,-6.671465087002841250e-03
-1.132780911322893783e-03,-6.496279305048540016e-03
-8.586641279477099124e-04,-6.650643340660012705e-03
-8.458234381460224974e-04,-6.326233333433919914e-03
-1.113319604317651243e-03,-6.174000841293033302e-03
-8.319557649232673041e-04,-6.007565175970624657e-03
-1.093194899926593121e-03,-5.858345211331428097e-03
-8.175228824712442964e-04,-5.694923796656489214e-03
-1.073088026121753235e-03,-5.548837793348873615e-03
-1.381536250684257906e-03,-6.028959993042082993e-03
-8.025570497663684017e-04,-5.388394281292385561e-03
-1.051682773603007572e-03,-5.245504275054710570e-03
-7.869901111661127720e-04,-5.088114818636604170e-03
-1.030120316146470368e-03,-4.948522329394566648e-03
-1.323671562259344557e-03,-5.407640970884381587e-03
-7.708531132800061983e-04,-4.794266977295243148e-03
-1.007237645425018355e-03,-4.658041791250100080e-03
-7.540864785589069695e-04,-4.507023760891596016e-03
-9.841529723815232479e-04,-4.374282760715993840e-03
-7.367246058248047265e-04,-4.226573422185118424e-03
-9.600367289173667275e-04,-4.097405900869742663e-03
-7.187559341992944863e-04,-3.953118349909028224e-03
-9.354207677555598233e-04,-3.827633686523188548e-03
-7.001282495890827481e-04,-3.686848080494721947e-03
-9.097030658822117827e-04,-3.565137193483238886e-03
-6.808586948464286645e-04,-3.427966020306192230e-03
-8.834263536523162888e-04,-3.310135109789129251e-03
-6.609065620424455206e-04,-3.176672087150898653e-03
-8.560475283804305259e-04,-3.062818600212980150e-03
-6.402880316524168320e-04,-2.933172585457341844e-03
-8.280553846798928246e-04,-2.823407131003426423e-03
-6.189598708423190267e-04,-2.697672067472994123e-03
-7.989373061408043281e-04,-2.592089140252561413e-03
-5.969527231236265025e-04,-2.470391083055216951e-03
-7.701867924598486794e-04,-2.369254771170125045e-03
-5.743667039088616285e-04,-2.251546333935618410e-03
-7.395380480343546848e-04,-2.154790052690349657e-03
-5.509754088751301401e-04,-2.041318493695803721e-03
-7.068231845074499867e-04,-1.948662914593038116e-03
-5.266545499047451014e-04,-1.839895896122033811e-03
-6.752877721450592638e-04,-1.751912806380734105e-03
-5.021747218226716011e-04,-1.647778337130846159e-03
-6.407546496578616843e-04,-1.564540983166404090e-03
-4.772414374010549849e-04,-1.465022734683121700e-03
-6.081014667439592347e-04,-1.386621303662796722e-03
-8.141912688447013003e-04,-1.671043039296766456e-03
-4.498256406299720278e-04,-1.291453703780182051e-03
-5.726829122051165953e-04,-1.218088046856474196e-03
-4.225214588628710692e-04,-1.127505053215476947e-03
-5.341938697409702973e-04,-1.060489661934646815e-03
-3.941019153612154279e-04,-9.738654358612296776e-04
-4.963013361178836248e-04,-9.120078550747204998e-04
-3.651721632835021498e-04,-8.304127265097010222e-04
-4.589383902464833380e-04,-7.726066266992536987e-04
-3.356007876164692491e-04,-6.971970416379307195e-04
-4.198260621663763644e-04,-6.449514260009242593e-04
-3.052074526656770167e-04,-5.748928731813818249e-04
-3.800764755041112085e-04,-5.282937211662440099e-04
-2.738451606319459953e-04,-4.635382572426256309e-04
-3.336547984539585637e-04,-4.208226806393660529e-04
-2.388522452417734588e-04,-3.618605607693510203e-04
-1.266804948348153543e-03,-4.812743028463830654e-03
-2.162309076296889225e-03,-2.501894366028612968e-02
-8.820063446768843223e-04,-7.315287049929974396e-03
-9.045820460263861735e-04,-8.000747760029585168e-03
7.279581949542225910e-04,-1.346483067472743246e-02
-9.251237713388446018e-04,-8.705604055924489465e-03
-1.207828911799212722e-03,-4.244398167622728986e-03
7.119801555647470347e-04,-1.266400106978604612e-02
-2.162601875094447533e-03,-2.413778007183882413e-02
-9.436922763446657821e-04,-9.428571499310195794e-03
-9.604277276827511041e-04,-1.016846320791142157e-02
-2.162681077147205790e-03,-1.554757942763147077e-02
-9.750153721503908820e-04,-1.092391488021387906e-02
-2.155495331832318895e-03,-2.325944763906292317e-02
-2.140005558788086060e-03,-1.472350552898597613e-02
-9.882855721072239964e-04,-1.169400707208457547e-02
-1.146363230139549414e-03,-3.709318942721235787e-03
-9.999680048930119445e-04,-1.247765103044924662e-02
-2.114797466555356272e-03,-1.390863722749159127e-02
-1.010147705506402515e-03,-1.327371760394950410e-02
-2.152833982391811393e-03,-2.238301734912039043e-02
-1.018865314994732863e-03,-1.408116991323585254e-02
-2.086988547672983477e-03,-1.310441723627508298e-02
-1.027728431253972525e-03,-1.489976412347442797e-02
4.699656402008122618e-04,-2.083190241767714224e-02
-2.056441205485885684e-03,-1.231183725842592558e-02
1.962121262291039846e-03,-2.085073436257209312e-02
-2.148789451201415981e-03,-2.150970146689568790e-02
-3.177127513241833658e-04,-1.369375866508687001e-03
-1.079136629712772015e-03,-3.198677472254085261e-03
-2.021635084185302317e-03,-1.153112470131247187e-02
-1.985355425789129928e-03,-1.076497957725563656e-02
-2.115594619021675220e-03,-2.072291691620630968e-02
3.133869613153500476e-04,-2.478001080769699598e-04
3.876577813736934689e-04,-3.441919742319139849e-04
-1.045373259660297869e-03,-1.825677074495668170e-02
-3.041522885423013508e-04,-2.022664336136813831e-04
-1.945984094374468738e-03,-1.001370080743299064e-02
-3.685483870187998296e-04,-2.742219269603444771e-04
-3.311120677572994969e-04,-2.976610825965360645e-04
-1.047236532350921158e-03,-1.911431906604472292e-02
1.307773412710008776e-04,-1.050641449136054166e-04
1.444584802301040604e-04,-9.189354463470218802e-05
9.295332959831939740e-05,-5.894860894593680550e-05
9.353124989995654560e-05,-4.652654214868170990e-05
2.110230791052955719e-04,-1.313255387187642939e-04
4.884734710460995568e-05,-2.792281502583554242e-05
-1.107125603134008945e-04,-5.539516829620687305e-05
-5.044871720114265425e-05,-1.848275846438893761e-05
-6.463737120365147372e-05,-2.741671007027622836e-05
-1.094446240601934457e-04,-6.430214579227367527e-05
-6.449882045626583826e-05,-3.590997849797003262e-05
-3.230147484455072519e-05,-1.652844733345558480e-05
-5.591651344678169849e-05,-4.845804859137170582e-05
-2.458901968917280925e-05,-2.593008458513815660e-05
-7.985399227923914564e-05,-9.535620102608557524e-05
-3.812928531477840892e-05,-6.628815320180131518e-05
-2.377612488066656836e-03,-3.256525910941904939e-02
-2.000414091981790512e-03,-3.278172894882674243e-02
-2.050589497813321178e-03,-3.325946692516720815e-02
-1.640390215061297364e-03,-3.300673762483158358e-02
-1.620902525419411775e-03,-3.256822957405121344e-02
-1.257724387478930013e-03,-3.283275153631103060e-02
-8.519974509311720222e-04,-3.305585930610313583e-02
-9.038193447259532283e-04,-3.266464271392664070e-02
-4.909759870813746934e-04,-3.288463562454641692e-02
2.019038738583042725e-03,-3.009317393445497604e-02
-1.903617507775947834e-03,-9.278606942917466335e-03
-1.047706475635839553e-03,-1.997642170672935327e-02
4.198502707262987874e-04,-3.807659890259428373e-03
-1.206819021852290627e-05,-1.476399319941777699e-04
-1.008117334253345486e-03,-2.719999978295753722e-03
-1.982124082049641805e-04,-5.098182764031698733e-04
2.395282482995071335e-03,-3.212104302222215657e-02
2.015766112739714264e-03,-3.187154183710067673e-02
-1.515766669896650239e-04,-3.082448774293204425e-04
1.380982428687833983e-04,-3.162615000038136032e-02
-2.380206513153588523e-04,-3.184587111263223469e-02
-2.078537936644362857e-04,-3.227002262551412898e-02
-1.857936816728093495e-03,-8.560795559132422169e-03
-2.398099693505327654e-04,-7.544877894620757646e-04
-1.047283098243955704e-03,-2.084328967752634501e-02
-2.790464423991048963e-04,-1.041536469539230871e-03
3.912377545159532511e-04,-3.289949051433889611e-03
-1.808427327628721933e-03,-7.861191952599447252e-03
8.816410181913989733e-04,-3.289441853330191123e-02
5.676464345733192715e-04,-3.314739398285374700e-02
-1.051650150069592138e-05,-4.101939042135933986e-06
-3.670148973463117654e-04,-1.932014493042775788e-03
5.118833486514787591e-04,-3.052650979384598923e-02
-3.981952566318092330e-04,-2.352519128851586917e-03
-4.273761007938114845e-04,-2.807167378797212082e-03
8.242538954142119038e-04,-2.017814999780880025e-02
4.522195031668916850e-04,-1.995894694890407162e-02
-4.545592600515985238e-04,-3.294257862788600635e-03
-1.998339355543145290e-03,-3.234382758000833857e-02
-1.046016549770818803e-03,-2.171424131627130646e-02
-4.797952192647366126e-04,-3.812114946839673633e-03
-1.755296342736042611e-03,-7.181326478769606454e-03
1.476495434463269158e-04,-3.205806198771963406e-02
-5.031493432513528411e-04,-4.359137587162847764e-03
-5.246878255696884848e-04,-4.933731692177110127e-03
-9.765068965852992540e-06,-8.907568246395357824e-05
-5.445694394586512825e-04,-5.534370021949681050e-03
2.396160008123475460e-03,-3.122026310332669946e-02
1.383113201204812953e-04,-1.906826301418462159e-04
-4.939750967575671408e-04,-4.509519880153642379e-04
-5.628230185760462476e-04,-6.159648892571713795e-03
-6.281977153782414974e-04,-3.075257874701664909e-02
-1.699472755409347970e-03,-6.524250862146327955e-03
-5.788463176693513755e-04,-6.808272270877074872e-03
-1.044008516465019104e-03,-2.258872289570192787e-02
-6.141478653272358645e-04,-6.736985407866927971e-04
1.092455186749740389e-04,-1.254756536131067268e-04
-6.343418809373491812e-04,-2.986914321929484695e-02
-6.397435235423624749e-04,-2.898377019707051860e-02
-6.448240509682242206e-04,-2.809795989179413034e-02
-8.692694600421304631e-04,-6.980441825089148469e-03
-5.934792137153077672e-04,-7.478396486974625557e-03
-8.926824494290025881e-04,-7.655535010783190084e-03
-6.069926631324470577e-04,-8.168944837900442638e-03
-9.143181623069284326e-04,-8.350857964801670572e-03
-6.190373344265547159e-04,-8.878608807600512146e-03
-9.339084633064081075e-04,-9.064905668982230560e-03
-6.296955116512594408e-04,-9.606081903885703085e-03
-9.514969894139012037e-04,-9.796682689661107002e-03
-6.388717541871683945e-04,-1.035008613298298540e-02
-9.671438501698959153e-04,-1.054428395263458905e-02
-6.485171382877451176e-04,-1.110909745395163503e-02
-9.814953063569890196e-04,-1.130705191689151436e-02
-6.536653629299030328e-04,-1.188327557090243687e-02
-9.936944921970487874e-04,-1.208408262701184989e-02
-6.596602792920214318e-04,-1.267021360805255410e-02
-1.004575634215188352e-03,-1.287442410333406936e-02
-6.646819392323055110e-04,-1.346929479891466330e-02
-1.014070984770237740e-03,-1.367631016873412618e-02
-6.690113944917133390e-04,-1.427958380340310640e-02
-1.022517973465270980e-03,-1.448921340529410288e-02
-6.732758870222651897e-04,-1.509973430802040960e-02
-1.030745889765058735e-03,-1.531173388445381152e-02
2.012610874178960736e-03,-2.788216211313682136e-02
3.466476173841580690e-04,-2.571557607668739469e-03
-6.493152201743166308e-04,-2.721133133642416116e-02
2.019514735398115698e-03,-2.921066383493043858e-02
2.004154392727259745e-03,-2.655461917749166872e-02
4.475046433035584706e-04,-4.354888533046853520e-03
2.156130219808986251e-04,-4.493847955522245995e-03
4.336227466580695094e-04,-4.077451127738406823e-03
4.872155851586471129e-04,-5.226131361897284021e-03
2.381781407683644896e-04,-5.376641575001546956e-03
4.749969515039582967e-04,-4.928482379738051422e-03
1.993774416843457995e-03,-2.522650126043042215e-02
5.251902940848973082e-04,-6.155080439296517839e-03
2.597433948367422365e-04,-6.314564556656095291e-03
5.120321013618815004e-04,-5.839013657679629175e-03
5.609310283820908129e-04,-7.135842689830041059e-03
2.808392112354226667e-04,-7.303746276770325258e-03
5.457448867465747398e-04,-6.803436408339205710e-03
1.981258252230837843e-03,-2.390476593328570015e-02
5.945922292496124729e-04,-8.163861190621431521e-03
2.995471238900822178e-04,-8.339122480153881092e-03
5.794368564194376592e-04,-7.816108328055001997e-03
6.274301544533014956e-04,-9.235127594505202972e-03
3.191750816220602317e-04,-9.417221706090441249e-03
6.105399835057532957e-04,-8.873489417297023354e-03
6.588926162070187940e-04,-1.034494767054120606e-02
3.394183138741090717e-04,-1.053352162149880436e-02
6.410705325029633682e-04,-9.970890589620530833e-03
6.865387108946807877e-04,-1.148950298285864036e-02
3.553458231411988862e-04,-1.168254877664690050e-02
6.671557993040988250e-04,-1.110421740871551412e-02
7.045052343682377261e-04,-1.226959407140925003e-02
3.699884661244684189e-04,-1.286221863970048694e-02
7.184633456437049780e-04,-1.306308170151879340e-02
3.779451291907964892e-04,-1.366697945366402052e-02
7.271641769939960441e-04,-1.387273133754886312e-02
-1.039858073097927943e-03,-1.656346714518151450e-02
-1.042403736504188706e-03,-1.698427221112981667e-02
-6.794556260410944317e-04,-1.719148794645964859e-02
-1.044733773554080763e-03,-1.783155191998847880e-02
-6.769322124504761461e-04,-1.846468179922661906e-02
7.713928713830132478e-04,-1.550825952940567722e-02
4.141482331631535316e-04,-1.571659778239470687e-02
7.464962911948526576e-04,-1.509361904779663380e-02
3.866247599359271914e-04,-1.488601874039871369e-02
-1.046659582253866997e-03,-1.868480917598109789e-02
-6.757720821982583391e-04,-1.932275589150347223e-02
7.930280813539723707e-04,-1.676208280086755736e-02
4.295467917619883802e-04,-1.697367567605578484e-02
7.667883542727558979e-04,-1.634193965226282338e-02
8.131880674311793003e-04,-1.803282303055617902e-02
4.428119168155096185e-04,-1.824643141827553966e-02
7.855602406880596864e-04,-1.760735514062559612e-02
8.319294212184323361e-04,-1.931782383292364805e-02
8.221619192103028903e-04,-1.888707040988066646e-02
5.699761291061042042e-04,-5.789865848211938346e-04
2.305889550978377708e-03,-1.934932621166322864e-02
1.244776696885421721e-03,-3.088647272654010834e-03
1.069014516135508323e-03,-3.442560630075627414e-03
1.329147623122647805e-03,-3.593141279842520033e-03
1.132154381883796303e-03,-3.969343165468709224e-03
1.419220432171871323e-03,-4.165674829201534979e-03
1.334666629139626874e-03,-4.424771082717122300e-03
1.241299807477134597e-03,-4.647253735811957866e-03
-7.298780773812580790e-04,-9.409286491057436029e-04
2.279020720750246469e-03,-1.808117916909990699e-02
1.037874567290144158e-03,-1.984673549350816739e-03
9.263894174101655783e-04,-2.105720073535144714e-03
9.697298082693423102e-04,-1.780412306416171613e-03
7.600056934257327533e-04,-1.634925828455675769e-03
7.833291597796439775e-04,-1.458289961080151860e-03
2.126667206655328320e-03,-1.311014216034730312e-02
1.782086730010589088e-03,-1.367293226677429065e-02
2.249350184343213658e-03,-1.681106181503212033e-02
2.022973727507913246e-03,-1.114868513187103685e-02
2.058644389687564434e-03,-1.154124473325053406e-02
1.706285156241988408e-03,-1.171196973011994109e-02
1.998095686391921245e-03,-1.039727761482616732e-02
1.675515898152608960e-03,-1.057566092444021423e-02
1.945203046668149763e-03,-1.002293839799729691e-02
1.886945900187666711e-03,-8.919118185862847867e-03
1.930522115392425053e-03,-9.288020294522055312e-03
1.618802600741879767e-03,-9.459845089600994739e-03
1.841045532966675922e-03,-8.213390957833775069e-03
1.555121087102112002e-03,-8.381282098374147685e-03
1.816943381421595163e-03,-7.857905489882213018e-03
1.499657685284377581e-03,-7.666099650222380282e-03
1.487260202932742022e-03,-7.326026758409169906e-03
1.726209797225287555e-03,-6.849228858566983741e-03
1.676813659549787269e-03,-6.208266994537306287e-03
1.410554125883717574e-03,-6.356839066038164066e-03
1.617231112540830828e-03,-5.888549164601111253e-03
1.335954961205770885e-03,-5.708988707075056401e-03
1.354266888468385471e-03,-5.392098694610262220e-03
1.519834627950477279e-03,-5.153732132768841338e-03
-1.506994368001673187e-03,-4.690390588256538977e-03
-1.297615572858726177e-03,-5.106621678347662320e-03
-8.381306692231063745e-04,-1.246763918116886461e-03
-1.089346426010232233e-03,-2.182742890706957511e-03
-1.577495001272694996e-03,-5.277386172669411117e-03
-1.354451570786720412e-03,-5.715955000757189444e-03
2.141413843967483136e-03,-1.390605856428654696e-02
2.143347096638550768e-03,-1.431091153200188086e-02
2.095297484569818604e-03,-1.232127155327707342e-02
1.755830419519475256e-03,-1.287848126516926220e-02
8.559271405939771404e-04,-1.255478429054223549e-03
7.375271765524889656e-04,-9.529441369979547039e-04
6.707244614546138163e-04,-1.036224091804292986e-03
6.896127465485255102e-04,-8.271603383197476123e-04
-1.645872604103579490e-03,-5.891895704469456152e-03
-1.405377194606910853e-03,-6.346713339393740029e-03
2.214746789316699317e-03,-1.555787317058222700e-02
1.139012068378850336e-03,-2.404788494866130864e-03
1.177706973250914474e-03,-2.619867300364888459e-03
9.882527241799696910e-04,-2.720914850586897415e-03
-6.551625704446885964e-04,-2.632537100943200051e-02
-6.582373496626225257e-04,-2.544359939703636636e-02
-6.621735865754102644e-04,-2.456138151700001937e-02
-6.655564008094779285e-04,-2.368086402274977367e-02
4.624204366980475770e-04,-2.301376991863218063e-02
4.575219232875831193e-04,-2.213741355118435325e-02
1.589919226767110699e-03,-2.105021596503185363e-02
-6.753041931331498242e-04,-1.634691580261232735e-02
-6.776995747929011327e-04,-1.592922050879975321e-02
2.000570708817616273e-04,-3.939100237209776194e-03
-1.047604689042715620e-03,-1.954430671117537988e-02
1.394049739193653026e-04,-2.026502941466662780e-03
6.102609252157645454e-05,-4.480971662301415251e-04
-1.237937945370567137e-03,-4.525730374807968893e-03
1.268753543116087762e-03,-3.184263025189641716e-02
1.816075630219332777e-03,-1.490169992964446646e-02
4.057620160584054689e-04,-3.544737986904588928e-03
3.897372605652417725e-04,-4.748304875006307711e-04
4.776245916323247349e-04,-7.066791208212544646e-04
7.717834999154943971e-05,-6.817842701157796276e-04
-6.743297527211049433e-04,-2.018594616064038616e-02
1.850216263247722408e-04,-3.413387558485391979e-03
5.290197053753713783e-05,-3.479060812058924193e-04
-1.046099164805229347e-03,-2.040826913009357799e-02
-2.223705081145701135e-03,-1.764606948996481212e-02
3.376970368721990629e-04,-3.749784858511470611e-04
3.770857483307385070e-04,-3.042699118054253277e-03
1.161348051572078837e-04,-1.449527315639037844e-03
-6.723163131332396663e-04,-2.105479853424451278e-02
-3.347037409694715950e-04,-1.547643345783467853e-03
-1.737625136264196561e-03,-3.184054897321783595e-02
1.700432535390781444e-04,-2.918655498893747095e-03
-1.004736668488428455e-03,-3.097607208067727422e-02
-1.046760807016916062e-03,-2.127797625891361330e-02
8.433632455927999715e-04,-2.367393974506189908e-02
-2.774886621674031544e-04,-2.206073280638420940e-04
1.624550817076769087e-04,-2.683228450562938697e-03
9.268792129751885378e-05,-9.584999807794337143e-04
1.329013896070364864e-04,-3.995335703590931643e-04
-6.701854327261459396e-04,-2.192740299047618233e-02
4.726786449884253839e-04,-2.126463096709466094e-02
-1.432975943634438344e-03,-4.129774593164862832e-03
3.835349491053681139e-05,-1.264877851734834889e-05
8.921834309636443886e-04,-3.074507313741190601e-02
2.197033035092678475e-03,-1.513614288444101175e-02
4.468873268925887144e-04,-1.867341563492330367e-02
3.306947715288967348e-04,-2.347749945993442538e-03
4.233711188663648534e-04,-1.739515126239638693e-02
-1.045164505084065186e-03,-2.215069532281237902e-02
4.092289344641852639e-04,-1.613244710212178440e-02
8.351991792240817669e-04,-2.191571202553875553e-02
8.538108854666367391e-04,-2.499537261501240046e-02
1.470007434811079186e-04,-2.237082127005380217e-03
3.609275527519842483e-04,-1.207272791225490194e-02
-2.196684170148247017e-03,-1.638130631102584223e-02
-1.036693220892168045e-03,-1.572727476476434155e-02
8.340364333667207863e-04,-2.235506218768730166e-02
3.377105840785309468e-04,-1.091216741418002227e-02
-6.766055120302445292e-04,-1.761398394391780475e-02
-6.678733482518707347e-04,-2.280270027679036707e-02
3.199423774926116399e-04,-9.784349514833000361e-03
1.507789974336104630e-04,-5.052131099812137141e-04
3.014882512008470539e-04,-8.693199950178493590e-03
2.829591339333433105e-04,-7.642967305124660424e-03
3.002375081579115477e-04,-1.927105225154059163e-03
2.622827411606306648e-04,-6.637749708172775709e-03
2.427377915248171833e-04,-5.682239161152317572e-03
2.228572500502781426e-04,-4.781024749242044312e-03
8.368510025432807998e-04,-2.279351470456270068e-02
-1.044601496717103032e-03,-2.302692492581394357e-02
2.846920789361566200e-04,-1.730048993330841715e-03
1.683976061487201187e-04,-6.220435561067748538e-04
8.402627118430253204e-04,-2.323309304767187666e-02
8.637967118334328098e-04,-2.631920270448927235e-02
1.237527509437235491e-04,-1.632468323001060343e-03
-1.044354363214026289e-03,-2.346619071138808868e-02
4.683809247226975695e-04,-2.389400572910822806e-02
2.521803953474591035e-04,-1.364091163827006650e-03
-4.590349245741626562e-04,-3.328769699275748589e-02
4.715089824230088694e-04,-2.433373530356899503e-02
8.899411714992785331e-04,-3.030378296602415089e-02
1.857577519231948411e-04,-7.496883954478787433e-04
-1.043110400080677442e-03,-2.390586342301680850e-02
2.355259794332241593e-04,-1.195482497866619991e-03
-1.176711687965049068e-03,-3.972893289647271356e-03
2.025858778641994099e-04,-8.880253555920628169e-04
8.508572687057515535e-04,-2.455296417065118419e-02
1.841194095246234067e-03,-1.571446223603276127e-02
1.004114842042978979e-04,-1.112372213864469463e-03
8.734321372406515099e-04,-2.764793649847132814e-02
-1.041714778404315188e-03,-2.434608394716918436e-02
4.775436803084119044e-04,-2.521648110543761243e-02
-8.545889242695529128e-04,-1.863205844847407901e-03
4.805991982039219275e-04,-2.565738986101315580e-02
-1.040179910546334095e-03,-2.478680097063555576e-02
-1.007455488806267363e-03,-3.053510383073092943e-02
8.819238896606287556e-04,-2.897644896637607478e-02
8.607624898882738776e-04,-2.587746412720361849e-02
-1.038508187003548333e-03,-2.522795435907815992e-02
4.864603058153194937e-04,-2.654223133104457316e-02
4.897319016666112522e-04,-2.698474594654867720e-02
-1.034564990749423661e-03,-2.566814864238966057e-02
8.704101883552831488e-04,-2.720515556868364007e-02
-1.352078903981686212e-03,-3.593910837612061381e-03
-1.031451686745644362e-03,-2.610859588756223384e-02
4.953260936741115793e-04,-2.787076497168433642e-02
1.855233287754449794e-03,-1.613550675405268572e-02
8.878763933296747197e-04,-2.986201697196061433e-02
5.060024182108991504e-04,-2.964197127098553569e-02
4.984661492806195847e-04,-2.831400348193454514e-02
-1.029418205597021222e-03,-2.655027490352986769e-02
5.035655855951576320e-04,-2.919893095612093384e-02
8.792281330567074896e-04,-2.853369932429088499e-02
-1.027629450007692524e-03,-2.699376205893244673e-02
-1.012649216586966041e-03,-3.009455336285775731e-02
-1.026913104980932759e-03,-2.743782404516405607e-02
7.213280631242325420e-04,-1.427863754582476760e-02
-1.025398133723168671e-03,-2.788108982204232783e-02
-1.022988919151466376e-03,-2.832395798895966793e-02
-1.015138072419846226e-03,-2.965217736124290196e-02
-1.113512377561818928e-03,-3.450247857434712677e-03
-1.017793448049726570e-03,-2.920961162074215203e-02
-1.020418160268848689e-03,-2.876681015128200111e-02
2.241954985197959233e-03,-1.638737160477107130e-02
2.334817168080510763e-03,-2.152451029969401283e-02
5.897240139566123623e-04,-1.119006741709090711e-03
1.962710318474046069e-03,-2.215899170632684712e-02
-1.269386406916885772e-03,-3.090970881726373080e-03
1.876383184133540143e-03,-1.697487184438077265e-02
2.348409273651258424e-03,-2.239577011748080174e-02
-1.044445782059469667e-03,-2.955494399044123616e-03
1.973359465476521527e-03,-2.302857472387958432e-02
1.890123240276381537e-03,-1.740346589696222662e-02
4.581416688547828285e-04,-1.952475117330679938e-02
2.367272201281941761e-03,-2.328125086196430535e-02
-1.181935596302198868e-03,-2.620493728126535842e-03
2.271228373549777618e-03,-1.764782989921630241e-02
8.277088100835533219e-04,-2.230952633564066249e-03
2.361642143953121293e-03,-2.370398769865156990e-02
-9.685249728183107287e-04,-2.490837421198807689e-03
1.987824771261568080e-03,-2.434720569812327470e-02
1.909619280573137626e-03,-1.825729931497380859e-02
9.943664735987511449e-04,-2.948940560026284616e-03
2.381246813822294767e-03,-2.460058830148834780e-02
-9.306301691578642557e-04,-2.272354915640771404e-03
1.925283607269290698e-03,-1.869290248754270495e-02
3.813709091957791729e-04,-1.447786718048437761e-02
2.374229829876442575e-03,-2.502485039134089845e-02
1.685458866209912855e-04,-3.295711164996547454e-02
-8.913614683576585570e-04,-2.062186732809453017e-03
1.999705003120795348e-03,-2.567308155468084677e-02
2.297077147659580543e-03,-1.892358348286000969e-02
2.388600700913881027e-03,-2.591947758347988573e-02
1.216312016819330859e-03,-2.126231115559208337e-02
-9.983546513505823193e-04,-1.784302181205247835e-03
8.435381732904990429e-04,-2.147762519525453495e-02
1.935583991137815318e-03,-1.953996230611448198e-02
2.383527097052081083e-03,-2.635199584716334600e-02
-9.440522788568222025e-04,-1.593946001524738183e-03
2.009474731941664639e-03,-2.699977661377510330e-02
1.952192737009446040e-03,-1.998021485055835600e-02
2.397411266229339689e-03,-2.724598343944734102e-02
1.401532050532691351e-03,-6.667099996100540708e-03
-7.687839174928751736e-04,-1.486963534177229793e-03
2.394867455230954238e-03,-2.768318194539658855e-02
2.333337207545622613e-03,-2.022193457246130449e-02
2.356364114962321461e-03,-3.302166211187348294e-02
1.092948041505999781e-04,-5.511342772822112017e-05
-7.237967279803685528e-04,-1.312768387448964369e-03
2.017530376690061106e-03,-2.832780230622206769e-02
1.535830725906326332e-03,-8.720685292740256236e-03
2.332052730099389622e-03,-2.064903788136559018e-02
2.404312884763118267e-03,-2.857419070499360794e-02
-6.789635677728293869e-04,-1.149480840564115524e-03
1.592926904091395866e-03,-9.810908580645327087e-03
2.400881594012401875e-03,-2.901168410569856734e-02
1.658315700051743403e-03,-1.093922703180223895e-02
-2.012822151158235933e-04,-2.719075866002498170e-04
-6.345381502187589021e-04,-9.975242528422398336e-04
2.028184990428951243e-03,-3.233122211028667536e-02
2.022601416087493626e-03,-2.965585226895169069e-02
1.762691624533998342e-03,-7.178860222348255708e-03
1.994608112925499391e-03,-3.274166857867912700e-02
1.725535276193874892e-03,-1.210047818120178233e-02
2.402162541132619403e-03,-2.989611534135085819e-02
1.644907742325427830e-03,-3.207801933791345345e-02
-5.866797093003813402e-04,-8.528898307944314180e-04
2.024962071024180403e-03,-3.054073844964556514e-02
1.723083621166756957e-03,-3.333349469604370702e-02
2.397554929376867656e-03,-3.077732079990285960e-02
-5.383397738716139093e-04,-7.195019777881026500e-04
2.018292751311744244e-03,-3.142618037954045956e-02
1.800093600632267019e-03,-1.449462019833952856e-02
-4.884570219800361476e-04,-5.969111265598570949e-04
-2.863073866245121040e-04,-3.243390777545368444e-04
-4.387404047269373658e-04,-4.861240159421290692e-04
-3.847927011878948139e-04,-3.844140359783270572e-04
1.958451844615179821e-03,-2.128533924977003139e-02
-9.659964711967605365e-04,-3.226341320893788556e-02
8.684961573446244178e-06,-3.595109706799315295e-06
9.490077126585428312e-04,-3.328567096185486296e-02
1.748213937111525458e-05,-4.954007290482461812e-06
1.389195980443684759e-03,-4.899008444311882260e-03
9.122743004502955298e-04,-1.423293956748778247e-03
-6.131110227032838180e-06,-1.766754285357223953e-05
5.989852179494302306e-05,-2.816447610713968856e-05
-1.860527905569342607e-04,-3.266711711860022238e-02
-2.860124986250035220e-05,-8.358491208524756365e-06
-1.667351567475918329e-03,-3.337308946008765709e-02
-5.453345024057855601e-04,-3.247997320687549122e-02
-8.446222379021716548e-04,-3.340189445818990410e-02
-1.349539568555351138e-05,-2.952350866180844666e-06
1.161649689374778457e-03,-4.839382213976818614e-03
-1.969644567555761173e-04,-3.302392843578404874e-02
-2.504095162048061186e-03,-3.165942660783650775e-02
-1.298266665384616072e-03,-3.243688616846946565e-02
-2.466686308162911474e-03,-3.125817763535126276e-02
-2.437464850244524823e-03,-3.334349505644914474e-02
-5.077313695605153765e-05,-2.274396570233990473e-05
-2.023653504234588368e-03,-3.075374932724996707e-02
-1.678674184749605162e-03,-3.221648851264412305e-02
6.547648676914379681e-04,-1.467189092132074575e-03
-2.494863084558250101e-03,-3.034864760978856976e-02
1.182151994968399248e-04,-6.024776472801405500e-05
-2.031157504832127071e-03,-2.988593879894137911e-02
4.975067884462497256e-05,-2.296345455708579579e-05
2.467106802388525141e-03,-3.336711474155565349e-02
-2.498402220591781214e-03,-2.946254984429566570e-02
-2.020429523646017408e-03,-3.201675560272451704e-02
2.550009054403396935e-04,-1.500343320771936855e-04
-2.035365343808244378e-03,-2.899617962497301124e-02
1.614469615042646690e-03,-4.955795980389990363e-03
-2.500844503634744049e-03,-2.857659135411370899e-02
1.121572977837681636e-03,-4.450400348888760953e-03
2.532521297987962573e-04,-1.850998069541866155e-04
-2.036525672871381410e-03,-2.811059220387251631e-02
7.874306290937572181e-04,-1.317771910713964878e-03
-2.502378655916585783e-03,-2.769099575268855334e-02
3.910403926687601342e-04,-2.868713063287112153e-04
-2.037052557935072408e-03,-2.722523620153523283e-02
4.590476879332992181e-04,-3.666189775158126309e-04
-2.503025014584106794e-03,-2.680602991266970228e-02
-2.036844535806754328e-03,-2.634059323178970444e-02
4.160094732743444728e-04,-4.341209676750475382e-04
-2.502718915628071323e-03,-2.592200217953072663e-02
4.720982867020520244e-04,-5.263711721949059907e-04
-2.035801310787235200e-03,-2.545704019751052205e-02
5.238577281753803135e-04,-6.486533149244508951e-04
-2.501349610278897663e-03,-2.503926334147027477e-02
5.742216366553691336e-04,-7.729909756816591470e-04
-2.033820895320923288e-03,-2.457495726536060646e-02
3.121270838177567057e-04,-3.337141743151379042e-02
-2.498792452574740384e-03,-2.415820711774576551e-02
5.454373149672543880e-04,-9.713534575546844572e-04
7.259205609953998896e-04,-1.184157967025694031e-03
-2.030799408960783439e-03,-2.369476245500604789e-02
1.640361114424094234e-03,-5.361030132378231776e-03
-2.494921928823535650e-03,-2.327927023025640196e-02
1.555686659869899091e-03,-4.417965145404227981e-03
-2.026632403698710311e-03,-2.281691074883585024e-02
-2.489610163607422488e-03,-2.240292589305198714e-02
1.964165745917040729e-03,-3.307787472891875191e-02
-2.021218114797357357e-03,-2.194190140181121601e-02
1.196116555292239380e-03,-3.300807444310262934e-02
-2.482723937664560194e-03,-2.152969015435942865e-02
9.980441384142993509e-04,-2.283119276469364016e-03
6.217857837485256303e-04,-8.993799927687897659e-04
7.548314021043954318e-04,-2.048672362266937014e-03
-2.014447127983193860e-03,-2.107029246794057259e-02
1.481010232565071636e-04,-8.327871874978717013e-05
-2.461725415346581024e-03,-2.066428709466858540e-02
