Size 1576,2
0.000000000000000000e+00,0.000000000000000000e+00
-8.412849688857396277e-04,-1.026314019676788022e-02
8.451932188036783518e-04,-1.026396923124525337e-02
0.000000000000000000e+00,0.000000000000000000e+00
-2.814009725301910253e-05,-1.518096457015123521e-05
-5.226626516602801448e-05,-2.694580865851467952e-05
-7.562494867482740814e-05,-4.089395724644765887e-05
-9.864069168025531200e-05,-5.771238657290781170e-05
-1.213459840881186361e-04,-7.783314050448324987e-05
-1.437044350823960058e-04,-1.014029368782243896e-04
-1.656856279560361251e-04,-1.284597741818323138e-04
-1.872745321941756606e-04,-1.589771872470664097e-04
-2.084137939471913687e-04,-1.928809237623507755e-04
-2.291119596442716224e-04,-2.301229796474019130e-04
-2.493423203659222119e-04,-2.706162391698270627e-04
-2.691426431144352876e-04,-3.142995605404843977e-04
-2.884840575942471726e-04,-3.610945702591469332e-04
-3.073793317474754505e-04,-4.109286194603936453e-04
-3.258390679025986053e-04,-4.637234818771992541e-04
-3.438716155214025525e-04,-5.194143304050512439e-04
-3.615110233676988504e-04,-5.779450619701627899e-04
-3.786957182820078929e-04,-6.392430125037680457e-04
-3.954547967199142163e-04,-7.032314380972457804e-04
-4.118111826060646464e-04,-7.698416783522435761e-04
-4.277638400604600547e-04,-8.390157250382308720e-04
-4.433308479795322133e-04,-9.106937839659523396e-04
-4.584882303270508400e-04,-9.848067505518322360e-04
-4.732653562280429976e-04,-1.061296162443701920e-03
-4.876474485027577346e-04,-1.140095873867265049e-03
-5.016549033097760782e-04,-1.221142473212816952e-03
-5.152884538569576893e-04,-1.304381551132643719e-03
-5.285514367698369203e-04,-1.389750960697772129e-03
-5.414464513830458559e-04,-1.477188609161354761e-03
-5.539884589052247428e-04,-1.566643343581007770e-03
-5.661698002864149837e-04,-1.658048874647609404e-03
-5.780095742097101502e-04,-1.751357242147467052e-03
-5.895094678283899561e-04,-1.846510078902644176e-03
-6.006814711501304565e-04,-1.943465991811353438e-03
-6.114930823616801471e-04,-2.042153176018742227e-03
-6.219809521724737385e-04,-2.142521346479856620e-03
-6.321451443589395968e-04,-2.244519653705329826e-03
-6.419938872973571069e-04,-2.348100011674700803e-03
-6.515274771958497278e-04,-2.453207183221896206e-03
-6.607546034872478552e-04,-2.559796491925848180e-03
-6.696766183999122409e-04,-2.667813813111322846e-03
-6.783022060511650474e-04,-2.777216641239913485e-03
-6.866316150979091771e-04,-2.887950543251211616e-03
-6.946759715364261368e-04,-2.999977633449220187e-03
-7.024334746667082029e-04,-3.113242044393034393e-03
-7.099168027636176218e-04,-3.227710137920554705e-03
-7.171233921984292896e-04,-3.343326243400358659e-03
-7.240655989842714442e-04,-3.460058855336798148e-03
-7.307408651368519281e-04,-3.577853375978859787e-03
-7.371614983094149564e-04,-3.696678653479902252e-03
-7.433299876417883778e-04,-3.816488248685925410e-03
-7.492498089687075688e-04,-3.937244142282012895e-03
-7.549273226679977531e-04,-4.058906367711077011e-03
-7.603663711735715374e-04,-4.181436819836027372e-03
-7.655733904466938263e-04,-4.304797338771723311e-03
-7.705520927939351651e-04,-4.428951498499464345e-03
-7.753089304974434713e-04,-4.553862706097260189e-03
-7.798477550197100176e-04,-4.679496009387632167e-03
-7.841757721278622096e-04,-4.805818328829752385e-03
-7.882915077384954452e-04,-4.932790449916175761e-03
-7.922282506327444490e-04,-5.060398444886994238e-03
-7.959324034823567467e-04,-5.188581688482021663e-03
-7.994556780814760823e-04,-5.317324742030374654e-03
-8.028156483074453970e-04,-5.446608326555161736e-03
-8.059607821704378901e-04,-5.576377739678489015e-03
-8.089411694836826008e-04,-5.706622843409231947e-03
-8.117483086439149448e-04,-5.837308805483392045e-03
-8.143812988382645533e-04,-5.968406052243239134e-03
-8.168464678438637798e-04,-6.099878305103830639e-03
-8.191668731728822756e-04,-6.231733833944284005e-03
-8.213873141243053719e-04,-6.363943428914322839e-03
-8.234098531140524816e-04,-6.496425234697417866e-03
-8.253226107588904807e-04,-6.629246223290221479e-03
-8.270577819095728620e-04,-6.762300277883281224e-03
-8.286943215302149330e-04,-6.895635736227847569e-03
-8.301731754256719492e-04,-7.029165597949467263e-03
-8.315583803399609515e-04,-7.162934588444932679e-03
-8.328017166803811490e-04,-7.296861775210128701e-03
-8.339569509817085918e-04,-7.430988940817569166e-03
-8.349840196648604385e-04,-7.565241053347324281e-03
-8.359300309284961204e-04,-7.699656127511638436e-03
-8.367620815262053922e-04,-7.834167076269217891e-03
-8.375186006283001205e-04,-7.968807412057609882e-03
-8.381756274626328811e-04,-8.103517109487508654e-03
-8.387632306499659971e-04,-8.238326064660619549e-03
-8.392652201628299788e-04,-8.373181118847581456e-03
-8.397044298435334163e-04,-8.508108524098117673e-03
-8.400713142677482866e-04,-8.643061964726139745e-03
-8.403826351540013119e-04,-8.778064011369136888e-03
-8.406345671937765808e-04,-8.913075332914115884e-03
-8.408385368330279028e-04,-9.048114825524887495e-03
-8.409955411883298076e-04,-9.183150044672796011e-03
-8.411132028327522169e-04,-9.318196109704838040e-03
-8.411954883817382477e-04,-9.453227511160511298e-03
-8.412489638387198347e-04,-9.588253441890784087e-03
-8.412763728326400460e-04,-9.723266151806306615e-03
-8.412884601708829927e-04,-9.858256173155990551e-03
-8.412895385324366910e-04,-9.993229703035972494e-03
-8.412868165563715727e-04,-1.012818880187172678e-02
-7.115238843509975267e-04,-1.026313845713119378e-02
-5.817696232821782491e-04,-1.026313610196260585e-02
-4.520307228171653547e-04,-1.026313577071904723e-02
-3.223051001211164196e-04,-1.026314593656552261e-02
-1.925967803607302826e-04,-1.026316949766923475e-02
-6.289489698549501984e-05,-1.026321253473789358e-02
6.680454747081720818e-05,-1.026327670938056123e-02
1.965046361822709946e-04,-1.026336315520609034e-02
3.262149996891477782e-04,-1.026346437241763832e-02
4.559389147765098289e-04,-1.026358154159415573e-02
5.856784061958762635e-04,-1.026370884203378804e-02
7.154320105493475320e-04,-1.026383990866374177e-02
8.451552431821873811e-04,-1.012901781274841949e-02
8.451180330034114814e-04,-9.994058934386679249e-03
8.450774063915696610e-04,-9.859084625671933264e-03
8.450258226733565288e-04,-9.724092198521123304e-03
8.449567998076293112e-04,-9.589082714056680612e-03
8.448641394586106418e-04,-9.454058004485522623e-03
8.447419888497374263e-04,-9.319022507479996983e-03
8.445847580141444032e-04,-9.183981250351920533e-03
8.443873360400723331e-04,-9.048940532005850940e-03
8.441444680278625736e-04,-8.913907287859063402e-03
8.438509957251614417e-04,-8.778889105413465940e-03
8.435015194474183202e-04,-8.643894015964633318e-03
8.430919468169334723e-04,-8.508932885809764382e-03
8.426163266264878170e-04,-8.374014275197372639e-03
8.420691743660866507e-04,-8.239149187076072814e-03
8.414471048012754553e-04,-8.104350947268551542e-03
8.407441121520733670e-04,-7.969630710452096575e-03
8.399535580294119038e-04,-7.835001092046604138e-03
8.390736123960982088e-04,-7.700478961718278115e-03
8.380977380677935096e-04,-7.566077077248447268e-03
8.370178206761168119e-04,-7.431810502412262466e-03
8.358348443228203525e-04,-7.297699632631492704e-03
8.345407078598457602e-04,-7.163758186436774110e-03
8.331266830033127666e-04,-7.030004337234648480e-03
8.315953589993953926e-04,-6.896460887751878176e-03
8.299364365506651684e-04,-6.763143613220152714e-03
8.281463422416665207e-04,-6.630074781927578799e-03
8.262216527633977270e-04,-6.497276890720143222e-03
8.241531456836192430e-04,-6.364768216403710738e-03
8.219370130077498400e-04,-6.232574049351783350e-03
8.195636444368830211e-04,-6.100718677383885728e-03
8.170424440152199109e-04,-5.969231694749247037e-03
8.143579083304371613e-04,-5.838131124219691701e-03
8.115060012732318783e-04,-5.707445579380692087e-03
8.084824340280977661e-04,-5.577201301702226083e-03
8.052825157055656458e-04,-5.447428632252266853e-03
8.018990062311121035e-04,-5.318153218844489348e-03
7.983308911046199793e-04,-5.189407505599760891e-03
7.945712807291539998e-04,-5.061220144145969421e-03
7.906098052770921389e-04,-4.933620123538476863e-03
7.864497773467115684e-04,-4.806644604587974844e-03
7.820783005410216100e-04,-4.680322732632029477e-03
7.774913728424188855e-04,-4.554690455565171651e-03
7.727005487339551641e-04,-4.429785318110675274e-03
7.676975423222443147e-04,-4.305633624835038427e-03
7.624554554200240570e-04,-4.182267577782338396e-03
7.569620635143522189e-04,-4.059727732140778513e-03
7.512454970122322542e-04,-3.938070794888746951e-03
7.452818243585358424e-04,-3.817312154407341736e-03
7.390685406910953636e-04,-3.697504559022116687e-03
7.326168252565727753e-04,-3.578681724030335042e-03
7.258826266155331839e-04,-3.460881026122456048e-03
7.189169924624114064e-04,-3.344153964114784418e-03
7.116682733691108128e-04,-3.228538056546820592e-03
7.041075999242504000e-04,-3.114064664606469839e-03
6.963526738164421128e-04,-3.000813783364988073e-03
6.882768705644498825e-04,-2.888788410342216575e-03
6.798632978855487534e-04,-2.778033468084582878e-03
6.712248862670346919e-04,-2.668646901325324918e-03
6.622645942726384507e-04,-2.560637541054698162e-03
6.530000271643227007e-04,-2.454034370558635329e-03
6.434315662899674736e-04,-2.348931733705169386e-03
6.335201383197642177e-04,-2.245351242242867289e-03
6.233065435543019492e-04,-2.143353885179071720e-03
6.128035024398423162e-04,-2.042992954951783433e-03
6.019619588849982371e-04,-1.944324026507166783e-03
5.907462319310852975e-04,-1.847352404004103631e-03
5.793483212224351904e-04,-1.752224923774318033e-03
5.674951513822042984e-04,-1.658943454101877591e-03
5.551988609806178749e-04,-1.567355318571648322e-03
5.424781735667830087e-04,-1.477952279949114062e-03
5.295853215934283797e-04,-1.390563170199071025e-03
5.160099279364878475e-04,-1.305201813714903375e-03
5.024549731165446446e-04,-1.221927792345615157e-03
4.884228221576445567e-04,-1.140932757824696976e-03
4.740841401029231286e-04,-1.062176723162264625e-03
4.593162803131180727e-04,-9.856922277959808982e-04
4.442140861116083625e-04,-9.115639214990532788e-04
4.286499060639061627e-04,-8.398543624624560042e-04
4.126368070626731726e-04,-7.706582616033104318e-04
3.962202402821762880e-04,-7.041224230206414702e-04
3.792287449785341656e-04,-6.400936698867055671e-04
3.620246728322225153e-04,-5.787645145427588273e-04
3.445947499109066345e-04,-5.202904034318523449e-04
3.266137975344789537e-04,-4.646371760835290546e-04
3.079624988165349016e-04,-4.117825765930215065e-04
2.889122893773739525e-04,-3.619074728376355443e-04
2.695241993954177015e-04,-3.151259125665337624e-04
2.497281739010956229e-04,-2.714549863869344460e-04
2.294547124459439037e-04,-2.309626570389182020e-04
2.087762950100606051e-04,-1.937014959616274875e-04
1.876391459659389855e-04,-1.597853640595237002e-04
1.661633325945836165e-04,-1.293351048204555186e-04
1.439893247673236227e-04,-1.021221707442324691e-04
1.215401391249790257e-04,-7.850849701065038292e-05
9.888415444609672384e-05,-5.838226791060914110e-05
7.565519205236072916e-05,-4.154332671978205963e-05
5.238830876586580813e-05,-2.757036122365502071e-05
2.831853393535906316e-05,-1.544101830329800489e-05
0.000000000000000000e+00,0.000000000000000000e+00
0.000000000000000000e+00,0.000000000000000000e+00
0.000000000000000000e+00,0.000000000000000000e+00
0.000000000000000000e+00,0.000000000000000000e+00
0.000000000000000000e+00,0.000000000000000000e+00
0.000000000000000000e+00,0.000000000000000000e+00
0.000000000000000000e+00,0.000000000000000000e+00
0.000000000000000000e+00,0.000000000000000000e+00
0.000000000000000000e+00,0.000000000000000000e+00
0.000000000000000000e+00,0.000000000000000000e+00
0.000000000000000000e+00,0.000000000000000000e+00
0.000000000000000000e+00,0.000000000000000000e+00
-4.842132690171677093e-08,-9.593069577187267305e-07
-5.282318424345991931e-06,-1.015728335425718047e-02
3.364746003305507508e-04,-6.678259143745461689e-04
4.925046708723356025e-04,-1.703543181769256402e-03
5.905887181539389496e-04,-2.941263952846093210e-03
6.787698637474279305e-04,-4.868941405427577689e-03
6.973710674395821457e-04,-5.641428797401343287e-03
7.246753436216291262e-04,-7.762484860484336613e-03
7.321418437197528724e-04,-9.246218779035093871e-03
1.505718027099114042e-04,-1.381876339905964413e-04
-6.484416505986750120e-04,-4.363828132121288020e-03
-6.978908138177693059e-04,-6.170938842124996417e-03
-2.717780495216311253e-04,-4.316283443126538361e-04
-4.000947924659642506e-04,-1.017826425922998363e-03
-4.483482306811908892e-04,-1.343595510517190967e-03
-5.266897143286389900e-04,-2.088205733480504728e-03
-5.590681450149739004e-04,-2.502598075157356876e-03
-6.111705167626200726e-04,-3.398230289435512797e-03
-6.315104895476018410e-04,-3.873616364920569322e-03
-7.179516744178240885e-04,-6.694298624852777595e-03
-7.224833765581862178e-04,-7.228539204575156266e-03
-7.256928230201251454e-04,-8.304872512866342746e-03
-6.683786477255053557e-04,-5.248475897605286815e-03
-7.276426699447943259e-04,-8.844430851183549339e-03
-2.047761388247276119e-04,-2.444426613819024124e-04
4.221025151148145101e-04,-1.176619672346919084e-03
5.478602236033817442e-04,-2.290850993924312302e-03
2.417138432231065003e-04,-3.336248854698128995e-04
7.296614538310368164e-04,-8.571255313197079229e-03
7.167850316481498693e-04,-6.957839946444280971e-03
7.117078768839750534e-04,-6.426826613670391479e-03
6.538074424980053157e-04,-4.119457435704544472e-03
6.304246093994863654e-04,-3.635033870414590852e-03
-3.464247481371780920e-04,-7.310808830815729818e-04
-7.238552388185952443e-04,-7.765947910167600617e-03
-4.916222087612622275e-04,-1.701606295616360422e-03
-5.871254142915182739e-04,-2.940283582592122680e-03
-7.328324875486733015e-04,-9.382120310551661513e-03
-1.315979949435271774e-04,-1.088856578345272875e-04
6.888039691024976704e-04,-5.252743508604980002e-03
5.181826511843160574e-04,-1.989409978131795754e-03
3.705767498069999742e-04,-8.702847028088219134e-04
7.274760499147950744e-04,-8.166551333715795641e-03
7.049477431239324372e-04,-6.029197160794100285e-03
-6.769058009525607839e-04,-5.638158492465432034e-03
-6.611872008951688107e-04,-4.865684361667461932e-03
7.211498087317574825e-04,-7.359434915330603615e-03
6.603439640353838324e-04,-4.485917730419494709e-03
6.123264494216042663e-04,-3.283070632928525041e-03
5.698285249177280787e-04,-2.610901528936862299e-03
4.667231867169830176e-04,-1.426724461189430703e-03
2.856762808637760913e-04,-4.837554354740459216e-04
7.283423566386328920e-04,-9.653585640872673623e-03
9.406111571738676950e-05,-6.202498396018465336e-05
-7.219596578726726697e-04,-9.775136989634575918e-03
-7.279329056845406927e-05,-4.321571239106572639e-05
4.065522965702984500e-04,-1.015684857024760218e-02
8.173103251819813309e-06,-2.343662080960519042e-06
-8.385056263953750456e-06,-2.145180579707432791e-06
-3.843671484250727843e-04,-1.014582264926588463e-02
7.313211326051477284e-04,-8.976252958543510727e-03
-7.150005725444128456e-04,-6.428640857034298786e-03
-4.248363552139431624e-04,-1.176953840212831932e-03
-2.392222455680556169e-04,-3.322871177687689785e-04
1.912842816184231684e-04,-2.119219839942270887e-04
-3.181002623549896010e-04,-6.029932212408725374e-04
-5.434382751571613076e-04,-2.292292923664398033e-03
-4.705984796452330056e-04,-1.518633978561838250e-03
-5.114473549861072929e-04,-1.892066085712507161e-03
-6.217838142187491653e-04,-3.633911397355198743e-03
-6.403834603165724140e-04,-4.117024627871460930e-03
-7.204351025203237831e-04,-6.960985693508116648e-03
-7.224657166285666440e-04,-7.497102564228061254e-03
-7.249192996455516196e-04,-8.035242515083381928e-03
-7.262090148637659380e-04,-8.574735793194003530e-03
-7.290437814030929125e-04,-9.114001467525610287e-03
-3.743472395739489214e-04,-8.695376677963467370e-04
7.139324040252722440e-04,-6.696037599723428206e-03
6.439261951639899638e-04,-3.876027712267336896e-03
3.935695806600168398e-04,-1.016624073571559478e-03
-5.736178626368281875e-04,-2.718723602072159636e-03
-6.557218580375030878e-04,-4.613731493520690716e-03
-6.817504253689563769e-04,-5.900357322772302980e-03
-5.996300801550788397e-04,-3.166905372320756064e-03
-1.691123605408617495e-04,-1.699240546674029098e-04
5.439776723170336150e-05,-2.952311000497074778e-05
7.292784538751718006e-04,-9.926112084703852395e-03
-3.237497922245770977e-05,-1.570490760692462120e-05
-7.279277320409275080e-04,-1.005517741194836452e-02
6.486993993147105063e-04,-1.016502998426644863e-02
1.717298282783346879e-05,-6.827115101409431024e-06
-5.257470723761251054e-05,-2.804404885893912948e-05
-5.093987433289399628e-05,-3.040190313449457743e-05
-6.789459340074324029e-05,-4.712393558906009848e-05
-4.710089306002154997e-05,-3.442996838826006194e-05
-6.065391664569163264e-05,-5.269254037860035626e-05
-4.066243063767458610e-05,-3.998066327269857146e-05
-5.093345025476545994e-05,-5.978327828638286320e-05
-3.149172151619073412e-05,-4.715146387198457570e-05
-3.891245850402194319e-05,-6.873666896831090900e-05
-1.948171859452339910e-05,-5.605225594575580504e-05
-2.373943239207711712e-05,-7.958185559370123028e-05
-4.464773473701312604e-06,-6.666426666576063750e-05
-5.156525260662345284e-06,-9.197425525543870425e-05
-2.752798781398697916e-05,-1.066799224454571360e-04
-5.760153381337064594e-06,-1.207989224936286906e-04
-3.117619449661479189e-05,-1.372347329919850552e-04
-6.287761254453773781e-06,-1.530695754337229502e-04
-3.471695974306680295e-05,-1.711953669578169873e-04
-6.774584106388119023e-06,-1.887116284640685088e-04
-3.807830203954351269e-05,-2.084894130992259850e-04
-7.196517809341079160e-06,-2.276526448434313191e-04
-4.135950085867427263e-05,-2.490513634805905947e-04
-7.578360842488153753e-06,-2.698038944898980499e-04
-4.448381706671771803e-05,-2.928012318617803493e-04
-7.960523335096183876e-06,-3.151233142119021550e-04
-4.754323025149436620e-05,-3.396743248732863002e-04
-8.242878590126238340e-06,-3.635538587974427942e-04
-5.041843619976253259e-05,-3.896669018915333450e-04
-8.404823226326626657e-06,-4.149758372792900526e-04
-5.398346108312591175e-05,-4.426562296727516136e-04
-8.774571943513962013e-06,-4.693527060208084684e-04
-5.620350954473280012e-05,-4.983952006215988705e-04
-8.853857888637302264e-06,-5.265958895937624057e-04
-5.860053757416915424e-05,-5.569704157137492879e-04
-8.837407279976979783e-06,-5.866279289042641018e-04
-6.105496094296586731e-05,-6.183701541598348849e-04
-8.908541570792094543e-06,-6.493979320094645218e-04
-6.342200971234807625e-05,-6.824761603273007005e-04
-8.915794879547535645e-06,-7.148270685124353272e-04
-6.572464289464006722e-05,-7.492146882518571985e-04
-8.872876944592433907e-06,-7.828542253247798132e-04
-6.789826640218585339e-05,-8.185202344787838183e-04
-8.829663390517409973e-06,-8.534228009560477449e-04
-7.001308639276434338e-05,-8.903325049764496254e-04
-8.683866998474171499e-06,-9.264673749835772212e-04
-7.199138847502258584e-05,-9.645847337974980179e-04
-8.505505901722273723e-06,-1.001916628797543379e-03
-7.390918792694365995e-05,-1.041212662925305272e-03
-8.319439461920055041e-06,-1.079707639822248847e-03
-7.570978360959088754e-05,-1.120152514281486447e-03
-8.082765209467999507e-06,-1.159782349530868485e-03
-7.745441468854344011e-05,-1.201345916456125328e-03
-7.833419094650431787e-06,-1.242081136871994555e-03
-7.908163418954767588e-05,-1.284729663157731716e-03
-7.420141939318390469e-06,-1.326682705972756634e-03
-8.063757387405647774e-05,-1.370267599477666609e-03
-6.936110028096244884e-06,-1.413273657509109705e-03
-8.206387527755836203e-05,-1.457860209668381457e-03
-6.651673767537959530e-06,-1.501802509002427444e-03
-8.348481546673439688e-05,-1.547446903112563530e-03
-6.297651189872929855e-06,-1.592362168015868090e-03
-8.478926168128451501e-05,-1.638994859845259401e-03
-5.917755278688556566e-06,-1.685036840720943166e-03
-8.605645799965705694e-05,-1.732479384846289045e-03
-5.718860532995666877e-06,-1.779306187478464640e-03
-8.724335813722058160e-05,-1.827769019471368883e-03
-5.058688093118984685e-06,-1.875387889834798138e-03
-8.832667067925885503e-05,-1.924842249454875335e-03
-4.490932526629880909e-06,-1.973610857233816691e-03
-8.930715392973009100e-05,-2.023715815938731660e-03
-4.277726157696023542e-06,-2.073181449435193384e-03
-9.032339821616503525e-05,-2.124221784963982625e-03
-3.568171050452613119e-06,-2.174390265854402732e-03
-9.115844992289255926e-05,-2.226344388623891640e-03
-2.828010058509544662e-06,-2.277593846383295113e-03
-9.195786557671287197e-05,-2.330113931707796394e-03
-2.632211022623749912e-06,-2.381974855704211726e-03
-9.274274360728532651e-05,-2.435357846558698549e-03
-1.883607823623884190e-06,-2.487842360195473366e-03
-9.343305546198499181e-05,-2.542069534644294214e-03
-9.814876660656266171e-07,-2.595568973476737942e-03
-9.398292030752575276e-05,-2.650277487268299856e-03
-8.037985020538771222e-07,-2.704307801966752533e-03
-9.463804826300715436e-05,-2.759812460184398342e-03
3.932538110914042366e-07,-2.814602008280613424e-03
-9.503845340775342050e-05,-2.870704038160098743e-03
1.120627933428827492e-06,-2.926240946509737866e-03
-9.548574321585117850e-05,-2.982896061331321170e-03
1.190610828044811621e-06,-3.038877081301916312e-03
-9.595536930548404658e-05,-3.096285437925964858e-03
2.521194243935749985e-06,-3.152963167797644215e-03
-9.622714454803708568e-05,-3.210902357925188473e-03
3.302607122411128769e-06,-3.268261840768719138e-03
-9.646115089176302980e-05,-3.326686157098011389e-03
3.313183937257236243e-06,-3.384417968386334904e-03
-9.684024473053482948e-05,-3.443535896674294015e-03
4.770777251345552049e-06,-3.501902465958420599e-03
-9.689942014005913128e-05,-3.561483418041720000e-03
6.574481478073870009e-06,-3.620484320611049196e-03
-9.686712667412938980e-05,-3.680472639643865822e-03
6.702207296541500716e-06,-3.739779739852716351e-03
-9.700656521938897856e-05,-3.800399405367098707e-03
7.233170268276510289e-06,-3.860066012980376427e-03
-9.713147690752089579e-05,-3.921268316154238529e-03
7.955438450514968531e-06,-3.981392756698715236e-03
-9.712684234910047001e-05,-4.043060127435854634e-03
8.792908161869260341e-06,-4.103626661107484704e-03
-9.710839233062934809e-05,-4.165726590585234167e-03
9.589823149233111171e-06,-4.226714391059785587e-03
-9.700025118188717905e-05,-4.289224041181267065e-03
8.771347395928204396e-06,-4.350622380877999448e-03
-9.718017006945591527e-05,-4.413515342731716938e-03
9.971217994651513367e-06,-4.474800928420664264e-03
-9.697685687475057184e-05,-4.538478784069807648e-03
1.150557059159727019e-05,-4.599913385332648347e-03
-9.668542065098233575e-05,-4.664182045130308568e-03
1.302545344705115768e-05,-4.726868219297650740e-03
-9.651125663721851387e-05,-4.790764677750700487e-03
1.391516542600341601e-05,-4.853904427161355797e-03
-9.627895952023193436e-05,-4.917936379905859731e-03
1.351466009757720293e-05,-4.981172334693782962e-03
-9.567592899439309850e-05,-5.045612047167974921e-03
1.557373936736805513e-05,-5.109282583837732213e-03
-9.541503006338851272e-05,-5.174013626576012305e-03
1.656234860667641186e-05,-5.237995936036817131e-03
-9.506702499700789820e-05,-5.303174421096422397e-03
1.586553802632141984e-05,-5.366787153889595111e-03
-9.470354916873632845e-05,-5.432236947478632019e-03
1.815483613351935477e-05,-5.496652868307800970e-03
-9.419216568918689397e-05,-5.562131408696081858e-03
2.080735354070454386e-05,-5.626952778888976055e-03
-9.346047272169573459e-05,-5.692520949077548714e-03
2.053963809103025775e-05,-5.757360229462419113e-03
-9.309490716573439113e-05,-5.823297325219232469e-03
2.132251349942247413e-05,-5.887642731201950773e-03
-9.265943213872634130e-05,-5.954384644003922304e-03
2.220548269185054839e-05,-6.018339864932910170e-03
-9.257321567577968128e-05,-6.086066006478474226e-03
2.215413844818449131e-05,-6.150087762750252977e-03
-9.183978984578353068e-05,-6.217815986344791233e-03
2.365951124686634587e-05,-6.283461912263426860e-03
-9.113328408943980805e-05,-6.350285599498984093e-03
2.642921348632869299e-05,-6.416296804721724305e-03
-9.023465127721984780e-05,-6.482988424579505526e-03
2.595181428268840591e-05,-6.548921253330328152e-03
-8.979675136601418496e-05,-6.615881262639219072e-03
2.476505314864702745e-05,-6.681795674479381990e-03
-8.957333126353559554e-05,-6.749020248064722081e-03
2.520644150394706168e-05,-6.815057141732888679e-03
-8.906482940636512111e-05,-6.882423358362316744e-03
2.596423462174912320e-05,-6.948579208908911738e-03
-8.847584054608409292e-05,-7.016058875884878011e-03
2.678477566096911240e-05,-7.082321509040995916e-03
-8.796980233234034767e-05,-7.149902422587680641e-03
2.744394764539050832e-05,-7.216261659956300402e-03
-8.737195937975845766e-05,-7.283932011204059288e-03
2.815967469639205729e-05,-7.350524050715423821e-03
-8.673750059764388353e-05,-7.418153516810301398e-03
2.912499897495192158e-05,-7.484826525127724270e-03
-8.604383698843833124e-05,-7.552509318744164528e-03
2.987452496534266956e-05,-7.619103767939101532e-03
-8.536575975823071404e-05,-7.686968062778186915e-03
3.058998446875583224e-05,-7.753797353318817552e-03
-8.468595369602264632e-05,-7.821587724617197479e-03
3.159026534600103172e-05,-7.888477084227102365e-03
-8.394887570307354855e-05,-7.956296583519392382e-03
3.232417744670719391e-05,-8.023052239689517501e-03
-8.323800721438993845e-05,-8.091058046829659872e-03
3.301456098347686118e-05,-8.158058213068444114e-03
-8.253064926851613205e-05,-8.225946750951914840e-03
3.404322209392695475e-05,-8.292987533794910979e-03
-8.175961275047079332e-05,-8.360881964132383867e-03
3.497996788322666872e-05,-8.427747035034379233e-03
-8.098492716841068704e-05,-8.495826744220429799e-03
3.553574453386454428e-05,-8.563049519754032876e-03
-8.026259481922346970e-05,-8.630883086061255996e-03
3.649895592685534093e-05,-8.698011586688834951e-03
-7.947049821232233234e-05,-8.765907715220684626e-03
3.751861781694802093e-05,-8.832734322417318609e-03
-7.864415962260968695e-05,-8.900879363646117121e-03
3.795724659340081903e-05,-8.968089567458325390e-03
-7.790527802685607488e-05,-9.035910592513745829e-03
3.889127277754328741e-05,-9.103007178013152595e-03
-7.707532718944210112e-05,-9.170834173475221271e-03
3.976919654264814862e-05,-9.237746517075966918e-03
-7.614395498966162914e-05,-9.305623543931277469e-03
4.043253026018201092e-05,-9.372405132145348802e-03
-7.516717126744879799e-05,-9.440091583967068559e-03
4.114564189183791379e-05,-9.506557983928106206e-03
1.367187067280794983e-05,-7.898219369792579205e-05
2.600604165811671927e-05,-2.483568374052478787e-04
3.314155051915325390e-05,-3.888869132428312008e-04
4.018174023731288671e-05,-5.562402902989419494e-04
4.718984533018643615e-05,-7.485824823118093297e-04
6.332285117717518510e-05,-1.284280468690383436e-03
-7.422327606801519290e-05,-9.574018919388358959e-03
7.012436660360991784e-05,-1.547049370704382332e-03
7.622128915716151331e-05,-1.827354915630339995e-03
8.242782579844961635e-05,-2.123807355557306813e-03
8.843781628799839774e-05,-2.434938492486640217e-03
9.394611580666392551e-05,-2.759234085675626048e-03
9.918017978715460130e-05,-3.095556072922662442e-03
1.044569762926608411e-04,-3.442789694932415785e-03
1.147719255259597348e-04,-4.289404283753922402e-03
1.200041661423218630e-04,-4.663135858910656684e-03
1.243795525005262693e-04,-5.044734691721918830e-03
1.125006890375842699e-05,-5.549248164004116717e-05
1.284562135674165097e-04,-5.431292809819340817e-03
1.336311287936156329e-04,-5.822036610364839451e-03
1.359533742633030383e-04,-6.216663252927992662e-03
5.416783479593416649e-05,-9.639938613618359272e-04
1.418376981254128300e-04,-7.148901224781106095e-03
1.446115469193758648e-04,-7.551680780295921477e-03
1.473381383827975487e-04,-7.955526068343425627e-03
1.501317607203159394e-04,-8.360423558226501989e-03
1.566335857855858803e-04,-9.439142002781205146e-03
1.572481993062628417e-04,-9.572907859911728920e-03
1.529480167431814127e-04,-8.765214438846716249e-03
1.112481981431585675e-04,-3.799625018100610038e-03
1.405564531478979901e-04,-6.614330886358775301e-03
5.868622387121085582e-05,-1.119312390206752238e-03
1.142845918302722410e-04,-4.042209024140152283e-03
1.401821005874096112e-04,-6.881220067174604813e-03
2.112399250638291758e-05,-1.705348103680305366e-04
1.552747247642519547e-04,-9.170210410934095599e-03
-1.903694003214663987e-04,-9.507913985560697070e-03
-1.893558300232016107e-04,-9.641495759957921172e-03
-1.925496473497100263e-04,-9.239177295952525834e-03
-1.943616330169394761e-04,-8.969449059515384806e-03
2.942765455673004352e-05,-6.769058622209867990e-05
-1.959330828899009936e-04,-8.699470882031039298e-03
-1.974049862377958396e-04,-8.429464451732494520e-03
-1.990757965819561325e-04,-8.159132567607071951e-03
-1.999748982814557633e-04,-7.889833669724991352e-03
-2.013095733628475091e-04,-7.620869926149550881e-03
-2.024161555391858550e-04,-7.352184401710184537e-03
-2.032441977691809630e-04,-7.084133583388557351e-03
-2.063009411721575162e-04,-5.498438619141651600e-03
-2.038558804848320904e-04,-6.816871626400353851e-03
-2.063219250698538948e-04,-5.111177057331581924e-03
-2.045249828199032156e-04,-6.550564585475936001e-03
-2.053212465275129032e-04,-6.285302039321989664e-03
-2.057447887350943004e-04,-6.021082318291304421e-03
2.379431379298246614e-05,-4.603533709009521244e-05
-2.059706510901552958e-04,-5.758734467242817082e-03
-2.051914182310710262e-04,-4.728550566724897680e-03
-2.045598831440453250e-04,-4.477099088969187929e-03
-2.030591500414030844e-04,-4.228459273148990789e-03
-2.016512890355137960e-04,-3.983148948394356695e-03
-1.999198156864281592e-04,-3.741390014068212994e-03
-1.979156785304987741e-04,-3.503481522628419404e-03
-1.955261330899104146e-04,-3.269763549948603333e-03
-1.933925330339820732e-04,-3.040664214101471575e-03
-1.903126448876613281e-04,-2.816346788308259769e-03
-1.868287180051263771e-04,-2.597276325601113271e-03
-1.829297042852774734e-04,-2.383836098208110769e-03
-1.785949142245662406e-04,-2.176404635512962839e-03
-1.739343731095946172e-04,-1.975405047564295340e-03
-1.686568400689242742e-04,-1.781247054487223452e-03
-1.628693053032589401e-04,-1.594361799072978010e-03
-1.068265388634721916e-04,-5.288669254986471356e-04
-1.565743410092164791e-04,-1.415202748194354732e-03
-1.497479358345707402e-04,-1.244204445817509701e-03
-1.423519489159868633e-04,-1.081854727575316984e-03
-1.343756242874408072e-04,-9.286350799510551370e-04
-1.257918086903197759e-04,-7.850475201693316333e-04
-1.165834559535996155e-04,-6.516011498341479349e-04
2.725868614464547058e-04,-9.505649802570905263e-03
2.730262332455854414e-04,-9.639249272913381905e-03
-9.065531130922867211e-05,-3.658697720411044981e-04
-5.367923989606727053e-05,-1.231175078020302230e-04
-7.909339363545299210e-05,-2.720933233110931740e-04
-6.678749438323780801e-05,-1.910009316088791590e-04
-3.052698503881694897e-04,-9.575633065090315144e-03
1.580955478312251505e-04,-9.706284608956800702e-03
-3.052126171434371748e-04,-9.707464905078910106e-03
-1.554809794438769503e-05,-3.620330358956790561e-05
3.499517861155059130e-05,-9.298063174147784972e-05
5.095917673383282070e-05,-8.159163697266039324e-05
5.957805267037126994e-05,-1.086486657747219407e-04
-1.841648058511355845e-04,-9.773130216068083229e-03
2.733862213169492247e-04,-9.772333692454107310e-03
1.590498144032199935e-04,-9.838923122876763738e-03
-4.204480348941351314e-04,-9.643005644286259392e-03
-4.159446707915062853e-04,-9.772325030391012732e-03
-4.213569695284248920e-04,-9.509641833814532277e-03
3.884129866050705705e-04,-9.572175434147680087e-03
3.879953049123660005e-04,-9.438237762520439514e-03
7.592046590637954858e-05,-9.718645587341510862e-05
8.747821412455732354e-05,-1.259391399240271598e-04
6.409620309562330401e-05,-7.192290019014575288e-05
-3.023910559039423289e-05,-2.366168701977736745e-05
-5.366295278109444204e-04,-9.577501147559761702e-03
8.956594943697269973e-05,-8.743811944418469848e-05
5.028014938839025106e-04,-9.504907129781081654e-03
-7.389127404333191928e-05,-7.441442347197629902e-05
8.808680000475547505e-06,-3.574955599022481325e-05
1.816373336848520437e-05,-2.817127175091094685e-05
6.467184291836332777e-06,-1.996896991477292653e-05
1.267442724779852040e-05,-1.436135947022938752e-05
2.452125710437673357e-05,-2.211981909709177484e-05
6.806765954736578906e-05,-1.391393439144696131e-04
9.886569428460200099e-05,-1.580760668606569805e-04
7.641481497899870574e-05,-1.730331297260589507e-04
1.100765926685658705e-04,-1.935975113038643431e-04
8.462492763904996070e-05,-2.102535990767890521e-04
1.210752402058454236e-04,-2.323880607199787260e-04
9.270601409760771433e-05,-2.507408965832941543e-04
1.295634645022100445e-04,-2.742496874791126556e-04
1.002043812654826368e-04,-2.944488099002594305e-04
1.395054731992051347e-04,-3.195550220069048831e-04
1.538344040731842461e-04,-2.547675417198118938e-04
1.077971645645230852e-04,-3.412984588218810123e-04
1.521820577079774763e-04,-3.680337292393343692e-04
1.158821596372397466e-04,-3.911341664039513950e-04
1.607717535392650125e-04,-4.191660094864322608e-04
1.231702331448866446e-04,-4.440429874891906937e-04
1.730485318807929902e-04,-4.735417088249216215e-04
2.003366178272457312e-04,-3.958148329001853196e-04
1.310159372836455587e-04,-4.997949831539816399e-04
1.852565173789830699e-04,-5.296878750764250987e-04
1.384392736309384309e-04,-5.584441184612658161e-04
1.897074032327754356e-04,-5.902863452969418431e-04
1.450804703877817180e-04,-6.197208971719605662e-04
1.977795799883997328e-04,-6.532501707421248336e-04
1.518035091379786269e-04,-6.838377582580481119e-04
2.104383930899761715e-04,-7.188018932036473619e-04
1.592929517427984284e-04,-7.505245008144721675e-04
2.242555271008841533e-04,-7.879167156742517908e-04
1.670161919706181686e-04,-8.200358727806125302e-04
2.342028637788215321e-04,-8.590290025302511597e-04
1.740988382608471552e-04,-8.919660889750929229e-04
2.385272417775187025e-04,-9.298250775384321728e-04
1.799944711110301493e-04,-9.658184322698150099e-04
2.499220167879004665e-04,-1.005244532680108979e-03
1.868178595566953083e-04,-1.042335925658712144e-03
2.589917165491100056e-04,-1.082913706848311454e-03
1.933557705778173020e-04,-1.121193334179003409e-03
2.673505907095527446e-04,-1.162836869013761766e-03
1.996153259740771231e-04,-1.202318928706076415e-03
2.755773430242455043e-04,-1.245012380877607433e-03
2.057650304264582882e-04,-1.285651056324827249e-03
2.784414415148077728e-04,-1.325682010722690216e-03
2.109101740555713051e-04,-1.370493785227321071e-03
2.964040231509755519e-04,-1.414094601028893826e-03
2.182998668452293639e-04,-1.458238511593602273e-03
2.952851160153303206e-04,-1.504195908609839549e-03
2.228176831260657699e-04,-1.548076753501040652e-03
3.073233192700060745e-04,-1.594887442828862465e-03
2.291615037476519060e-04,-1.639645804541435331e-03
3.179314166958732571e-04,-1.687502066109827477e-03
2.352294758780595809e-04,-1.733119304366350678e-03
3.191875631796126643e-04,-1.781494036796762472e-03
2.393869085645064412e-04,-1.828311310473710108e-03
3.282138300444508664e-04,-1.879410897863795877e-03
2.453994559493505811e-04,-1.925670546806130742e-03
3.352734118302891906e-04,-1.978373431192898945e-03
2.505170789075374192e-04,-2.024699088050575541e-03
3.381454314961088452e-04,-2.076222788818274986e-03
2.549552101623523792e-04,-2.124906606414882475e-03
3.487749000814034986e-04,-2.176764543185207186e-03
2.608172814039644684e-04,-2.226842587655274847e-03
3.584388732750752311e-04,-2.279626863994697276e-03
2.660778002868192699e-04,-2.330492987295558222e-03
3.595572048972783840e-04,-2.383615971354975140e-03
2.697613113820231741e-04,-2.435573131647654054e-03
3.627755587312993680e-04,-2.489316809766444535e-03
2.744368851215494860e-04,-2.542252048810837370e-03
3.716001413328205347e-04,-2.599621205671625006e-03
2.790482562231099513e-04,-2.650867095128532983e-03
3.744853434777076239e-04,-2.706860969993822412e-03
2.830304776026444777e-04,-2.760184523679959801e-03
3.829700055972742184e-04,-2.818014132954468811e-03
2.882683725786393258e-04,-2.871161281579294716e-03
3.886486739424654295e-04,-2.930587389820449046e-03
2.921608513026336599e-04,-2.983503080778802247e-03
3.908780679668950723e-04,-3.041345588912432261e-03
2.957321108311462832e-04,-3.096569983674707632e-03
3.985976765004111289e-04,-3.156198059196689901e-03
3.006954592900749597e-04,-3.211238846105192359e-03
4.037542976787343476e-04,-3.272477055391866205e-03
3.043370264458453611e-04,-3.326471768532905399e-03
4.059288808618493434e-04,-3.386136663485689226e-03
3.075168347697735706e-04,-3.443483039908518551e-03
4.129495555490886858e-04,-3.504813952590008896e-03
3.122253051149900902e-04,-3.561638076094442596e-03
4.175917803532461941e-04,-3.624511846292507826e-03
3.160644372240845349e-04,-3.680823527722181226e-03
4.198997269442917082e-04,-3.740546934376896143e-03
3.193098687533831850e-04,-3.800214614272934277e-03
4.250361373464548484e-04,-3.860539872287785911e-03
3.226251486248234352e-04,-3.920921473742854796e-03
4.294042711020163079e-04,-3.981730993674755491e-03
3.260147339338125005e-04,-4.042642551402580650e-03
4.332717466182583132e-04,-4.103871618233245235e-03
3.289353174778123032e-04,-4.165858010675346605e-03
4.371877761164519901e-04,-4.226982272425604432e-03
3.304118886372844357e-04,-4.289760859875690717e-03
4.389737909936096416e-04,-4.350891911655261658e-03
3.334930566712899754e-04,-4.413496670061877770e-03
4.423765692959613052e-04,-4.475421457544852093e-03
3.371249428102059977e-04,-4.538078171532685702e-03
4.481027249498120138e-04,-4.600637181155421696e-03
3.405283078749462840e-04,-4.663712317710058328e-03
4.512662164274611567e-04,-4.726685127370611021e-03
3.444645317501761729e-04,-4.790110217754146513e-03
4.548315034582603206e-04,-4.853397653467372841e-03
3.463291651677229610e-04,-4.917178166597624064e-03
4.579345107839287812e-04,-4.980748654107156580e-03
3.488487643282653567e-04,-5.044865798461408042e-03
4.609283085417309987e-04,-5.108709071988247301e-03
3.525765464556845832e-04,-5.173141274484923530e-03
2.455436300866751945e-04,-5.734780516887066871e-04
2.738824749705317412e-04,-9.904714816793015394e-03
3.870455374466778516e-04,-9.838416961493536700e-03
4.645062714705115443e-04,-5.237240030652637324e-03
3.541557203304056614e-04,-5.301979640680944128e-03
4.670369598338430946e-04,-5.366314561121074585e-03
3.563948852225810046e-04,-5.431341394624313382e-03
4.696684958120738687e-04,-5.495904473411339884e-03
3.599910585944483474e-04,-5.561197536706251852e-03
2.882151234959362193e-04,-7.504169285613441955e-04
4.731239373130712782e-04,-5.625974160776705917e-03
3.626470800752534069e-04,-5.691524594286864400e-03
4.754384384631398300e-04,-5.756502346085754819e-03
3.649105840727062981e-04,-5.822292861055574677e-03
4.778340414482934798e-04,-5.887458280285405056e-03
3.670829317528125123e-04,-5.953476916222009800e-03
3.483170253564952840e-04,-1.289111138274317246e-03
4.814733381894495379e-04,-6.018811144130845926e-03
3.679332683977059996e-04,-6.085052623990890724e-03
4.826646797085637377e-04,-6.150546171250088553e-03
3.695808810373459388e-04,-6.216985805253491884e-03
4.860293056835626280e-04,-6.282626157605100334e-03
3.727190044791690231e-04,-6.348473506395725142e-03
5.021241643554503163e-04,-9.370646676170036465e-03
3.871501813297552525e-04,-9.303880527653348581e-03
5.014685839008293025e-04,-9.236106080049349965e-03
3.862865805171081333e-04,-9.169193366825811875e-03
5.008224932630988202e-04,-9.101337933706285174e-03
3.854579143555258297e-04,-9.034313797557685238e-03
5.000681288356680423e-04,-8.966437189719601852e-03
3.846486124881446961e-04,-8.899383393838389278e-03
5.005868468783657415e-04,-8.831475133061950436e-03
3.841637698281027686e-04,-8.764568859332844825e-03
4.988347234241493353e-04,-8.696523931882995523e-03
3.831178740831360963e-04,-8.629432667718801506e-03
4.977594199301519197e-04,-8.561525224820515020e-03
3.821075389242718735e-04,-8.494421152551119569e-03
4.979496994576102387e-04,-8.426554246399100070e-03
3.815218932089939189e-04,-8.359625073767100803e-03
4.961975080191166620e-04,-8.291660179450264720e-03
3.804265328543269121e-04,-8.224591481806214563e-03
4.950209908314455237e-04,-8.156775828359767722e-03
3.793313089444449548e-04,-8.089715384791860628e-03
4.949215053529796779e-04,-8.021965440477655043e-03
3.784664250997788826e-04,-7.954934239203216573e-03
4.931391839108823687e-04,-7.887246520574004577e-03
3.773229713880488050e-04,-7.820117427908427135e-03
4.918440478120442161e-04,-7.752602340189592572e-03
3.762404927920996777e-04,-7.685678270350786503e-03
4.914504383511815715e-04,-7.618109809210320792e-03
3.751292705629460499e-04,-7.551215637596273532e-03
4.896270724392399023e-04,-7.483730771099575754e-03
3.739743459761569111e-04,-7.416887114693809617e-03
4.882009128683980010e-04,-7.349490954233043466e-03
3.727736250457292216e-04,-7.282710060236292048e-03
4.874719258606747575e-04,-7.215409828807680358e-03
3.716010731397951052e-04,-7.148625823891904818e-03
4.856139442847936692e-04,-7.081496450936670441e-03
3.702602588374879784e-04,-7.014585934161824549e-03
4.840113607968301950e-04,-6.947753273427651269e-03
3.688659235677982612e-04,-6.880927957891263928e-03
4.825006354123323070e-04,-6.814251527140892037e-03
3.674440761392788832e-04,-6.747528344353634182e-03
4.808394196817140725e-04,-6.680995485865099358e-03
3.669990203013711672e-04,-6.614090520568371816e-03
4.804941575523160127e-04,-6.548234706551813583e-03
3.774420180686603602e-04,-1.549429042049582520e-03
4.085741437778888816e-04,-1.833788440992184868e-03
4.404797168124088770e-04,-2.132076487789975189e-03
4.997659572315676620e-04,-9.641838903697658170e-03
4.610224956471092438e-04,-2.443763362535754293e-03
4.806835322509792172e-04,-2.769298026500267157e-03
4.975852534954902651e-04,-3.105628372186061952e-03
5.159274017387933909e-04,-3.452642520230133835e-03
1.603766087217118957e-04,-9.970251189800116015e-03
4.669710617792006366e-05,-9.901615216984139753e-03
5.440150064324440022e-04,-4.293762164364093095e-03
2.530436603903357825e-04,-6.017667059521373055e-03
2.498191501729946193e-04,-5.626751332739110718e-03
2.430479651702764437e-04,-5.237846935513124427e-03
2.366747596581287238e-04,-4.853853483348703063e-03
2.263729372827868590e-04,-4.475154575516259933e-03
5.581292905827755970e-04,-4.663624286138193763e-03
2.125804573079993309e-04,-3.620698805658474715e-03
2.031084779983391463e-04,-3.268438706261390762e-03
1.938506676647274557e-04,-2.926558785198955012e-03
5.700352170386215446e-04,-5.044592766157049782e-03
1.842593533260418850e-04,-2.595919484137924112e-03
1.747346940788456514e-04,-2.278024533087388490e-03
1.637397312741276632e-04,-1.974131760151426242e-03
1.523662058298414499e-04,-1.685503644559107565e-03
1.406411674815369372e-04,-1.413714710379850373e-03
6.023562018119803935e-04,-7.148225147818842475e-03
5.801148753191307178e-04,-5.436115435498195710e-03
1.104378310911094521e-04,-8.542764850153355700e-04
6.069411892849056224e-04,-7.550637473643988413e-03
9.627877102207356799e-05,-6.503563458299980397e-04
8.183904212481805192e-05,-4.702806918782613923e-04
2.582446900950434768e-04,-7.349952497358631584e-03
6.677527395149401423e-05,-3.162037532363067504e-04
5.884504037232509213e-04,-5.826957456069700031e-03
2.613544806444675775e-04,-7.753199250930181696e-03
2.643159055346951808e-04,-8.157632820304188889e-03
6.106773265230201102e-04,-7.959402302377073871e-03
2.670332035054041680e-04,-8.562613889341787882e-03
2.694841901927959847e-04,-8.967612625445767899e-03
6.135447664824292225e-04,-8.363871836478659061e-03
5.981902883618515042e-04,-6.221537170793482729e-03
6.159201899277543489e-04,-8.768770020067468904e-03
6.155049502083692441e-04,-9.443057748212017877e-03
-5.318640473307206708e-04,-9.443524473170266872e-03
-4.214439686924255596e-04,-9.375655201894745813e-03
-5.318035187081944157e-04,-9.309273179223042510e-03
-4.221425385293208800e-04,-9.241229534520533848e-03
-5.323020038848820133e-04,-9.174744371730752385e-03
-4.229773150125188362e-04,-9.106583895568971104e-03
-5.331612344775132385e-04,-9.040021548710034521e-03
-4.238320942031971266e-04,-8.971775721816255614e-03
-5.338041245331330738e-04,-8.905160132957098962e-03
-4.246270281976437765e-04,-8.836864556366695600e-03
-5.345948280216306428e-04,-8.770228275856762484e-03
-4.254162662458934089e-04,-8.701901879170173895e-03
-5.351659510041447809e-04,-8.635259974635841815e-03
-4.261469493643828656e-04,-8.566927536826330139e-03
-5.358625392742688088e-04,-8.500301467779166134e-03
-4.268621909416325344e-04,-8.431965547066235661e-03
-5.363446553630955111e-04,-8.365359997146212118e-03
-4.273778686768868766e-04,-8.296797568212955706e-03
-5.369211716465357347e-04,-8.230431299989231231e-03
-4.278472543048292276e-04,-8.161632608598241509e-03
7.362311328732648325e-05,-6.380302336436626735e-05
5.198400736199775289e-05,-5.021139874772970435e-05
5.847849327232786890e-05,-4.382439156639255675e-05
-5.372717234959662348e-04,-8.095539237868938642e-03
-4.283944817916518944e-04,-8.026785232570457507e-03
-5.377572699997438437e-04,-7.960770830298091391e-03
-4.290736133518401052e-04,-7.892290808605604072e-03
1.329873270560780402e-04,-1.785077176013953831e-04
-5.380471581092778881e-04,-7.826133600336231122e-03
-4.297058386431156798e-04,-7.757933066606577735e-03
-5.384539764350045098e-04,-7.691626189870797055e-03
-4.301847775585610628e-04,-7.623465532165443932e-03
-5.386067299988442098e-04,-7.557192243848221032e-03
-4.305661040032105142e-04,-7.489086181474936474e-03
-5.388565273189888137e-04,-7.422893137804393617e-03
-4.309065220505667272e-04,-7.354836209760276002e-03
3.843160462216919449e-04,-9.963677669952578433e-03
5.021537956283089786e-04,-9.910593578556456743e-03
-5.388592022687065976e-04,-7.288729024589883816e-03
-4.311660684650794970e-04,-7.220748000114439631e-03
-5.389612258535588559e-04,-7.154746313025537804e-03
-4.313835418115422190e-04,-7.086831934534260774e-03
4.933706320735738475e-04,-1.004177139079139719e-02
-5.388085373274423013e-04,-7.020936706066609016e-03
-4.313955106495163234e-04,-6.953116117346583476e-03
-5.387307330916813949e-04,-6.887347742082438294e-03
-4.314567412447956160e-04,-6.819610989297631917e-03
-5.384010722777639443e-04,-6.753969614602547099e-03
-4.314795206103708061e-04,-6.686348346169741254e-03
-5.381736654842396265e-04,-6.620854519747627551e-03
-4.314254334691276001e-04,-6.553336735769733218e-03
3.385098540602397757e-06,-6.693950028960736300e-06
-2.188647708644005024e-06,-1.344040193303844197e-05
7.740889832378300412e-06,-5.662724381546290766e-06
3.159861223347690306e-04,-9.724493106411184187e-04
-5.376688707523873383e-04,-6.487992844189168808e-03
-4.313056172256876522e-04,-6.420612595632631779e-03
-5.372571029915538393e-04,-6.355438073735572915e-03
-4.311024340775061921e-04,-6.288190779441447074e-03
3.358852814676960069e-04,-1.126783504828678985e-03
-5.509578802337412873e-04,-6.225343542007996146e-03
-4.327620180482882341e-04,-6.156104584478305081e-03
-5.543954711139549834e-04,-6.094856967556612146e-03
-4.338144156828386048e-04,-6.024929363754813645e-03
-5.522557142951267130e-04,-5.962390791895647718e-03
-4.319844268912811165e-04,-5.892980078829255543e-03
-5.508590138049392938e-04,-5.830982337985331741e-03
-4.325268150559529313e-04,-5.762384142001596848e-03
-5.496328320696361588e-04,-5.700129625467586537e-03
-4.316918048593301684e-04,-5.631756944982078614e-03
-5.435971892718226544e-04,-5.567936979848910235e-03
-4.301137258721867730e-04,-5.501363573370087953e-03
-5.476034831498715868e-04,-5.438922829955987297e-03
-4.303559520701158827e-04,-5.371931715298474026e-03
-5.503351143810809908e-04,-5.310239362295573334e-03
-4.302681297686357592e-04,-5.242966765775151569e-03
-3.180378576910129025e-04,-5.305904352333398744e-03
-5.383221127434887395e-04,-5.179689801790662851e-03
-4.276275698335274002e-04,-5.114147526684936426e-03
-5.424975457319533003e-04,-5.052426985400473511e-03
-4.271617646569837940e-04,-4.986280473976089332e-03
-5.447467183089920719e-04,-4.925591826087048590e-03
-4.267719740336070231e-04,-4.859058132518525100e-03
-3.166300712022023195e-04,-4.920729516699365140e-03
-5.389747120383012657e-04,-4.798779421310076648e-03
-4.234703473473354200e-04,-4.731987681388070098e-03
-5.359377219355317568e-04,-4.672498019509517021e-03
-4.219479245666637795e-04,-4.605916604821380309e-03
-5.334842141074834553e-04,-4.546812084700186871e-03
-4.202967233681921305e-04,-4.480549630652826305e-03
-5.308760890600013483e-04,-4.421831898045584276e-03
-4.185149759873181292e-04,-4.355921924924860238e-03
-5.282256491141140275e-04,-4.297606547117872530e-03
-4.165975554411960715e-04,-4.232068254073027662e-03
-5.253088003714754140e-04,-4.174173272249974073e-03
-4.145420119528373231e-04,-4.109026372085525583e-03
-5.223243929649727451e-04,-4.051570339200840157e-03
-4.123434869627429895e-04,-3.986832615506941471e-03
-5.190620964092839155e-04,-3.929834362552063996e-03
-4.099998768671834397e-04,-3.865526310322187856e-03
-5.157241263079149303e-04,-3.809005358176053343e-03
-4.075055742123387110e-04,-3.745145274831312727e-03
-5.121009640287990964e-04,-3.689121559146028156e-03
-4.048568557468209400e-04,-3.625728463173933606e-03
-5.061886749205807669e-04,-3.568943926148843149e-03
-4.020519855936337283e-04,-3.507362881981418868e-03
5.296942568280680773e-04,-3.806513592274325154e-03
-6.707908501180357471e-04,-5.506878059522140462e-03
-5.040169181059842842e-04,-3.452146529297691734e-03
-3.991832535348993497e-04,-3.390065702589590071e-03
-4.982493845855753877e-04,-3.334285984060103569e-03
-3.959474108439921367e-04,-3.273816003610761135e-03
5.367180545010840319e-04,-4.044221780724519509e-03
-6.633723859842139553e-04,-5.119555916334117551e-03
-4.955393103566195544e-04,-3.219666509830222678e-03
-3.928784855041817133e-04,-3.158851626222627853e-03
-4.895265472646562286e-04,-3.104091480942054639e-03
-3.891886675180606845e-04,-3.044741729417225519e-03
-4.862458941044362718e-04,-2.991796763514097991e-03
-3.857286563777694694e-04,-2.932140966943070498e-03
-4.803278925353154146e-04,-2.878957881248076812e-03
-3.817617238717849887e-04,-2.820560149542579876e-03
-6.385851104896075880e-04,-9.491175407660685723e-03
-6.528940734706069858e-04,-9.643567681103209013e-03
-6.491228619449764632e-04,-9.244572779735952400e-03
-4.761619821185918665e-04,-2.768944995169920608e-03
-3.778793085470036664e-04,-2.710502837949825897e-03
-4.703186045544898624e-04,-2.659083915639655262e-03
-3.736161457407719444e-04,-2.601644784809101999e-03
-6.520116963329346477e-04,-8.974738456473355108e-03
-6.548173620462488043e-04,-8.704562196663198637e-03
-4.651998157739462947e-04,-2.551454910386194257e-03
-3.692867750220977423e-04,-2.494306349874349498e-03
-4.588674375694447175e-04,-2.444354367514345924e-03
-3.646222501537750744e-04,-2.388293241055611769e-03
5.953870265977274489e-04,-6.620890025375219222e-03
-6.572398342071592969e-04,-8.434427673715371235e-03
5.989028652895801198e-04,-6.885103736625586973e-03
2.588983269930483343e-04,-6.283609333734587604e-03
2.603194458693333831e-04,-6.415589996133893441e-03
-4.532057991703447911e-04,-2.339614317085261103e-03
-3.598851971799358999e-04,-2.283908003844366524e-03
-4.464480440092666140e-04,-2.235534056098911499e-03
-3.548261935043149824e-04,-2.180954582215688126e-03
-6.861873680608219410e-04,-6.032674520749039399e-03
-6.581260719877610015e-04,-8.164662367029777712e-03
-6.798960303654649545e-04,-5.768775279321798621e-03
-6.587549439962003296e-04,-7.895178514105035544e-03
-4.402377205348315678e-04,-2.133889343033586704e-03
-3.496734151684093603e-04,-2.079728496876511595e-03
-4.342081337211056952e-04,-2.033549200982388665e-03
-3.452871569876814293e-04,-1.980150289056193877e-03
-2.617328539603332540e-04,-2.027202383468367387e-03
-2.578188215417269447e-04,-1.928318044760173912e-03
-3.393550769167186058e-04,-1.881915670985660326e-03
-2.535917511811788426e-04,-1.831183893572979615e-03
-3.332207845677494836e-04,-1.785699775827189134e-03
-2.491923975701869180e-04,-1.735886779913895254e-03
-3.270919269209751992e-04,-1.691357932949342883e-03
-4.211109463489917768e-04,-1.837705390878953578e-03
-2.446305936604510059e-04,-1.642452639129254920e-03
-3.205673064202704597e-04,-1.598897972174433352e-03
-2.398855647143845323e-04,-1.550923593013111765e-03
-3.139947675552639248e-04,-1.508374050795376628e-03
-4.034730003481726670e-04,-1.648319358891943160e-03
-2.349667741465481352e-04,-1.461354986114780756e-03
-3.070198103677379835e-04,-1.419831840319031027e-03
-2.298560619320509754e-04,-1.373799552252677600e-03
-2.999832799767740551e-04,-1.333338430366295220e-03
-2.245639132870454614e-04,-1.288314673391740845e-03
-2.926323133251564827e-04,-1.248942793055956690e-03
-2.190868042938718557e-04,-1.204962040309515451e-03
-2.851290259680318295e-04,-1.166712741777359025e-03
-2.134088194290245264e-04,-1.123799426248970343e-03
-2.772899135328257825e-04,-1.086700422633290466e-03
-2.075351840353307413e-04,-1.044888832175420047e-03
-2.692804072269393951e-04,-1.008972494732832082e-03
-2.014534898180073185e-04,-9.682911957055375263e-04
-2.609349623263496217e-04,-9.335872275704810595e-04
-1.951686687767537152e-04,-8.940694011956389336e-04
-2.524025697460537620e-04,-8.606115174992949937e-04
-1.886675429871729126e-04,-8.222857989141249243e-04
-2.435269773790206928e-04,-7.901028028904159275e-04
-1.819594529602928197e-04,-7.530076154048818754e-04
-2.347634232158693338e-04,-7.221800048418998853e-04
-1.750749151824724733e-04,-6.863009043221450934e-04
-2.254212634599235098e-04,-6.568083831695268595e-04
-1.679449186537956969e-04,-6.222207373533759911e-04
-2.154493235238521480e-04,-5.939781624893792624e-04
-1.605315787380528949e-04,-5.608245211656922224e-04
-2.058368953284728318e-04,-5.340061813853835566e-04
-1.530697827293548904e-04,-5.022646003745951868e-04
-1.953107260437549281e-04,-4.768928214935117525e-04
-1.454697670408230145e-04,-4.465583243379937480e-04
-1.853575863842017008e-04,-4.226605972837620497e-04
-2.481764674406327135e-04,-5.093560620026031183e-04
-1.371130490772445333e-04,-3.936522328429877611e-04
-1.745615252864727099e-04,-3.712894749936338510e-04
-1.287903523731486366e-04,-3.436785573704379286e-04
-1.628295396055222345e-04,-3.232514417692625413e-04
-1.201276785756706807e-04,-2.968472078207690427e-04
-1.512793771834856026e-04,-2.779922593172282986e-04
-1.113094861110376952e-04,-2.531209589965072756e-04
-1.398906395212725176e-04,-2.355009543639156725e-04
-1.022957179588124466e-04,-2.125150868233924772e-04
-1.279686674702415180e-04,-1.965899890714211166e-04
-9.303140551144150770e-05,-1.752351846575168014e-04
-1.158524506083068813e-04,-1.610312010087556849e-04
-8.347174202842880144e-05,-1.412928456688354703e-04
-1.017024928806786770e-04,-1.282726215185780799e-04
-7.280541635750505103e-05,-1.103001519058370008e-04
-3.861392787868700785e-04,-1.466986805149888369e-03
-6.591011725015497643e-04,-7.626093155292594343e-03
-2.688479112999148796e-04,-2.229794320022120135e-03
-2.757293241069498852e-04,-2.438731537241307402e-03
2.218893426349016144e-04,-4.104253368456980619e-03
-2.819907541500450677e-04,-2.653580768661404493e-03
-3.681625764819328856e-04,-1.293747965980345232e-03
2.170191045387890466e-04,-3.860150313350712258e-03
-6.591904033461130560e-04,-7.357503488254667212e-03
-2.876507206028635385e-04,-2.873950500342228268e-03
-2.927519480973733994e-04,-3.099478954705220824e-03
-6.592143235271200052e-04,-4.739102167980475261e-03
-2.971984958814580572e-04,-3.329750274472510069e-03
-6.570242214173438542e-04,-7.089776775023762072e-03
-6.523025110946193209e-04,-4.487913987879261525e-03
-3.012434690530390604e-04,-3.564484200791707188e-03
-3.494269971981243256e-04,-1.130648915212344651e-03
-3.048044698726644765e-04,-3.803348867118546035e-03
-6.446187364806676978e-04,-4.239531777746088394e-03
-3.079074181213156789e-04,-4.046000093080902478e-03
-6.562129892674986326e-04,-6.822629841872767872e-03
-3.105647017547267467e-04,-4.292121824006967998e-03
-6.361421952943421354e-04,-3.994395295458960660e-03
-3.132663370961386875e-04,-4.541639735547918673e-03
1.432493330311943340e-04,-6.349830109241672016e-03
-6.268309462500710159e-04,-3.752806825349661035e-03
5.980771174078992935e-04,-6.355569817691238653e-03
-6.549801451113520731e-04,-6.556432202428948662e-03
-9.684334230560728829e-05,-4.174038599870961313e-04
-3.289354135542686100e-04,-9.749988011020696956e-04
-6.162215653716498001e-04,-3.514835684607563356e-03
-6.051630299666650335e-04,-3.281304872241392039e-03
-6.448619239147538847e-04,-6.316610382730841224e-03
9.552429395851165517e-05,-7.553217465429260978e-05
1.181629706033365655e-04,-1.049136340162977449e-04
-3.186448792017348877e-04,-5.564897850305218670e-03
-9.270971657979960368e-05,-6.165382072145400127e-05
-5.931621114659833046e-04,-3.052305503821674433e-03
-1.123385024970005466e-04,-8.358682360791995112e-05
-1.009274137347963732e-04,-9.073137357330446156e-05
-3.192128708311924002e-04,-5.826289398119301535e-03
3.986261384782906577e-05,-3.202470772226289789e-05
4.403279895907218137e-05,-2.801005023823365555e-05
2.833339278431696115e-05,-1.796814265487979947e-05
2.850954996619157656e-05,-1.418168032437787610e-05
6.432250113578138952e-05,-4.002926717464320750e-05
1.488933149006012027e-05,-8.511182745870064106e-06
-3.374668007708608186e-05,-1.688537689301324344e-05
-1.537744944612247201e-05,-5.633887927903261009e-06
-1.970233321199150257e-05,-8.357119857378818046e-06
-3.336018716910573416e-05,-1.960035947701997119e-05
-1.966009641249083287e-05,-1.094600029244823003e-05
-9.845910577201791810e-06,-5.038203031108603157e-06
-1.704409383176470660e-05,-1.477081853424553176e-05
-7.495050312752475056e-06,-7.903946053705095552e-06
-2.434056881413933533e-05,-2.906602844281472932e-05
-1.162231404872299579e-05,-2.020565019562023840e-05
-7.247284291270336080e-04,-9.926303608899152489e-03
-6.097537237870337672e-04,-9.992286259459762232e-03
-6.250478127349575613e-04,-1.013790666714084292e-02
-5.000140272905723767e-04,-1.006087164132553162e-02
-4.940739276350788155e-04,-9.927208995574069231e-03
-3.833727753037135784e-04,-1.000783850187926538e-02
-2.597022294713363026e-04,-1.007584443445449542e-02
-2.754981611697413413e-04,-9.956596817068548086e-03
-1.496584426218013216e-04,-1.002365328986716368e-02
6.154252194464046892e-04,-9.172780632447877225e-03
-5.802481992024031672e-04,-2.828239491243408985e-03
-3.193561575871144424e-04,-6.089069144686141445e-03
1.279750567629324150e-04,-1.160624017187451189e-03
-3.678581965120565753e-06,-4.500270030740867542e-05
-3.072877660022415637e-04,-8.290917142297489191e-04
-6.041790376737003174e-05,-1.553995403870261363e-04
7.301087054468539646e-04,-9.790899987681725078e-03
6.144274738626558921e-04,-9.714849110326884141e-03
-4.620265894006589190e-05,-9.395733190443005521e-05
4.209120349608760296e-05,-9.640051251566110133e-03
-7.255448282730208936e-05,-9.707025037448352781e-03
-6.335927989208159925e-05,-9.836311633553944042e-03
-5.663241037735931198e-04,-2.609441390198354634e-03
-7.309744380238033840e-05,-2.299779917572681849e-04
-3.192271486585851687e-04,-6.353301407847409925e-03
-8.505729093059613793e-05,-3.174741576993886393e-04
1.192536581062850079e-04,-1.002819070671131987e-03
-5.512329398837045261e-04,-2.396193243560055825e-03
2.687320870890554645e-04,-1.002663490491841405e-02
1.730226588373683127e-04,-1.010374502020441705e-02
-3.205558903416803271e-06,-1.250390640763568075e-06
-1.118713611466709860e-04,-5.889034037320686060e-04
1.560255974745413971e-04,-9.304867257556626720e-03
-1.213755946482734618e-04,-7.170786600184894145e-04
-1.302703492914121302e-04,-8.556613266862616663e-04
2.512409022900407652e-04,-6.150558043621190407e-03
1.378401568572884647e-04,-6.083742302805032406e-03
-1.385561830865225793e-04,-1.004132800192160174e-03
-6.091213102905366572e-04,-9.858808537363317193e-03
-3.188411303293998251e-04,-6.618778408496311938e-03
-1.462484845568372814e-04,-1.161982324863518887e-03
-5.350378958591618444e-04,-2.188961523984904629e-03
4.500252656320576523e-05,-9.771703342215779658e-03
-1.533671777985358333e-04,-1.328721881162213446e-03
-1.599324395004929106e-04,-1.503865568727133593e-03
-2.976533755164114700e-06,-2.715154516391643928e-05
-1.659926657896697668e-04,-1.686947864447384390e-03
7.303763002184854086e-04,-9.516331170456150332e-03
4.215902755386323773e-05,-5.812240354147108948e-05
-1.505702296262334094e-04,-1.374564793388695881e-04
-1.715566455766587631e-04,-1.877540906632431698e-03
-1.914851984421843975e-04,-9.373776120471922699e-03
-5.180221103982332338e-04,-1.988676437061338929e-03
-1.764408068367636175e-04,-2.075249646834148240e-03
-3.182290977363249522e-04,-6.885331362797239042e-03
-1.872004902717609568e-04,-2.053525363519848068e-04
3.329942860356450567e-05,-3.824648960823729381e-05
-1.933579689319061569e-04,-9.104494059251467750e-03
-1.950044092828966417e-04,-8.834621406396375720e-03
-1.965529698194912731e-04,-8.564615445100435057e-03
-2.649655204646811000e-04,-2.127729196900904514e-03
-1.809011548783925221e-04,-2.279512110322386674e-03
-2.721021498081530022e-04,-2.333506263980233020e-03
-1.850202807164672296e-04,-2.490000103534595419e-03
-2.786970416869412846e-04,-2.545449615185057819e-03
-1.886917036654868268e-04,-2.706314773222943167e-03
-2.846684650321249150e-04,-2.763100500937407979e-03
-1.919405049917053351e-04,-2.928057883167744634e-03
-2.900297210215184484e-04,-2.986155499622401930e-03
-1.947375932166224197e-04,-3.154839883797092362e-03
-2.947991318153552831e-04,-3.214033919578028996e-03
-1.976776812740385105e-04,-3.386196227656978509e-03
-2.991736860303653451e-04,-3.446535333333823788e-03
-1.992469774028866902e-04,-3.622175592961732714e-03
-3.028922001203540170e-04,-3.683384202924259911e-03
-2.010743555470401124e-04,-3.862044333626978715e-03
-3.062089569979512958e-04,-3.924290352253378793e-03
-2.026050723436576646e-04,-4.105614450383176552e-03
-3.091033063264057271e-04,-4.168715427392154574e-03
-2.039247959724872165e-04,-4.352600839055188048e-03
-3.116781010018676427e-04,-4.416498664052719535e-03
-2.052247177392507087e-04,-4.602593125700315917e-03
-3.141861189813218553e-04,-4.667213345747323917e-03
6.134661844252325838e-04,-8.498836845126660558e-03
1.056621059867625715e-04,-7.838440747786579958e-04
-1.979218866519752472e-04,-8.294360052036762673e-03
6.155704123579570962e-04,-8.903780637134515313e-03
6.108886970437959162e-04,-8.094185260773351098e-03
1.364044002424138005e-04,-1.327426364749626376e-03
6.572083189567851102e-05,-1.369783092053871538e-03
1.321730522086185826e-04,-1.242859866587010722e-03
1.485087073828947953e-04,-1.592992402295314138e-03
7.259887528289299754e-05,-1.638869956934640298e-03
1.447843438401727391e-04,-1.502265159537983326e-03
6.077249030855536287e-04,-7.689358373465377851e-03
1.600837867089410663e-04,-1.876148030890378371e-03
7.917214629456501083e-05,-1.924760944507140003e-03
1.560730339968812461e-04,-1.779806812239809362e-03
1.709779202588861027e-04,-2.175096963099895468e-03
8.560232571927908817e-05,-2.226276236404093906e-03
1.663490232076870632e-04,-2.073775262009692078e-03
6.039099697577756222e-04,-7.286476938766492557e-03
1.812381837290924210e-04,-2.488450188067585066e-03
9.130464061166128451e-05,-2.541872180957547266e-03
1.766186660135287735e-04,-2.382450658863259890e-03
1.912475006213266678e-04,-2.814985907306130283e-03
9.728739606656435727e-05,-2.870490628948460868e-03
1.860991948641138398e-04,-2.704753964093896141e-03
2.008375569839997903e-04,-3.153273257053633861e-03
1.034576940413865591e-04,-3.210753113180419248e-03
1.954051929834308614e-04,-3.039255881103864170e-03
2.092643342231899437e-04,-3.502148327832551103e-03
1.083125037059847888e-04,-3.560991255506963139e-03
2.033562107260309673e-04,-3.384708372440593718e-03
2.147406888485567486e-04,-3.739930036238125598e-03
1.127756688184456844e-04,-3.920569660843146315e-03
2.189952276408587317e-04,-3.981795170718398398e-03
1.152008943456321198e-04,-4.165870996412024407e-03
2.216472796619486832e-04,-4.228586679625032790e-03
-3.169636940961174086e-04,-5.048757505516967767e-03
-3.177396663458643251e-04,-5.177024215099417133e-03
-2.071085051166649492e-04,-5.240186132630416174e-03
-3.184499343218414116e-04,-5.435285782099918452e-03
-2.063394105029624508e-04,-5.628271704176325552e-03
2.351286025846851689e-04,-4.727116430967625259e-03
1.262358926135558100e-04,-4.790620680547652728e-03
2.275398457160939891e-04,-4.600728758803153233e-03
1.178464564048922828e-04,-4.537449658822352398e-03
-3.190369879274324331e-04,-5.695369366496942642e-03
-2.059858371045872002e-04,-5.889823509849690004e-03
2.417231784790464864e-04,-5.109297645943371331e-03
1.309294668043805025e-04,-5.173793940887478487e-03
2.337250143602594035e-04,-4.981232701906520254e-03
2.478680857661965460e-04,-5.496635332237349326e-03
1.349727424800079175e-04,-5.561745976329880541e-03
2.394468123813974880e-04,-5.366947350940044770e-03
2.535805744404599836e-04,-5.888319788041585477e-03
2.506033543086451528e-04,-5.757020715339953784e-03
1.737359044634462257e-04,-1.764819828842915949e-04
7.028621903679401145e-04,-5.897921560341397827e-03
3.794233781630002521e-04,-9.414591250561406407e-04
3.258487419230562498e-04,-1.049336653041517452e-03
4.051406496656146674e-04,-1.095235413487779348e-03
3.450945136354425006e-04,-1.209906771382278975e-03
4.325959214906629916e-04,-1.269751023462849888e-03
4.068227959175587370e-04,-1.348726979662921927e-03
3.783633554111511346e-04,-1.416542633452645607e-03
-2.224766054869893117e-04,-2.868077476640993402e-04
6.946723809293198996e-04,-5.511374342735692565e-03
3.163571177487448571e-04,-6.049536364664265253e-04
2.823749775889423095e-04,-6.418503092752918075e-04
2.955857499744097877e-04,-5.426921803268699735e-04
2.316591482756031933e-04,-4.983461834685428641e-04
2.387684779184785159e-04,-4.445052151422789789e-04
6.482336747766880968e-04,-3.996139236462667270e-03
5.432010995110870795e-04,-4.167684983593112832e-03
6.856285745681902017e-04,-5.124226515719748111e-03
6.166268085541709923e-04,-3.398262141644277021e-03
6.274996357156898373e-04,-3.517919309481043651e-03
5.200960286948273868e-04,-3.569958632599769689e-03
6.090437519072968179e-04,-3.169223527007015376e-03
5.107172915677219479e-04,-3.223597196824330192e-03
5.929214433243984016e-04,-3.055120164735840565e-03
5.751640503884039232e-04,-2.718661635426377569e-03
5.884465946666926888e-04,-2.831107710908483364e-03
4.934304784530592868e-04,-2.883482265563056066e-03
5.611731152745686336e-04,-2.503546932812344885e-03
4.740196605493453134e-04,-2.554722455798821585e-03
5.538265135623707909e-04,-2.395190402763791668e-03
4.571137872860008087e-04,-2.336725680556647495e-03
4.533349154848577965e-04,-2.233067093890049419e-03
5.261698771205965824e-04,-2.087732823431311981e-03
5.111133806249313098e-04,-1.892359404825091126e-03
4.299540340451341947e-04,-1.937646238739683955e-03
4.929518950127142682e-04,-1.794905314987925134e-03
4.072153293563923076e-04,-1.740173129062366070e-03
4.127970800703346520e-04,-1.643580948696221145e-03
4.632642894124125075e-04,-1.570923637825274912e-03
-4.593520971752173654e-04,-1.429692228184399313e-03
-3.955307767167876780e-04,-1.556564803211230247e-03
-2.554734462452204480e-04,-3.800303069483239142e-04
-3.320473831308929790e-04,-6.653288256774110695e-04
-4.808416405617540025e-04,-1.608616042985867032e-03
-4.128551654299662246e-04,-1.742297443138557389e-03
6.527285454535143756e-04,-4.238744687229615248e-03
6.533177786857229368e-04,-4.362149022233411354e-03
6.386718755250474786e-04,-3.755681428705885758e-03
5.351979286317244200e-04,-3.925526209884090505e-03
2.608973278409748055e-04,-3.826854819834322368e-04
2.248075494112055945e-04,-2.904691107611347069e-04
2.044451942543993889e-04,-3.158540482789236260e-04
2.102026386243675718e-04,-2.521285680845611180e-04
-5.016840551910313950e-04,-1.795926456021831180e-03
-4.283779943802900453e-04,-1.934560695796883317e-03
6.750811669746529728e-04,-4.742238741972955481e-03
3.471850627780881382e-04,-7.330101060747098649e-04
3.589797342675039426e-04,-7.985689136658971057e-04
3.012316125934386525e-04,-8.293696769024354104e-04
-1.997041843342785110e-04,-8.024308324874888237e-03
-2.006413680174939939e-04,-7.755533351284632677e-03
-2.018411345849394057e-04,-7.486622331952518493e-03
-2.028722109109017450e-04,-7.218229593685330549e-03
1.409492870883877799e-04,-7.014890708109657036e-03
1.394562282762081180e-04,-6.747766302879589125e-03
4.846252383210872868e-04,-6.416374461970545881e-03
-2.058430460891536669e-04,-4.982749854254847274e-03
-2.065731638532536266e-04,-4.855431038009209825e-03
6.097924077948014860e-05,-1.200688834832700901e-03
-3.193251107360682876e-04,-5.957355051744759634e-03
4.249194970955325176e-05,-6.177044622379182504e-04
1.860138441498586663e-05,-1.365858964576306428e-04
-3.773402213377436950e-04,-1.379501649759809316e-03
3.867288467161512141e-04,-9.706036775003994491e-03
5.535612147062554276e-04,-4.542228979096132012e-03
1.236808078046799269e-04,-1.080482027842604971e-03
1.187967911984145434e-04,-1.447340819201820505e-04
1.455859264121958402e-04,-2.154045637562997128e-04
2.352473011223180180e-05,-2.078167650636612309e-04
-2.055462456244519303e-04,-6.152934775377509255e-03
5.639630637480450042e-05,-1.040444825486889525e-03
1.612508343040953897e-05,-1.060463505330083077e-04
-3.188662499353098136e-04,-6.220701674007227122e-03
-6.778152740549673195e-04,-5.378748504898571772e-03
1.029342879347761746e-04,-1.142979074871393151e-04
1.149399764806330793e-04,-9.274540968982335513e-04
3.539899601951091617e-05,-4.418348149724876054e-04
-2.049325724958045696e-04,-6.417771905667283422e-03
-1.020224450711483321e-04,-4.717420985698473094e-04
-5.296523959725370169e-04,-9.705403003746983226e-03
5.183076782107475682e-05,-8.896441026776926103e-04
-3.062589279367663878e-04,-9.441899707054281568e-03
-3.190679685110181562e-04,-6.485799340559552338e-03
2.570653666987898832e-04,-7.216118626542596982e-03
-8.458227955487078638e-05,-6.724436119088470507e-05
4.951782638430366601e-05,-8.178828949607124454e-04
2.825217994536278918e-05,-2.921633102846554601e-04
4.050992422740080982e-05,-1.217829784325628016e-04
-2.042831017958706514e-04,-6.683752701845132628e-03
1.440762565184274923e-04,-6.481731209360660009e-03
-4.367902838047429959e-04,-1.258809245348554030e-03
1.169066483741743051e-05,-3.855427779335172252e-06
2.719457381714197137e-04,-9.371487954014648056e-03
6.696818388543672495e-04,-4.613690003633959605e-03
1.362149448008016209e-04,-5.691896154542271449e-03
1.007995048415437811e-04,-7.156246047340428891e-04
1.290470098491756739e-04,-5.302265032861740689e-03
-3.185814370051563639e-04,-6.751815066367143105e-03
1.247363945024596097e-04,-4.917376825419023274e-03
2.545770108291999759e-04,-6.680188787123887001e-03
2.602498218095306861e-04,-7.618907875509341524e-03
4.480720703295256932e-05,-6.818917241206955962e-04
1.100138530764633161e-04,-3.679922830305756842e-03
-6.695789225825249076e-04,-4.993232687446965898e-03
-3.159989631196443729e-04,-4.793875475570968415e-03
2.542225529484780952e-04,-6.814108228997328189e-03
1.029371235893422859e-04,-3.326169188473592983e-03
-2.062397789907818889e-04,-5.368968253587330826e-03
-2.035783975861803631e-04,-6.950554289839749704e-03
9.752124521999029974e-05,-2.982395882611184757e-03
4.595921429985565048e-05,-1.539954755130137356e-04
9.189628881288907985e-05,-2.649799531312385138e-03
8.624847327894711159e-05,-2.329675159694921584e-03
9.151580179584574838e-05,-5.874066482091265182e-04
7.994613979034650411e-05,-2.023271932864236042e-03
7.398868378703607766e-05,-1.732020034446288834e-03
6.792893425192414523e-05,-1.457318279226028565e-03
2.550804305740280689e-04,-6.947754051864511379e-03
-3.184098659302883236e-04,-7.018900832008919885e-03
8.677738615192356040e-05,-5.273413558134214425e-04
5.132955874571752962e-05,-1.896069146050207474e-04
2.561203238305817965e-04,-7.081743036200555293e-03
2.632935093268089200e-04,-8.022427786565353158e-03
3.772101271402273980e-05,-4.975976059738469607e-04
-3.183345568958145973e-04,-7.152794542834222530e-03
1.427660486040651440e-04,-7.283197598671957429e-03
7.686746919121934538e-05,-4.157926646652441820e-04
-1.399224370626774244e-04,-1.014651134019341379e-02
1.437194847832900331e-04,-7.417232669276707137e-03
2.712623095048712551e-04,-9.236977261233368652e-03
5.662112111523279125e-05,-2.285147212755477258e-04
-3.179554015908603120e-04,-7.286812285364478725e-03
7.179102037609065741e-05,-3.643985555547427156e-04
-3.586776220997786547e-04,-1.210989777178641527e-03
6.175051761206448058e-05,-2.706816250506392774e-04
2.593495614626231119e-04,-7.484056258431302615e-03
5.612175531073663624e-04,-4.789969238119286266e-03
3.060638883118426903e-05,-3.390655652617353077e-04
2.662303889075970484e-04,-8.427442366384971240e-03
-3.175300188374070615e-04,-7.420997003637875081e-03
1.455588658744677794e-04,-7.686304610103196835e-03
-2.604902211214108897e-04,-5.679297744619615784e-04
1.464901907405499705e-04,-7.820699096466356137e-03
-3.170621920124030556e-04,-7.555333056691714705e-03
-3.070876384954625521e-04,-9.307487142255932433e-03
2.688186618468888585e-04,-8.832389441151342405e-03
2.623686797424468653e-04,-7.887780366994973091e-03
-3.165526498559321426e-04,-7.689802114792546051e-03
1.482766587913674882e-04,-8.090409795939763546e-03
1.492738465609252886e-04,-8.225293754597847590e-03
-3.153507343587279559e-04,-7.823978820888746397e-03
2.653093007057524843e-04,-8.292477238760202068e-03
-4.121317775786130315e-04,-1.095471057737149468e-03
-3.144017803779047262e-04,-7.958232628550611712e-03
1.509789548725406735e-04,-8.495363359719877716e-03
5.654968310972393903e-04,-4.918308941416832218e-03
2.706329792819551485e-04,-9.102321526943580807e-03
1.542330885755289495e-04,-9.035248985181806858e-03
1.519360472416712718e-04,-8.630467956441123523e-03
-3.137819698200676878e-04,-8.092861890908943645e-03
1.534903475084518876e-04,-8.900204815013322557e-03
2.679970014066533472e-04,-8.697433864538087894e-03
-3.132367547292726163e-04,-8.228042292104539857e-03
-3.086707314186095817e-04,-9.173201918171232372e-03
-3.130184236569550889e-04,-8.363397904380044656e-03
2.198683221421981061e-04,-4.352312054054960702e-03
-3.125566613387543969e-04,-8.498510817359838584e-03
-3.118223224854121912e-04,-8.633502529049931831e-03
-3.094293459239912830e-04,-9.038360243643222408e-03
-3.394136094466476054e-04,-1.051680703800700811e-03
-3.102387177133500754e-04,-8.903460729562403739e-03
-3.110387429376039329e-04,-8.768489357599405787e-03
6.833744735629489935e-04,-4.995080374307150212e-03
7.116794338737200470e-04,-6.560945037649982409e-03
1.797551881064539186e-04,-3.410873976175993368e-04
5.982565233487259276e-04,-6.754343090723822010e-03
-3.869259910473314798e-04,-9.421684633641450772e-04
5.719434958931955346e-04,-5.174158046580689709e-03
7.158223738240402636e-04,-6.826515961395782442e-03
-3.183611708204819152e-04,-9.008734580729345701e-04
6.015024194419363313e-04,-7.019402893117174073e-03
5.761315919896254148e-04,-5.304798932532156855e-03
1.396453420532914075e-04,-5.951393959209118519e-03
7.215719236147030095e-04,-7.096421582133684465e-03
-3.602698072604594093e-04,-7.987609449177002132e-04
6.922972257483397561e-04,-5.379284009545423281e-03
2.522958295613422362e-04,-6.800229158160248652e-04
7.198557604513450541e-04,-7.225277064317322737e-03
-2.952194775294714711e-04,-7.592400026636004617e-04
6.059114768031973949e-04,-7.421338108315617306e-03
5.820741380048181013e-04,-5.565058145053383698e-03
3.030951272117631749e-04,-8.988748824335472676e-04
7.258313995698007729e-04,-7.498572129666272734e-03
-2.836686264770111590e-04,-6.926437080714490779e-04
5.868487746576347541e-04,-5.697835486820438181e-03
1.162450492679282474e-04,-4.413039881687065916e-03
7.236924833256947430e-04,-7.627892515626691350e-03
5.137192386320343451e-05,-1.004574473149748813e-02
-2.716989934061456603e-04,-6.285817254000653376e-04
6.095325687711218663e-04,-7.825481614549045783e-03
7.001761088797943400e-04,-5.768149809234738440e-03
7.280727939344496143e-04,-7.900586035214686442e-03
3.707450467119536566e-04,-6.481023873972881731e-03
-3.043118647467457074e-04,-5.438789382643504635e-04
2.571188791043916319e-04,-6.546654418236671699e-03
5.899883682805842546e-04,-5.956030001033235308e-03
7.265262428383016755e-04,-8.032422991578096541e-03
-2.877597737890986128e-04,-4.858559077344436986e-04
6.125103513691150395e-04,-8.229874783171723523e-03
5.950508745350882979e-04,-6.090224517536542252e-03
7.307581992705394942e-04,-8.304921525025181148e-03
4.272039522131418549e-04,-2.032217774854704496e-03
-2.343356931006096325e-04,-4.532462425390725697e-04
7.299827595524949067e-04,-8.438185062450287086e-03
7.112284784929790186e-04,-6.163903573340929511e-03
7.182457941612429035e-04,-1.006541977790962640e-02
3.331442543194814700e-05,-1.679892224781157035e-05
-2.206229893669961147e-04,-4.001493029670473715e-04
6.149656581227703426e-04,-8.634673503653761753e-03
4.681396726090240445e-04,-2.658176916904620313e-03
7.108369028368154629e-04,-6.294090038594833507e-03
7.328617320181965086e-04,-8.709775583750242051e-03
-2.069572357692764071e-04,-3.503771404664255155e-04
4.855431958836740913e-04,-2.990490928913321425e-03
7.318157770769494717e-04,-8.843128994927736131e-03
5.054744114119385937e-04,-3.334416804646134647e-03
-6.135355223968043761e-05,-8.288129860407725030e-05
-1.934157675371903844e-04,-3.040588005698887102e-04
6.182128464845115367e-04,-9.854965310970124903e-03
6.165112188165538859e-04,-9.039479580089642557e-03
5.372899654767834127e-04,-2.188208691596136776e-03
6.079781527814308566e-04,-9.980074455743363424e-03
5.259636680878714346e-04,-3.688380959997766828e-03
7.322061140327731357e-04,-9.112714579925473152e-03
5.013852532378976906e-04,-9.777786135549720870e-03
-1.788278687887684393e-04,-2.599723502410040835e-04
6.172306718366678659e-04,-9.309203823405281727e-03
5.252140841904874569e-04,-1.016047043003870387e-02
7.308015455639979476e-04,-9.381316891345083467e-03
-1.640932045125691272e-04,-2.193139986728716187e-04
6.151976767846258987e-04,-9.579097450024286892e-03
5.486897333277203706e-04,-4.418145910355466416e-03
-1.488882699739781925e-04,-1.819467111423251444e-04
-8.727035861076614645e-05,-9.886315008886728387e-05
-1.337339759795654504e-04,-1.481773542481013538e-04
-1.172899913492152641e-04,-1.171748190982632693e-04
5.969585844417766305e-04,-6.488042852700180718e-03
-2.944504956314021051e-04,-9.834297138283864051e-03
2.647305030463379409e-06,-1.095856785584427751e-06
2.892662477528575547e-04,-1.014589343085290848e-02
5.328802728392184157e-06,-1.510040986406913745e-06
4.234439808441559138e-04,-1.493280639621812154e-03
2.780726376091492117e-04,-4.338378306043262178e-04
-1.868831116460359030e-06,-5.385376631247915288e-06
1.825787127557594621e-05,-8.584788393281427636e-06
-5.671409124136020369e-05,-9.957350914724322558e-03
-8.718042277145733024e-06,-2.547848620677989058e-06
-5.082321885934114585e-04,-1.017254018130358401e-02
-1.662275639502498812e-04,-9.900307220067530722e-03
-2.574541902693569160e-04,-1.018132019600288297e-02
-4.113570476712595201e-06,-8.999708815897175704e-07
3.540849483996276101e-04,-1.475105927505934245e-03
-6.004012421139201397e-05,-1.006611139120832180e-02
-7.632818973411292307e-04,-9.650194716115651980e-03
-3.957305453244532446e-04,-9.887173875320494007e-03
-7.518792144618900893e-04,-9.527889084084757709e-03
-7.429721718382733750e-04,-1.016351948895388192e-02
-1.547635006817304660e-05,-6.932742222004660143e-06
-6.168373441006563514e-04,-9.374133093347373005e-03
-5.116834302443910854e-04,-9.819993998176653263e-03
1.995804125319353259e-04,-4.472179150470512307e-04
-7.604678363114624872e-04,-9.250653107700271618e-03
3.603350151974725241e-05,-1.836397435725074960e-05
-6.191246392796665061e-04,-9.109613724722810321e-03
1.516463912520701992e-05,-6.999377781273864423e-06
7.520014809489960952e-04,-1.017071793393311586e-02
-7.615466016396380553e-04,-8.980559553902372691e-03
-6.158546593315476813e-04,-9.759112974230401555e-03
7.772746832112567734e-05,-4.573180923319782596e-05
-6.204072232081763458e-04,-8.838404118324323655e-03
4.921102791180665802e-04,-1.510590074329528449e-03
-7.622910321528917959e-04,-8.710508433702478931e-03
3.418691008931762083e-04,-1.356539243078255363e-03
7.719444639301770378e-05,-5.642036056434949419e-05
-6.207608881032231638e-04,-8.568466094537622799e-03
2.400186881364565269e-04,-4.016734441345076148e-04
-7.627586526474150518e-04,-8.440567907496159331e-03
1.191940393409251142e-04,-8.744143841319476391e-05
-6.209214709272940953e-04,-8.298598591177224273e-03
1.399235259373409553e-04,-1.117495369577114930e-04
-7.629556620064877710e-04,-8.170819321617010106e-03
-6.208580443648532192e-04,-8.028948410383707213e-03
1.268049111377904067e-04,-1.323252053793645341e-04
-7.628623497298095673e-04,-7.901356663911446657e-03
1.439014829880772028e-04,-1.604442485799713422e-04
-6.205400369428857536e-04,-7.759630437157275656e-03
1.596784003448046825e-04,-1.977174413466339399e-04
-7.624449581064341765e-04,-7.632286859311591780e-03
1.750299422232479314e-04,-2.356171774907572845e-04
-6.199363614977699459e-04,-7.490760551367795124e-03
9.513720501757352279e-05,-1.017203018603412244e-02
-7.616654933961766911e-04,-7.363729918698075361e-03
1.662560605204222125e-04,-2.960807629129052110e-04
2.212696493931568279e-04,-3.609462046582304225e-04
-6.190153538632558582e-04,-7.222466170957102076e-03
5.000022865507827100e-04,-1.634110676821940540e-03
-7.604856973274637649e-04,-7.095818960701601869e-03
4.741925518012823091e-04,-1.346652295837310644e-03
-6.177451769362805704e-04,-6.954885980676719578e-03
-7.588665918083155370e-04,-6.828698227366157385e-03
5.986989057677893781e-04,-1.008255423291479907e-02
-6.160948114261429387e-04,-6.688172160093250329e-03
3.645880843616603438e-04,-1.006127852364448703e-02
-7.567675698649758325e-04,-6.562525017015288092e-03
3.042162339091390223e-04,-6.959238520181958891e-04
1.895280814140922431e-04,-2.741421917341644665e-04
2.300818832922687900e-04,-6.244615622720384824e-04
-6.140309064126779886e-04,-6.422494811416231894e-03
4.514308028989258447e-05,-2.538407647187844397e-05
-7.503669414768275201e-04,-6.298739288880978414e-03
