Size 1576,2
0.000000000000000000e+00,0.000000000000000000e+00
-2.220361684116623283e-03,-2.708705173508860892e-02
2.230690630165079857e-03,-2.708924275612196661e-02
0.000000000000000000e+00,0.000000000000000000e+00
-7.426860230627702509e-05,-4.006609249781896670e-05
-1.379435653741927653e-04,-7.111625760627139886e-05
-1.995929954937229463e-04,-1.079287669563364262e-04
-2.603373400127228089e-04,-1.523167244100887420e-04
-3.202623328788026789e-04,-2.054203922624771609e-04
-3.792719221997089933e-04,-2.676269863327443497e-04
-4.372858274588573859e-04,-3.390367862322204127e-04
-4.942643785690649947e-04,-4.195799374043999281e-04
-5.500562040326273210e-04,-5.090604647739214788e-04
-6.046838610704243378e-04,-6.073516698796866667e-04
-6.580768589670995487e-04,-7.142236301484190635e-04
-7.103348756521734577e-04,-8.295149755461438124e-04
-7.613817157740269568e-04,-9.530188578088904638e-04
-8.112510779909043457e-04,-1.084543537523168866e-03
-8.599709451005465915e-04,-1.223882555935587851e-03
-9.075633538742089185e-04,-1.370864817773462729e-03
-9.541181680952472502e-04,-1.525342253298006979e-03
-9.994728804108604821e-04,-1.687123083529901320e-03
-1.043704284004037417e-03,-1.856004762159419418e-03
-1.086872881086657422e-03,-2.031806077325654276e-03
-1.128975937737864083e-03,-2.214373930753179773e-03
-1.170061168826235561e-03,-2.403550510829587355e-03
-1.210065295333183442e-03,-2.599153433120884524e-03
-1.249065829979327177e-03,-2.801028401007695044e-03
-1.287023771878412302e-03,-3.009000839095572494e-03
-1.323992951746198309e-03,-3.222903388495111134e-03
-1.359975304677418523e-03,-3.442592449046547737e-03
-1.394979636838959139e-03,-3.667903999695311043e-03
-1.429012808474686841e-03,-3.898674161943161982e-03
-1.462114306080910002e-03,-4.134767930566596132e-03
-1.494263915361223466e-03,-4.376010351225348774e-03
-1.525512042688688223e-03,-4.622274845162125181e-03
-1.555863140849820300e-03,-4.873407366648417095e-03
-1.585348854578250708e-03,-5.129298669142339645e-03
-1.613883402933308231e-03,-5.389759241370347363e-03
-1.641563516728431925e-03,-5.654656368632716458e-03
-1.668389364218323843e-03,-5.923855846278294410e-03
-1.694382662210208680e-03,-6.197230763459489825e-03
-1.719544192384066727e-03,-6.474635335236403159e-03
-1.743896888401061255e-03,-6.755951649583043228e-03
-1.767444319055611751e-03,-7.041036857689454698e-03
-1.790209403982373666e-03,-7.329778777050498934e-03
-1.812192799349237639e-03,-7.622033744896087801e-03
-1.833423869574876989e-03,-7.917701771721514029e-03
-1.853897862008316473e-03,-8.216635408990756104e-03
-1.873648237965638624e-03,-8.518745877568283109e-03
-1.892668231207114997e-03,-8.823886248308520849e-03
-1.910990452525296313e-03,-9.131973370736583620e-03
-1.928608150567456998e-03,-9.442863147281654879e-03
-1.945553808499890774e-03,-9.756473360818952723e-03
-1.961833995710440381e-03,-1.007268144652337730e-02
-1.977457885766561833e-03,-1.039138706208161261e-02
-1.992442265332441433e-03,-1.071248472558199681e-02
-2.006797275516984495e-03,-1.103587386818649652e-02
-2.020539902473231578e-03,-1.136145377623596665e-02
-2.033679943865780281e-03,-1.168912831250931185e-02
-2.046234428927621359e-03,-1.201880089894946831e-02
-2.058213522594155593e-03,-1.235037928817923382e-02
-2.069636242762728888e-03,-1.268377617489028185e-02
-2.080498698715560306e-03,-1.301888806216586203e-02
-2.090888748984579600e-03,-1.335567819147730206e-02
-2.100664934467561841e-03,-1.369398655709742202e-02
-2.109963737375727174e-03,-1.403377241267659420e-02
-2.118831540219330480e-03,-1.437498487651249664e-02
-2.127132334549222421e-03,-1.471747957481082079e-02
-2.134998322034023076e-03,-1.506122975119905845e-02
-2.142407064141481441e-03,-1.540614347441386645e-02
-2.149356183050234962e-03,-1.575214269209120055e-02
-2.155862379394702863e-03,-1.609913165515958894e-02
-2.161986508971926093e-03,-1.644713219322439801e-02
-2.167846810932099865e-03,-1.679606721058008942e-02
-2.173184795773123491e-03,-1.714572067185632376e-02
-2.178233043693896063e-03,-1.749626933296181616e-02
-2.182812592583863610e-03,-1.784743312499742843e-02
-2.187131831746634385e-03,-1.819933962342746431e-02
-2.191034895164074067e-03,-1.855175921242586956e-02
-2.194690798990545609e-03,-1.890480993354916664e-02
-2.197972272597754125e-03,-1.925827818553544485e-02
-2.201021226439067637e-03,-1.961227424329414770e-02
-2.203731915433665076e-03,-1.996660007858000810e-02
-2.206228677290008114e-03,-2.032135602181110723e-02
-2.208424664776692959e-03,-2.067636501351414330e-02
-2.210421309311195754e-03,-2.103171550135477311e-02
-2.212155365319644698e-03,-2.138724906334847631e-02
-2.213706198407769127e-03,-2.174304460274878448e-02
-2.215031072171843706e-03,-2.209896182040715917e-02
-2.216190257592422913e-03,-2.245507000200326619e-02
-2.217158555283807106e-03,-2.281124690894635598e-02
-2.217980210036256221e-03,-2.316755211060955028e-02
-2.218645119815496058e-03,-2.352388180258242409e-02
-2.219183447591691581e-03,-2.388028585634444090e-02
-2.219597819703595602e-03,-2.423667864292694540e-02
-2.219908358725143811e-03,-2.459310006567952400e-02
-2.220125529542130941e-03,-2.494948279776014813e-02
-2.220266665000971210e-03,-2.530585110577376895e-02
-2.220339004984303762e-03,-2.566218453162199750e-02
-2.220370904812219662e-03,-2.601845808503382151e-02
-2.220373749166121378e-03,-2.637468812757938832e-02
-2.220366563313911235e-03,-2.673088009522292183e-02
-1.877888611081375688e-03,-2.708704716406001162e-02
-1.535433541113188005e-03,-2.708704100341515625e-02
-1.193019012834515592e-03,-2.708704021785688157e-02
-8.506395254790250242e-04,-2.708706717187336910e-02
-5.083057080768747142e-04,-2.708712951457771870e-02
-1.659888758262232018e-04,-2.708724329391048319e-02
1.763215200176831380e-04,-2.708741289694572424e-02
5.186336145023026731e-04,-2.708764131248495369e-02
8.609728259542954055e-04,-2.708790875264260531e-02
1.203347805177191858e-03,-2.708821832814012689e-02
1.545763893351188509e-03,-2.708855467717466783e-02
1.888217229871600030e-03,-2.708890100149858801e-02
2.230590260856192292e-03,-2.673307105320191571e-02
2.230491912697418755e-03,-2.637687966708481338e-02
2.230384546065947854e-03,-2.602064757017248653e-02
2.230248260681566824e-03,-2.566436766540860712e-02
2.230065949388941419e-03,-2.530804275381064172e-02
2.229821252611843222e-03,-2.495167767061652955e-02
2.229498723669031714e-03,-2.459528412798337588e-02
2.229083609063239272e-03,-2.423887539433454766e-02
2.228562420039406806e-03,-2.388246809405419890e-02
2.227921287609100059e-03,-2.352608053154476089e-02
2.227146597715447610e-03,-2.316973273194588775e-02
2.226224099125197805e-03,-2.281344589184393368e-02
2.225142991549738415e-03,-2.245724869053078790e-02
2.223887567783556628e-03,-2.210116372010852495e-02
2.222443352773465983e-03,-2.174522002024542947e-02
2.220801412535821154e-03,-2.138945276151912531e-02
2.218945896009613672e-03,-2.103389138348156148e-02
2.216859282509949739e-03,-2.067856918127929447e-02
2.214536742770388186e-03,-2.032353067873795410e-02
2.211961023145203337e-03,-1.996880954656053697e-02
2.209110707492564340e-03,-1.961444554138932345e-02
2.205988393851133437e-03,-1.926049249261591392e-02
2.202572700782535163e-03,-1.890698660650612026e-02
2.198840591915756076e-03,-1.855397584684281148e-02
2.194798901608539105e-03,-1.820152039659443319e-02
2.190420446943888363e-03,-1.784966188985844665e-02
2.185695796925491395e-03,-1.749845909823161128e-02
2.180615916698696016e-03,-1.714797139694126948e-02
2.175156465610767528e-03,-1.679824702269180209e-02
2.169307393518700357e-03,-1.644935272326070175e-02
2.163043336223696798e-03,-1.610135260019206205e-02
2.156389114207654927e-03,-1.575432476055033115e-02
2.149303809459686323e-03,-1.540831677047091453e-02
2.141776769703727587e-03,-1.506340414847800492e-02
2.133796675731333605e-03,-1.471965615219502331e-02
2.125351147197480049e-03,-1.437715285958004498e-02
2.116421075523752457e-03,-1.403596196171674228e-02
2.107003783426657402e-03,-1.369616908641316071e-02
2.097081087448909864e-03,-1.335784985271637471e-02
2.086625618820783182e-03,-1.302108076999053572e-02
2.075646120592819586e-03,-1.268595991481160506e-02
2.064108555716734610e-03,-1.235256420913933076e-02
2.052002361952285237e-03,-1.202098852850715278e-02
2.039358034896874249e-03,-1.169133196284768625e-02
2.026153705902858891e-03,-1.136366393609050326e-02
2.012318383209354359e-03,-1.103806943783488398e-02
1.997819803177615632e-03,-1.071465550315306783e-02
1.982732209935171748e-03,-1.039357179667849476e-02
1.966992441570017836e-03,-1.007485893134988167e-02
1.950593887212444385e-03,-9.758656123685732764e-03
1.933566052064255962e-03,-9.445052356632330226e-03
1.915792672413912890e-03,-9.134146276519277199e-03
1.897408477215120886e-03,-8.826073801964831600e-03
1.878277149660697708e-03,-8.520933953488957560e-03
1.858322495628263399e-03,-8.218809501107877946e-03
1.837855161865928431e-03,-7.919911572151988946e-03
1.816540952243249915e-03,-7.624248077537264939e-03
1.794335283573481521e-03,-7.331937578765505316e-03
1.771536209910091900e-03,-7.043238577606617326e-03
1.747887612917234596e-03,-6.758174380416802698e-03
1.723435957671514080e-03,-6.476821480969854015e-03
1.698182250766210218e-03,-6.199428877511216351e-03
1.672023367348032547e-03,-5.926053608128073642e-03
1.645066990385504876e-03,-5.656856638211753448e-03
1.617346692532968012e-03,-5.391978619803921256e-03
1.588733001838688649e-03,-5.131566229142286474e-03
1.559131746830368656e-03,-4.875633464831280114e-03
1.529049665418450799e-03,-4.624567865593871320e-03
1.497766039453618525e-03,-4.378374362908514852e-03
1.465312906268415429e-03,-4.136650000758887273e-03
1.431739682240700147e-03,-3.900692671507144903e-03
1.397712075321718653e-03,-3.670050615441552977e-03
1.361883066771195925e-03,-3.444760319438123792e-03
1.326108004846233545e-03,-3.224979032092779602e-03
1.289073502094584614e-03,-3.011212576729768633e-03
1.251229987831200272e-03,-2.803355413099969159e-03
1.212253765493747108e-03,-2.601493421559356728e-03
1.172395151449856900e-03,-2.405850014098817342e-03
1.131317240339518859e-03,-2.216590297228378248e-03
1.089054518840508858e-03,-2.033964238522585882e-03
1.045726945418362598e-03,-1.858359290482497614e-03
1.000881990700511984e-03,-1.689371178387416008e-03
9.554759938551417482e-04,-1.527507991661438509e-03
9.094739217573688354e-04,-1.373179994910964140e-03
8.620175445695699634e-04,-1.226297030250507068e-03
8.127919549375861369e-04,-1.086800355305276048e-03
7.625135417300238317e-04,-9.551673265235653860e-04
7.113433795550285973e-04,-8.316989454568408198e-04
6.590965764922657828e-04,-7.164403177400047087e-04
6.055897038832667957e-04,-6.095708124856843426e-04
5.510140564860277219e-04,-5.112291779062737860e-04
4.952277079874312614e-04,-4.217159181681427228e-04
4.385475483757650048e-04,-3.413499676532007459e-04
3.800246886931624678e-04,-2.695281250341779425e-04
3.207755790673406590e-04,-2.072056160963790111e-04
2.609806879356159283e-04,-1.540873227999495752e-04
1.996735808631718088e-04,-1.096449500107878603e-04
1.382663854125355796e-04,-7.276651265788391866e-05
7.474012121201871332e-05,-4.075368025305967285e-05
0.000000000000000000e+00,0.000000000000000000e+00
0.000000000000000000e+00,0.000000000000000000e+00
0.000000000000000000e+00,0.000000000000000000e+00
0.000000000000000000e+00,0.000000000000000000e+00
0.000000000000000000e+00,0.000000000000000000e+00
0.000000000000000000e+00,0.000000000000000000e+00
0.000000000000000000e+00,0.000000000000000000e+00
0.000000000000000000e+00,0.000000000000000000e+00
0.000000000000000000e+00,0.000000000000000000e+00
0.000000000000000000e+00,0.000000000000000000e+00
0.000000000000000000e+00,0.000000000000000000e+00
0.000000000000000000e+00,0.000000000000000000e+00
-1.278238124738700676e-07,-2.531752054116637266e-06
-1.393442892531361453e-05,-2.680766887729267925e-02
8.880430082662338701e-04,-1.762563240795065721e-03
1.299847152638087091e-03,-4.496083984960823517e-03
1.558717086043895144e-03,-7.762743989976526870e-03
1.791451360345211246e-03,-1.285037670294666284e-02
1.840545392612198683e-03,-1.488916856156854290e-02
1.912610350100969834e-03,-2.048717980039902256e-02
1.932317800600733080e-03,-2.440313591106832783e-02
3.973975618337350431e-04,-3.647136625330155537e-04
-1.711399311996232402e-03,-1.151725114000787600e-02
-1.841907911142283633e-03,-1.628667864414158270e-02
-7.172902479712112579e-04,-1.139175382476256696e-03
-1.055950169369414705e-03,-2.686300761427991811e-03
-1.183303031689234269e-03,-3.546088071317541474e-03
-1.390065725902530800e-03,-5.511303677844062512e-03
-1.475520462200082157e-03,-6.604990494934303430e-03
-1.613031564567032460e-03,-8.968792047377811480e-03
-1.666713792707655382e-03,-1.022345714635126100e-02
-1.894853584006705787e-03,-1.766795932650926798e-02
-1.906813836667643628e-03,-1.907795738219700277e-02
-1.915284269899690658e-03,-2.191867782967509698e-02
-1.764017929394338935e-03,-1.385206272202436570e-02
-1.920430368152973482e-03,-2.334271132586984709e-02
-5.404554522588805344e-04,-6.451449583465343474e-04
1.114037422111848093e-03,-3.105398995987396389e-03
1.445945106289717825e-03,-6.046138634080711928e-03
6.379448480841157275e-04,-8.805220559743685968e-04
1.925770754718693183e-03,-2.262173324726610493e-02
1.891785031519299101e-03,-1.836351509328623330e-02
1.878384624883234870e-03,-1.696203465485774178e-02
1.725568481808169774e-03,-1.087229704474539961e-02
1.663854784523348179e-03,-9.593779640415000740e-03
-9.143015259889149260e-04,-1.929506536151158946e-03
-1.910434469280595203e-03,-2.049631710000546572e-02
-1.297513853122172437e-03,-4.490969478929506334e-03
-1.549570570370096970e-03,-7.760153990917508307e-03
-1.934127592449790293e-03,-2.476181254659075640e-02
-3.473199908099504287e-04,-2.873757795143241076e-04
1.817934275851180006e-03,-1.386332860632094252e-02
1.367618154069683576e-03,-5.250559112047208446e-03
9.780474928242680575e-04,-2.296903273411365475e-03
1.920002520787392024e-03,-2.155361520328253136e-02
1.860542533756779845e-03,-1.591258859570123668e-02
-1.786523186783778045e-03,-1.488053482270168190e-02
-1.745037949862105918e-03,-1.284177796369152802e-02
1.903305175734664335e-03,-1.942342737223878499e-02
1.742820359458027105e-03,-1.183947932048358929e-02
1.616088808673653548e-03,-8.664858918027061596e-03
1.503925345238237444e-03,-6.890833434247023610e-03
1.231802977628757402e-03,-3.765489090214093476e-03
7.539731031463380549e-04,-1.276754565043300513e-03
1.922290372433759073e-03,-2.547828224367966118e-02
2.482514002416184450e-04,-1.637010828938178510e-04
-1.905431355778500375e-03,-2.579908509090680577e-02
-1.921196229276197869e-04,-1.140564151066963380e-04
1.073003656741225746e-03,-2.680652227023620424e-02
2.157083559727739446e-05,-6.185612126534161696e-06
-2.213027620744323909e-05,-5.661473767996032129e-06
-1.014437364384124848e-03,-2.677742059727641552e-02
1.930151468409437498e-03,-2.369062645112263860e-02
-1.887064908826375630e-03,-1.696682032899084897e-02
-1.121249326271445785e-03,-3.106278394522145932e-03
-6.313673445161343449e-04,-8.769887205873579984e-04
5.048482442629879984e-04,-5.593172941462188144e-04
-8.395461383887763921e-04,-1.591450721487257421e-03
-1.434269346988033310e-03,-6.049941685224194746e-03
-1.242026988882479616e-03,-4.008059045346064157e-03
-1.349837356939770057e-03,-4.993641274197016706e-03
-1.641042687647703861e-03,-9.590814587529342475e-03
-1.690131757354761685e-03,-1.086587367446817040e-02
-1.901407950707518493e-03,-1.837181495232444520e-02
-1.906767194260616891e-03,-1.978676510331660310e-02
-1.913242770176011402e-03,-2.120705484918252587e-02
-1.916646607187522848e-03,-2.263091654676327447e-02
-1.924128239861081727e-03,-2.405417771625606438e-02
-9.879959527488734773e-04,-2.294929106192474758e-03
1.884255971553881227e-03,-1.767255150276352341e-02
1.699489130093858637e-03,-1.022982387707189154e-02
1.038731583071898041e-03,-2.683129984988185009e-03
-1.513920784905514044e-03,-7.175400778273192601e-03
-1.730613574814927414e-03,-1.217680995021428250e-02
-1.799309339780880319e-03,-1.557254468548211618e-02
-1.582573488828172481e-03,-8.358266630997687741e-03
-4.463298099506252071e-04,-4.484715063090688719e-04
1.435696709479587795e-04,-7.792011230444852274e-05
1.924761242472020637e-03,-2.619754996697940333e-02
-8.544560068928740680e-05,-4.144880760553837313e-05
-1.921182623819736330e-03,-2.653818416489664087e-02
1.712092508406357289e-03,-2.682811583376951484e-02
4.532381468175840096e-05,-1.801887548729744080e-05
-1.387577216455175534e-04,-7.401471404720049048e-05
-1.344430349858259904e-04,-8.023764512349978431e-05
-1.791907707785893886e-04,-1.243711900268912958e-04
-1.243110199274682004e-04,-9.086871873073310317e-05
-1.600808190648700445e-04,-1.390681668175780387e-04
-1.073183026581903848e-04,-1.055184349868871016e-04
-1.344260596004145459e-04,-1.577824739837899897e-04
-8.311448334064661765e-05,-1.244440604134412884e-04
-1.026996170960251995e-04,-1.814128278269818405e-04
-5.141703687938752314e-05,-1.479356134881269704e-04
-6.265414528559868311e-05,-2.100361509403551646e-04
-1.178349572696690747e-05,-1.759435493771180630e-04
-1.360912187767119517e-05,-2.427430036693345471e-04
-7.265302222860954800e-05,-2.815547892150952890e-04
-1.520216485964667197e-05,-3.188185879920724130e-04
-8.228148233685838166e-05,-3.621966560222670672e-04
-1.659457113654422779e-05,-4.039890034233008112e-04
-9.162637785717380650e-05,-4.518273576437410884e-04
-1.787933673077647098e-05,-4.980573991452657678e-04
-1.004977322760702764e-04,-5.502557818923295646e-04
-1.899284534242686736e-05,-6.008325965301330529e-04
-1.091575696090508839e-04,-6.573090356203384029e-04
-2.000054657359810653e-05,-7.120804144332651842e-04
-1.174033558726514164e-04,-7.727760150535242659e-04
-2.100909280391567352e-05,-8.316898374833816198e-04
-1.254778483467823406e-04,-8.964859775301076746e-04
-2.175422401723930396e-05,-9.595103097250634204e-04
-1.330661725895396273e-04,-1.028429051212254247e-03
-2.218156238635629856e-05,-1.095225936582565427e-03
-1.424751050875628451e-04,-1.168281308594629198e-03
-2.315734948900413482e-05,-1.238740269012680514e-03
-1.483343049754196942e-04,-1.315390578505756802e-03
-2.336653239755650098e-05,-1.389819536422473968e-03
-1.546605995472397218e-04,-1.469985416911954003e-03
-2.332304279430013358e-05,-1.548259303939944140e-03
-1.611383754804273640e-04,-1.632034890494185207e-03
-2.351071229177621069e-05,-1.713925254278257128e-03
-1.673855481100564307e-04,-1.801226893411172689e-03
-2.352978391616298196e-05,-1.886609334861840109e-03
-1.734627120426930776e-04,-1.977366791579519747e-03
-2.341644109824746382e-05,-2.066150252953573990e-03
-1.791993870110479136e-04,-2.160281705215246015e-03
-2.330231815970483473e-05,-2.252398622969546248e-03
-1.847808648368181022e-04,-2.349812503144510598e-03
-2.291745310686418399e-05,-2.445181784380401173e-03
-1.900020374520651999e-04,-2.545782973528339880e-03
-2.244664153911926771e-05,-2.644311509228051971e-03
-1.950635284709389516e-04,-2.748023523178799808e-03
-2.195549364879715535e-05,-2.849621728994782607e-03
-1.998156891703515615e-04,-2.956365825921830788e-03
-2.133077889259591230e-05,-3.060959212889430726e-03
-2.044201452539275089e-04,-3.170655824878998962e-03
-2.067261985304075667e-05,-3.278166605928820032e-03
-2.087147225090618099e-04,-3.390726702937726846e-03
-1.958180499026039822e-05,-3.501451628884540840e-03
-2.128211743522226559e-04,-3.616483038209872096e-03
-1.830425039381273252e-05,-3.729987141240322535e-03
-2.165854779829529282e-04,-3.847662183671644257e-03
-1.755347949084768482e-05,-3.963637267092714155e-03
-2.203356322078369952e-04,-4.084104225242661187e-03
-1.661905256370526824e-05,-4.202647214132650307e-03
-2.237783293774203285e-04,-4.325722543182804018e-03
-1.561633916498166382e-05,-4.447239223962217228e-03
-2.271227147523943268e-04,-4.572451961153206450e-03
-1.509133408670809839e-05,-4.696039987769701045e-03
-2.302551782763771781e-04,-4.823945526653706378e-03
-1.334889981886706631e-05,-4.949624024315511968e-03
-2.331142479293370315e-04,-5.080146458346916638e-03
-1.185037680426737040e-05,-5.208859407994156400e-03
-2.357019250017373957e-04,-5.341098940578208054e-03
-1.128759959335294491e-05,-5.471651520030062534e-03
-2.383839847397762105e-04,-5.606359752805121187e-03
-9.414831718593095981e-06,-5.738767328403700588e-03
-2.405878312669553680e-04,-5.875887280130861860e-03
-7.461286738123235667e-06,-6.011147831640860882e-03
-2.426976252713985657e-04,-6.149761504619357701e-03
-6.944451812013395262e-06,-6.286635872854187852e-03
-2.447690509793027432e-04,-6.427526976387682757e-03
-4.968625914722523277e-06,-6.566047159564932650e-03
-2.465908925973824906e-04,-6.709166280644891789e-03
-2.587629299156579217e-06,-6.850365113212163355e-03
-2.480420588583797802e-04,-6.994754613489150702e-03
-2.118590829182033320e-06,-7.137354564329568586e-03
-2.497710414691392436e-04,-7.283845295978919922e-03
1.040806821690192220e-06,-7.428449061398963334e-03
-2.508277457572468793e-04,-7.576516410720527187e-03
2.960604260886118299e-06,-7.723092653150270825e-03
-2.520081907193179056e-04,-7.872619737239240981e-03
3.145378542447749528e-06,-8.020368105096818342e-03
-2.532475869973086803e-04,-8.171883190240708181e-03
6.657199071592863870e-06,-8.321470357679973395e-03
-2.539648045039174466e-04,-8.474386449425429582e-03
8.719618817813120593e-06,-8.625772939941142581e-03
-2.545823403119444736e-04,-8.779969406369223309e-03
8.747605423588252296e-06,-8.932338568215261038e-03
-2.555827992550137556e-04,-9.088365657752351875e-03
1.259463779117595336e-05,-9.242410112866463953e-03
-2.557389118562739569e-04,-9.399659242129527678e-03
1.735514539487622530e-05,-9.555377869921966374e-03
-2.556536148004865620e-04,-9.713702145832158255e-03
1.769231831544549067e-05,-9.870228909143328316e-03
-2.560215624644757051e-04,-1.003021947395214483e-02
1.909373705465153921e-05,-1.018769507215073859e-02
-2.563511701493606239e-04,-1.034922337013497069e-02
2.100005920861740502e-05,-1.050790730987894404e-02
-2.563388722616379706e-04,-1.067066304338417509e-02
2.321042773719445576e-05,-1.083051378345466220e-02
-2.562901119288671088e-04,-1.099441115331527274e-02
2.531376205978354900e-05,-1.115537372779096086e-02
-2.560046338386493697e-04,-1.132035245866373253e-02
2.315366761456935730e-05,-1.148239855155065194e-02
-2.564794199150551967e-04,-1.164838894627866564e-02
2.632050460103367199e-05,-1.181013745762405504e-02
-2.559427587024471103e-04,-1.197819939060951536e-02
3.037012527800343767e-05,-1.214034119736921366e-02
-2.551735183159001600e-04,-1.230996241597816926e-02
3.438155739502822669e-05,-1.247540744861738715e-02
-2.547137891409159151e-04,-1.264404633516058064e-02
3.672980751482642314e-05,-1.281068847312215320e-02
-2.541006319733797114e-04,-1.297968496752245626e-02
3.567284387981499867e-05,-1.314658101785075826e-02
-2.525090146579552332e-04,-1.331665370127667510e-02
4.110735322847652276e-05,-1.348469673031375653e-02
-2.518203700496485144e-04,-1.365553831038576402e-02
4.371661877752136809e-05,-1.382440419228345152e-02
-2.509018299999419199e-04,-1.399642669094622836e-02
4.187762974420981496e-05,-1.416431716684573260e-02
-2.499424590654926643e-04,-1.433705572516064987e-02
4.791974618817547801e-05,-1.450706602695598854e-02
-2.485927217925830131e-04,-1.467988045710241427e-02
5.492049182478821455e-05,-1.485096085133734249e-02
-2.466615312544868151e-04,-1.502401183876539426e-02
5.421399507032493686e-05,-1.519513950447514208e-02
-2.456966448564324671e-04,-1.536916418729845565e-02
5.628027626139061164e-05,-1.553898839657537681e-02
-2.445472494991213024e-04,-1.571513720210383422e-02
5.861073106682680251e-05,-1.588393161785385185e-02
-2.443196368430268300e-04,-1.606267805902076087e-02
5.847529354062342696e-05,-1.623164808225280309e-02
-2.423838729947345397e-04,-1.641040002516778312e-02
6.244843204839708160e-05,-1.658365665402372277e-02
-2.405191579077559550e-04,-1.676002129733640891e-02
6.975846023761072276e-05,-1.693424200017510858e-02
-2.381473701065048190e-04,-1.711025808537639317e-02
6.849855466933619825e-05,-1.728427193443583115e-02
-2.369915747097794490e-04,-1.746099637516116548e-02
6.536646077467962561e-05,-1.763496161866150158e-02
-2.364018466647487698e-04,-1.781238432033576194e-02
6.653147128695233875e-05,-1.798667282972184894e-02
-2.350597146649202336e-04,-1.816446936913118301e-02
6.853155533849613430e-05,-1.833907184137677226e-02
-2.335051567730240683e-04,-1.851716781035630741e-02
7.069724739601218209e-05,-1.869205211449551096e-02
-2.321695269265613634e-04,-1.887041530393322036e-02
7.243704518896470991e-05,-1.904555457650091571e-02
-2.305916007712025765e-04,-1.922415382023973107e-02
7.432610653689311045e-05,-1.939990752260666376e-02
-2.289170359976636213e-04,-1.957839886512219643e-02
7.687391918770221106e-05,-1.975436627058510530e-02
-2.270862144247919284e-04,-1.993299836301704736e-02
7.885218471672937623e-05,-2.010875843594409074e-02
-2.252965292970099680e-04,-2.028786956202050309e-02
8.074054032580718447e-05,-2.046424944689602746e-02
-2.235022812600893991e-04,-2.064316547509842739e-02
8.338061287951842131e-05,-2.081970390350907849e-02
-2.215568777976514381e-04,-2.099869681293005386e-02
8.531766972278614968e-05,-2.117488236885827976e-02
-2.196806479360666274e-04,-2.135436699804300203e-02
8.713984381109983067e-05,-2.153119788431762452e-02
-2.178136832250916787e-04,-2.171037301526538427e-02
8.985481959280590587e-05,-2.188731110525132459e-02
-2.157786542645738536e-04,-2.206650179292720532e-02
9.232720719688577321e-05,-2.224297613965033754e-02
-2.137339944432935484e-04,-2.242265583113907737e-02
9.379411951099191308e-05,-2.260007425771601297e-02
-2.118275081775211036e-04,-2.277910432059288351e-02
9.633635705361457378e-05,-2.295627393744797962e-02
-2.097368959948379204e-04,-2.313546912338402400e-02
9.902758203552169318e-05,-2.331184197173028633e-02
-2.075559102981530191e-04,-2.349169410764567756e-02
1.001853112685705877e-04,-2.366907937139438659e-02
-2.056057460746393048e-04,-2.384807635122639449e-02
1.026505219441190030e-04,-2.402516175304053245e-02
-2.034152265483963923e-04,-2.420417449570933660e-02
1.049676639197007915e-04,-2.438077364147291093e-02
-2.009570298221035885e-04,-2.455991843556143417e-02
1.067184474654463052e-04,-2.473617248942161506e-02
-1.983789803775081557e-04,-2.491481431292427717e-02
1.086006076310628128e-04,-2.509023650893748084e-02
3.608373503955075728e-05,-2.084538727267289560e-04
6.863716099602273381e-05,-6.554764215454191197e-04
8.746981202431390471e-05,-1.026370875164551262e-03
1.060508829262572691e-04,-1.468058839872893838e-03
1.245472721229053169e-04,-1.975698648107804961e-03
1.671268887649247188e-04,-3.389541576170000854e-03
-1.958877323424708492e-04,-2.526828314251430146e-02
1.850780399859803258e-04,-4.083055449698892204e-03
2.011695933264512142e-04,-4.822853015317434162e-03
2.175504482632278360e-04,-5.605266383610262720e-03
2.334125700046823777e-04,-6.426420610968204376e-03
2.479506035125711720e-04,-7.282319235708921770e-03
2.617648617159142239e-04,-8.169958627947804600e-03
2.756919041800175879e-04,-9.086396660058327496e-03
3.029162333206831658e-04,-1.132082858357314446e-02
3.167256882976773858e-04,-1.230720168496091810e-02
3.282736893565318926e-04,-1.331433855853270815e-02
2.969190435226600050e-05,-1.464585765665188117e-04
3.390332801742133428e-04,-1.433456432814074998e-02
3.526914474011007337e-04,-1.536583726520894880e-02
3.588206906929307296e-04,-1.640735809228417719e-02
1.429641789788939701e-04,-2.544223920567743099e-03
3.743515029881317575e-04,-1.886777331105344430e-02
3.816726501362036625e-04,-1.993081206302901517e-02
3.888690749545872078e-04,-2.099666365191311945e-02
3.962424136704977506e-04,-2.206529236970104779e-02
4.134030782559372248e-04,-2.491230855248225198e-02
4.150252858463165787e-04,-2.526535119869285570e-02
4.036754901657773112e-04,-2.313363981777559128e-02
2.936159039451694767e-04,-1.002817609208123475e-02
3.709696405407309893e-04,-1.745690496345153608e-02
1.548895028574947532e-04,-2.954148935214957316e-03
3.016298778897473693e-04,-1.066841718862931131e-02
3.699817917378228930e-04,-1.816129400002091526e-02
5.575203083732491248e-05,-4.500843964618326653e-04
4.098165251241084979e-04,-2.420252865538532680e-02
-5.024273852657444974e-04,-2.509381497446714834e-02
-4.997522561527521215e-04,-2.544637178491459054e-02
-5.081817309462173093e-04,-2.438454946260571604e-02
-5.129641397752880000e-04,-2.367266704857690432e-02
7.766719905845700098e-05,-1.786526862694379344e-04
-5.171117124310936142e-04,-2.296012502123068177e-02
-5.209965560044032412e-04,-2.224750847232345730e-02
-5.254063664780288766e-04,-2.153403301091722996e-02
-5.277794389113506538e-04,-2.082328391076948906e-02
-5.313021016638296880e-04,-2.011341941121843821e-02
-5.342227688377695948e-04,-1.940428924582559764e-02
-5.364082977607186878e-04,-1.869683427460289843e-02
-5.444765142841961848e-04,-1.451177871145322915e-02
-5.380227987320148611e-04,-1.799146135173869746e-02
-5.445320708720037105e-04,-1.348969636178166259e-02
-5.397888452668737772e-04,-1.728860873693503428e-02
-5.418905036450820780e-04,-1.658851284993694691e-02
-5.430084549194221085e-04,-1.589116928377421953e-02
6.279930389922553367e-05,-1.214989823510982203e-04
-5.436046786370073158e-04,-1.519876609938298519e-02
-5.415485506952479608e-04,-1.247984722602704655e-02
-5.398818865846252441e-04,-1.181620252594718645e-02
-5.359211876997418923e-04,-1.115997855132166462e-02
-5.322056028851968480e-04,-1.051254198268813077e-02
-5.276359234171176587e-04,-9.874478468197511044e-03
-5.223466155600749476e-04,-9.246577281986561453e-03
-5.160401179577304423e-04,-8.629735969633511861e-03
-5.104091263908643256e-04,-8.025084441308383970e-03
-5.022806405111458804e-04,-7.433053616871018905e-03
-4.930857946062892818e-04,-6.854870887341413775e-03
-4.827954300051686266e-04,-6.291547804098487212e-03
-4.713549419484802075e-04,-5.744083400903470665e-03
-4.590547152000546425e-04,-5.213594370968936340e-03
-4.451260910455276235e-04,-4.701162068769368721e-03
-4.298514439952044004e-04,-4.207924387907186446e-03
-2.819412800890063668e-04,-1.395813016079167600e-03
-4.132375628271037172e-04,-3.735078140948078045e-03
-3.952210755323207572e-04,-3.283770198032422150e-03
-3.757013187000160710e-04,-2.855288079673622831e-03
-3.546499047462313425e-04,-2.450902549266600547e-03
-3.319951694709099839e-04,-2.071938555900905768e-03
-3.076921239765559443e-04,-1.719739745920544809e-03
7.194337632966650315e-04,-2.508784006888659102e-02
7.205934722647873393e-04,-2.544044358268432102e-02
-2.392615175227800269e-04,-9.656222287293575761e-04
-1.416727398763115793e-04,-3.249375650078160558e-04
-2.087468292446868301e-04,-7.181224310137058120e-04
-1.762685911706977492e-04,-5.040990835409533835e-04
-8.056793272394606898e-04,-2.527254297347303683e-02
4.172617411196676311e-04,-2.561736689994158211e-02
-8.055282290141727681e-04,-2.562048125939571375e-02
-4.103528367835361702e-05,-9.554924560460700811e-05
9.236139185629050415e-05,-2.453995286530695485e-04
1.344943963894224557e-04,-2.153413428534851827e-04
1.572418796951565031e-04,-2.867517049036645387e-04
-4.860517474609892473e-04,-2.579378913631836731e-02
7.215436668138269739e-04,-2.579168775548419668e-02
4.197803806095323038e-04,-2.596743421953087022e-02
-1.109664291676713387e-03,-2.545035649905685177e-02
-1.097778715461362889e-03,-2.579166377983281230e-02
-1.112063240897906381e-03,-2.509837495208446304e-02
1.025128874635414808e-03,-2.526341867853475892e-02
1.024026401782612752e-03,-2.490992256990215425e-02
2.003736275315684036e-04,-2.565003160285965218e-04
2.308775347373057780e-04,-3.323859405551502400e-04
1.691663196480562602e-04,-1.898233701073746946e-04
-7.980856622010149156e-05,-6.244863110967520349e-05
-1.416297281747679613e-03,-2.527747312037739030e-02
2.363875091217173716e-04,-2.307722915870504227e-04
1.327029637832904301e-03,-2.508588055740562997e-02
-1.950174939020298090e-04,-1.963976442010918408e-04
2.324838724240094149e-05,-9.435199669146730609e-05
4.793870489113142040e-05,-7.435116240713112606e-05
1.706853004409505093e-05,-5.270303731686123039e-05
3.345098443784372928e-05,-3.790327423640710801e-05
6.471779417407189366e-05,-5.838001830472617023e-05
1.796481883927720027e-04,-3.672243279527549384e-04
2.609320603944790379e-04,-4.172034295174803357e-04
2.016785302155101988e-04,-4.566786085767445208e-04
2.905205411834655576e-04,-5.109535126804563279e-04
2.233471799884557138e-04,-5.549128472576900749e-04
3.195488379160020022e-04,-6.133315903484622264e-04
2.446752957833372467e-04,-6.617690727223616469e-04
3.419514911203440518e-04,-7.238149994799786312e-04
2.644654667739122973e-04,-7.771253168197974313e-04
3.681910506123889262e-04,-8.433872424053642488e-04
4.060086143234306329e-04,-6.723969630432966027e-04
2.845048252542777142e-04,-9.007734009790919474e-04
4.016478488396126793e-04,-9.713348449504288730e-04
3.058432550669179777e-04,-1.032302456976804620e-03
4.243183126244086454e-04,-1.106285871820710497e-03
3.250784067109159970e-04,-1.171942236895494793e-03
4.567199215477578790e-04,-1.249797134994592518e-03
5.287399777077759263e-04,-1.044656540793324762e-03
3.457852873231300611e-04,-1.319085881255138313e-03
4.889399689538803228e-04,-1.397981109031771856e-03
3.653774323183085477e-04,-1.473875812728448918e-03
5.006870667574049279e-04,-1.557915798432746995e-03
3.829053125877617805e-04,-1.635600762112606604e-03
5.219916682407503561e-04,-1.724093288933845709e-03
4.006491952342611500e-04,-1.804821412506972880e-03
5.554015673031525513e-04,-1.897100925064003785e-03
4.204158126723402220e-04,-1.980824638826894982e-03
5.918685720694048195e-04,-2.079512493089745624e-03
4.407994823429565567e-04,-2.164282783574727684e-03
6.181222000390398322e-04,-2.267195860704263131e-03
4.594924626286038126e-04,-2.354124872835450157e-03
6.295354104539119299e-04,-2.454044642237247168e-03
4.750526128531615071e-04,-2.549039941717637370e-03
6.596091963541491059e-04,-2.653095735398529244e-03
4.930613466976151030e-04,-2.750989026017932725e-03
6.835465191717789634e-04,-2.858084400712920196e-03
5.103166337820102963e-04,-2.959113742810415802e-03
7.056077937206817587e-04,-3.069021913018604199e-03
5.268372701569953506e-04,-3.173224781349018135e-03
7.273203658602341937e-04,-3.285903952350158978e-03
5.430679825413044443e-04,-3.393159425149923272e-03
7.348795297248458249e-04,-3.498811569961838251e-03
5.566474034852899504e-04,-3.617080929742160812e-03
7.822874312639433933e-04,-3.732154892963301072e-03
5.761507615894436276e-04,-3.848661555279441100e-03
7.793344367378102124e-04,-3.969955095020528610e-03
5.880745082462625209e-04,-4.085767493639161363e-03
8.111063995262909800e-04,-4.209313113743678655e-03
6.048175450881934472e-04,-4.327441488105001309e-03
8.391039515313346341e-04,-4.453746651832329179e-03
6.208325484516158095e-04,-4.574141810999238569e-03
8.424193274600873249e-04,-4.701815328731056079e-03
6.318051526443872962e-04,-4.825377706906686451e-03
8.662420286055250987e-04,-4.960242823997720006e-03
6.476738773176396284e-04,-5.082333485646267635e-03
8.848741487479024623e-04,-5.221430112235772754e-03
6.611806694721190534e-04,-5.343694986665904756e-03
8.924542249550239999e-04,-5.479679436976851725e-03
6.728941099620012545e-04,-5.608168110911144165e-03
9.205081840889227113e-04,-5.745034715352865910e-03
6.883656913849676420e-04,-5.877203098312049588e-03
9.460139569063618714e-04,-6.016514560217289809e-03
7.022496239685712066e-04,-6.150762875286386495e-03
9.489656073119897249e-04,-6.290968256526633350e-03
7.119714317743475488e-04,-6.428096112840369324e-03
9.574597515100928937e-04,-6.569939660314001728e-03
7.243115461368778525e-04,-6.709648927552858654e-03
9.807501643576113561e-04,-6.861061049070383937e-03
7.364822145995862570e-04,-6.996311685691040255e-03
9.883650362144261528e-04,-7.144094081170995411e-03
7.469923964303278345e-04,-7.284828213092257518e-03
1.010758312241087642e-03,-7.437455593573789013e-03
7.608166219382452499e-04,-7.577724143131092140e-03
1.025745857293207126e-03,-7.734565092256623017e-03
7.710899518382879599e-04,-7.874222767044377833e-03
1.031629886016819210e-03,-8.026884186415107064e-03
7.805155022883802311e-04,-8.172635129399330803e-03
1.052003993360763360e-03,-8.330009129606675417e-03
7.936151315260448402e-04,-8.475275481756435955e-03
1.065613725272545123e-03,-8.636899036485607903e-03
8.032262431216252458e-04,-8.779404534996756299e-03
1.071353095765953693e-03,-8.936875707872755578e-03
8.116186561476701131e-04,-9.088227109393401393e-03
1.089882541633951365e-03,-9.250095340703996111e-03
8.240455991250942918e-04,-9.400068382109360784e-03
1.102134652404279961e-03,-9.566008608738208255e-03
8.341781373693076419e-04,-9.714629188387785205e-03
1.108226004608451557e-03,-9.872254798749898266e-03
8.427437481943601642e-04,-1.002973272296826639e-02
1.121782397523138743e-03,-1.018894677973875874e-02
8.514937075714202252e-04,-1.034830892533292364e-02
1.133311113355928721e-03,-1.050880107752665341e-02
8.604397786168143129e-04,-1.066956191582149258e-02
1.143518464959704904e-03,-1.083116136239828040e-02
8.681480353641573590e-04,-1.099475896685284289e-02
1.153853963966949923e-03,-1.115608181090785127e-02
8.720451750848895152e-04,-1.132177021914862469e-02
1.158567810780925791e-03,-1.148311098628468363e-02
8.801772553544998058e-04,-1.164834062497739978e-02
1.167548709902472334e-03,-1.181177626637398143e-02
8.897628222869663787e-04,-1.197714303527233626e-02
1.182661596256848798e-03,-1.214225255961415111e-02
8.987452645195953028e-04,-1.230872365112260954e-02
1.191010957916514498e-03,-1.247492530137048715e-02
9.091340582709551456e-04,-1.264232001810609157e-02
1.200420761538033374e-03,-1.280935204873403892e-02
9.140553957739371580e-04,-1.297768481773867340e-02
1.208610491472930865e-03,-1.314546390062112935e-02
9.207053556081730775e-04,-1.331468512935593020e-02
1.216511990195694084e-03,-1.348318416859834758e-02
9.305440202596433012e-04,-1.365323692373886406e-02
6.480530009174302998e-04,-1.513554828814392839e-03
7.228535011555043289e-04,-2.614107576204795572e-02
1.021520027881466170e-03,-2.596609886174517517e-02
1.225955250961500856e-03,-1.382241024993643465e-02
9.347119586093160203e-04,-1.399327433206627551e-02
1.232634486871625728e-03,-1.416307096191331792e-02
9.406217823183645951e-04,-1.433469310503271768e-02
1.239579886143135200e-03,-1.450509190768084662e-02
9.501130997390328306e-04,-1.467741670725072542e-02
7.606741235496845095e-04,-1.980541444172708321e-03
1.248699783737588749e-03,-1.484837911392333787e-02
9.571231162144572648e-04,-1.502138318246508918e-02
1.254808448415141225e-03,-1.519287641948228150e-02
9.630971790138095250e-04,-1.536651412970044608e-02
1.261131162220281449e-03,-1.553850267329980571e-02
9.688306575641374239e-04,-1.571274245804523892e-02
9.192989041441013099e-04,-3.402292084925351377e-03
1.270736303107655252e-03,-1.588517653898734172e-02
9.710750107426160613e-04,-1.606000446364481624e-02
1.273880663559729537e-03,-1.623285903395103175e-02
9.754235797957936261e-04,-1.640820994500843261e-02
1.282760879463745512e-03,-1.658145198064722367e-02
9.837059893785977949e-04,-1.675523970360304898e-02
1.325241877746286467e-03,-2.473153254863404496e-02
1.021795799311470999e-03,-2.455531913571104563e-02
1.323511518962997230e-03,-2.437644518284067321e-02
1.019516430678402055e-03,-2.419984495312822032e-02
1.321806206434206991e-03,-2.402075726482104726e-02
1.017329263701376900e-03,-2.384386296649826376e-02
1.319815131522244708e-03,-2.366471939844989186e-02
1.015193204366626875e-03,-2.348774682608786163e-02
1.321184049877469329e-03,-2.330851972715347609e-02
1.013913476811405430e-03,-2.313193650657929812e-02
1.316559632174620076e-03,-2.295234871116191844e-02
1.011152985605530755e-03,-2.277527726087857224e-02
1.313721517189643875e-03,-2.259605232812212511e-02
1.008486348368936190e-03,-2.241894707982045390e-02
1.314223602320828193e-03,-2.223982914295202437e-02
1.006940576371613853e-03,-2.206318550313973031e-02
1.309599006470936466e-03,-2.188380895262099710e-02
1.004049536314625870e-03,-2.170679707779930162e-02
1.306493763662951385e-03,-2.152781441767971649e-02
1.001158856825030887e-03,-2.135082433324662562e-02
1.306231085283718818e-03,-2.117201510481199131e-02
9.988761043701749331e-04,-2.099510220149443732e-02
1.301526970028774434e-03,-2.081645720562741789e-02
9.958581346687486648e-04,-2.063928594891235174e-02
1.298108662739170692e-03,-2.046109657551413788e-02
9.930010945953056303e-04,-2.028446643265808744e-02
1.297069716656122770e-03,-2.010613620052836142e-02
9.900681929279531081e-04,-1.992958496994865977e-02
1.292257276049584231e-03,-1.975147536917561120e-02
9.870199499053184701e-04,-1.957505746811973035e-02
1.288493165646360057e-03,-1.939718199002857593e-02
9.838508390093536182e-04,-1.922092974081102135e-02
1.286569073302365907e-03,-1.904330745093122876e-02
9.807560737385139383e-04,-1.886704699488473899e-02
1.281665274716896558e-03,-1.868987564805913229e-02
9.772172210970148879e-04,-1.851328130096639712e-02
1.277435537837883330e-03,-1.833689305852478565e-02
9.735371134882633967e-04,-1.816052358482130383e-02
1.273448238688813013e-03,-1.798454767860880807e-02
9.697843946679885136e-04,-1.780844776424486339e-02
1.269063757366032481e-03,-1.763285078678788337e-02
9.686096797587749260e-04,-1.745627110957179845e-02
1.268152416065016896e-03,-1.728246103214484478e-02
9.961674202051931833e-04,-4.089337159609366702e-03
1.078333285750371177e-03,-4.839833899415900247e-03
1.162540484221713608e-03,-5.627091933286567683e-03
1.319018187460613799e-03,-2.544727887162985883e-02
1.216758386076470782e-03,-6.449712888638581797e-03
1.268649154306981637e-03,-7.308881735991114986e-03
1.313257393568660917e-03,-8.196543185066745493e-03
1.361667294774581479e-03,-9.112401976725083633e-03
4.232822165470499082e-04,-2.631404294271628974e-02
1.232525760920386211e-04,-2.613289463951324124e-02
1.435798360474297613e-03,-1.133233132941608920e-02
6.678518419018574870e-04,-1.588215640451723365e-02
6.593412691161552788e-04,-1.485042967645884386e-02
6.414701155072846141e-04,-1.382401143351238114e-02
6.246493357239000848e-04,-1.281055450877503603e-02
5.974599359001624361e-04,-1.181107130381379121e-02
1.473049872442431596e-03,-1.230849196217220776e-02
5.610574704177757020e-04,-9.555944431827572208e-03
5.360582526012386013e-04,-8.626240211446912359e-03
5.116242856285764746e-04,-7.723931985948576107e-03
1.504472976685585894e-03,-1.331396517855460565e-02
4.863101204031807499e-04,-6.851290673503466003e-03
4.611718787799896067e-04,-6.012284996478685709e-03
4.321531355940057577e-04,-5.210234673328246677e-03
4.021352731208574982e-04,-4.448471705499750482e-03
3.711896824675563851e-04,-3.731151657595423686e-03
1.589778134418249559e-03,-1.886599015992385456e-02
1.531076104283604460e-03,-1.434729367221495092e-02
2.914748689415269222e-04,-2.254652173219486282e-03
1.601879446759914500e-03,-1.992805970040966920e-02
2.541052884580942374e-04,-1.716455210526913805e-03
2.159949533560524468e-04,-1.241189918821959453e-03
6.815795954149354288e-04,-1.939839952793128916e-02
1.762376181003151663e-04,-8.345418516948844906e-04
1.553076029699309657e-03,-1.537882583660768118e-02
6.897874065920253216e-04,-2.046267138306043579e-02
6.976036455176902809e-04,-2.153007564643456481e-02
1.611740434904760820e-03,-2.100689522404719511e-02
7.047755731888425681e-04,-2.259892500055740716e-02
7.112446389195766243e-04,-2.366782108271685628e-02
1.619308707560283443e-03,-2.207439445716758916e-02
1.578782418560974220e-03,-1.642022282186407153e-02
1.625578425882129828e-03,-2.314302510576660143e-02
1.624483111664931341e-03,-2.492264439791851485e-02
-1.403719974770385607e-03,-2.492387407777598221e-02
-1.112292890357025272e-03,-2.474474963079474274e-02
-1.403560251830825167e-03,-2.456955025015326519e-02
-1.114136632948244761e-03,-2.438996559178760459e-02
-1.404875909661247460e-03,-2.421449400373430413e-02
-1.116339860071924317e-03,-2.403460100261840468e-02
-1.407143668977283747e-03,-2.385892571155924513e-02
-1.118595879512604896e-03,-2.367880745318758084e-02
-1.408840448641369893e-03,-2.350299164877816746e-02
-1.120693952112183662e-03,-2.332274209382022984e-02
-1.410927347541713478e-03,-2.314687168436399892e-02
-1.122776991672480486e-03,-2.296654079250905200e-02
-1.412434715563601600e-03,-2.279065554577133779e-02
-1.124705489775038600e-03,-2.261030871551374111e-02
-1.414273220507001293e-03,-2.243446526815629297e-02
-1.126593233738731881e-03,-2.225410925083957589e-02
-1.415545676643272920e-03,-2.207831996467963728e-02
-1.127954277506498923e-03,-2.189736613957840583e-02
-1.417067281097053556e-03,-2.172220838465176510e-02
-1.129193144640050711e-03,-2.154063100741803252e-02
1.943102473515932564e-04,-1.683932282562612757e-04
1.371990830158391968e-04,-1.325211685113772430e-04
1.543396797659995394e-04,-1.156644791824592650e-04
-1.417992505735965773e-03,-2.136619350497862696e-02
-1.130637456557385305e-03,-2.118473407142556358e-02
-1.419274017978892563e-03,-2.101050499223451606e-02
-1.132429897352471310e-03,-2.082976867690518666e-02
3.509877467822257718e-04,-4.711280490659803567e-04
-1.420039135840725931e-03,-2.065516270180136477e-02
-1.134098540579360622e-03,-2.047516403245866479e-02
-1.421112864666243536e-03,-2.030016304897643356e-02
-1.135362621843565793e-03,-2.012026962769817087e-02
-1.421516049727125468e-03,-1.994535729840580390e-02
-1.136369078923377520e-03,-1.976560797363904193e-02
-1.422175360357462752e-03,-1.959090743558696349e-02
-1.137267568450929522e-03,-1.941128779385704883e-02
1.014316291504938593e-03,-2.629669424715477821e-02
1.325320536393552896e-03,-2.615659192297092178e-02
-1.422182450013343129e-03,-1.923681386406993210e-02
-1.137952617182117279e-03,-1.905739455663000778e-02
-1.422451748413956817e-03,-1.888319906824214786e-02
-1.138526624542554339e-03,-1.870395566151315456e-02
1.302139606821078530e-03,-2.650280406338536079e-02
-1.422048794717194154e-03,-1.853004115025732104e-02
-1.138558253000911472e-03,-1.835104528411296565e-02
-1.421843482042141771e-03,-1.817746557570583399e-02
-1.138719896209291517e-03,-1.799869097885253150e-02
-1.420973453837798359e-03,-1.782544646288577311e-02
-1.138780057074263328e-03,-1.764697666395447645e-02
-1.420373302460147804e-03,-1.747412157041357966e-02
-1.138637347873815760e-03,-1.729592489815410042e-02
8.934089726831981955e-06,-1.766691037440875516e-05
-5.776407894811172455e-06,-3.547238374928937996e-05
2.043011595995129279e-05,-1.494535056887343023e-05
8.339690994093840962e-04,-2.566541183100922319e-03
-1.419041051789587601e-03,-1.712346552640670039e-02
-1.138321163151547041e-03,-1.694563185048803336e-02
-1.417954325453209870e-03,-1.677361949364077759e-02
-1.137784952229490111e-03,-1.659613672219371200e-02
8.864882026279278376e-04,-2.973868284377594994e-03
-1.454114223040594732e-03,-1.643026666077605433e-02
-1.142165061053219011e-03,-1.624752739168208726e-02
-1.463186938453100387e-03,-1.608587914295648777e-02
-1.144942649347899808e-03,-1.590132236612962213e-02
-1.457539605378233320e-03,-1.573626696335167496e-02
-1.140112881989380385e-03,-1.555307439853210669e-02
-1.453853389025756664e-03,-1.538944639085505078e-02
-1.141544425378321955e-03,-1.520839827002432032e-02
-1.450617215871206943e-03,-1.504409257095471429e-02
-1.139340662189969929e-03,-1.486363964775284582e-02
-1.434687644453000325e-03,-1.469520233620344452e-02
-1.135175751063868203e-03,-1.451949816011801654e-02
-1.445261315132764486e-03,-1.435470096802813830e-02
-1.135815091282448919e-03,-1.417789435969776107e-02
-1.452470824713274428e-03,-1.401507236408075507e-02
-1.135583349189452865e-03,-1.383752285911746954e-02
-8.393789189385026566e-04,-1.400363136665692607e-02
-1.420765476670606030e-03,-1.367051868115002310e-02
-1.128614280569756236e-03,-1.349753593630663440e-02
-1.431785549265534620e-03,-1.333463955508885392e-02
-1.127384946053399620e-03,-1.316006208314563809e-02
-1.437721727938681866e-03,-1.299988913460551308e-02
-1.126356233623753604e-03,-1.282428979587093253e-02
-8.356635647173321938e-04,-1.298705645862126279e-02
-1.422487965625019888e-03,-1.266519878208911994e-02
-1.117642442214143847e-03,-1.248891839642595619e-02
-1.414472610890421533e-03,-1.233190988837326411e-02
-1.113624425155679233e-03,-1.215618460817536120e-02
-1.407997215756893496e-03,-1.200019259152736856e-02
-1.109266529421672979e-03,-1.182530913381560529e-02
-1.401113746968836666e-03,-1.167033795209158030e-02
-1.104564089485254863e-03,-1.149638478535124943e-02
-1.394118599063660620e-03,-1.134247552439045063e-02
-1.099503573911810375e-03,-1.116950332009796799e-02
-1.386420330995265671e-03,-1.101670359520554726e-02
-1.094078517152727607e-03,-1.084476438029906287e-02
-1.378543759080513810e-03,-1.069312315726531071e-02
-1.088276096226495088e-03,-1.052226386719470885e-02
-1.369933767475930942e-03,-1.037183084581966286e-02
-1.082090759230179338e-03,-1.020210557191334952e-02
-1.361124054818117074e-03,-1.005293227258103640e-02
-1.075507706647177908e-03,-9.884389306409386081e-03
-1.351561647992715080e-03,-9.736528344419360589e-03
-1.068517111875015276e-03,-9.569217880371218288e-03
-1.335957652729305098e-03,-9.419348921611054096e-03
-1.061114393629127061e-03,-9.256820926415358294e-03
1.398001836721190225e-03,-1.004635798725654269e-02
-1.770384293142894788e-03,-1.453405215358597423e-02
-1.330225876186489449e-03,-9.111090808131610749e-03
-1.053543127960545689e-03,-8.947243763629715574e-03
-1.315003929532378938e-03,-8.800026783678444042e-03
-1.045002964437632791e-03,-8.640431175376796918e-03
1.416539631599621641e-03,-1.067373055128770405e-02
-1.750805152882497920e-03,-1.351180991429279388e-02
-1.307851397431668370e-03,-8.497516776031768457e-03
-1.036903338782391940e-03,-8.337010884291192955e-03
-1.291982229151848651e-03,-8.192484824357951570e-03
-1.027165020015373279e-03,-8.035845791880503672e-03
-1.283323795222854205e-03,-7.896110454612727259e-03
-1.018033220477291157e-03,-7.738663695009899250e-03
-1.267704728358199414e-03,-7.598299902773948677e-03
-1.007563527098589550e-03,-7.444173499277096338e-03
-1.685384414263117574e-03,-2.504963714114663217e-02
-1.723149444577238079e-03,-2.545183970935667450e-02
-1.713196293874442739e-03,-2.439878913109121833e-02
-1.256709876542419762e-03,-7.307947879166205515e-03
-9.973168965701419576e-04,-7.153704228803939649e-03
-1.241287762982072910e-03,-7.017996518331769303e-03
-9.860653772076003864e-04,-6.866400112603810758e-03
-1.720820708595551885e-03,-2.368662672685493270e-02
-1.728225619881764525e-03,-2.297356190903579801e-02
-1.227778024180141295e-03,-6.733936174727803668e-03
-9.746391188706282020e-04,-6.583106661033539565e-03
-1.211065315141898789e-03,-6.451270583947584999e-03
-9.623283041441843717e-04,-6.303311087956974847e-03
1.571384235188727756e-03,-1.747421739563097612e-02
-1.734619184947111406e-03,-2.226060729044906580e-02
1.580663663976353012e-03,-1.817154518799346877e-02
6.833039879700249231e-04,-1.658404623753782087e-02
6.870547746721109494e-04,-1.693237704812806596e-02
-1.196122859615930938e-03,-6.174834938159990370e-03
-9.498260698628621006e-04,-6.027811887370193057e-03
-1.178287474238585986e-03,-5.900140650338525118e-03
-9.364741264917417424e-04,-5.756091617666080247e-03
-1.811019543608639306e-03,-1.592176367032797218e-02
-1.736958232482327478e-03,-2.154862717342999334e-02
-1.794415141865475689e-03,-1.522526596979740902e-02
-1.738618026691595049e-03,-2.083738992891994227e-02
-1.161896900794967850e-03,-5.631874397581894745e-03
-9.228746885437428150e-04,-5.488930232665760293e-03
-1.145983338368725124e-03,-5.367051244059591400e-03
-9.112982929161150304e-04,-5.226118019300694806e-03
-6.907772071387593277e-04,-5.350300571449867135e-03
-6.804471397260647425e-04,-5.089319658494433594e-03
-8.956420809861388981e-04,-4.966851887144088651e-03
-6.692908860583047549e-04,-4.832957940296290188e-03
-8.794521799819175756e-04,-4.712913682595863511e-03
-6.576799335928216377e-04,-4.581444635697637380e-03
-8.632766232215344443e-04,-4.463921582611507684e-03
-1.111416633839964292e-03,-4.850169636183706071e-03
-6.456402339865794119e-04,-4.334848194434006742e-03
-8.460565484578627627e-04,-4.219896252369633761e-03
-6.331169574765649127e-04,-4.093279786429999262e-03
-8.287100056051940151e-04,-3.980980626038546806e-03
-1.064865716721827412e-03,-4.350331767511509892e-03
-6.201350803987214916e-04,-3.856885479775739537e-03
-8.103013793151588517e-04,-3.747295242550738488e-03
-6.066466738826036551e-04,-3.625804452211903173e-03
-7.917302463926884082e-04,-3.519017167805142329e-03
-5.926794110485602424e-04,-3.400188149086982511e-03
-7.723292370320582450e-04,-3.296275651797116266e-03
-5.782239914133944104e-04,-3.180199387834165697e-03
-7.525262153778180087e-04,-3.079249670813423521e-03
-5.632384098565663055e-04,-2.965990646488103882e-03
-7.318368667839468414e-04,-2.868076851681692404e-03
-5.477364574308072644e-04,-2.757725561144413421e-03
-7.106978062201788765e-04,-2.662933124304547264e-03
-5.316853854793221305e-04,-2.555564961431892618e-03
-6.886721191777206257e-04,-2.463972276657278287e-03
-5.150982108436367871e-04,-2.359674814883739886e-03
-6.661530304797505086e-04,-2.271370864705391044e-03
-4.979401536330592837e-04,-2.170219679440814516e-03
-6.427281511765527925e-04,-2.085280482869459814e-03
-4.802358658901890033e-04,-1.987376982778562423e-03
-6.195989698599797205e-04,-1.906014993140313189e-03
-4.620658883295647489e-04,-1.811321056856830727e-03
-5.949427023727963141e-04,-1.733482708137620322e-03
-4.432480835003799321e-04,-1.642197249724496912e-03
-5.686242861058132987e-04,-1.567657828063885551e-03
-4.236824642641128717e-04,-1.480157071915563956e-03
-5.432547130403945915e-04,-1.409376568100792915e-03
-4.039889577026762593e-04,-1.325602598668151454e-03
-5.154735461413943861e-04,-1.258639937695904196e-03
-3.839306551122398923e-04,-1.178579619273555307e-03
-4.892047503927775655e-04,-1.115507354993694336e-03
-6.549996059498073338e-04,-1.344318576932784261e-03
-3.618752242557674395e-04,-1.038947040079097293e-03
-4.607112721342482287e-04,-9.799259485200513282e-04
-3.399095851626367172e-04,-9.070538512590607498e-04
-4.297476518903757905e-04,-8.531414125131334299e-04
-3.170466612652810576e-04,-7.834540592248510947e-04
-3.992639101675843284e-04,-7.336909687679266144e-04
-2.937732853287465182e-04,-6.680494168966161737e-04
-3.692062103550179252e-04,-6.215456563549409241e-04
-2.699837367752533357e-04,-5.608802418463426859e-04
-3.377411699080884845e-04,-5.188497718645023729e-04
-2.455329394035482972e-04,-4.624891482840454799e-04
-3.057634685021662813e-04,-4.250011373719510461e-04
-2.203026366497067685e-04,-3.729067352374976175e-04
-2.684182125114736731e-04,-3.385429765116448192e-04
-1.921515746180730102e-04,-2.911091957764881818e-04
-1.019117728784042602e-03,-3.871749090656785314e-03
-1.739531853354441687e-03,-2.012720445575670591e-02
-7.095555352896114158e-04,-5.884992219643396701e-03
-7.277172179865448428e-04,-6.436430697370390530e-03
5.856263302394136214e-04,-1.083216830733887796e-02
-7.442426102544943923e-04,-7.003472506381750069e-03
-9.716727549912285286e-04,-3.414527798410811089e-03
5.727723599636972340e-04,-1.018791804453860958e-02
-1.739767398665222065e-03,-1.941832728270578845e-02
-7.591805887922827576e-04,-7.585084343350461528e-03
-7.726439146743629928e-04,-8.180311386697183829e-03
-1.739831052691554738e-03,-1.250769519835463056e-02
-7.843793756997512363e-04,-8.788056084849123206e-03
-1.734050332028103580e-03,-1.871172770855191597e-02
-1.721589076624296033e-03,-1.184474540804971582e-02
-7.950549806232322554e-04,-9.407578764533462354e-03
-9.222249146247737299e-04,-2.984067997484361138e-03
-8.044532606685389498e-04,-1.003800354701249453e-02
-1.701309698721848850e-03,-1.118920131975067317e-02
-8.126426246793459329e-04,-1.067842205401771383e-02
-1.731909328075593177e-03,-1.800665836270700162e-02
-8.196557675209809870e-04,-1.132800013814023489e-02
-1.678938011066488699e-03,-1.054222356542055226e-02
-8.267859672720814616e-04,-1.198654163937010360e-02
3.780766788093623747e-04,-1.675881958092968055e-02
-1.654363320075810532e-03,-9.904609949123227911e-03
1.578483846542659205e-03,-1.677396933432436649e-02
-1.728655583863580696e-03,-1.730409448626442359e-02
-2.555932300377088563e-04,-1.101633739674490360e-03
-8.681425376681931949e-04,-2.573267845992581720e-03
-1.626362532018961558e-03,-9.276543415364220391e-03
-1.597176314464059674e-03,-8.660196066470384965e-03
-1.701951048522849091e-03,-1.667114320366633665e-02
2.521130861212395242e-04,-1.993497518018422210e-04
3.118623658445308748e-04,-2.768949410462721254e-04
-8.409809026563224788e-04,-1.468718149333596117e-02
-2.446840651778478776e-04,-1.627191362377426839e-04
-1.565502911681456322e-03,-8.055808378292311778e-03
-2.964893569970438922e-04,-2.206058041424754197e-04
-2.663726338134706374e-04,-2.394621019337525277e-04
-8.424798775484922423e-04,-1.537706072194071003e-02
1.052075741832338883e-04,-8.452180320354048845e-05
1.162137573726264810e-04,-7.392631183569552719e-05
7.477897236938129712e-05,-4.742285280157711890e-05
7.524389679358524494e-05,-3.742954976059631689e-05
1.697635415513699313e-04,-1.056484623469804054e-04
3.929665521301786588e-05,-2.246329344709531596e-05
-8.906590649693738461e-05,-4.456428946405874964e-05
-4.058492314504326008e-05,-1.486901362600237291e-05
-5.199939176849713415e-05,-2.205620032289889079e-05
-8.804587618457504993e-05,-5.172976839110867434e-05
-5.188792931895413335e-05,-2.888885962766709589e-05
-2.598584739435883794e-05,-1.329681612342053877e-05
-4.498364543005817397e-05,-3.898351513780506217e-05
-1.978134080205458219e-05,-2.086023312317267250e-05
-6.424084192967981753e-05,-7.671208998704076142e-05
-3.067419964620031307e-05,-5.332744923131299639e-05
-1.912738846489877957e-03,-2.619805287489785847e-02
-1.609290863427005874e-03,-2.637219819244231156e-02
-1.649655898885020759e-03,-2.675652810259730729e-02
-1.319659412250773602e-03,-2.655321281697054642e-02
-1.303981982292562892e-03,-2.620044253635455886e-02
-1.011812996554646918e-03,-2.641324474537713740e-02
-6.854144198955889689e-04,-2.659273012345198320e-02
-7.271040118507608339e-04,-2.627800480543533018e-02
-3.949804277021125667e-04,-2.645498434291790671e-02
1.624272436325866669e-03,-2.420931331826551083e-02
-1.531419889739637661e-03,-7.464441097134140619e-03
-8.428579486846306604e-04,-1.607060379865471109e-02
3.377603667991017173e-04,-3.063181050957936545e-03
-9.708612897253447697e-06,-1.187732105822742026e-04
-8.110090181827228108e-04,-2.188182029027191128e-03
-1.594577038318907743e-04,-4.101380068986301003e-04
1.926952358059640970e-03,-2.584069029375768087e-02
1.621639620555546642e-03,-2.563997200769556339e-02
-1.219402272257152415e-04,-2.479765052504453895e-04
1.110962630452171676e-04,-2.544255972727710660e-02
-1.914832914280878754e-04,-2.561932065398679972e-02
-1.672147116659511337e-04,-2.596054140902534849e-02
-1.494670741209640132e-03,-6.886977199119720568e-03
-1.929220715401149173e-04,-6.069694088575995324e-04
-8.425173624230647418e-04,-1.676798047667915972e-02
-2.244869935485869410e-04,-8.378939443342763938e-04
3.147422274007343271e-04,-2.646693744344365534e-03
-1.454841406075435334e-03,-6.324161065682119484e-03
7.092603813188655577e-04,-2.646285438781908333e-02
4.566584976475845763e-04,-2.666636771210865661e-02
-8.460298895211168738e-06,-3.299941054249977217e-06
-2.952557777901627521e-04,-1.554264499174140470e-03
4.117983561329691469e-04,-2.455792283051462521e-02
-3.203397266989396275e-04,-1.892551496992280141e-03
-3.438151081837618355e-04,-2.258306301641008901e-03
6.630939910980434941e-04,-1.623288976069354669e-02
3.638003120173187812e-04,-1.605654564218872427e-02
-3.656833946551710669e-04,-2.650160188933353700e-03
-1.607621780315840855e-03,-2.601991597426445840e-02
-8.414984630529172846e-04,-1.746864237345959955e-02
-3.859852001281396851e-04,-3.066765146908880402e-03
-1.412098654551919262e-03,-5.777223835236413620e-03
1.187800699479552355e-04,-2.579002361867171328e-02
-4.047731092177480543e-04,-3.506833169850172120e-03
-4.221003732377276310e-04,-3.969081844956805216e-03
-7.855793437846708577e-06,-7.165951884831825859e-05
-4.380947218642498907e-04,-4.452282540152162696e-03
1.927658340275201958e-03,-2.511603224720687991e-02
1.112684878361200710e-04,-1.534000664104909456e-04
-3.973924778768796618e-04,-3.627813762001005395e-04
-4.527793511699681550e-04,-4.955306021526294236e-03
-5.053723199899720457e-04,-2.473979050830096144e-02
-1.367189761499971361e-03,-5.248620555091176865e-03
-4.656697677476859991e-04,-5.477109657865006365e-03
-8.398830549475728947e-04,-1.817214402707248780e-02
-4.940689160928835857e-04,-5.419762270394318541e-04
8.788568084239022733e-05,-1.009424512367373847e-04
-5.103151556858128834e-04,-2.402908564303267089e-02
-5.146606476568845118e-04,-2.331682209969343500e-02
-5.187478093951369178e-04,-2.260420676616155602e-02
-6.993089770359725739e-04,-5.615616398411208895e-03
-4.774416346674259255e-04,-6.016210256041188385e-03
-7.181442401606386505e-04,-6.158714425744863004e-03
-4.883129305779532062e-04,-6.571741631360054382e-03
-7.355497221325570404e-04,-6.718086866472001636e-03
-4.980026257750028813e-04,-7.142651110431828473e-03
-7.513097137917643283e-04,-7.292522965469630525e-03
-5.065769160282583561e-04,-7.727887648058783844e-03
-7.654593201785424425e-04,-7.881221917462724602e-03
-5.139590214142020393e-04,-8.326423125399459377e-03
-7.780468981326806510e-04,-8.482651130837438880e-03
-5.217185410026389629e-04,-8.937031484056268821e-03
-7.895923506401244510e-04,-9.096281627765920308e-03
-5.258601920004286412e-04,-9.559841202106615643e-03
-7.994063475504787492e-04,-9.721386195237220751e-03
-5.306829882387444032e-04,-1.019291599962036422e-02
-8.081600062478394185e-04,-1.035719898584262777e-02
-5.347228204198717491e-04,-1.083575970089018480e-02
-8.157988252079100997e-04,-1.100229914773170024e-02
-5.382057886581812292e-04,-1.148761984468025903e-02
-8.225942593349378070e-04,-1.165626238431996878e-02
-5.416364956614167121e-04,-1.214741335049288572e-02
-8.292134542321321364e-04,-1.231796248294261299e-02
1.619101430185730531e-03,-2.243060188150898526e-02
2.788704423036406717e-04,-2.068763176543406135e-03
-5.223608451211533225e-04,-2.189093316269023412e-02
1.624655394543077485e-03,-2.349935293555035359e-02
1.612298415816291628e-03,-2.136262213841466640e-02
3.600076999426108943e-04,-3.503414798213259646e-03
1.734558435194301796e-04,-3.615204712671767854e-03
3.488400200941607111e-04,-3.280222335539577632e-03
3.919542757842166118e-04,-4.204311029509232370e-03
1.916089723505755033e-04,-4.325393307420232793e-03
3.821246555985181436e-04,-3.964858786556786641e-03
1.603947991099053186e-03,-2.029417982347151220e-02
4.225040888854097532e-04,-4.951630699432293600e-03
2.089577311842548109e-04,-5.079932290739204090e-03
4.119186136654753643e-04,-4.697361732399682292e-03
4.512567167224395669e-04,-5.740632954187192653e-03
2.259288371840068477e-04,-5.875707827917328423e-03
4.390398001262637564e-04,-5.473219210934033782e-03
1.593879047785291001e-03,-1.923087215357718871e-02
4.783364039469651199e-04,-6.567651846153168237e-03
2.409789254680252491e-04,-6.708645833504918790e-03
4.661442403677756386e-04,-6.287892108594830831e-03
5.047537830630579019e-04,-7.429462744980467465e-03
2.567691700595774304e-04,-7.575953590644261652e-03
4.911660117002917972e-04,-7.138532571083648637e-03
5.300646308005445154e-04,-8.322289241747828428e-03
2.730543895461567841e-04,-8.473992978534263670e-03
5.157271557630947008e-04,-8.021368327850221872e-03
5.523052924558242115e-04,-9.243059486132557470e-03
2.858677020500463312e-04,-9.398360723826300681e-03
5.367121650165177643e-04,-8.933105492263200900e-03
5.667589559408280119e-04,-9.870626061517380131e-03
2.976473668821496112e-04,-1.034737986439686341e-02
5.779879374554048287e-04,-1.050896986473118765e-02
3.040483131405954985e-04,-1.099479270006189884e-02
5.849875496193592764e-04,-1.116031565250778790e-02
-8.365440290036669189e-04,-1.332495505902587044e-02
-8.385919667721578475e-04,-1.366348371224626775e-02
-5.466079982810959775e-04,-1.383018431132018548e-02
-8.404664437700088038e-04,-1.434510206870732649e-02
-5.445779869027320358e-04,-1.485444145999373355e-02
6.205685457834864919e-04,-1.247606303296997995e-02
3.331728873835810190e-04,-1.264366672250022763e-02
6.005397909039529841e-04,-1.214249365401722826e-02
3.110308620678254991e-04,-1.197548368620537061e-02
-8.420157275995512414e-04,-1.503152922956369104e-02
-5.436447007656588538e-04,-1.554474365916335733e-02
6.379735774204012191e-04,-1.348473697604514465e-02
3.455606691176644520e-04,-1.365495893803970497e-02
6.168642899223684018e-04,-1.314674082247511977e-02
6.541918225879054909e-04,-1.450702024040402202e-02
3.562321490336541789e-04,-1.467886363772833228e-02
6.319658389768146277e-04,-1.416474044977655139e-02
6.692688080621311949e-04,-1.554077582030057546e-02
6.614110728317170980e-04,-1.519424393329110723e-02
4.585335659253569332e-04,-4.657821655264406785e-04
1.855038105806690275e-03,-1.556611865347897784e-02
1.001396075994740115e-03,-2.484750606142111743e-03
8.599991421382560978e-04,-2.769466386534785024e-03
1.069270661837856858e-03,-2.890605254930249737e-03
9.107937939389467233e-04,-3.193251679631900486e-03
1.141732288542781368e-03,-3.351196258837529831e-03
1.073710551045920121e-03,-3.559633678733130444e-03
9.985989303335769500e-04,-3.738616238273402038e-03
-5.871714134109951543e-04,-7.569571455752822399e-04
1.833422750175611867e-03,-1.454592156168498483e-02
8.349477846066265772e-04,-1.596627323852083807e-03
7.452603562104469660e-04,-1.694006702337062928e-03
7.801267918738930820e-04,-1.432303520953556557e-03
6.114082276022595472e-04,-1.315262803303045378e-03
6.301714680061917514e-04,-1.173163001285126373e-03
1.710857775814461808e-03,-1.054682883800475181e-02
1.433650146432607214e-03,-1.099958146837958818e-02
1.809553481593988199e-03,-1.352413938710052103e-02
1.627438656552174755e-03,-8.968878665869766884e-03
1.656134927632976154e-03,-9.284684457815372063e-03
1.372669464119350563e-03,-9.422029108942398673e-03
1.607424829818121645e-03,-8.364387402627035048e-03
1.347916290050609617e-03,-8.507893001048250775e-03
1.564873845727719022e-03,-8.063239519892516013e-03
1.518007254931624242e-03,-7.175239781052596653e-03
1.553063375188312853e-03,-7.472013630380742837e-03
1.302291691348150078e-03,-7.610243045340328756e-03
1.481081415490770456e-03,-6.607497325796504728e-03
1.251061310884146478e-03,-6.742562198899843331e-03
1.461691762336187221e-03,-6.321516871630163993e-03
1.206442213972333619e-03,-6.167213221253901000e-03
1.196468715838024284e-03,-5.893631852763173314e-03
1.388698569695845028e-03,-5.510058098685078308e-03
1.348960456102171832e-03,-4.994417984930749066e-03
1.134760350054116618e-03,-5.113941083360468154e-03
1.301027582611048337e-03,-4.737211831897406716e-03
1.074746939748133165e-03,-4.592759325758990173e-03
1.089478504856434063e-03,-4.337828078571940790e-03
1.222674220236647045e-03,-4.146067243565966683e-03
-1.212344979331732861e-03,-3.773319174486249906e-03
-1.043904223943805786e-03,-4.108168182215542717e-03
-6.742583252605761305e-04,-1.002995089975729139e-03
-8.763560702004184050e-04,-1.755970184917399679e-03
-1.269061243572742635e-03,-4.245544573695915827e-03
-1.089627581780133313e-03,-4.598363812676950317e-03
1.722721103760431645e-03,-1.118712653636429015e-02
1.724276350964320387e-03,-1.151282207612950442e-02
1.685621532025979473e-03,-9.912199330741429046e-03
1.412527531457296150e-03,-1.036046265587031029e-02
6.885750057571957995e-04,-1.010005412690563814e-03
5.933247814190036138e-04,-7.666230358688502300e-04
5.395834175545539220e-04,-8.336200170627835635e-04
5.547786536948567286e-04,-6.654326529411023171e-04
-1.324069574721924982e-03,-4.739904353343563255e-03
-1.130596169543173326e-03,-5.105795408382125637e-03
1.781715833032999257e-03,-1.251597598753587462e-02
9.163107230536367536e-04,-1.934600823018545104e-03
9.474399372868306211e-04,-2.107627129105799340e-03
7.950280365462578059e-04,-2.188917770488144499e-03
-5.270648993511310504e-04,-2.117819712940031962e-02
-5.295384798249262899e-04,-2.046883082166870912e-02
-5.327050844530847873e-04,-1.975910549620542994e-02
-5.354264724004967379e-04,-1.905074808957540888e-02
3.720066758703367772e-04,-1.851408514067272304e-02
3.680659465656386359e-04,-1.780907526259864482e-02
1.279055292516669820e-03,-1.693444804229587292e-02
-5.432682455270248893e-04,-1.315074412963679502e-02
-5.451952717161244813e-04,-1.281471722013991475e-02
1.609414311654946950e-04,-3.168922030291225055e-03
-8.427760576439653891e-04,-1.572297655696052940e-02
1.121481858603557086e-04,-1.630278369183579953e-03
4.909414336659797282e-05,-3.604846216066234332e-04
-9.958948354863363540e-04,-3.640853545888176127e-03
1.020684097253608596e-03,-2.561671333652044968e-02
1.460993450856280535e-03,-1.198809872480275339e-02
3.264266762370454135e-04,-2.851665998418406733e-03
3.135352535558217778e-04,-3.819908734311300139e-04
3.842387170391638467e-04,-5.685081516467367386e-04
6.208826940049157195e-05,-5.484809093198718486e-04
-5.424843913501677453e-04,-1.623916170853521163e-02
1.488457550888440059e-04,-2.745997414829564817e-03
4.255847103865761119e-05,-2.798830319541441682e-04
-8.415649074980585198e-04,-1.641801578306930492e-02
-1.788923572901431145e-03,-1.419588546291494259e-02
2.716700137335491890e-04,-3.016620731862702624e-04
3.033572499978967629e-04,-2.447786455854124386e-03
9.342785883723085042e-05,-1.166113799826571599e-03
-5.408646360789577928e-04,-1.693813479495717353e-02
-2.692621264980681896e-04,-1.245046120004638475e-03
-1.397882803057157262e-03,-2.561503916930418789e-02
1.367959919308899051e-04,-2.347996043707983611e-03
-8.082898039582687858e-04,-2.491958610059583079e-02
-8.420971961871279426e-04,-1.711767650062654203e-02
6.784669671538663986e-04,-1.904517755547836116e-02
-2.232337420576284881e-04,-1.774739936308230876e-04
1.306914786479781315e-04,-2.158600013049814803e-03
7.456536904222512557e-05,-7.710927922027777928e-04
1.069162899690141093e-04,-3.214162163797570351e-04
-5.391504021520042563e-04,-1.764012634679870337e-02
3.802592232312430941e-04,-1.710694041023198136e-02
-1.152798726807337422e-03,-3.322315589091526591e-03
3.085457395247202914e-05,-1.017564862228217125e-05
7.177415798658363759e-04,-2.473375230458145155e-02
1.767465511150652802e-03,-1.217670301171403825e-02
3.595107194292789595e-04,-1.502236328106614817e-02
2.660367277730787657e-04,-1.888714693764238436e-03
3.405924632052842091e-04,-1.399402701033978201e-02
-8.408130171868703501e-04,-1.781976025068716593e-02
3.292154075999500465e-04,-1.297820858679913335e-02
6.718991943630250223e-04,-1.763072111473458145e-02
6.868718363130794750e-04,-2.010824190702716410e-02
1.182588113550644244e-04,-1.799684826194064297e-03
2.903580747182463477e-04,-9.712251482956714421e-03
-1.767185819270386017e-03,-1.317841060439428266e-02
-8.339979608936456349e-04,-1.265225621467871119e-02
6.709637794990970039e-04,-1.798416888680575559e-02
2.716805483159461963e-04,-8.778605413200094021e-03
-5.443151496128927893e-04,-1.417007328101236793e-02
-5.372903933771423302e-04,-1.834428421796051312e-02
2.573864340409369998e-04,-7.871300055770618503e-03
1.212984334272421252e-04,-4.064331502870329707e-04
2.425405117792328081e-04,-6.993493582372406307e-03
2.276342606242943046e-04,-6.148603889222552243e-03
2.415345282435808847e-04,-1.550315000388298144e-03
2.110005720252378927e-04,-5.339927833867249944e-03
1.952771049735664273e-04,-4.571240031766249205e-03
1.792836612319906005e-04,-3.846232304550043380e-03
6.732280291769336547e-04,-1.833689452099134323e-02
-8.403601005583074060e-04,-1.852466814943128440e-02
2.290285715905912816e-04,-1.391787470279068524e-03
1.354722178166258538e-04,-5.004207506844068985e-04
6.759726652145333584e-04,-1.869052585694557650e-02
6.949051861284482679e-04,-2.117323475882319436e-02
9.955632456662038600e-05,-1.313285933837157748e-03
-8.401612926870220474e-04,-1.887804803898231881e-02
3.768017408143368627e-04,-1.922221594242304321e-02
2.028736348660170781e-04,-1.097382210937762311e-03
-3.692845374615544795e-04,-2.677923852797387330e-02
3.793181862118411019e-04,-1.957596893767430193e-02
7.159377415633562261e-04,-2.437874386155176529e-02
1.494380745084557488e-04,-6.031082995869111460e-04
-8.391605567554103655e-04,-1.923175529055210289e-02
1.894755221984057846e-04,-9.617401390914049426e-04
-9.466396069404429871e-04,-3.196107926765470470e-03
1.629759327932867486e-04,-7.143974313772881359e-04
6.844957260436261787e-04,-1.975233382033935239e-02
1.481200692769677786e-03,-1.264194858036960314e-02
8.077880113060992165e-05,-8.948797189449514324e-04
7.026566455219839186e-04,-2.224217252382207008e-02
-8.380378147761149846e-04,-1.958590324430102211e-02
3.841729512488697745e-04,-2.028611896612481091e-02
-6.874986640091382923e-04,-1.498909450051502668e-03
3.866310398548514801e-04,-2.064082058348437956e-02
-8.368030522086596004e-04,-1.994045061983886619e-02
-8.104770309063497307e-04,-2.456483663709736406e-02
7.094880443380206488e-04,-2.331093222490663794e-02
6.924642307847641860e-04,-2.081786556964495064e-02
-8.354581921807778793e-04,-2.029534904037284815e-02
3.913461550898382599e-04,-2.135265652429637132e-02
3.939780736681461424e-04,-2.170865001756253770e-02
-8.322859811395374443e-04,-2.064947588009254098e-02
7.002255637038568795e-04,-2.188596478839269915e-02
-1.087718774680822417e-03,-2.891224649522243246e-03
-8.297814005797137437e-04,-2.100380622096522515e-02
3.984784608861738592e-04,-2.242143326831936082e-02
1.492494909319609870e-03,-1.298066986924885889e-02
7.142766831287549693e-04,-2.402335262804960667e-02
4.070672942509538953e-04,-2.384633062810326970e-02
4.010045580821712942e-04,-2.277800911538954351e-02
-8.281455142847501689e-04,-2.135912749373024624e-02
4.051069248832760519e-04,-2.348991422893443454e-02
7.073193772801353914e-04,-2.295474966373544159e-02
-8.267065044606300298e-04,-2.171590337451211397e-02
-8.146552676333629122e-04,-2.421042326903970199e-02
-8.261302258585543051e-04,-2.207314169306857227e-02
5.802925109730397522e-04,-1.148685850126451163e-02
-8.249114696150445548e-04,-2.242973947697540077e-02
-8.229733138391303118e-04,-2.278601739086008604e-02
-8.166574930928844874e-04,-2.385454129691802136e-02
-8.957970990294269542e-04,-2.775650845475147090e-03
-8.187936801426139470e-04,-2.349850668259786945e-02
-8.209051991444273229e-04,-2.314228242805879687e-02
1.803604216300612071e-03,-1.318328969620310466e-02
1.878309680334853222e-03,-1.731600756974413860e-02
4.744202816862556752e-04,-9.002169261833597308e-04
1.578957688595051178e-03,-1.782643428318850948e-02
-1.021194414953574114e-03,-2.486620201561997277e-03
1.509509521815943127e-03,-1.365592108874950569e-02
1.889244208074855082e-03,-1.801691738608190291e-02
-8.402344851485048444e-04,-2.377632259395979272e-03
1.587524671279297219e-03,-1.852599514647766676e-02
1.520563089195731913e-03,-1.400071581321628462e-02
3.685645769418668298e-04,-1.570724445684183734e-02
1.904418998188032617e-03,-1.872926762701195361e-02
-9.508420931342096826e-04,-2.108131382849052007e-03
1.827153988230623182e-03,-1.419730136774638093e-02
6.658739093116820352e-04,-1.794753650447431436e-03
1.899889723593248128e-03,-1.906935033274508029e-02
-7.791578022683248467e-04,-2.003825647235781774e-03
1.599161657195154618e-03,-1.958680543848988903e-02
1.536247209225797411e-03,-1.468760648593370362e-02
7.999464074274101159e-04,-2.372359588203329459e-03
1.915661228563783278e-03,-1.979064625316339504e-02
-7.486722352788744306e-04,-1.828061138511900916e-03
1.548848810597263162e-03,-1.503803989358957864e-02
3.068042610910721416e-04,-1.164713450269764042e-02
1.910016201159048677e-03,-2.013195598879628095e-02
1.355907095953683800e-04,-2.651328970414638594e-02
-7.170813972775457682e-04,-1.658985324475564446e-03
1.608719005959954743e-03,-2.065344407151878739e-02
1.847948730502765348e-03,-1.522361776215291028e-02
1.921577227075923437e-03,-2.085166433553031773e-02
9.784963064766321900e-04,-1.710507410763670300e-02
-8.031551176182536280e-04,-1.435433144128121612e-03
6.786077468006612582e-04,-1.727828966421827289e-02
1.557135222209218980e-03,-1.571948134531039876e-02
1.917495606804466230e-03,-2.119961598153001503e-02
-7.594700118065249870e-04,-1.282295662646219065e-03
1.616578499905641647e-03,-2.172074172391792388e-02
1.570496588188534338e-03,-1.607365506939598121e-02
1.928665091147185699e-03,-2.191880977601613420e-02
1.127502272880318446e-03,-5.363539371375151618e-03
-6.184703543825507358e-04,-1.196230545903999255e-03
1.926618634571392128e-03,-2.227052657206796821e-02
1.877119127499566904e-03,-1.626811335395871375e-02
1.895643337237021969e-03,-2.656521895544617165e-02
8.792532263597926240e-05,-4.433747306185599019e-05
-5.822791139953576410e-04,-1.056094269938426472e-03
1.623059049593015722e-03,-2.278910983049976108e-02
1.235542617166461229e-03,-7.015604812036488336e-03
1.876085778681790481e-03,-1.661170880058632573e-02
1.934217248053614118e-03,-2.298732395214393362e-02
-5.462117868968303621e-04,-9.247329249116413574e-04
1.281475236157975138e-03,-7.892666116095702067e-03
1.931456832999313205e-03,-2.333927798079429156e-02
1.334079087621799957e-03,-8.800374155414588881e-03
-1.619272786819083842e-04,-2.187439431013266100e-04
-5.104724800895679140e-04,-8.024870943906421694e-04
1.631630324944579290e-03,-2.600977488547892222e-02
1.627138548105045704e-03,-2.385749745020927098e-02
1.418047407924157965e-03,-5.775239479324224129e-03
1.604618436634984826e-03,-2.633997023160346632e-02
1.388155761414064252e-03,-9.734575837738153672e-03
1.932487296010795396e-03,-2.405078387719998892e-02
1.323292042269562634e-03,-2.580607874974867599e-02
-4.719713791564903414e-04,-6.861317893887809933e-04
1.629037615002696185e-03,-2.456936933601551465e-02
1.386182813892183809e-03,-2.681608162122982655e-02
1.928780540179501554e-03,-2.475969470062101482e-02
-4.330829262393825541e-04,-5.788241086619449203e-04
1.623672261600997207e-03,-2.528168830561405497e-02
1.448136262952864602e-03,-1.166061180484401563e-02
-3.929533104783323647e-04,-4.802023847236768471e-04
-2.303282224956461691e-04,-2.609239730985675812e-04
-3.529573466417390646e-04,-3.910765173406842020e-04
-3.095575640457663832e-04,-3.092530062308094900e-04
1.575531865191410943e-03,-1.712359963809414673e-02
-7.771241655689956019e-04,-2.595522431406646971e-02
6.986870670732328259e-06,-2.892194822707648257e-06
7.634554256538154862e-04,-2.677760853126059243e-02
1.406401344034941040e-05,-3.985391767461236001e-06
1.117578230556317675e-03,-3.941147499242801493e-03
7.339050827762237834e-04,-1.145009421270652044e-03
-4.932344227184313318e-06,-1.421318360354357032e-05
4.818708883637109146e-05,-2.265768893761710578e-05
-1.496762813744232810e-04,-2.627999537376015521e-02
-2.300909772911937593e-05,-6.724247980692872859e-06
-1.341349242165203182e-03,-2.684793497542965757e-02
-4.387106759651597477e-04,-2.612944214808578247e-02
-6.794812245054374696e-04,-2.687110794694983276e-02
-1.085675734556700611e-05,-2.375118995514605453e-06
9.345221059755161449e-04,-3.893179508406884818e-03
-1.584544882275184564e-04,-2.656704239199715253e-02
-2.014491431349230404e-03,-2.546933013829004097e-02
-1.044428381617688644e-03,-2.609477958602134454e-02
-1.984396813059492812e-03,-2.514653398030757339e-02
-1.960888784442756886e-03,-2.682412692809113194e-02
-4.084591564383572909e-05,-1.829705909849564321e-05
-1.627986459196910851e-03,-2.474073226146487545e-02
-1.350458035045008906e-03,-2.591747443045018529e-02
5.267442396778282540e-04,-1.180322198576912651e-03
-2.007064420988834315e-03,-2.441483665607626155e-02
9.510159694078273009e-05,-4.846794868623695106e-05
-1.634023261395491696e-03,-2.404259737181744030e-02
4.002335517353871155e-05,-1.847355796388871937e-05
1.984733430733660355e-03,-2.684312813941183012e-02
-2.009911577761486733e-03,-2.370199007512258094e-02
-1.625392843057564323e-03,-2.575679361346057406e-02
2.051427512505610902e-04,-1.206992475273200292e-04
-1.637408372389468356e-03,-2.332680526372809399e-02
1.298806051813859632e-03,-3.986831819310487218e-03
-2.011876339780467766e-03,-2.298925553274808187e-02
9.022812624470393644e-04,-3.580251912879557109e-03
2.037359063409213136e-04,-1.489087126570451706e-04
-1.638341827155332265e-03,-2.261436923562209697e-02
6.334710206995168959e-04,-1.060119216988492921e-03
-2.013110529997123258e-03,-2.227681292122821177e-02
3.145836057953068287e-04,-2.307816559774725348e-04
-1.638765689714128618e-03,-2.190211937362205458e-02
3.692940173719362379e-04,-2.949369473588470602e-04
-2.013630509171644711e-03,-2.156487693393614041e-02
-1.638598335088714596e-03,-2.119044312576929059e-02
3.346706901734388187e-04,-3.492409095293871456e-04
-2.013384256469174897e-03,-2.085369562826283260e-02
3.797929356574969548e-04,-4.234542249282061349e-04
-1.637759077518503685e-03,-2.047964370241118354e-02
4.214322922230312679e-04,-5.218276004806907684e-04
-2.012282676855387496e-03,-2.014355120586315204e-02
4.619489725963356655e-04,-6.218545949404689866e-04
-1.636165870183152720e-03,-1.977002693955013518e-02
2.510986804052085753e-04,-2.684658976872266595e-02
-2.010225495305762149e-03,-1.943476040551360765e-02
4.387925871540833520e-04,-7.814330121866849268e-04
5.839874921072695435e-04,-9.526296588598456719e-04
-1.633735143464600534e-03,-1.906192912511729329e-02
1.319635194084725930e-03,-4.312834035503028234e-03
-2.007111738715261929e-03,-1.872767456069411585e-02
1.251516441975601126e-03,-3.554158406463534241e-03
-1.630382871171770671e-03,-1.835571628279109718e-02
-2.002838534038919264e-03,-1.802267436207785622e-02
1.580128197125065925e-03,-2.661044083941766641e-02
-1.626027185724197898e-03,-1.765179005257805009e-02
9.622491728430172244e-04,-2.655428809075505159e-02
-1.997298709220924826e-03,-1.732017495948139779e-02
8.029050402722236234e-04,-1.836720563342474034e-03
5.002133049669668305e-04,-7.235318612278023118e-04
6.072455999384851390e-04,-1.648113074768373446e-03
-1.620580065666481521e-03,-1.695059937704311223e-02
1.191441017971469750e-04,-6.699585060912544466e-05
-1.980405844570709995e-03,-1.662397677429082801e-02
