Size 1576,2
0.000000000000000000e+00,0.000000000000000000e+00
-2.160401826932674407e-03,-2.635557732037899226e-02
2.170451612279790995e-03,-2.635770912460555504e-02
0.000000000000000000e+00,0.000000000000000000e+00
-7.226301513004850918e-05,-3.898413041400735691e-05
-1.342184653651422766e-04,-6.919580330419504465e-05
-1.942030804146407637e-04,-1.050142100124282592e-04
-2.533070509547897370e-04,-1.482034923302113659e-04
-3.116137959748602150e-04,-1.998731204469122796e-04
-3.690298575424349505e-04,-2.603998537477653259e-04
-4.254771231326482349e-04,-3.298812639691601372e-04
-4.809169939440704014e-04,-4.082493830497334396e-04
-5.352021862028264083e-04,-4.953135282082012916e-04
-5.883546479649401926e-04,-5.909504224782831773e-04
-6.403057920713970536e-04,-6.949363522797847182e-04
-6.911526046722725383e-04,-8.071143053285067788e-04
-7.408209480270808818e-04,-9.272830192197714910e-04
-7.893436107629301073e-04,-1.055255932390004999e-03
-8.367478200049846939e-04,-1.190832161411310708e-03
-8.830550174240878831e-04,-1.333845231366140392e-03
-9.283526400636161677e-04,-1.484151071066362173e-03
-9.724825690139556273e-04,-1.641563080441809427e-03
-1.015519523687338169e-03,-1.805884182852369535e-03
-1.057522372457067985e-03,-1.976938059978985886e-03
-1.098488455230152080e-03,-2.154575747896008732e-03
-1.138464198354641145e-03,-2.338643696618126523e-03
-1.177388031637266073e-03,-2.528964446922232594e-03
-1.215335374598838173e-03,-2.725387868896219420e-03
-1.252268279557733474e-03,-2.927744101476953496e-03
-1.288239123553311946e-03,-3.135870305221971632e-03
-1.323249789424356480e-03,-3.349626757832904148e-03
-1.357308845531607832e-03,-3.568853867564987167e-03
-1.390422966862008957e-03,-3.793392181387435051e-03
-1.422630573595012448e-03,-4.023110339828095232e-03
-1.453911997314494666e-03,-4.257838113113274724e-03
-1.484316283189604426e-03,-4.497452340683230632e-03
-1.513847763761933928e-03,-4.741803136746429448e-03
-1.542537229211812799e-03,-4.990784204910561454e-03
-1.570301215082370175e-03,-5.244211151572453732e-03
-1.597233840008609749e-03,-5.501954845930420203e-03
-1.623335267702700991e-03,-5.763884707470775040e-03
-1.648626628518347435e-03,-6.029877252512325612e-03
-1.673108683028058782e-03,-6.299790632974902951e-03
-1.696803745578723309e-03,-6.573510120989254496e-03
-1.719715288592321397e-03,-6.850896725316496516e-03
-1.741865612767974593e-03,-7.131841292884824775e-03
-1.763255356555702529e-03,-7.416204040476748714e-03
-1.783913091399292900e-03,-7.703887678753159121e-03
-1.803834192993464345e-03,-7.994748740964771616e-03
-1.823051219043812180e-03,-8.288700845409687976e-03
-1.841557586032824658e-03,-8.585601030703817957e-03
-1.859385024110469771e-03,-8.885368391806161559e-03
-1.876526964244388000e-03,-9.187862722442409480e-03
-1.893015012404654189e-03,-9.493004025717257516e-03
-1.908855560577021751e-03,-9.800673046617401976e-03
-1.924057534601439140e-03,-1.011077215252511284e-02
-1.938637267825293192e-03,-1.042319871002239835e-02
-1.952604627502055237e-03,-1.073785486608430477e-02
-1.965976141080775022e-03,-1.105464262678100204e-02
-1.978761341645267086e-03,-1.137346845103062373e-02
-1.990976798561094191e-03,-1.169423836882546412e-02
-2.002632402264834140e-03,-1.201686262388395286e-02
-2.013746657082954306e-03,-1.234125626853982763e-02
-2.024315777368734543e-03,-1.266731860076370474e-02
-2.034425249056242505e-03,-1.299501385466902970e-02
-2.043937433120382018e-03,-1.332418634541849591e-02
-2.052985126102066082e-03,-1.365479642699632748e-02
-2.061613457962293422e-03,-1.398679459173174724e-02
-2.069690093141450613e-03,-1.432004036458767518e-02
-2.077343663227488712e-03,-1.465450771172992911e-02
-2.084552335641589108e-03,-1.499010718446035749e-02
-2.091313796780151432e-03,-1.532676283818476017e-02
-2.097644296283800950e-03,-1.566438150950498140e-02
-2.103603046545885098e-03,-1.600298443847307864e-02
-2.109305093679589380e-03,-1.634249661137721424e-02
-2.114498928700991355e-03,-1.668270782676244818e-02
-2.119410850957593410e-03,-1.702379006732390385e-02
-2.123866731250202613e-03,-1.736547082729680488e-02
-2.128069331302445775e-03,-1.770787423702747596e-02
-2.131866994305885946e-03,-1.805077688136166522e-02
-2.135424172092698081e-03,-1.839429361419679665e-02
-2.138617031036133508e-03,-1.873821660247781268e-02
-2.141583649245275018e-03,-1.908265314318646072e-02
-2.144221137356763091e-03,-1.942741055574379733e-02
-2.146650475274291658e-03,-1.977258646118939048e-02
-2.148787161157107283e-03,-2.011800858146001181e-02
-2.150729887194548391e-03,-2.046376297573314351e-02
-2.152417115847600829e-03,-2.080969550013712227e-02
-2.153926069374821877e-03,-2.115588292717973315e-02
-2.155215165562757336e-03,-2.150218874642631159e-02
-2.156343047690297259e-03,-2.184868037252912787e-02
-2.157285196978759364e-03,-2.219523886789329450e-02
-2.158084663302243210e-03,-2.254192219325125771e-02
-2.158731617527594269e-03,-2.288862934737944527e-02
-2.159255407993485899e-03,-2.323540885500444825e-02
-2.159658590202931296e-03,-2.358217739952458633e-02
-2.159960743251561691e-03,-2.392897380672409646e-02
-2.160172049491679552e-03,-2.427573256790798578e-02
-2.160309373646089343e-03,-2.462247729430058762e-02
-2.160379760108144861e-03,-2.496918808032564871e-02
-2.160410798523467162e-03,-2.531584061060432669e-02
-2.160413566095092594e-03,-2.566245080477311952e-02
-2.160406574324455313e-03,-2.600902395203371492e-02
-1.827177101223527531e-03,-2.635557287245439417e-02
-1.493969892511839330e-03,-2.635556687726504574e-02
-1.160802130659850401e-03,-2.635556611145957115e-02
-8.276684635069409901e-04,-2.635559233555561862e-02
-4.945792329587803951e-04,-2.635565299210341356e-02
-1.615065289201112766e-04,-2.635576369568555857e-02
1.715599125156409323e-04,-2.635592871487763694e-02
5.046280067492535208e-04,-2.635615095782061976e-02
8.377224856818947128e-04,-2.635641117089365659e-02
1.170851766464106472e-03,-2.635671238089896951e-02
1.504021046083564182e-03,-2.635703964086416953e-02
1.837226568161924372e-03,-2.635737660615791386e-02
2.170353955739919363e-03,-2.601115569492130214e-02
2.170258265754188183e-03,-2.566458311348921231e-02
2.170153800862706633e-03,-2.531797092041156855e-02
2.170021198159465241e-03,-2.497131221032652601e-02
2.169843812450618359e-03,-2.462460970860392770e-02
2.169605725953001069e-03,-2.427786811991515872e-02
2.169291909111664696e-03,-2.393109884013537580e-02
2.168888006843705182e-03,-2.358431477937875803e-02
2.168380894648120911e-03,-2.323753211309556241e-02
2.167757078062081729e-03,-2.289076865138449379e-02
2.167003310672389101e-03,-2.254404387861837222e-02
2.166105726095725412e-03,-2.219737841897960126e-02
2.165053815691788102e-03,-2.185080017728203636e-02
2.163832296428894967e-03,-2.150433113554715489e-02
2.162427084147052793e-03,-2.115799954923805459e-02
2.160829486112573333e-03,-2.081183963916040033e-02
2.159024079320147945e-03,-2.046588004987157788e-02
2.156993816228182110e-03,-2.012015317739960715e-02
2.154733997971506037e-03,-1.977470234321536402e-02
2.152227836837489541e-03,-1.942956030876435980e-02
2.149454495022285611e-03,-1.908476575708597037e-02
2.146416500393381627e-03,-1.874037106392093671e-02
2.143093048916334085e-03,-1.839641145780743919e-02
2.139461726310864804e-03,-1.805293360729461755e-02
2.135529182364655654e-03,-1.770999607012301025e-02
2.131268968231130653e-03,-1.736763935609155970e-02
2.126671907591406226e-03,-1.702592064969664712e-02
2.121729209571068114e-03,-1.668489772275773622e-02
2.116417190831320575e-03,-1.634461750937492297e-02
2.110726072626916902e-03,-1.600514495482987729e-02
2.104631175711221651e-03,-1.566654242963518018e-02
2.098156650286241848e-03,-1.532888593160245533e-02
2.091262683323627698e-03,-1.499222174237303112e-02
2.083938910206744200e-03,-1.465662334112594403e-02
2.076174317396410011e-03,-1.432215811521706829e-02
2.067956858871740789e-03,-1.398890398013099938e-02
2.059267942076241711e-03,-1.365692679898315720e-02
2.050104962021346774e-03,-1.332630988724735864e-02
2.040450226287177874e-03,-1.299712682190896224e-02
2.030277105188446098e-03,-1.266945204623175572e-02
2.019594105669074609e-03,-1.234338098828014277e-02
2.008368109839525021e-03,-1.201898849276944979e-02
1.996588840686633684e-03,-1.169636687316185156e-02
1.984285970281093880e-03,-1.137561254351130043e-02
1.971438220529788277e-03,-1.105679305299243735e-02
1.957976516783730553e-03,-1.073999109609346733e-02
1.943869466670514060e-03,-1.042531081745688704e-02
1.929189309373301707e-03,-1.011289784007895001e-02
1.913874588647780130e-03,-9.802791680178470773e-03
1.897918872146301533e-03,-9.495127794787320066e-03
1.881350868290010588e-03,-9.189992763910507026e-03
1.864057453031375561e-03,-8.887482569980290764e-03
1.846169717008482904e-03,-8.587729461188743987e-03
1.827555024604541950e-03,-8.290829784056695864e-03
1.808139239293307015e-03,-7.996864073433905887e-03
1.788224618907254589e-03,-7.706037755248207506e-03
1.767485992170257690e-03,-7.418358526789656932e-03
1.745879979847918175e-03,-7.133941747866333512e-03
1.723696587143001792e-03,-6.853038939507431586e-03
1.700686612106601381e-03,-6.575672778705407735e-03
1.676895265040767189e-03,-6.301917693560669595e-03
1.652323525354199409e-03,-6.032015958215304792e-03
1.626871053042453679e-03,-5.766023070480893152e-03
1.600642623131973315e-03,-5.504095648949464126e-03
1.573670901659353404e-03,-5.246370547419046924e-03
1.545829913014614516e-03,-4.992990481201631595e-03
1.517028028791268975e-03,-4.743969070882274666e-03
1.487758302627319954e-03,-4.499683389862589242e-03
1.457319479102687316e-03,-4.260138236438663038e-03
1.425742730386337590e-03,-4.024941536315967093e-03
1.393076138385312360e-03,-3.795356132743753219e-03
1.359967433855271057e-03,-3.570942465648401908e-03
1.325105973778383482e-03,-3.351736036580595015e-03
1.290297003466681948e-03,-3.137889847755948817e-03
1.254262602966891823e-03,-2.929896062864332639e-03
1.217441037929971976e-03,-2.727651991798332905e-03
1.179517353094589743e-03,-2.531241195743559429e-03
1.140735105130803295e-03,-2.340881053551002559e-03
1.100766486675362537e-03,-2.156732213108121608e-03
1.059645053111038255e-03,-1.979037891700008867e-03
1.017487523455920615e-03,-1.808175078853721486e-03
9.738535887126008057e-04,-1.643750417148254336e-03
9.296737625063198045e-04,-1.486258275264974510e-03
8.849139577640450236e-04,-1.336097838759698481e-03
8.387391207854359276e-04,-1.193181384417159969e-03
7.908428481497142403e-04,-1.057451756230830828e-03
7.419221829320827872e-04,-9.293734198415683516e-04
6.921338499828723302e-04,-8.092392483746535352e-04
6.412979502926502168e-04,-6.970931294203060440e-04
5.892360086033835570e-04,-5.931095883358250206e-04
5.361341538131600849e-04,-4.974236265173760489e-04
4.818542922473669160e-04,-4.103276332068982548e-04
4.267047563852791438e-04,-3.321319301387334454e-04
3.697622815659523990e-04,-2.622496052824411822e-04
3.121131686350642307e-04,-2.016100891796082130e-04
2.539330125665063983e-04,-1.499262334569347065e-04
1.942814770018321631e-04,-1.066840098677005800e-04
1.345325559931151329e-04,-7.080146259552616377e-05
7.272179133042479574e-05,-3.965312973350479018e-05
0.000000000000000000e+00,0.000000000000000000e+00
0.000000000000000000e+00,0.000000000000000000e+00
0.000000000000000000e+00,0.000000000000000000e+00
0.000000000000000000e+00,0.000000000000000000e+00
0.000000000000000000e+00,0.000000000000000000e+00
0.000000000000000000e+00,0.000000000000000000e+00
0.000000000000000000e+00,0.000000000000000000e+00
0.000000000000000000e+00,0.000000000000000000e+00
0.000000000000000000e+00,0.000000000000000000e+00
0.000000000000000000e+00,0.000000000000000000e+00
0.000000000000000000e+00,0.000000000000000000e+00
0.000000000000000000e+00,0.000000000000000000e+00
-1.243715304924943231e-07,-2.463384876012366872e-06
-1.355825020788537195e-05,-2.608373907194327587e-02
8.640617731385960652e-04,-1.714965965733304025e-03
1.264745305604794571e-03,-4.374669167430757927e-03
1.516624548309548426e-03,-7.553114423144769753e-03
1.743073903971392464e-03,-1.250335777696757501e-02
1.790842161082949668e-03,-1.448709291964822739e-02
1.860961001993169687e-03,-1.993393219431577670e-02
1.880136237258074215e-03,-2.374413951402338033e-02
3.866660070892211109e-04,-3.548647047703013457e-04
-1.665183761500688446e-03,-1.120623274836063041e-02
-1.792168037345568928e-03,-1.584686387014084749e-02
-6.979201523864478470e-04,-1.108412467773491842e-03
-1.027434718199701129e-03,-2.613758399014733461e-03
-1.151348475123669095e-03,-3.450327525195791365e-03
-1.352527638442798698e-03,-5.362473332436954246e-03
-1.435674709278991507e-03,-6.426625607117916750e-03
-1.569472388575537556e-03,-8.726593710075976687e-03
-1.621704953439828244e-03,-9.947377112376016781e-03
-1.843683935763712435e-03,-1.719084364382853641e-02
-1.855321207967237235e-03,-1.856276528751777191e-02
-1.863562902644058704e-03,-2.132677325068341179e-02
-1.716381438886999773e-03,-1.347799372965832569e-02
-1.868570033448267763e-03,-2.271235130523130419e-02
-5.258606995008746057e-04,-6.277231193480720681e-04
1.083953295720672689e-03,-3.021539025394334374e-03
1.406897937477267092e-03,-5.882865258421741614e-03
6.207174130901589896e-04,-8.567439181263446788e-04
1.873766002506185380e-03,-2.201084290230656895e-02
1.840698075003158836e-03,-1.786761617385830558e-02
1.827659548883264285e-03,-1.650398213132784828e-02
1.678970175751204937e-03,-1.057869532261319044e-02
1.618923037778832123e-03,-9.334703737371507354e-03
-8.896112312997104003e-04,-1.877401072974222047e-03
-1.858844067956161653e-03,-1.994282278740381470e-02
-1.262475085976047778e-03,-4.369692818785460113e-03
-1.507725128801463976e-03,-7.550594407946845457e-03
-1.881897370497569036e-03,-2.409313027545861158e-02
-3.379407735983672298e-04,-2.796153394412894061e-04
1.768841653818625055e-03,-1.348895534120284935e-02
1.330686175683363235e-03,-5.108770019268279138e-03
9.516357213887351434e-04,-2.234876379037342969e-03
1.868153543792924537e-03,-2.097156894808396843e-02
1.810299281990130054e-03,-1.548287592461831431e-02
-1.738278952617205173e-03,-1.447869237356096996e-02
-1.697914004254851266e-03,-1.249499128534265965e-02
1.851907116299754408e-03,-1.889890596106886048e-02
1.695756168352692767e-03,-1.151975925135037548e-02
1.572446966967043025e-03,-8.430868123022780547e-03
1.463312440006910497e-03,-6.704749438363973892e-03
1.198538638893462734e-03,-3.663803671560848796e-03
7.336123717427485858e-04,-1.242276342018550257e-03
1.870379589138312275e-03,-2.479025195660107886e-02
2.415474748275213738e-04,-1.592803829401815785e-04
-1.853976064565205631e-03,-2.510239169519929217e-02
-1.869315215206997704e-04,-1.109763845538428735e-04
1.044027510646825712e-03,-2.608262341371492959e-02
2.098832549530097296e-05,-6.018570820204859038e-06
-2.153265794903069683e-05,-5.508591455461733011e-06
-9.870430071685118260e-04,-2.605430764301506358e-02
1.878028410330980251e-03,-2.305087108188005190e-02
-1.836105589857595262e-03,-1.650863861281881909e-02
-1.090970501442859808e-03,-3.022394718247831298e-03
-6.143175576053491217e-04,-8.533060422039410444e-04
4.912150284958331130e-04,-5.442131502265670686e-04
-8.168745785612215949e-04,-1.548474308433067485e-03
-1.395537561256257912e-03,-5.886565652112900858e-03
-1.208486618915644798e-03,-3.899823172877187136e-03
-1.313385617724395537e-03,-4.858790179045518846e-03
-1.596727084455143225e-03,-9.331818796652209883e-03
-1.644490527048754220e-03,-1.057244545505092552e-02
-1.850061305134167566e-03,-1.787569194107154966e-02
-1.855275825667921817e-03,-1.925243194944319114e-02
-1.861576532326860529e-03,-2.063436735639559427e-02
-1.864888450999533601e-03,-2.201977825312982640e-02
-1.872168046015081078e-03,-2.340460483587647120e-02
-9.613155739151824346e-04,-2.232955565392644604e-03
1.833372338183065315e-03,-1.719531176784873036e-02
1.653595089444732762e-03,-9.953571869906486722e-03
1.010681061227904076e-03,-2.610673206230942900e-03
-1.473038049154703176e-03,-6.981632205394892703e-03
-1.683879152346346147e-03,-1.184798045209717494e-02
-1.750719821762973180e-03,-1.515201480014689329e-02
-1.539836818885864872e-03,-8.132555271924779214e-03
-4.342768773675926273e-04,-4.363607475420400996e-04
1.396926316559476706e-04,-7.581589481316683247e-05
1.872783729924321983e-03,-2.549009614601086687e-02
-8.313818236464274431e-05,-4.032950760559866026e-05
-1.869301976351092067e-03,-2.582153169737713347e-02
1.665858025402363902e-03,-2.610363384031283776e-02
4.409986547071817605e-05,-1.753227720965011945e-05
-1.350106340625653340e-04,-7.201598947379782615e-05
-1.308124627835248065e-04,-7.807087373267346817e-05
-1.743518065447702595e-04,-1.210126137469856063e-04
-1.209540578897533422e-04,-8.841486002019077522e-05
-1.557579102640364486e-04,-1.353127047984920917e-04
-1.044202212659942622e-04,-1.026689666514876150e-04
-1.307959461506039741e-04,-1.535216393882506201e-04
-8.087001543523569379e-05,-1.210835127377257915e-04
-9.992626237463400076e-05,-1.765138643983440222e-04
-5.002854478004579135e-05,-1.439406848993282043e-04
-6.096220124675013680e-05,-2.043642250557180771e-04
-1.146529041160769129e-05,-1.711922762157546925e-04
-1.324161767693187573e-05,-2.361878406948173437e-04
-7.069106421058273773e-05,-2.739515341381545846e-04
-1.479164262145952754e-05,-3.102090373182271057e-04
-8.005951330032631623e-05,-3.524157028470373178e-04
-1.614644896775794411e-05,-3.930794630759278183e-04
-8.915205533047380752e-05,-4.396259667443532101e-04
-1.739652139928158639e-05,-4.846075830286923451e-04
-9.778384400491722025e-05,-5.353963745534989424e-04
-1.847996153664073162e-05,-5.846073812394070226e-04
-1.062098274894696857e-04,-6.395587020490452320e-04
-1.946045154181096431e-05,-6.928510005226841883e-04
-1.142329411419590432e-04,-7.519075462191007753e-04
-2.044176369657584361e-05,-8.092304234281003919e-04
-1.220893866904657564e-04,-8.722767752406807408e-04
-2.116677421606060944e-05,-9.335991596847324683e-04
-1.294727927465060772e-04,-1.000656783850483811e-03
-2.158257372722460426e-05,-1.065649845308510582e-03
-1.386276423047614877e-04,-1.136732392119765150e-03
-2.253201133485246353e-05,-1.205288635839121044e-03
-1.443286182175639108e-04,-1.279869040336881073e-03
-2.273554654934282688e-05,-1.352288073516877799e-03
-1.504840751136282261e-04,-1.430289112512032629e-03
-2.269323255454723154e-05,-1.506449244155783681e-03
-1.567869226744512056e-04,-1.587962510653561808e-03
-2.287583530390789423e-05,-1.667641457657873926e-03
-1.628653942666784618e-04,-1.752585557190134606e-03
-2.289439308848465959e-05,-1.835662279803171575e-03
-1.687784481666911658e-04,-1.923968874043535324e-03
-2.278411222200220628e-05,-2.010354773491452966e-03
-1.743602078541414007e-04,-2.101944249965835045e-03
-2.267307230017545072e-05,-2.191573587229829912e-03
-1.797909614262074840e-04,-2.286356851050248308e-03
-2.229860153693447969e-05,-2.379150723102279891e-03
-1.848711396704549967e-04,-2.477035223974827227e-03
-2.184050520705880556e-05,-2.572903036165858585e-03
-1.897959484472872959e-04,-2.673814355341692321e-03
-2.136262172762843235e-05,-2.772668942509022485e-03
-1.944197802329275927e-04,-2.876530464546166697e-03
-2.075477829767769438e-05,-2.978299349265148277e-03
-1.988998960989113495e-04,-3.085033654947571483e-03
-2.011439373311098598e-05,-3.189641150752437881e-03
-2.030785012777792508e-04,-3.299161614251641412e-03
-1.905303703152407932e-05,-3.406896458323161077e-03
-2.070740612879552235e-04,-3.518821497395430067e-03
-1.780998342139040812e-05,-3.629260468034618478e-03
-2.107367126479368338e-04,-3.743757750019330831e-03
-1.707948793766135516e-05,-3.856600973262702160e-03
-2.143855966973557390e-04,-3.973814776454398165e-03
-1.617029598223547520e-05,-4.089156559953661604e-03
-2.177353264341114463e-04,-4.208908296081173388e-03
-1.519466160470917286e-05,-4.327143468169121834e-03
-2.209893992414072353e-04,-4.448974892618125752e-03
-1.468383523654855743e-05,-4.569225474713561538e-03
-2.240372730529370147e-04,-4.693676982863171851e-03
-1.298845583079328055e-05,-4.815961583685916987e-03
-2.268191358749875152e-04,-4.942959318829871600e-03
-1.153040096611066578e-05,-5.068196427526316938e-03
-2.293369349551297701e-04,-5.196864891680840100e-03
-1.098282248745571225e-05,-5.323891951743329846e-03
-2.319465679344023790e-04,-5.454962449855505977e-03
-9.160629080847789815e-06,-5.583794412640688543e-03
-2.340909016433010672e-04,-5.717211502239256081e-03
-7.259839925967215298e-06,-5.848819397499232207e-03
-2.361437226759781067e-04,-5.983689871014510019e-03
-6.756963082041205161e-06,-6.116868002543319853e-03
-2.381592115283464824e-04,-6.253954405525554913e-03
-4.834494693372246587e-06,-6.388733907418432667e-03
-2.399318562001925630e-04,-6.527988161253561912e-03
-2.517797054240456521e-06,-6.665373976701929014e-03
-2.413438354431266355e-04,-6.805864303653462628e-03
-2.061425945395420243e-06,-6.944613400748577206e-03
-2.430261287210481438e-04,-7.087148216161767017e-03
1.012652342967162314e-06,-7.227847015611209291e-03
-2.440542982637921145e-04,-7.371915872783118065e-03
2.880605290125364183e-06,-7.514533883296335703e-03
-2.452028669148210451e-04,-7.660023055678026604e-03
3.060388641820392216e-06,-7.803781538844867249e-03
-2.464087949237530055e-04,-7.951205027096593450e-03
6.477372774737004787e-06,-8.096752653772049113e-03
-2.471066453754028336e-04,-8.245539315012376941e-03
8.484096570186343709e-06,-8.392837674759736147e-03
-2.477075059893282956e-04,-8.542870134661781009e-03
8.511326228530236693e-06,-8.691124629092269321e-03
-2.486809490582983506e-04,-8.842938276835918612e-03
1.225446994161736193e-05,-8.992822823870469384e-03
-2.488328469990461417e-04,-9.145825510647454665e-03
1.688642087675309333e-05,-9.297339019951932418e-03
-2.487498544471667067e-04,-9.451387819476152197e-03
1.721448740157843587e-05,-9.603687640913308177e-03
-2.491078669320820425e-04,-9.759357731839755218e-03
1.857806023785320922e-05,-9.912580765230294758e-03
-2.494285747910199541e-04,-1.006974706344015980e-02
2.043290178435384227e-05,-1.022414580756676912e-02
-2.494166100915282667e-04,-1.038250639486468750e-02
2.258357906000809756e-05,-1.053804043030913754e-02
-2.493691675985107437e-04,-1.069751182450093090e-02
2.463011254193334936e-05,-1.085412766967222206e-02
-2.490913998100954081e-04,-1.101465122312102023e-02
2.252834934419452472e-05,-1.117232132673879816e-02
-2.495533655739430937e-04,-1.133382922438532295e-02
2.560966605292908999e-05,-1.149120978244129974e-02
-2.490311977534194693e-04,-1.165473327728170673e-02
2.954992724815743159e-05,-1.181249650988936729e-02
-2.482827314609057398e-04,-1.197753718246304805e-02
3.345303113641777106e-05,-1.213851443864697073e-02
-2.478354181624958558e-04,-1.230259930657754720e-02
3.573786655443979060e-05,-1.246474134068907384e-02
-2.472388201275940852e-04,-1.262917415936521195e-02
3.470944458493364210e-05,-1.279156324901785033e-02
-2.456901848464978773e-04,-1.295704319457629920e-02
3.999719610407731626e-05,-1.312054828916262190e-02
-2.450201378763349510e-04,-1.328677636761142582e-02
4.253599833530718945e-05,-1.345108209418576645e-02
-2.441264036954697125e-04,-1.361845920095275733e-02
4.074666923473129084e-05,-1.378181586193459422e-02
-2.431929412438989149e-04,-1.394988969134838656e-02
4.662561966405414721e-05,-1.411530893310171744e-02
-2.418796541359182763e-04,-1.428345658543256867e-02
5.343731189938695687e-05,-1.444991702210045130e-02
-2.400006156661097607e-04,-1.461829484356157345e-02
5.274989259295740453e-05,-1.478480127512676184e-02
-2.390617866959723295e-04,-1.495412649764283133e-02
5.476037353260603446e-05,-1.511936467199391683e-02
-2.379434313530210190e-04,-1.529075665609948287e-02
5.702789418095738144e-05,-1.545499284598771811e-02
-2.377219663574947671e-04,-1.562891231760586697e-02
5.689611288442766136e-05,-1.579331937270920042e-02
-2.358384780752194819e-04,-1.596724419739286444e-02
6.076195723093240749e-05,-1.613582210003413134e-02
-2.340241199156611895e-04,-1.630742409308259810e-02
6.787457994406856550e-05,-1.647694003515538796e-02
-2.317163823313243441e-04,-1.664820288273304374e-02
6.664869639165071479e-05,-1.681751755699645648e-02
-2.305917997817936776e-04,-1.698946963113847491e-02
6.360118218223785884e-05,-1.715873701239271215e-02
-2.300179981690483150e-04,-1.733136849110658920e-02
6.473473086159913989e-05,-1.750095040850493250e-02
-2.287121109580294144e-04,-1.767394562953252674e-02
6.668080226384990835e-05,-1.784383303126946263e-02
-2.271995343283782329e-04,-1.801711959581406286e-02
6.878800949448300543e-05,-1.818728121860617788e-02
-2.258999736833370556e-04,-1.836082778735296725e-02
7.048082355663169327e-05,-1.853123749317287655e-02
-2.243646598411440807e-04,-1.870501374158600044e-02
7.231887036990854547e-05,-1.887602128469834106e-02
-2.227353170672327133e-04,-1.904969254563037076e-02
7.479787917844674182e-05,-1.922090802078260663e-02
-2.209539371449556553e-04,-1.939471623065735020e-02
7.672272124927497329e-05,-1.956572997211778256e-02
-2.192125827953259564e-04,-1.974000427944474709e-02
7.856008137549840107e-05,-1.991162109500137223e-02
-2.174667887573014245e-04,-2.008570557290358799e-02
8.112885863893248351e-05,-2.025747665049681956e-02
-2.155739211848401230e-04,-2.043163593339045528e-02
8.301360484121804418e-05,-2.060306366759006788e-02
-2.137483592090361195e-04,-2.077770139146849909e-02
8.478657064467957840e-05,-2.094975702904591439e-02
-2.119318121835016061e-04,-2.112409361246913447e-02
8.742822839719787331e-05,-2.129625355866624978e-02
-2.099517394161351958e-04,-2.147060527863176721e-02
8.983384896585407012e-05,-2.164231400466701954e-02
-2.079622958661264242e-04,-2.181714152301215612e-02
9.126114668589794480e-05,-2.198976883432634394e-02
-2.061072945532495184e-04,-2.216396426691757265e-02
9.373473091766949567e-05,-2.233634948741496096e-02
-2.040731395695110956e-04,-2.251070558389865403e-02
9.635327924341093692e-05,-2.268231555219492671e-02
-2.019510515731312550e-04,-2.285731085790655703e-02
9.747974323921247751e-05,-2.302990590165801543e-02
-2.000535518116967903e-04,-2.320406914432583331e-02
9.987838067600461600e-05,-2.337637242369149798e-02
-1.979221874458372875e-04,-2.355055100343828034e-02
1.021329479467800091e-04,-2.372238115780346893e-02
-1.955303743946100339e-04,-2.389668822288185460e-02
1.038364510652104377e-04,-2.406818260432263754e-02
-1.930219451988144069e-04,-2.424200028123048647e-02
1.056677830336934579e-04,-2.441268526871966452e-02
3.510930615404004554e-05,-2.028246692906939875e-04
6.678363406828749982e-05,-6.377755700610642561e-04
8.510771369800256263e-05,-9.986541811679550650e-04
1.031870071571727357e-04,-1.428414555108809209e-03
1.211839057406128634e-04,-1.922345771334066714e-03
1.626136697393702280e-04,-3.298008484540454477e-03
-1.905979733740253480e-04,-2.458592382846532670e-02
1.800800541867461516e-04,-3.972794315829566471e-03
1.957370583625678436e-04,-4.692613967504952882e-03
2.116755516343239219e-04,-5.453898599781877368e-03
2.271093198430856885e-04,-6.252877910164653281e-03
2.412547562210084389e-04,-7.085663359620518117e-03
2.546959625016194080e-04,-7.949332429903237934e-03
2.682469073153500010e-04,-8.841022444183293041e-03
2.947360460252608375e-04,-1.101511448358101670e-02
3.081725786387470010e-04,-1.197485099687177999e-02
3.194087268845284002e-04,-1.295479056432354177e-02
2.889008541972206627e-05,-1.425035289610197483e-04
3.298777555391292117e-04,-1.394746556647459557e-02
3.431670857225074507e-04,-1.495088941065050858e-02
3.491308073698984890e-04,-1.596428440361650353e-02
1.391034683622431535e-04,-2.475518265819662625e-03
3.642422071245301194e-04,-1.835825713338942039e-02
3.713656456485123756e-04,-1.939258896377974925e-02
3.783677298862515403e-04,-2.042965767001878041e-02
3.855419504987476760e-04,-2.146942850833257616e-02
4.022391872789583822e-04,-2.423956218075610375e-02
4.038175864315237838e-04,-2.458307105352843663e-02
3.927742956691399187e-04,-2.250892567086563642e-02
2.856868732581252100e-04,-9.757369523647304449e-03
3.609516758714708035e-04,-1.698548869923010782e-02
1.507067515972213532e-04,-2.874373433258081267e-03
2.934844306697710560e-04,-1.038032118147761730e-02
3.599905008182331038e-04,-1.767085600294063252e-02
5.424646395337069188e-05,-4.379300666316674720e-04
3.987494903258525115e-04,-2.354894960127873471e-02
-4.888596467899081069e-04,-2.441616710538425244e-02
-4.862567593645155100e-04,-2.475920326209036376e-02
-4.944585968768071228e-04,-2.372605502057731006e-02
-4.991118568727528730e-04,-2.303339670122639057e-02
7.556982755838180142e-05,-1.738282471369448909e-04
-5.031474241901767036e-04,-2.234009658039589827e-02
-5.069273573188981096e-04,-2.164672394968904928e-02
-5.112180808303752946e-04,-2.095251560033852684e-02
-5.135270675796152484e-04,-2.026095998724580793e-02
-5.169546004333556207e-04,-1.957026508578064983e-02
-5.197963943465310106e-04,-1.888028468738578783e-02
-5.219229021089154220e-04,-1.819193424455009186e-02
-5.297732284967193598e-04,-1.411989435961359153e-02
-5.234938022864858188e-04,-1.750560962455006628e-02
-5.298272819240846306e-04,-1.312541291376209153e-02
-5.252121555952705533e-04,-1.682173725208897797e-02
-5.272570576834530089e-04,-1.614054716251889579e-02
-5.283448172592377506e-04,-1.546203506788364906e-02
6.110343476417137471e-05,-1.182179542962720058e-04
-5.289249383088872464e-04,-1.478832994146384548e-02
-5.269243275446333554e-04,-1.214283432779652248e-02
-5.253026690437315009e-04,-1.149711107216553653e-02
-5.214489251928574242e-04,-1.085860814792285849e-02
-5.178336761960813201e-04,-1.022865532902319033e-02
-5.133873969940436731e-04,-9.607822448452761274e-03
-5.082409226457463430e-04,-8.996877466362294615e-03
-5.021047273113043519e-04,-8.396693690516777650e-03
-4.966257962449162431e-04,-7.808370518386345376e-03
-4.887168146144745505e-04,-7.232327233020463368e-03
-4.797702695366747950e-04,-6.669758080309230210e-03
-4.697577897564787558e-04,-6.121647295146731733e-03
-4.586262450909203334e-04,-5.588966932843013671e-03
-4.466581785874277287e-04,-5.072803530820908791e-03
-4.331056888291550462e-04,-4.574209242061452567e-03
-4.182435249216426656e-04,-4.094291231870919937e-03
-2.743275956878966242e-04,-1.358119707793058401e-03
-4.020782923132836537e-04,-3.634213993437048623e-03
-3.845483303280717723e-04,-3.195093426196994341e-03
-3.655556939267980685e-04,-2.778182281756308089e-03
-3.450727621175884714e-04,-2.384717007122447770e-03
-3.230298059587111874e-04,-2.015986771738664286e-03
-2.993830514538190868e-04,-1.673298937395049750e-03
7.000056371292589282e-04,-2.441035353556850196e-02
7.011340270900333002e-04,-2.475343513443338528e-02
-2.328003781221912665e-04,-9.395460349603031863e-04
-1.378469355293447283e-04,-3.161627799119123817e-04
-2.031097233486336593e-04,-6.987298611135923628e-04
-1.715085434842868021e-04,-4.904861204134718837e-04
-7.839223934633210000e-04,-2.459006862963029894e-02
4.059936457592928276e-04,-2.492558071337700604e-02
-7.837753763241468762e-04,-2.492861098312105020e-02
-3.992714516818132822e-05,-9.296898725612705067e-05
8.986720867173646438e-05,-2.387726200916958968e-04
1.308624303174401910e-04,-2.095261382499709866e-04
1.529956263462526765e-04,-2.790080945067538996e-04
-4.729262282605647787e-04,-2.509723874848138886e-02
7.020585604878673601e-04,-2.509519410056983146e-02
4.084442690353394111e-04,-2.526619460663284689e-02
-1.079698367468773105e-03,-2.476308037493638037e-02
-1.068133756997456663e-03,-2.509517079072662998e-02
-1.082032533447061396e-03,-2.442060394694228059e-02
9.974455751558259763e-04,-2.458119071138747599e-02
9.963728758317236950e-04,-2.423724062175510938e-02
1.949626205043862299e-04,-2.495736264566321243e-04
2.246427816671862140e-04,-3.234099927016231943e-04
1.645980537109939165e-04,-1.846972627196690148e-04
-7.765337227967960079e-05,-6.076224223620139248e-05
-1.378050857663474767e-03,-2.459486564329834216e-02
2.300039630484674972e-04,-2.245403710590997484e-04
1.291193631574243149e-03,-2.440844693011758743e-02
-1.897511365168693352e-04,-1.910940259085216629e-04
2.262057388405625699e-05,-9.180406448706545828e-05
4.664414091188588826e-05,-7.234334107425196647e-05
1.660760196790981341e-05,-5.127981699503128749e-05
3.254765586436344837e-05,-3.687971272483413801e-05
6.297011864930250234e-05,-5.680348790439421186e-05
1.747968610516670990e-04,-3.573075895163076903e-04
2.538856966505712953e-04,-4.059370224454444151e-04
1.962322817269659893e-04,-4.443461964528017572e-04
2.826751521176003356e-04,-4.971554256640829672e-04
2.173157777123944456e-04,-5.399276625541728171e-04
3.109195510590386739e-04,-5.967688281907022321e-04
2.380679357100445317e-04,-6.438982824554460296e-04
3.327172290934687026e-04,-7.042686815668977281e-04
2.573236804474586894e-04,-7.561393817363397689e-04
3.582481994205114926e-04,-8.206119284749971432e-04
3.950445182255937792e-04,-6.542391621161886732e-04
2.768218834851577108e-04,-8.764484034939962935e-04
3.908015100947589949e-04,-9.451043616586426999e-04
2.975840770047579191e-04,-1.004425574777985386e-03
4.128597665772284109e-04,-1.076411095197481616e-03
3.162997904689147455e-04,-1.140294443443047069e-03
4.443863828665855597e-04,-1.216046899074173107e-03
5.144615707564488506e-04,-1.016446031754492975e-03
3.364474894953265686e-04,-1.283464537859436679e-03
4.757363406245370806e-04,-1.360229229294583012e-03
3.555105558536403136e-04,-1.434074434716832869e-03
4.871662118215515412e-04,-1.515844952644233813e-03
3.725651020573276986e-04,-1.591432072332578558e-03
5.078954904906483837e-04,-1.677534892490727863e-03
3.898298175779012242e-04,-1.756082992757019559e-03
5.404031684243192600e-04,-1.845870532374422213e-03
4.090626448058384650e-04,-1.927333328478528706e-03
5.758853962012086070e-04,-2.023356154941246057e-03
4.288958610224204550e-04,-2.105837265714114066e-03
6.014300549842482944e-04,-2.205971214696697633e-03
4.470840441778317392e-04,-2.290552751798044778e-03
6.125350552940689005e-04,-2.387774226380778332e-03
4.622239979948078838e-04,-2.480204223915559881e-03
6.417967102860516878e-04,-2.581450030932513386e-03
4.797464124740965152e-04,-2.676699760784926208e-03
6.650876147099244254e-04,-2.780903066197070329e-03
4.965357266861762826e-04,-2.879204159826444839e-03
6.865531327201991000e-04,-2.986144302409701051e-03
5.126102291055647468e-04,-3.087533222538458091e-03
7.076793648673656081e-04,-3.197169536199180248e-03
5.284026367971808233e-04,-3.301528626505356029e-03
7.150343954548439183e-04,-3.404327676081877509e-03
5.416153500318237951e-04,-3.519403227806734789e-03
7.611620656938143355e-04,-3.631369662879197890e-03
5.605920270353472162e-04,-3.744730118597449937e-03
7.582888140977022025e-04,-3.862748173872239572e-03
5.721937767192971985e-04,-3.975433113633157142e-03
7.892027873412348765e-04,-4.095642432399558899e-03
5.884846737255616800e-04,-4.210580806210935043e-03
8.164442761037058079e-04,-4.333475148105266593e-03
6.040671974701568867e-04,-4.450619093319550280e-03
8.196701203174583525e-04,-4.574844837777393251e-03
6.147434898583045877e-04,-4.695070472279168870e-03
8.428494982333044469e-04,-4.826293609817984900e-03
6.301836850842345477e-04,-4.945087270914089693e-03
8.609784645340924896e-04,-5.080427647842607024e-03
6.433257307519193004e-04,-5.199390817160892686e-03
8.683538426307231030e-04,-5.331703060969960120e-03
6.547228534489726772e-04,-5.456721958541741954e-03
8.956502152190303195e-04,-5.589892533954273109e-03
6.697766300814441244e-04,-5.718491771761757825e-03
9.204672141397834961e-04,-5.854041182120657029e-03
6.832856316345810657e-04,-5.984664184504178211e-03
9.233391550330892483e-04,-6.121083374562651114e-03
6.927449048007689424e-04,-6.254508157136340167e-03
9.316039170414504040e-04,-6.392521275507588065e-03
7.047517782666461042e-04,-6.528457758911900867e-03
9.542653807478377031e-04,-6.675781055879134208e-03
7.165937816266954030e-04,-6.807379312188321756e-03
9.616746147910901427e-04,-6.951170902424161878e-03
7.268201390899936293e-04,-7.088104574422160464e-03
9.834631684739643387e-04,-7.236610312677297339e-03
7.402710458791309260e-04,-7.373090975237538841e-03
9.980459797562157495e-04,-7.525696496498529044e-03
7.502669474671711013e-04,-7.661582780685003737e-03
1.003771111318994911e-03,-7.810121638697601482e-03
7.594379635293672546e-04,-7.951936644802612073e-03
1.023595023062485922e-03,-8.105060822197550363e-03
7.721838414288264250e-04,-8.246404323684647375e-03
1.036837228420640130e-03,-8.403663298177189989e-03
7.815354076139820411e-04,-8.542320501672242758e-03
1.042421608161427874e-03,-8.695539227682021199e-03
7.897011856529802601e-04,-8.842803454198411295e-03
1.060450672673739951e-03,-9.000300497742521819e-03
8.017925428637852391e-04,-9.146223586195675534e-03
1.072371918836843331e-03,-9.307682662544922852e-03
8.116514547542966499e-04,-9.452289811837114031e-03
1.078298775144791990e-03,-9.605658804646729013e-03
8.199857534360556954e-04,-9.758884109546736921e-03
1.091489081863282170e-03,-9.913798653327851595e-03
8.284994223998269321e-04,-1.006885729700292970e-02
1.102706468040539874e-03,-1.022501542170701008e-02
8.372039071088558174e-04,-1.038143498693372413e-02
1.112638172857901165e-03,-1.053867050395632977e-02
8.447040041517068056e-04,-1.069785022962774224e-02
1.122694564495187175e-03,-1.085481661358254045e-02
8.484959017610781357e-04,-1.101603068178893564e-02
1.127281114268431465e-03,-1.117301450477906251e-02
8.564083771508796631e-04,-1.133378219215499215e-02
1.136019486397838937e-03,-1.149280431816402520e-02
8.657350883966711316e-04,-1.165370543250104918e-02
1.150724254026106895e-03,-1.181435623881160052e-02
8.744749620567830641e-04,-1.197633185401771570e-02
1.158848143069162720e-03,-1.213804529380527013e-02
8.845832092917872268e-04,-1.230091959200383701e-02
1.168003837273689973e-03,-1.246344098807027588e-02
8.893716466171426626e-04,-1.262722800681950058e-02
1.175972405356010865e-03,-1.279047628120747425e-02
8.958420255525215712e-04,-1.295512776714311670e-02
1.183660525775952080e-03,-1.311907655570225192e-02
9.054149996594688119e-04,-1.328453711290172694e-02
6.305525934900065325e-04,-1.472681925461102274e-03
7.033330217561502631e-04,-2.543514702529772742e-02
9.939341804712498434e-04,-2.526489530086465859e-02
1.192848773592324572e-03,-1.344914197953278601e-02
9.094703830319702956e-04,-1.361539195417995132e-02
1.199347637869978538e-03,-1.378060329231364962e-02
9.152206128794155215e-04,-1.394759085675407670e-02
1.206105477867867740e-03,-1.411338810619085053e-02
9.244556196892634702e-04,-1.428105935200965800e-02
7.401324278951741621e-04,-1.927057769580909664e-03
1.214979094762603726e-03,-1.444740498552564943e-02
9.312763320344882075e-04,-1.461573715689211232e-02
1.220922795808528603e-03,-1.478259928585634771e-02
9.370890661902800357e-04,-1.495154798758545171e-02
1.227074765664974221e-03,-1.511889204751656196e-02
9.426677129636410390e-04,-1.528842656492248285e-02
8.944736050663792829e-04,-3.310414652462264143e-03
1.236420522024251961e-03,-1.545620413051531326e-02
9.448514567276153873e-04,-1.562631090539898238e-02
1.239479968609676552e-03,-1.579449760513794085e-02
9.490825928932496505e-04,-1.596511324327994433e-02
1.248120376255908940e-03,-1.613367694486277787e-02
9.571413378612286891e-04,-1.630277160807228759e-02
1.289454151077112400e-03,-2.406366794548341070e-02
9.942025115731291472e-04,-2.389221310927374178e-02
1.287770521786374238e-03,-2.371816956967581769e-02
9.919846980626881739e-04,-2.354633836241940351e-02
1.286111262383282791e-03,-2.337208685912038619e-02
9.898565963385084175e-04,-2.319996952437039517e-02
1.284173957492385724e-03,-2.302566365024420747e-02
9.877782221110336953e-04,-2.285347015512049010e-02
1.285505910616633251e-03,-2.267908300567123003e-02
9.865330547686465903e-04,-2.250726834800335224e-02
1.281006375272417640e-03,-2.233253024249760507e-02
9.838471111915055890e-04,-2.216024053943682973e-02
1.278244904265311930e-03,-2.198585549754377214e-02
9.812524870887269404e-04,-2.181353290906960438e-02
1.278733432631119944e-03,-2.163925197353666272e-02
9.797484597123648671e-04,-2.146737852794959947e-02
1.274233723929548302e-03,-2.129284596248312914e-02
9.769354926859148084e-04,-2.112061422579959019e-02
1.271212338757230897e-03,-2.094646491379622763e-02
9.741228764823945925e-04,-2.077425437896597213e-02
1.270956755721508111e-03,-2.060027381505831826e-02
9.719017704888484538e-04,-2.042813837704698932e-02
1.266379674980164412e-03,-2.025431761062509300e-02
9.689653014826278337e-04,-2.008193079582522994e-02
1.263053679481464459e-03,-1.990855334789133624e-02
9.661854162560319691e-04,-1.973669303429690519e-02
1.262042791512423207e-03,-1.956317853134062479e-02
9.633317180425156334e-04,-1.939139499897682070e-02
1.257360310675217007e-03,-1.921809516925926387e-02
9.603657932127395488e-04,-1.904644136579686578e-02
1.253697850308181086e-03,-1.887336933629833041e-02
9.572822644891915622e-04,-1.870187671122081063e-02
1.251825719065764644e-03,-1.852905103257802485e-02
9.542710737124771199e-04,-1.835755042223286698e-02
1.247054347306798382e-03,-1.818516350905379289e-02
9.508277879552898921e-04,-1.801333802414879434e-02
1.242938834488266104e-03,-1.784171306786837274e-02
9.472470617525855950e-04,-1.767010638365042186e-02
1.239059212459396467e-03,-1.749888262854497681e-02
9.435956851667352862e-04,-1.732753822424958762e-02
1.234793133988449114e-03,-1.715668316500862378e-02
9.424526945649710575e-04,-1.698487195352816476e-02
1.233906404825330268e-03,-1.681575553972774681e-02
9.692663157644752087e-04,-3.978906371889378603e-03
1.049213323055915581e-03,-4.709136270788784676e-03
1.131146537812612778e-03,-5.475134740004109629e-03
1.283398525276735350e-03,-2.476008582954582204e-02
1.183900303883890157e-03,-6.275541170112372037e-03
1.234389779434980549e-03,-7.111508531230642700e-03
1.277793387478522082e-03,-7.975199062767588526e-03
1.324895995077372260e-03,-8.866325478616609440e-03
4.118515379459411810e-04,-2.560344330128512882e-02
1.199240774001118993e-04,-2.542718683853369827e-02
1.397025171168126637e-03,-1.102630658310948392e-02
6.498167035752655399e-04,-1.545326556343045062e-02
6.415359595968818168e-04,-1.444940018325362868e-02
6.241474133187141331e-04,-1.345069993359936274e-02
6.077808758949509007e-04,-1.246461098593041640e-02
5.813257185689704341e-04,-1.149211840258346912e-02
1.433270716709399671e-03,-1.197610641104029580e-02
5.459062959347421801e-04,-9.297890274168054206e-03
5.215821754445891219e-04,-8.393292319917110278e-03
4.978080413692777696e-04,-7.515350542437723713e-03
1.463845248005278717e-03,-1.295442724758080234e-02
4.731774783563479948e-04,-6.666274534835400604e-03
4.487180881408085850e-04,-5.849925845896455923e-03
4.204829875800977952e-04,-5.069534546668387313e-03
3.912757484560301820e-04,-4.328342659371898007e-03
3.611658339899034387e-04,-3.630393529455617357e-03
1.546846746044059587e-03,-1.835652211591927430e-02
1.489729963893839495e-03,-1.395985114018377139e-02
2.836036933828129194e-04,-2.193766273732350360e-03
1.558621261652301439e-03,-1.938991090794159322e-02
2.472432659608758449e-04,-1.670103085974874177e-03
2.101620876503465464e-04,-1.207672126346146782e-03
6.631737299662422659e-04,-1.887455400486291041e-02
1.714783857460183529e-04,-8.120054126314685738e-04
1.511135785091650800e-03,-1.496352721136689178e-02
6.711598880725632441e-04,-1.991008563818521399e-02
6.787650481271223068e-04,-2.094866508877671341e-02
1.568215951931630934e-03,-2.043961292310501540e-02
6.857432962460806693e-04,-2.198865060441759084e-02
6.920376628879774212e-04,-2.302868158457462358e-02
1.575579840556891797e-03,-2.147828477800718672e-02
1.536147978117533008e-03,-1.597680170660012791e-02
1.581680241710196368e-03,-2.251805749334489376e-02
1.580614495949421005e-03,-2.424961889140950927e-02
-1.365813195316490205e-03,-2.425081539931486438e-02
-1.082255980719434981e-03,-2.407652813388603749e-02
-1.365657785173321048e-03,-2.390605994272151230e-02
-1.084049933190900546e-03,-2.373132489364555148e-02
-1.366937913757930792e-03,-2.356059184582109250e-02
-1.086193662460646506e-03,-2.338555678057276099e-02
-1.369144432694685727e-03,-2.321462553056578490e-02
-1.088388758412201125e-03,-2.303937129095403463e-02
-1.370795391071448401e-03,-2.286830332200331939e-02
-1.090430172811554218e-03,-2.269292133132224179e-02
-1.372825933649541403e-03,-2.252180023182019999e-02
-1.092456960132199553e-03,-2.234633910062473749e-02
-1.374292595365366213e-03,-2.217520356441760737e-02
-1.094333379322404501e-03,-2.199972692513602751e-02
-1.376081451757754388e-03,-2.182863205944424526e-02
-1.096170144921468966e-03,-2.165314648111029555e-02
-1.377319545283269605e-03,-2.148210431391731415e-02
-1.097494433644342730e-03,-2.130603707125815899e-02
-1.378800058947030754e-03,-2.113560938097078234e-02
-1.098699845060256437e-03,-2.095893542486064812e-02
1.890629806531468084e-04,-1.638458280435701000e-04
1.334940797265417268e-04,-1.289424828694795083e-04
1.501718020923616277e-04,-1.125409971121954403e-04
-1.379700297812487975e-03,-2.078920853684342387e-02
-1.100105153306699893e-03,-2.061264933930142401e-02
-1.380947202849369020e-03,-2.044312524606336362e-02
-1.101849189352444329e-03,-2.026726963915303006e-02
3.415094676636976296e-04,-4.584054259588245272e-04
-1.381691658548060480e-03,-2.009737882782461696e-02
-1.103472770929962102e-03,-1.992224094698682307e-02
-1.382736391264888405e-03,-1.975196579423270718e-02
-1.104702715570305424e-03,-1.957693031919674129e-02
-1.383128687999812898e-03,-1.940674142646851147e-02
-1.105681993057282524e-03,-1.923184615658842314e-02
-1.383770193703619863e-03,-1.906186333568336486e-02
-1.106556218607436482e-03,-1.888709424672239956e-02
9.869249764926141168e-04,-2.558656309162423217e-02
1.289530678099403338e-03,-2.545024416886592158e-02
-1.383777091415753970e-03,-1.871733191452731176e-02
-1.107222767237899018e-03,-1.854275774982497293e-02
-1.384039116998290065e-03,-1.837326633975445642e-02
-1.107781273119468621e-03,-1.819886332555753841e-02
1.266975738353783975e-03,-2.578710699066385018e-02
-1.383647044395903839e-03,-1.802964530485770892e-02
-1.107812046811720635e-03,-1.785548314642745535e-02
-1.383447275566036675e-03,-1.768659088728740877e-02
-1.107969324254314252e-03,-1.751264402278491714e-02
-1.382600741596059189e-03,-1.734407790426474583e-02
-1.108027859836704368e-03,-1.717042760665947465e-02
-1.382016796504676034e-03,-1.700224039429765535e-02
-1.107889003769266939e-03,-1.682885584761563413e-02
8.692829240474126052e-06,-1.718982514199794942e-05
-5.620418321499630301e-06,-3.451447149640888017e-05
1.987841047614374531e-05,-1.454175812594614076e-05
8.114481004061404202e-04,-2.497232840820062718e-03
-1.380720522179278544e-03,-1.666105367065809362e-02
-1.107581356806949064e-03,-1.648802231766821960e-02
-1.379663141867922731e-03,-1.632065508407967019e-02
-1.107059625353321074e-03,-1.614796515946534394e-02
8.625489451861787643e-04,-2.893560250484167144e-03
-1.414846555962036810e-03,-1.598657435126439250e-02
-1.111321450487792652e-03,-1.580876987832539882e-02
-1.423674265960097034e-03,-1.565148687446082931e-02
-1.114024030492900006e-03,-1.547191397472201350e-02
-1.418179436200711499e-03,-1.531131582546226694e-02
-1.109324688289467162e-03,-1.513307029767545220e-02
-1.414592764016157954e-03,-1.497386099725200870e-02
-1.110717572755615069e-03,-1.479770200358854204e-02
-1.411443981792879490e-03,-1.463783331245526939e-02
-1.108573320566901433e-03,-1.446225344328454579e-02
-1.395944581184256194e-03,-1.429836471201411351e-02
-1.104520880403364038e-03,-1.412740535199854229e-02
-1.406232713742206278e-03,-1.396705844028587468e-02
-1.105142954794957437e-03,-1.379502641863692564e-02
-1.413247532959702483e-03,-1.363660136400314353e-02
-1.104917470084201781e-03,-1.346384650723302448e-02
-8.167119162755706293e-04,-1.362546932255591023e-02
-1.382398373891168420e-03,-1.330135220813440447e-02
-1.098136597494271931e-03,-1.313304078806221478e-02
-1.393120853459728315e-03,-1.297454335640675291e-02
-1.096940459905731361e-03,-1.280468027405131000e-02
-1.398896727520003392e-03,-1.264883272988731946e-02
-1.095939526685055145e-03,-1.247797537572517372e-02
-8.130968910862396495e-04,-1.263634659158117957e-02
-1.384074345903861221e-03,-1.232318054901177309e-02
-1.087461046785153295e-03,-1.215166053925039596e-02
-1.376275441805428768e-03,-1.199889198103136143e-02
-1.083551533825724165e-03,-1.182791208629040830e-02
-1.369974911337355121e-03,-1.167613256949140768e-02
-1.079311320462827180e-03,-1.150597176411288260e-02
-1.363277327059757293e-03,-1.135518551495914852e-02
-1.074735867159258302e-03,-1.118592987837619367e-02
-1.356471079500638430e-03,-1.103617687320468735e-02
-1.069812007891350397e-03,-1.086787570853166816e-02
-1.348980699229014807e-03,-1.071920227681617648e-02
-1.064533451709254522e-03,-1.055190620602891073e-02
-1.341316830118967872e-03,-1.040435999126251322e-02
-1.058887721910679999e-03,-1.023811468233872674e-02
-1.332939346994772975e-03,-1.009174404219933749e-02
-1.052869416518746690e-03,-9.926602125757220257e-03
-1.324367536187240997e-03,-9.781457189346040929e-03
-1.046464135671752249e-03,-9.617465652862519643e-03
-1.315063357385589434e-03,-9.473597614624873833e-03
-1.039662318130312683e-03,-9.310805297014815643e-03
-1.299880740650666451e-03,-9.164983487025740727e-03
-1.032459506323238439e-03,-9.006844489700842338e-03
1.360249333247575809e-03,-9.775060404866017794e-03
-1.722575882576597803e-03,-1.414156632340928671e-02
-1.294303747574295773e-03,-8.865049752530142213e-03
-1.025092698637693938e-03,-8.705627326193189283e-03
-1.279492862360780137e-03,-8.562385879347213583e-03
-1.016783157759650232e-03,-8.407100080952186610e-03
1.378286519551859268e-03,-1.038549103952409250e-02
-1.703525467365184535e-03,-1.314692930568590011e-02
-1.272533480602319180e-03,-8.268045025327354705e-03
-1.008902258205080687e-03,-8.111873525244736940e-03
-1.257092851678494241e-03,-7.971250331165961878e-03
-9.994269177328845687e-04,-7.818841267425583400e-03
-1.248668234304664082e-03,-7.682879424564969216e-03
-9.905417176903582623e-04,-7.529684445963519615e-03
-1.233470952887640720e-03,-7.393111119229351172e-03
-9.803547530452530120e-04,-7.243146831897339863e-03
-1.639871401055571559e-03,-2.437318228316896762e-02
-1.676616602355212931e-03,-2.476452353421520688e-02
-1.666932231616641974e-03,-2.373991015929315454e-02
-1.222773011567472373e-03,-7.110599927688111659e-03
-9.703848275256590251e-04,-6.960521559636371862e-03
-1.207767364789570945e-03,-6.828478579084289006e-03
-9.594371497525226071e-04,-6.680975967917085478e-03
-1.674350751540656110e-03,-2.304697941075137604e-02
-1.681555695628048379e-03,-2.235317061719350323e-02
-1.194622449901611844e-03,-6.552089163234695382e-03
-9.483194517467809182e-04,-6.405332734461404581e-03
-1.178361059595272025e-03,-6.277056835407013140e-03
-9.363410844054727766e-04,-6.133092920700394975e-03
1.528949573945636176e-03,-1.700233359692419899e-02
-1.687776604480158192e-03,-2.165946904624325292e-02
1.537978411859531030e-03,-1.768083034228180514e-02
6.648515679275424995e-04,-1.613620115476374975e-02
6.685010647241607660e-04,-1.647512543717178507e-02
-1.163822117857429448e-03,-6.008086215504570074e-03
-9.241764667027374059e-04,-5.865033457651679105e-03
-1.146468368576443768e-03,-5.740809928849848962e-03
-9.111850859270726518e-04,-5.600650876994323936e-03
-1.762113796845694294e-03,-1.549180327252018020e-02
-1.690052486373866359e-03,-2.096671566010823232e-02
-1.745957789191563466e-03,-1.481411420064628927e-02
-1.691667457878753356e-03,-2.027468508479755502e-02
-1.130520414696703068e-03,-5.479788090862403732e-03
-8.979528940491652515e-04,-5.340704070240143500e-03
-1.115036590340569636e-03,-5.222116372621455130e-03
-8.866891130931410471e-04,-5.084988987550936347e-03
-6.721231048266558756e-04,-5.205818041537629316e-03
-6.620719954571816076e-04,-4.951884805723380523e-03
-8.714556895048611220e-04,-4.832724225571984750e-03
-6.512170106288654595e-04,-4.702446025221366545e-03
-8.557029888769559752e-04,-4.585643512736358070e-03
-6.399196059396654920e-04,-4.457724728924433548e-03
-8.399642451215119654e-04,-4.343375336974025086e-03
-1.081403343079488958e-03,-4.719192929866109984e-03
-6.282050322332704759e-04,-4.217787518116412372e-03
-8.232091901084044811e-04,-4.105939805404627829e-03
-6.160199403999495199e-04,-3.982742560629266154e-03
-8.063310822117205874e-04,-3.873475992332324307e-03
-1.036109511662105381e-03,-4.232852967136748780e-03
-6.033886323008017276e-04,-3.752731980051352174e-03
-7.884195719696202682e-04,-3.646101181584144972e-03
-5.902644733630155183e-04,-3.527891195691938795e-03
-7.703499435050408396e-04,-3.423987657481716938e-03
-5.766743894067562996e-04,-3.308367563187192620e-03
-7.514728490448026625e-04,-3.207261179677939073e-03
-5.626093311038509815e-04,-3.094319503159184345e-03
-7.322045984469592768e-04,-2.996095891290120536e-03
-5.480284276640655025e-04,-2.885895376042927566e-03
-7.120739557730300807e-04,-2.790625702592634382e-03
-5.329450977179613818e-04,-2.683254399015328959e-03
-6.915057453943871920e-04,-2.591021792584039841e-03
-5.173274769723093481e-04,-2.486553058574226486e-03
-6.700748514885318053e-04,-2.397433796262201169e-03
-5.011882307537733616e-04,-2.295952840375562083e-03
-6.481638800130692457e-04,-2.210033501783387980e-03
-4.844935183875869909e-04,-2.111613858548350500e-03
-6.253715784027483312e-04,-2.028968409826894127e-03
-4.672673261975858125e-04,-1.933708749414490011e-03
-6.028669895711064519e-04,-1.854543906692558003e-03
-4.495880199318658425e-04,-1.762407137181410451e-03
-5.788765528548461912e-04,-1.686670780965095250e-03
-4.312783806809639109e-04,-1.597850444838796275e-03
-5.532688529500765515e-04,-1.525323929560646209e-03
-4.122411214151545543e-04,-1.440186091448178007e-03
-5.285843731398769813e-04,-1.371316986069688821e-03
-3.930794283560109354e-04,-1.289805294394518733e-03
-5.015534235284542378e-04,-1.224650932643626478e-03
-3.735627904134832802e-04,-1.146752606450270225e-03
-4.759940041315358084e-04,-1.085383582919349603e-03
-6.373116434059310697e-04,-1.308015858892341843e-03
-3.521029557697453820e-04,-1.010890744112310146e-03
-4.482699787930410841e-04,-9.534634931493380858e-04
-3.307304880848333461e-04,-8.825592732639035752e-04
-4.181425165736434349e-04,-8.301027181329651916e-04
-3.084849663657332941e-04,-7.622972395985867355e-04
-3.884819739508848222e-04,-7.138779814005051559e-04
-2.858400766671074372e-04,-6.500090491618290165e-04
-3.592359681448555834e-04,-6.047611040944616666e-04
-2.626929533484520193e-04,-5.457339307583885081e-04
-3.286206263238348178e-04,-5.048384769604554725e-04
-2.389024379299788310e-04,-4.499998455176746725e-04
-2.975064677241728763e-04,-4.135241836170294792e-04
-2.143534673183472399e-04,-3.628365661258166970e-04
-2.611697029623090828e-04,-3.294007871641202738e-04
-1.869626112154399041e-04,-2.832479329995033195e-04
-9.915969266102544252e-04,-3.767194208678228962e-03
-1.692556606360841537e-03,-1.958367787747565883e-02
-6.903943342465832010e-04,-5.726070571833776282e-03
-7.080655704265637496e-04,-6.262617690408257311e-03
5.698116786044351602e-04,-1.053965026651793382e-02
-7.241447034673455978e-04,-6.814346778654781916e-03
-9.454331820125651481e-04,-3.322319979609488806e-03
5.573048271191359884e-04,-9.912797708400014965e-03
-1.692785790173089106e-03,-1.889394363946877986e-02
-7.386792901753536957e-04,-7.380252437132712312e-03
-7.517790465623224111e-04,-7.959405628784492481e-03
-1.692847716640930337e-03,-1.216993028399054357e-02
-7.631975983163494454e-04,-8.550738440919707431e-03
-1.687223109827640320e-03,-1.820642549405068061e-02
-1.675098356383876918e-03,-1.152488317239013828e-02
-7.735849149027906923e-04,-9.153531174805560125e-03
-8.973206573453559442e-04,-2.903484559124712254e-03
-7.827294001991540011e-04,-9.766931604408413473e-03
-1.655366613407016066e-03,-1.088704177444613057e-02
-7.906976156985625909e-04,-1.039005588180307547e-02
-1.685139922040463723e-03,-1.752039625310550588e-02
-7.975213733572312363e-04,-1.102209238535183447e-02
-1.633599062554657319e-03,-1.025753537977005386e-02
-8.044590268296515547e-04,-1.166285025224740417e-02
3.678667942103047857e-04,-1.630625482129105519e-02
-1.609687999474693600e-03,-9.637140248089605052e-03
1.535857467015057766e-03,-1.632099544229683244e-02
-1.681974043048271037e-03,-1.683680482174982132e-02
-2.486910610058788913e-04,-1.071884614470690854e-03
-8.446987496632419202e-04,-2.503777887519082965e-03
-1.582443359556035120e-03,-9.026034383592193219e-03
-1.554045302094609303e-03,-8.426331231938689187e-03
-1.655990651800759829e-03,-1.622094612449522660e-02
2.453048777663383007e-04,-1.939663788823834810e-04
3.034406530079573135e-04,-2.694174929145342072e-04
-8.182706407669968190e-04,-1.429056046537810140e-02
-2.380764848040200241e-04,-1.583249920848606304e-04
-1.523227224715566729e-03,-7.838264775054460884e-03
-2.884827981057380805e-04,-2.146484571627122091e-04
-2.591793633752678162e-04,-2.329955485267766273e-04
-8.197291381260055857e-04,-1.496180979481803210e-02
1.023664889512597588e-04,-8.223932079131097820e-05
1.130754548329067003e-04,-7.192995263580586056e-05
7.275959934394370934e-05,-4.614221322998155676e-05
7.321196867065505524e-05,-3.641877282858679339e-05
1.651791484898225415e-04,-1.027954538612265768e-04
3.823546722506315911e-05,-2.185667993834637142e-05
-8.666072273955268118e-05,-4.336085848270893707e-05
-3.948894602769893264e-05,-1.446748642173719453e-05
-5.059517183125784666e-05,-2.146058812874583296e-05
-8.566823753172872263e-05,-5.033283756875697745e-05
-5.048671919258626025e-05,-2.810873530874451876e-05
-2.528411101100424969e-05,-1.293774598897217379e-05
-4.376888231708899059e-05,-3.793078919851984641e-05
-1.924715425904151850e-05,-2.029691629406536600e-05
-6.250604744639559531e-05,-7.464052209381356591e-05
-2.984585679413618824e-05,-5.188737101236981297e-05
-1.861086219648018817e-03,-2.549058551550657109e-02
-1.565832726920916981e-03,-2.566002810839956502e-02
-1.605107721226322953e-03,-2.603397934453397303e-02
-1.284022656382936183e-03,-2.583615450498594895e-02
-1.268768588611800772e-03,-2.549291064327712311e-02
-9.844895086741686091e-04,-2.569996621305111265e-02
-6.669051942249701716e-04,-2.587460465871293733e-02
-7.074689748646314537e-04,-2.556837837115849207e-02
-3.843142544377526801e-04,-2.574057864495914866e-02
1.580409513852840120e-03,-2.355555102757776395e-02
-1.490064598846715634e-03,-7.262867114269331084e-03
-8.200970012456126543e-04,-1.563662403109085386e-02
3.286392663627468367e-04,-2.980461179924439284e-03
-9.446437639334769173e-06,-1.155657970920626244e-04
-7.891080941748769432e-04,-2.129091145775129871e-03
-1.551516255682162796e-04,-3.990624213981255907e-04
1.874915677511249145e-03,-2.514287332392827271e-02
1.577847788090632093e-03,-2.494757535998386525e-02
-1.186472894741655353e-04,-2.412800194527925878e-04
1.080960430648107809e-04,-2.475549414137661122e-02
-1.863124736628424564e-04,-2.492748171413728536e-02
-1.626992581105755648e-04,-2.525948794052657737e-02
-1.454307843929812704e-03,-6.700997381340534007e-03
-1.877123051167355961e-04,-5.905784776793246123e-04
-8.197656139985279875e-04,-1.631516834325168197e-02
-2.184248325651964666e-04,-8.152669970892814037e-04
3.062427243879319353e-04,-2.575220932445531838e-03
-1.415554081458405417e-03,-6.153379856024641416e-03
6.901069772219094135e-04,-2.574823614943207509e-02
4.443265046558332230e-04,-2.594625368202583410e-02
-8.231831939046227280e-06,-3.210830166707072379e-06
-2.872825422839243945e-04,-1.512292277633181352e-03
4.006778014086853981e-04,-2.389474650125556973e-02
-3.116891122619551337e-04,-1.841443982341245790e-03
-3.345305534493124588e-04,-2.197321737512542700e-03
6.451873350629066476e-04,-1.579452751212517478e-02
3.539759574451380088e-04,-1.562294549699812587e-02
-3.558082985000128942e-04,-2.578593780727216501e-03
-1.564208716401700641e-03,-2.531725912918177460e-02
-8.187742311953756470e-04,-1.699690915759162133e-02
-3.755618646685183223e-04,-2.983948502472128731e-03
-1.373965578087019222e-03,-5.621212430399391904e-03
1.155723506703480627e-04,-2.509357491099969278e-02
-3.938424165473489017e-04,-3.412132679037654243e-03
-4.107017674230662536e-04,-3.861898528598995631e-03
-7.643651712512783940e-06,-6.972438955769209238e-05
-4.262641976870960056e-04,-4.332050597730218236e-03
1.875602599403165859e-03,-2.443778437430465036e-02
1.082637286934131493e-04,-1.492575593292292248e-04
-3.866610757790260155e-04,-3.529846415539602189e-04
-4.405522770137391291e-04,-4.821490146965693412e-03
-4.917250538357225949e-04,-2.407170292622142979e-02
-1.330269428843376851e-03,-5.106883854307275525e-03
-4.530945955341695816e-04,-5.329202700863665612e-03
-8.172024481123030693e-04,-1.768141304166920280e-02
-4.807268106224006979e-04,-5.273404144008475699e-04
8.551236552765861441e-05,-9.821653986158516026e-05
-4.965344084356458458e-04,-2.338019035678130797e-02
-5.007625503362793428e-04,-2.268716119998485589e-02
-5.047393381092434364e-04,-2.199378975220235566e-02
-6.804244789241796140e-04,-5.463969128780327492e-03
-4.645485703287739114e-04,-5.853745119270808116e-03
-6.987511057974882343e-04,-5.992401027407272263e-03
-4.751262936274545218e-04,-6.394274608411123703e-03
-7.156865621131836821e-04,-6.536667855546485564e-03
-4.845543248137214884e-04,-6.949766921857529131e-03
-7.310209638456951825e-04,-7.095591553968228979e-03
-4.928970720701496061e-04,-7.519199397411347602e-03
-7.447884680412833816e-04,-7.668392942774019012e-03
-5.000798288838747933e-04,-8.101571680112402279e-03
-7.570361256841041768e-04,-8.253580817304420267e-03
-5.076298079709619469e-04,-8.695690820734564355e-03
-7.682698000049185657e-04,-8.850640484529742613e-03
-5.116596174527088909e-04,-9.301681827795973273e-03
-7.778187759230808856e-04,-9.458864369484485529e-03
-5.163521781217138631e-04,-9.917660709794570359e-03
-7.863360475848024190e-04,-1.007750730612136728e-02
-5.202829183296029574e-04,-1.054314468999858513e-02
-7.937685852565402054e-04,-1.070518681206476808e-02
-5.236718324544554874e-04,-1.117740162704439037e-02
-8.003805133204583552e-04,-1.134149004865618073e-02
-5.270098966213241113e-04,-1.181937768854538634e-02
-8.068209613951422918e-04,-1.198532121610803788e-02
1.575378158630922959e-03,-2.182487296688364817e-02
2.713396450724717829e-04,-2.012897128640591705e-03
-5.082548034485816213e-04,-2.129977781005311377e-02
1.580782134448064855e-03,-2.286476283561921993e-02
1.568758862826176350e-03,-2.078573357851721051e-02
3.502858173469502513e-04,-3.408806605453972884e-03
1.687717125792666034e-04,-3.517577685688382406e-03
3.394197171426156204e-04,-3.191641358628599309e-03
3.813696858537242917e-04,-4.090775437021671075e-03
1.864346203041531737e-04,-4.208587944355643776e-03
3.718055116090246306e-04,-3.857789498425534709e-03
1.560633943794113247e-03,-1.974614410825385399e-02
4.110945105299109131e-04,-4.817914061669604717e-03
2.033148796673108210e-04,-4.942750927859550572e-03
4.007948928103190005e-04,-4.570511518479689929e-03
4.390706820935882178e-04,-5.585609650226877609e-03
2.198276845116268726e-04,-5.717036889155884330e-03
4.271836793906729304e-04,-5.325417300111237769e-03
1.550836913958005079e-03,-1.871155062249845596e-02
4.654190900244488437e-04,-6.390295252323361687e-03
2.344713478655740862e-04,-6.527481761655034957e-03
4.535561719175897348e-04,-6.118090306432589012e-03
4.911230751308084692e-04,-7.228833317255498395e-03
2.498351798859664292e-04,-7.371368244483577151e-03
4.779022370552402847e-04,-6.945759588171051928e-03
5.157504101998233682e-04,-8.097549416326345686e-03
2.656806201763833018e-04,-8.245156462649318174e-03
5.018001139031074863e-04,-7.804754743209079901e-03
5.373904681848395331e-04,-8.993454653162999066e-03
2.781479108176956980e-04,-9.144562051290681948e-03
5.222184278734520214e-04,-8.691870834879612470e-03
5.514538138933380677e-04,-9.604074060418287331e-03
2.896094669663372596e-04,-1.006795333380758155e-02
5.623795587678148992e-04,-1.022517966064368476e-02
2.958375558016845363e-04,-1.069788306077278095e-02
5.691901465777319570e-04,-1.085893613194767807e-02
-8.139535796598620660e-04,-1.296512038278635134e-02
-8.159462145797137089e-04,-1.329450721237032326e-02
-5.318471507522104166e-04,-1.345670612963802311e-02
-8.177700737940035670e-04,-1.395771875189830667e-02
-5.298719618418779639e-04,-1.445330364452340234e-02
6.038102873835354606e-04,-1.213915231114379156e-02
3.241756267414029223e-04,-1.230222993806750868e-02
5.843224019827394878e-04,-1.181459083248618223e-02
3.026315400824800233e-04,-1.165209090240611027e-02
-8.192775215268549962e-04,-1.462560923551729959e-02
-5.289638806064857592e-04,-1.512496452223667000e-02
6.207452992055538001e-04,-1.312058743995375525e-02
3.362288777127333790e-04,-1.328621263381569301e-02
6.002060605501001369e-04,-1.279171873027648565e-02
6.365255731608688997e-04,-1.411526437483155358e-02
3.466121748356649286e-04,-1.428246721766752471e-02
6.148997943422238564e-04,-1.378222770634886414e-02
6.511954066003173549e-04,-1.512110381889800355e-02
6.435498676785356706e-04,-1.478392988033669884e-02
4.461510589052741500e-04,-4.532038967159124658e-04
1.804943500787612159e-03,-1.514576225812516892e-02
9.743537847846653810e-04,-2.417650976529679523e-03
8.367752116941174195e-04,-2.694678137252472239e-03
1.040395443917324940e-03,-2.812545696606666076e-03
8.861981730561859600e-04,-3.107019292316702021e-03
1.110900272583994174e-03,-3.260698639908197853e-03
1.044715431257731012e-03,-3.463507300512688302e-03
9.716321662065151819e-04,-3.637656516324674818e-03
-5.713151174142999363e-04,-7.365158674052308448e-04
1.783911864556203975e-03,-1.415311516086109264e-02
8.124003643084580896e-04,-1.553511076574446044e-03
7.251349049660337507e-04,-1.648260772203942633e-03
7.590597900521763204e-04,-1.393624767013266043e-03
5.948973980663181281e-04,-1.279744689397198159e-03
6.131539466980304772e-04,-1.141482227974567913e-03
1.664656727943253887e-03,-1.026201624663336358e-02
1.394934970479495178e-03,-1.070254249078017930e-02
1.760687181288514295e-03,-1.315892578399700460e-02
1.583490315334869442e-03,-8.726677947425183837e-03
1.611411654071356414e-03,-9.033955538322578985e-03
1.335601053883501890e-03,-9.167591262144897044e-03
1.564016956865476281e-03,-8.138510712382690873e-03
1.311516333594832081e-03,-8.278141009560258112e-03
1.522615045623226934e-03,-7.845495200103096492e-03
1.477014072125397036e-03,-6.981475513851457919e-03
1.511123515165633310e-03,-7.270235112142820963e-03
1.267123812526623882e-03,-7.404731707089142780e-03
1.441085402437892841e-03,-6.429064700014583585e-03
1.217276891304372097e-03,-6.560482210069364974e-03
1.422219360215587133e-03,-6.150807025157713041e-03
1.173862717159884555e-03,-6.000670284701849384e-03
1.164158550605277724e-03,-5.734476863246953590e-03
1.351197322192572480e-03,-5.361261347587090165e-03
1.312532322385770141e-03,-4.859545872752244443e-03
1.104116597184160884e-03,-4.975841307507393625e-03
1.265893857063295040e-03,-4.609285461596997029e-03
1.045723826252840591e-03,-4.468733838946097395e-03
1.060057573343995644e-03,-4.220686899012129900e-03
1.189656397157332502e-03,-4.034104478098982441e-03
-1.179606158368408375e-03,-3.671422350733999276e-03
-1.015714074064372500e-03,-3.997228904867532705e-03
-6.560502870425179373e-04,-9.759096646267120204e-04
-8.526904751104402713e-04,-1.708550995385227454e-03
-1.234790826050528043e-03,-4.130895507143307263e-03
-1.060202694112737012e-03,-4.474187014001370505e-03
1.676199688181868441e-03,-1.088502297770626084e-02
1.677712934778291705e-03,-1.120192324769924211e-02
1.640101981743330439e-03,-9.644524639348584297e-03
1.374382766117053425e-03,-1.008068281039265802e-02
6.699803241086644190e-04,-9.827306330946023686e-04
5.773022930708386711e-04,-7.459206912989491426e-04
5.250121904545473634e-04,-8.111084532026161149e-04
5.397970878222267677e-04,-6.474629101212527917e-04
-1.288313682568410345e-03,-4.611905314329577468e-03
-1.100064944536093209e-03,-4.967915638269725966e-03
1.733601282334806338e-03,-1.217798741164183469e-02
8.915661291286131789e-04,-1.882357748368813184e-03
9.218547110685991301e-04,-2.050711554521456297e-03
7.735586268091791413e-04,-2.129806983810505865e-03
-5.128318247851803083e-04,-2.060628892050790639e-02
-5.152386053985174522e-04,-1.991607875773895517e-02
-5.183196953283850886e-04,-1.922551927167268429e-02
-5.209675914661693373e-04,-1.853629076366713688e-02
3.619607024450291564e-04,-1.801412016534388941e-02
3.581263935965269592e-04,-1.732814878608911896e-02
1.244514855377728017e-03,-1.647714049532519529e-02
-5.285975846819011012e-04,-1.279561394375062187e-02
-5.304725713742620714e-04,-1.246866129917771279e-02
1.565952489747983933e-04,-3.083346673966944149e-03
-8.200173208218862345e-04,-1.529838431760331512e-02
1.091196538537989681e-04,-1.586253416707681307e-03
4.776837123826686024e-05,-3.507498944262323775e-04
-9.690011566103124340e-04,-3.542533898230423688e-03
9.931208254911037554e-04,-2.492494479036753974e-02
1.421539875371495868e-03,-1.166436525759812284e-02
3.176116384791158017e-04,-2.774657999697722859e-03
3.050683638881085294e-04,-3.716753607567409626e-04
3.738625087510348772e-04,-5.531558217384570635e-04
6.041159377926263085e-05,-5.336694247869935197e-04
-5.278349067534013426e-04,-1.580063010274573507e-02
1.448262138404072402e-04,-2.671842954423364353e-03
4.140919331655969627e-05,-2.723249153706165486e-04
-8.188388789083806546e-04,-1.597465430006659443e-02
-1.740614516429846940e-03,-1.381253168213162491e-02
2.643336778292545899e-04,-2.935158051123951529e-04
2.951651946275805015e-04,-2.381685048942999965e-03
9.090486480167781511e-05,-1.134623409180742426e-03
-5.262588941840418491e-04,-1.648072771281413121e-02
-2.619908360012460709e-04,-1.211424206029212578e-03
-1.360133654923043446e-03,-2.492331585775819230e-02
1.331018517522016453e-04,-2.284589437576233124e-03
-7.864623745660333882e-04,-2.424664321392009519e-02
-8.193567949838238135e-04,-1.665542097192796930e-02
6.601451584384231911e-04,-1.853087064552462471e-02
-2.172054176009872290e-04,-1.726814009160432251e-04
1.271621894191222058e-04,-2.100307964437245819e-03
7.255175212497013738e-05,-7.502697712498167465e-04
1.040290566759003040e-04,-3.127365103820529003e-04
-5.245909543104338617e-04,-1.716376227527898271e-02
3.699903985915489811e-04,-1.664497479280278858e-02
-1.121667924937660554e-03,-3.232597921972271346e-03
3.002136051268704129e-05,-9.900856411719242677e-06
6.983591519660747740e-04,-2.406582776760027298e-02
1.719735786268203120e-03,-1.184787635918881782e-02
3.498022074889042821e-04,-1.461669079730423641e-02
2.588525006890989673e-04,-1.837710776849881510e-03
3.313948347984930739e-04,-1.361612431566681589e-02
-8.181072963094057149e-04,-1.733854524267324643e-02
3.203250157261433627e-04,-1.262773764065217713e-02
6.537547516006809870e-04,-1.715461101353411150e-02
6.683230530737935878e-04,-1.956522738391770072e-02
1.150652633410594321e-04,-1.751085126103917988e-03
2.825170216033861593e-04,-9.449976324145807974e-03
-1.719463780283960342e-03,-1.282253330365744175e-02
-8.114762653382550511e-04,-1.231058748689141738e-02
6.528445957360220087e-04,-1.749851407559668490e-02
2.643438776756580622e-04,-8.541542968646771358e-03
-5.296162204554136959e-04,-1.378741654068954200e-02
-5.227811761688407402e-04,-1.784890465586829247e-02
2.504357736574158787e-04,-7.658739004763688053e-03
1.180228152043120841e-04,-3.954575992099016867e-04
2.359907629546086115e-04,-6.804637319282840283e-03
2.214870524788430236e-04,-5.982563509677875195e-03
2.350119749197661769e-04,-1.508449419858768877e-03
2.053025532324151544e-04,-5.195725403388860505e-03
1.900036953567594536e-04,-4.447795684056686343e-03
1.744421513632918492e-04,-3.742366477362043566e-03
6.550476988028884574e-04,-1.784171450059451533e-02
-8.176666120962213522e-04,-1.802441739649986510e-02
2.228437374410840760e-04,-1.354202856606649208e-03
1.318138413352818177e-04,-4.869071056374773545e-04
6.577182155891374239e-04,-1.818579616908708521e-02
6.761394610501179772e-04,-2.060146054263806495e-02
9.686783274694221008e-05,-1.277821223930057605e-03
-8.174731737395817335e-04,-1.836825440871500334e-02
3.666262759356260698e-04,-1.870312818834689306e-02
1.973951059236345586e-04,-1.067747882838957722e-03
-3.593122722268217374e-04,-2.605607647633121846e-02
3.690747644105954743e-04,-1.904732823035266281e-02
6.966040271260267669e-04,-2.372040618327703534e-02
1.454025547957067319e-04,-5.868216222690260863e-04
-8.164994630526058519e-04,-1.871240994250045545e-02
1.843588047278702229e-04,-9.357687658941595248e-04
-9.210760423821542659e-04,-3.109798442000830023e-03
1.585748277854073622e-04,-6.951054397978691365e-04
6.660111101922768428e-04,-1.921893044808247950e-02
1.441201425827835694e-03,-1.230055817418480163e-02
7.859739190020002906e-05,-8.707138861761160595e-04
6.836815908865739389e-04,-2.164153208219435701e-02
-8.154070410396512588e-04,-1.905699427731565726e-02
3.737984257978089597e-04,-1.973830095064561113e-02
-6.689330795357596249e-04,-1.458432072851957714e-03
3.761901333716215147e-04,-2.008342399709229717e-02
-8.142056235044772437e-04,-1.940196724752811519e-02
-7.885905355841380578e-04,-2.390147361558250805e-02
6.903285059688342483e-04,-2.268143036474335947e-02
6.737644242177077102e-04,-2.025568795213843198e-02
-8.128970816449160135e-04,-1.974728178273891382e-02
3.807779161203404534e-04,-2.077603710132433848e-02
3.833387594460906989e-04,-2.112241713656405617e-02
-8.098105356273278647e-04,-2.009184557317063302e-02
6.813161609648043723e-04,-2.129494359058257610e-02
-1.058345426980727717e-03,-2.813148406401155040e-03
-8.073735910057228864e-04,-2.043660736912111461e-02
3.877176127986194532e-04,-2.181595196794545999e-02
1.452190645049068534e-03,-1.263013243760399175e-02
6.949878264397628619e-04,-2.337461214539280491e-02
3.960745026998502825e-04,-2.320237055667188561e-02
3.901754923934520045e-04,-2.216289863021786433e-02
-8.057818819167206301e-04,-2.078233333708584887e-02
3.941670736930648431e-04,-2.285557903702480423e-02
6.882184044160646452e-04,-2.233486636811814890e-02
-8.043817327331814846e-04,-2.112947463179874058e-02
-7.926559399718521642e-04,-2.355663103639324060e-02
-8.038210170671836316e-04,-2.147706587616906096e-02
5.646218940673483275e-04,-1.117666082964671043e-02
-8.026351736030338602e-04,-2.182403388307906089e-02
-8.007493576933214820e-04,-2.217069065773788830e-02
-7.946040953898894253e-04,-2.321035951199302075e-02
-8.716065125258296411e-04,-2.700695621924087235e-03
-7.966825948196077940e-04,-2.286393946724848622e-02
-7.987370923528305626e-04,-2.251733490325620243e-02
1.754898575312015003e-03,-1.282728059525110008e-02
1.827586626140886069e-03,-1.684839615530525983e-02
4.616087558784383619e-04,-8.759069466805009981e-04
1.536318507497380333e-03,-1.734503901395090600e-02
-9.936175269576520176e-04,-2.419470125988180779e-03
1.468745781558428469e-03,-1.328714878256825015e-02
1.838225867455249747e-03,-1.753037819370423592e-02
-8.175443410472877596e-04,-2.313425354990630671e-03
1.544654138590711512e-03,-1.802570852676632640e-02
1.479500850186766603e-03,-1.362263247057783448e-02
3.586115667293155482e-04,-1.528307704390128099e-02
1.852990864510929096e-03,-1.822349171201723128e-02
-9.251650372266567984e-04,-2.051202233373777568e-03
1.777812389861824823e-03,-1.381390930869415799e-02
6.478922536703630997e-04,-1.746287096767804936e-03
1.848583899108816042e-03,-1.855439062542213122e-02
-7.581170055405497821e-04,-1.949713227906558696e-03
1.555976866743326564e-03,-1.905787207630839364e-02
1.494761423520533797e-03,-1.429097394937368405e-02
7.783441778528176922e-04,-2.308295035778556905e-03
1.863929496868391112e-03,-1.925620824779395932e-02
-7.284546870700990724e-04,-1.778695163275360739e-03
1.507022722078146196e-03,-1.463194404981700211e-02
2.985190779683278314e-04,-1.133260864961022595e-02
1.858436909079335016e-03,-1.958830105518021350e-02
1.319290232591803383e-04,-2.579730948794423107e-02
-6.977169449353119897e-04,-1.614185167994021657e-03
1.565276117386522588e-03,-2.009570657338967045e-02
1.798045573040893451e-03,-1.481251045985211741e-02
1.869685729982809930e-03,-2.028857397464702353e-02
9.520723386607744332e-04,-1.664315888008608899e-02
-7.814662805368847130e-04,-1.396669917786218891e-03
6.602821438573391183e-04,-1.681169682743645713e-02
1.515085358994928619e-03,-1.529498346077660595e-02
1.865714330110276658e-03,-2.062712932979297170e-02
-7.389608710231598343e-04,-1.247667847215272593e-03
1.572923363012742421e-03,-2.113418229171155904e-02
1.528085904986207708e-03,-1.563959287148904490e-02
1.876582182804716363e-03,-2.132690159119042875e-02
1.097054519807831845e-03,-5.218699301961221906e-03
-6.017688473702931034e-04,-1.163926880540306925e-03
1.874590987831435121e-03,-2.166912041947588116e-02
1.826428229716669464e-03,-1.582879988523619788e-02
1.844452139711976694e-03,-2.584783638250977289e-02
8.555093580102131475e-05,-4.314014476559317990e-05
-5.665549346636904486e-04,-1.027574923548366754e-03
1.579228902137785060e-03,-2.217369955541947935e-02
1.202177271750919747e-03,-6.826151425291624754e-03
1.825422784079831816e-03,-1.616311668049973463e-02
1.881984399530335639e-03,-2.236656097960506087e-02
-5.314615890217198532e-04,-8.997609342835887446e-04
1.246869495276482862e-03,-7.679528064479079763e-03
1.879298526220073975e-03,-2.270901063358268801e-02
1.298052797351804868e-03,-8.562723835815966300e-03
-1.575545079670291875e-04,-2.128368716014462567e-04
-4.966874056307694213e-04,-7.808162990071310528e-04
1.587568695446309403e-03,-2.530739186050025291e-02
1.583198229440320546e-03,-2.321323580368231040e-02
1.379753606078618338e-03,-5.619281618988223800e-03
1.561286250380472052e-03,-2.562867041526169579e-02
1.350669148660749597e-03,-9.471697799575535398e-03
1.880301157663916665e-03,-2.340130260340542862e-02
1.287556964485573252e-03,-2.510919646217478485e-02
-4.592260091405029948e-04,-6.676031181214864534e-04
1.585046008778076901e-03,-2.390588387894548861e-02
1.348749390861665298e-03,-2.609192461291713269e-02
1.876694496935342633e-03,-2.409106957847855987e-02
-4.213877209469131806e-04,-5.631932343145940132e-04
1.579825540522016014e-03,-2.459896696406665625e-02
1.409029892099594727e-03,-1.134572198334451998e-02
-3.823417869781436940e-04,-4.672347467418791261e-04
-2.241083153702169370e-04,-2.538778503590154710e-04
-3.434258957433842098e-04,-3.805156841627458774e-04
-3.011981043633080060e-04,-3.009017807033075682e-04
1.532985200810989962e-03,-1.666118412568570392e-02
-7.561383538325801550e-04,-2.525431443685850763e-02
6.798193903764093168e-06,-2.814093168919669065e-06
7.428385048755113034e-04,-2.605449048341674373e-02
1.368422167026429740e-05,-3.877767820458858190e-06
1.087398480568832612e-03,-3.834718505346239228e-03
7.140862808124379254e-04,-1.114088917328637587e-03
-4.799148004978973995e-06,-1.382936590909591462e-05
4.688581850764085199e-05,-2.204582369655901580e-05
-1.456344470208194037e-04,-2.557031517988901659e-02
-2.238774749207708326e-05,-6.542665399822655770e-06
-1.305126761575126082e-03,-2.612291781046763989e-02
-4.268635841384270098e-04,-2.542382758599801007e-02
-6.611322230169123767e-04,-2.614546500125645989e-02
-1.056357530779075297e-05,-2.310982120996121254e-06
9.092857078200431570e-04,-3.788045874454671301e-03
-1.541756028355161184e-04,-2.584961060935413515e-02
-1.960091016827140119e-03,-2.478154164167374607e-02
-1.016224127865808036e-03,-2.539010107686041906e-02
-1.930809091381336436e-03,-2.446746246308048600e-02
-1.907935888242562111e-03,-2.609975269160687977e-02
-3.974289105358958310e-05,-1.780295836473517272e-05
-1.584023454192727423e-03,-2.407261925415542236e-02
-1.313989573966715951e-03,-2.521758397687304254e-02
5.125197254540938413e-04,-1.148448099293005939e-03
-1.952864569481123401e-03,-2.375552432788599275e-02
9.253341887899854765e-05,-4.715908023715057606e-05
-1.589897234346978510e-03,-2.339333721324810336e-02
3.894254143230688745e-05,-1.797468056464458471e-05
1.931136389438665307e-03,-2.611824073917359476e-02
-1.955634839669229911e-03,-2.306192787854777562e-02
-1.581499878547740299e-03,-2.506124228132009663e-02
1.996029563405855303e-04,-1.174397936884451107e-04
-1.593190931120718259e-03,-2.269687477914531654e-02
1.263732322566216409e-03,-3.879169134746099281e-03
-1.957546543796660158e-03,-2.236844044148520935e-02
8.779155162925237612e-04,-3.483568753322981073e-03
1.982341037344906287e-04,-1.448874799573626824e-04
-1.594099177631329431e-03,-2.200367779470538063e-02
6.163643975446012925e-04,-1.031491139907885456e-03
-1.958747404894964177e-03,-2.167523705106593965e-02
3.060884072538120953e-04,-2.245494726051126724e-04
-1.594511593245136454e-03,-2.131066194829837543e-02
3.593213873095627963e-04,-2.869722773414063810e-04
-1.959253341903594622e-03,-2.098252660296574118e-02
-1.594348757231157541e-03,-2.061820422510034223e-02
3.256330476066715118e-04,-3.398097919576468671e-04
-1.959013738784856976e-03,-2.029055045589971476e-02
3.695367855414353466e-04,-4.120190085652394060e-04
-1.593532162710871187e-03,-1.992659964740014708e-02
4.100516882283258726e-04,-5.077358544313839792e-04
-1.957941906474998731e-03,-1.959958319079568509e-02
4.494742321453317662e-04,-6.050616637470029435e-04
-1.591981978501184067e-03,-1.923614579223786175e-02
2.443177466926992883e-04,-2.612160891730138865e-02
-1.955940277831438607e-03,-1.890993299304335323e-02
4.269431729526199939e-04,-7.603307404791297608e-04
5.682171511196995291e-04,-9.269042912858627137e-04
-1.589616891742805975e-03,-1.854716986624075498e-02
1.283998980713684695e-03,-4.196367802516896145e-03
-1.952910606481013606e-03,-1.822194170852051848e-02
1.217719751098457655e-03,-3.458179879914569620e-03
-1.586355145335451369e-03,-1.786002800878611768e-02
-1.948752797420202128e-03,-1.753597974752516345e-02
1.537457358370391842e-03,-2.589183707391751535e-02
-1.582117082493849714e-03,-1.717511101377433916e-02
9.362639081264268175e-04,-2.583720071827196388e-02
-1.943362572727189803e-03,-1.685245104893937779e-02
7.812229182564375037e-04,-1.787120706328375460e-03
4.867052517690158286e-04,-7.039931799454705050e-04
5.908471774756062899e-04,-1.603606487268533073e-03
-1.576817058742405577e-03,-1.649285570027671233e-02
1.159266660794402347e-04,-6.518664303794077537e-05
-1.926925892262284145e-03,-1.617505340535995914e-02
