Size 1576,2
0.000000000000000000e+00,0.000000000000000000e+00
-2.819960255956146730e-03,-3.440179588218449797e-02
2.833080809017853550e-03,-3.440457907128566944e-02
0.000000000000000000e+00,0.000000000000000000e+00
-9.432447406856290248e-05,-5.088571333593524751e-05
-1.751945654646988452e-04,-9.032080062703494092e-05
-2.534921462845466148e-04,-1.370743363954181359e-04
-3.306402305920559128e-04,-1.934490452088625026e-04
-4.067477019182298660e-04,-2.608931104181260287e-04
-4.816925687724529998e-04,-3.398983121825348047e-04
-5.553728707209526364e-04,-4.305920088628228427e-04
-6.277382248190160234e-04,-5.328854809510654095e-04
-6.985963823306419766e-04,-6.465298304311246523e-04
-7.679759921252724041e-04,-7.713641438937218851e-04
-8.357875279241324144e-04,-9.070964088347612149e-04
-9.021575854511890494e-04,-1.053521677722515232e-03
-9.669893932434952969e-04,-1.210377243700080842e-03
-1.030325750270654752e-03,-1.377419588854807532e-03
-1.092202196056174784e-03,-1.554386501178362748e-03
-1.152646718375427730e-03,-1.741060681846681550e-03
-1.211773448411571303e-03,-1.937254075614456769e-03
-1.269375994379925727e-03,-2.142723114410825455e-03
-1.325551887171046378e-03,-2.357210555229926046e-03
-1.380377967382565886e-03,-2.580486250792351187e-03
-1.433850762814994515e-03,-2.812355759324892349e-03
-1.486030873542191870e-03,-3.052618652944206947e-03
-1.536837932292370139e-03,-3.301043295107426809e-03
-1.586370383784231749e-03,-3.557433722122470363e-03
-1.634578695085217278e-03,-3.821568215281787636e-03
-1.681531233675076249e-03,-4.093234221226537371e-03
-1.727230457208051972e-03,-4.372249361183021786e-03
-1.771687549912489548e-03,-4.658405320998581026e-03
-1.814911224601485846e-03,-4.951493967500462078e-03
-1.856951630939901801e-03,-5.251343837951625085e-03
-1.897783095828530116e-03,-5.557732732346092747e-03
-1.937469637679547661e-03,-5.870499889951097568e-03
-1.976016911728701794e-03,-6.189449665668306580e-03
-2.013465108242649525e-03,-6.514443311460150175e-03
-2.049705281442710473e-03,-6.845240139349296690e-03
-2.084860283926672116e-03,-7.181671595655686816e-03
-2.118930329374575997e-03,-7.523567234353482902e-03
-2.151942999128836961e-03,-7.870765872931121537e-03
-2.183899285944158105e-03,-8.223082357851388760e-03
-2.214828316624456537e-03,-8.580366935520937488e-03
-2.244734623688521800e-03,-8.942438181419060800e-03
-2.273647316126374811e-03,-9.309153618707261338e-03
-2.301567227284595247e-03,-9.680330789089497748e-03
-2.328531651330721566e-03,-1.005584270140510474e-02
-2.354534552156837754e-03,-1.043550208925061659e-02
-2.379618427183905448e-03,-1.081919619915423271e-02
-2.403774682950018601e-03,-1.120673842435552722e-02
-2.427044736673564327e-03,-1.159802316004081811e-02
-2.449420013798151753e-03,-1.199286739567415917e-02
-2.470941769452268764e-03,-1.239116671183591346e-02
-2.491618347044632746e-03,-1.279276544558312009e-02
-2.511461397417799613e-03,-1.319753615764663809e-02
-2.530492240403935979e-03,-1.360534488117803344e-02
-2.548723755666292261e-03,-1.401606388920841398e-02
-2.566177516397811879e-03,-1.442956527078560931e-02
-2.582865966070928710e-03,-1.484572692729616873e-02
-2.598810732592915160e-03,-1.526442620018952749e-02
-2.614024725887390942e-03,-1.568554593113207288e-02
-2.628532099560494228e-03,-1.610897523839482925e-02
-2.642327912183846123e-03,-1.653458267618743843e-02
-2.655523748267983077e-03,-1.696232155956001880e-02
-2.667939947939386523e-03,-1.739198867388670050e-02
-2.679749850112354576e-03,-1.782353226947927180e-02
-2.691012362789712339e-03,-1.825688772432000617e-02
-2.701554748626951771e-03,-1.869187167704223010e-02
-2.711544910099386672e-03,-1.912845014589024603e-02
-2.720954349140422123e-03,-1.956650637394880682e-02
-2.729780045751091511e-03,-2.000594123115548989e-02
-2.738043210503765361e-03,-2.044663311170552902e-02
-2.745821133232382444e-03,-2.088860974073744950e-02
-2.753263983457230300e-03,-2.133177320260863652e-02
-2.760043466494460900e-03,-2.177584912279493037e-02
-2.766454971056944278e-03,-2.222106198934071727e-02
-2.772271205920515211e-03,-2.266705610200353549e-02
-2.777756836188558648e-03,-2.311399348742725415e-02
-2.782713903745992565e-03,-2.356158252306772560e-02
-2.787357067969066429e-03,-2.400997312707269654e-02
-2.791524688214007573e-03,-2.445889401611161390e-02
-2.795396998377055412e-03,-2.490848524437086833e-02
-2.798839696202713116e-03,-2.535849530694199092e-02
-2.802010697447189155e-03,-2.580905162802821229e-02
-2.804799700972560126e-03,-2.625992933405535065e-02
-2.807335530477674587e-03,-2.671124075757085742e-02
-2.809537860040087730e-03,-2.716278469546187443e-02
-2.811507488737251606e-03,-2.761466135843923184e-02
-2.813190138262720852e-03,-2.806669256021562808e-02
-2.814662356613677283e-03,-2.851896629674458700e-02
-2.815892138334263276e-03,-2.897132731947682158e-02
-2.816935677376362478e-03,-2.942385128419228169e-02
-2.817780142694500077e-03,-2.987640635461207006e-02
-2.818463843573714139e-03,-3.032905586974419046e-02
-2.818990114710227812e-03,-3.078169107695042858e-02
-2.819384513460961982e-03,-3.123436265523369185e-02
-2.819660330046645704e-03,-3.168698509628167792e-02
-2.819839578549771658e-03,-3.213958922050545036e-02
-2.819931453745893636e-03,-3.259214904458528073e-02
-2.819971967699759410e-03,-3.304463282932846441e-02
-2.819975579876421359e-03,-3.349706135564165660e-02
-2.819966453208501683e-03,-3.394944152711466129e-02
-2.385003709659801532e-03,-3.440179008011595013e-02
-1.950070027126683857e-03,-3.440178226491620583e-02
-1.515187834581209350e-03,-3.440178128182977413e-02
-1.080350145199860919e-03,-3.440181553505061718e-02
-6.455704592578129187e-04,-3.440189473932044745e-02
-2.108123448874141465e-04,-3.440203927615933382e-02
2.239375950380495214e-04,-3.440225471762613230e-02
6.586896920327438894e-04,-3.440254485912785237e-02
1.093476228678269373e-03,-3.440288457013162410e-02
1.528308192307912356e-03,-3.440327780055133650e-02
1.963192366027413129e-03,-3.440370504027932125e-02
2.398123846968218485e-03,-3.440414495490497215e-02
2.832953312018791914e-03,-3.395222463600770790e-02
2.832828382129579190e-03,-3.349984520304043201e-02
2.832691998098271161e-03,-3.304741406778134716e-02
2.832518885902517158e-03,-3.259492221622918573e-02
2.832287318772102637e-03,-3.214237320587750441e-02
2.831976519200191892e-03,-3.168977317762992907e-02
2.831566869242624265e-03,-3.123713700646301925e-02
2.831039631258487361e-03,-3.078448154389212474e-02
2.830377673952152139e-03,-3.033182790364035916e-02
2.829563383079195318e-03,-2.987919933314716822e-02
2.828579468146005804e-03,-2.942662126522078633e-02
2.827407829419881398e-03,-2.897412062048702885e-02
2.826034750129212490e-03,-2.852173382301812291e-02
2.824440281330101252e-03,-2.806948956572200352e-02
2.822606039037532395e-03,-2.761742473031899778e-02
2.820520676768226067e-03,-2.716558398510626055e-02
2.818164062904187674e-03,-2.671400471958126216e-02
2.815513945327563147e-03,-2.626272922007605662e-02
2.812564190759199272e-03,-2.581181403396384799e-02
2.809292886222330022e-03,-2.536130192452226706e-02
2.805672832195365944e-03,-2.491124338442278138e-02
2.801707328428660639e-03,-2.446170677956560624e-02
2.797369219444573261e-03,-2.401273809349272273e-02
2.792629247964648845e-03,-2.356439824232455307e-02
2.787496094047293808e-03,-2.311676366130853075e-02
2.781935234071374833e-03,-2.266988722752721896e-02
2.775934690266284536e-03,-2.222384358358114181e-02
2.769482987974911711e-03,-2.177870813877649456e-02
2.762549213405179806e-03,-2.133454215586048572e-02
2.755120602436501951e-03,-2.089143040756886657e-02
2.747164941348396658e-03,-2.044945430576078360e-02
2.738713753421756231e-03,-2.000871305002901654e-02
2.729715070820227032e-03,-1.956926705144966527e-02
2.720155364673504644e-03,-1.913121222199853574e-02
2.710020259080565645e-03,-1.869463652197445730e-02
2.699294030454832318e-03,-1.825964165407033268e-02
2.687952409998806136e-03,-1.782631358905246641e-02
2.675991997479710335e-03,-1.739476107807113106e-02
2.663389699066191166e-03,-1.696508016079043002e-02
2.650110755144122372e-03,-1.653736800757836176e-02
2.636166269830255045e-03,-1.611174918012620028e-02
2.621513014488774558e-03,-1.568832137283813002e-02
2.606137574608742222e-03,-1.526720508196016332e-02
2.590078681054662751e-03,-1.484852615621157917e-02
2.573308559633560259e-03,-1.443237276707110689e-02
2.555737047465582879e-03,-1.401885285524900014e-02
2.537323168248594059e-03,-1.360810236011490530e-02
2.518161215553834428e-03,-1.320031136267401858e-02
2.498170970792397503e-03,-1.279553144306400797e-02
2.477344037873901745e-03,-1.239393941266989096e-02
2.455717889806727054e-03,-1.199564828385056396e-02
2.433144866239292468e-03,-1.160078334190917625e-02
2.409796079281514587e-03,-1.120951720972570079e-02
2.385498400222251826e-03,-1.082197564781161095e-02
2.360155058977828763e-03,-1.043826377784760721e-02
2.334160591452655135e-03,-1.005864974118980508e-02
2.307090552973155902e-03,-9.683143585013364099e-03
2.278888320829098278e-03,-9.311895887757198204e-03
2.249932437580979758e-03,-8.945234958598474728e-03
2.219897621023576937e-03,-8.583190397530752330e-03
2.188842883978986669e-03,-8.225859355061674802e-03
2.156769504886314835e-03,-7.873558070470354497e-03
2.123546510403796512e-03,-7.526358984599890688e-03
2.089310662920807263e-03,-7.184466530834648403e-03
2.054104601269106292e-03,-6.848059343652666310e-03
2.017763890079420433e-03,-6.517323708548851749e-03
1.980168927221358319e-03,-6.192277404321346740e-03
1.941963293329759463e-03,-5.873412622906709450e-03
1.902231642962926060e-03,-5.560735627607042535e-03
1.861014665089195334e-03,-5.253734645188113360e-03
1.818375120794574759e-03,-4.954058059141062606e-03
1.775158489986189631e-03,-4.661132113373056725e-03
1.729653996699327505e-03,-4.375003148013429342e-03
1.684218018641749082e-03,-4.095870875461106973e-03
1.637182493371512745e-03,-3.824377715384141580e-03
1.589119486843493419e-03,-3.560389626116357287e-03
1.539617889485323139e-03,-3.304015679717340996e-03
1.488995614640398158e-03,-3.055539619576968201e-03
1.436824776981087282e-03,-2.815171138430947254e-03
1.383149176135218357e-03,-2.583227706748352556e-03
1.328121165042790014e-03,-2.360201406770256072e-03
1.271166010579632228e-03,-2.145578790779024709e-03
1.213498307343366823e-03,-1.940005155626078068e-03
1.155073561690613025e-03,-1.744001556423618350e-03
1.094801782410913899e-03,-1.557453488583972635e-03
1.032283022816302609e-03,-1.380286346049731721e-03
9.684271297094360119e-04,-1.213106393343532045e-03
9.034386752765977743e-04,-1.056295916278711172e-03
8.370828384884255622e-04,-9.099122009369896204e-04
7.691266566821018929e-04,-7.741830539842762616e-04
6.998130832147084288e-04,-6.492846917952487711e-04
6.289618653880795938e-04,-5.355987677805844208e-04
5.569754682806258910e-04,-4.335303427978716363e-04
4.826487599652659198e-04,-3.423133225515448408e-04
4.073996833901061894e-04,-2.631608852640866672e-04
3.314574416267107950e-04,-1.956982162300970962e-04
2.535946194765674802e-04,-1.392543514416595793e-04
1.756046796067395853e-04,-9.241701328146154895e-05
9.492342002795752312e-05,-5.175918544860810659e-05
0.000000000000000000e+00,0.000000000000000000e+00
0.000000000000000000e+00,0.000000000000000000e+00
0.000000000000000000e+00,0.000000000000000000e+00
0.000000000000000000e+00,0.000000000000000000e+00
0.000000000000000000e+00,0.000000000000000000e+00
0.000000000000000000e+00,0.000000000000000000e+00
0.000000000000000000e+00,0.000000000000000000e+00
0.000000000000000000e+00,0.000000000000000000e+00
0.000000000000000000e+00,0.000000000000000000e+00
0.000000000000000000e+00,0.000000000000000000e+00
0.000000000000000000e+00,0.000000000000000000e+00
0.000000000000000000e+00,0.000000000000000000e+00
-1.623466322878540949e-07,-3.215423835159161214e-06
-1.769621609965842934e-05,-3.404696693078627934e-02
1.127855359542616906e-03,-2.238535991412678346e-03
1.650865622971021181e-03,-5.710232160261494161e-03
1.979642463387351267e-03,-9.859039658294094580e-03
2.275225924083375435e-03,-1.632056596273754462e-02
2.337577707904641127e-03,-1.890992498077163561e-02
2.429103831178938775e-03,-2.601965586123144297e-02
2.454133434027235862e-03,-3.099309988151748366e-02
5.047131092788755035e-04,-4.632032401601529712e-04
-2.173554816951691910e-03,-1.462743505648026951e-02
-2.339306649109465595e-03,-2.068482638414874050e-02
-9.109912038188538227e-04,-1.446804529503907403e-03
-1.341104681066566072e-03,-3.411724385560594396e-03
-1.502848597344904431e-03,-4.503693532535078120e-03
-1.765446600499873293e-03,-6.999607131915163392e-03
-1.873977991410996245e-03,-8.388639373098175436e-03
-2.048623324481991907e-03,-1.139077542039618716e-02
-2.116802185385937164e-03,-1.298425748610371536e-02
-2.406550066436656445e-03,-2.243911615331638590e-02
-2.421740123671761551e-03,-2.422987832898904764e-02
-2.432497942456021689e-03,-2.783772361959189687e-02
-2.240382834467742699e-03,-1.759275264568481087e-02
-2.439033715200003560e-03,-2.964631153225513044e-02
-6.864029798389462188e-04,-8.193633483311547547e-04
1.414878686023599745e-03,-3.943998701918032153e-03
1.836416794414209765e-03,-7.678872390670437621e-03
8.102191980236841907e-04,-1.118303434454607451e-03
2.445818276843760367e-03,-2.873063669686125310e-02
2.402654596680670312e-03,-2.332250428756527105e-02
2.385635384882911665e-03,-2.154255989015653461e-02
2.191551542377807079e-03,-1.380831426606748090e-02
2.113172251968504622e-03,-1.218453867084993633e-02
-1.161204472880973410e-03,-2.450561167920540292e-03
-2.426338482524948055e-03,-2.603126022602186146e-02
-1.647901524583436812e-03,-5.703736080369993695e-03
-1.968024986056432762e-03,-9.855749820624183644e-03
-2.456429811972011754e-03,-3.144863525791205539e-02
-4.411121629257858871e-04,-3.649801802446694964e-04
2.308860496176691132e-03,-1.760706125750175627e-02
1.736937937932884818e-03,-6.668450039836509337e-03
1.242165207179600451e-03,-2.917172217151595311e-03
2.438492290731987099e-03,-2.737407775526801146e-02
2.362975051423237428e-03,-2.020971530653037709e-02
-2.268965528449521946e-03,-1.889895931410869728e-02
-2.216277405934684308e-03,-1.630964474718022209e-02
2.417285770083750160e-03,-2.466864148393793990e-02
2.213462270511347071e-03,-1.503668001181578465e-02
2.052507225739760074e-03,-1.100476686806988597e-02
1.910054397551498237e-03,-8.751673393077521665e-03
1.564446364981699963e-03,-4.782343276746547217e-03
9.575804171822342638e-04,-1.621536795290798739e-03
2.441398205388147901e-03,-3.235858511446523117e-02
3.152906543825882897e-04,-2.079080824301796006e-04
-2.419984267911473846e-03,-3.276601904798161907e-02
-2.440006369968218214e-04,-1.448567206352309965e-04
1.362765117685097935e-03,-3.404551083544855167e-02
2.739593661704151805e-05,-7.856025189826999389e-06
-2.810645879156907175e-05,-7.190296893338843735e-06
-1.288380936540245089e-03,-3.400855013988959841e-02
2.451382049193901336e-03,-3.008818014354827305e-02
-2.396658098514186253e-03,-2.154863749071103327e-02
-1.424037574557315096e-03,-3.945115157265320464e-03
-8.018652136239939497e-04,-1.113815504421524936e-03
6.411804019345373942e-04,-7.103587333427348631e-04
-1.066261736664334773e-03,-2.021214852029161110e-03
-1.821587204305801172e-03,-7.683702016337136224e-03
-1.577430688550847089e-03,-5.090417770034849111e-03
-1.714354749093535213e-03,-6.342152225712010052e-03
-2.084198719573333858e-03,-1.218077249630069095e-02
-2.146544060414842629e-03,-1.380015586864062789e-02
-2.414874406441088698e-03,-2.333304506485322366e-02
-2.421680880187598427e-03,-2.513009664205070187e-02
-2.429905148667518833e-03,-2.693392977705164754e-02
-2.434228169067416837e-03,-2.874229948309768579e-02
-2.443730178321072179e-03,-3.054990652005185742e-02
-1.254799741085795830e-03,-2.914664514190786274e-03
2.393092305261971392e-03,-2.244494885191133590e-02
2.158429536585104377e-03,-1.299234394872602651e-02
1.319236801511845716e-03,-3.407697772560626479e-03
-1.922748142413636171e-03,-9.113086507056238419e-03
-2.197957799500763285e-03,-1.546510493138538063e-02
-2.285204519959977299e-03,-1.977784353883416113e-02
-2.009940188251254419e-03,-1.061538022172676954e-02
-5.668591357809563179e-04,-5.695790939793569192e-04
1.823400638680695439e-04,-9.896228721726473422e-05
2.444536367948900706e-03,-3.327208817666433421e-02
-1.085197839357348990e-04,-5.264180760493550191e-05
-2.439989098506183292e-03,-3.370470884009145462e-02
2.174437338446199436e-03,-3.407293576833599069e-02
5.756330679216043313e-05,-2.288485826377040691e-05
-1.762285974750411833e-04,-9.400195978122687633e-05
-1.707487570088396728e-04,-1.019053590317625934e-04
-2.275804131167830644e-04,-1.579569528259478926e-04
-1.578806403046187335e-04,-1.154073058361557727e-04
-2.033099070732082264e-04,-1.766227870084374275e-04
-1.362991165801536158e-04,-1.340131183408817099e-04
-1.707271940985226485e-04,-2.003908199391838481e-04
-1.055591623947577671e-04,-1.580495371705958776e-04
-1.304331643099395721e-04,-2.304024621133598605e-04
-6.530195787280663002e-05,-1.878848993761138449e-04
-7.957358567408623329e-05,-2.667554097867256874e-04
-1.496554888056061424e-05,-2.234562809907510899e-04
-1.728416388506631739e-05,-3.082946334145058773e-04
-9.227260240888011727e-05,-3.575873399845022247e-04
-1.930738724152041512e-05,-4.049140947305251070e-04
-1.045011727021815973e-04,-4.600061877745622837e-04
-2.107579282440972434e-05,-5.130844068970290056e-04
-1.163696031241766965e-04,-5.738412666376194919e-04
-2.270749004572779703e-05,-6.325555603110023795e-04
-1.276366149876034676e-04,-6.988498552806337270e-04
-2.412168340029005430e-05,-7.630847494373927059e-04
-1.386349908048666198e-04,-8.348123713332700029e-04
-2.540149689147176820e-05,-9.043745535390754686e-04
-1.491075031795788351e-04,-9.814607033977590638e-04
-2.668238387731521947e-05,-1.056283978036196827e-03
-1.593624649099505944e-04,-1.138578000424375278e-03
-2.762872202902724188e-05,-1.218621810128374351e-03
-1.689999710198770804e-04,-1.306151724829956442e-03
-2.817144897767326188e-05,-1.390986849323117350e-03
-1.809497329155784794e-04,-1.483770473343268151e-03
-2.941073103052146103e-05,-1.573256600748273483e-03
-1.883911725539790460e-04,-1.670605960194518000e-03
-2.967639087969528510e-05,-1.765134165478431973e-03
-1.964258438833571454e-04,-1.866948460911170126e-03
-2.962114519183177636e-05,-1.966359901781539622e-03
-2.046529035401930684e-04,-2.072758688900420716e-03
-2.985948217046521301e-05,-2.176763220482075701e-03
-2.125870865438425432e-04,-2.287640255621548307e-03
-2.988369219295219920e-05,-2.396079885448534983e-03
-2.203053508027158003e-04,-2.511345966939370049e-03
-2.973972986070608026e-05,-2.624105047574784230e-03
-2.275911785801178666e-04,-2.743656257709356158e-03
-2.959477675500364523e-05,-2.860648980366715249e-03
-2.346798989429282954e-04,-2.984369024087141307e-03
-2.910596880616427633e-05,-3.105492397161623529e-03
-2.413110152681706736e-04,-3.233260469063484622e-03
-2.850800485972730441e-05,-3.358396239850006647e-03
-2.477393287074586802e-04,-3.490115201549878147e-03
-2.788421286048316903e-05,-3.619149593852399871e-03
-2.537747785445951796e-04,-3.754719439678495981e-03
-2.709078484178213016e-05,-3.887557849132277331e-03
-2.596226368040945791e-04,-4.026877524193285020e-03
-2.625488105234062526e-05,-4.163421157692649352e-03
-2.650769348218939879e-04,-4.306377589798585093e-03
-2.486948457762616226e-05,-4.447003334498352348e-03
-2.702923049949034580e-04,-4.593098446354300195e-03
-2.324692011803668803e-05,-4.737253873297361806e-03
-2.750731313331252837e-04,-4.886706520194793700e-03
-2.229339502272272475e-05,-5.034000205392828893e-03
-2.798359873126654140e-04,-5.186998713125304424e-03
-2.110661837841628369e-05,-5.337553755922546002e-03
-2.842083588105239226e-04,-5.493865014199116395e-03
-1.983311476771859120e-05,-5.648196781893196315e-03
-2.884558698622802036e-04,-5.807222646504027301e-03
-1.916632258832264075e-05,-5.964185118331096977e-03
-2.924342305107935033e-04,-6.126630964559059457e-03
-1.695333969962794965e-05,-6.286248430611464377e-03
-2.960653684728491619e-04,-6.452017853517356613e-03
-1.505013518584859250e-05,-6.615489212672555353e-03
-2.993518254678267975e-04,-6.783439429551884128e-03
-1.433537065233431612e-05,-6.949247202897385935e-03
-3.027581527935195127e-04,-7.120332782301259412e-03
-1.195685809604471769e-05,-7.288496486033821907e-03
-3.055571275035023058e-04,-7.462645059046926592e-03
-9.475754859695882269e-06,-7.634432173057183191e-03
-3.082366512256081424e-04,-7.810477840667850134e-03
-8.819339111748015315e-06,-7.984314575962860039e-03
-3.108674454888752715e-04,-8.163252685008969001e-03
-6.309938128245009111e-06,-8.339179681029899524e-03
-3.131812565692938550e-04,-8.520947474558181883e-03
-3.285951748326180372e-06,-8.700276478314507636e-03
-3.150242930109241292e-04,-8.883657711846027968e-03
-2.690239667063244235e-06,-9.064766200139474581e-03
-3.172201689500653114e-04,-9.250816094150435959e-03
1.322351608906815516e-06,-9.434469519276490745e-03
-3.185622206918086764e-04,-9.622521790094609728e-03
3.760593968477487905e-06,-9.808680351689615107e-03
-3.200614287643022311e-04,-9.998586552851362191e-03
3.995277548711115471e-06,-1.018623376761632580e-02
-3.216355077328828297e-04,-1.037866482168188671e-02
8.455462040139934211e-06,-1.056864739675922836e-02
-3.225463957890817909e-04,-1.076285779355594906e-02
1.107484129407544810e-05,-1.095512559175522080e-02
-3.233306835381085840e-04,-1.115096212344364630e-02
1.111039737416807121e-05,-1.134447795944521116e-02
-3.246013012221775091e-04,-1.154263946691670532e-02
1.599631628675373613e-05,-1.173828300282646515e-02
-3.247995604285395859e-04,-1.193799655695029251e-02
2.204239057609384678e-05,-1.213576636962234237e-02
-3.246912183336848976e-04,-1.233684540939226221e-02
2.247062745409850857e-05,-1.253564159144357308e-02
-3.251585177884272395e-04,-1.273883689507605312e-02
2.425050522264230661e-05,-1.293883814135521858e-02
-3.255771237327686769e-04,-1.314398643708309007e-02
2.667163345127296150e-05,-1.334552233300076093e-02
-3.255614939627406472e-04,-1.355222952857907531e-02
2.947891450907488359e-05,-1.375524731490992969e-02
-3.254995552324496796e-04,-1.396340444145874674e-02
3.215025723828458993e-05,-1.416783430897840777e-02
-3.251369741241991770e-04,-1.437736481409086775e-02
2.940685031832562490e-05,-1.458317079966916716e-02
-3.257399633261852260e-04,-1.479398616521208909e-02
3.342889008207019494e-05,-1.499941420945158539e-02
-3.250583681927511127e-04,-1.521286052388762071e-02
3.857210557644012369e-05,-1.541878807216769814e-02
-3.240813868658638233e-04,-1.563421475112938136e-02
4.366681998110500713e-05,-1.584433754832158606e-02
-3.234974989251329885e-04,-1.605851662099093413e-02
4.664921711866319053e-05,-1.627015979745289470e-02
-3.227187504312709391e-04,-1.648479304909485424e-02
4.530683682861476785e-05,-1.669675870617984281e-02
-3.206973127725479831e-04,-1.691275876828042535e-02
5.220892447243635309e-05,-1.712618114182503509e-02
-3.198226917828038266e-04,-1.734315773812909744e-02
5.552282319962988306e-05,-1.755762517326021205e-02
-3.186560930446951105e-04,-1.777610159088089531e-02
5.318723483894216065e-05,-1.798933021595705561e-02
-3.174376372814751530e-04,-1.820871606328323261e-02
6.086101142932569220e-05,-1.842463696549864055e-02
-3.157233983592797662e-04,-1.864411917380077652e-02
6.975229107873359116e-05,-1.886139914370615553e-02
-3.132706871383115696e-04,-1.908118179080354679e-02
6.885501984392739503e-05,-1.929852179795889244e-02
-3.120452264610877819e-04,-1.951954108385459477e-02
7.147930354920004233e-05,-1.973522564238986560e-02
-3.105854309601645226e-04,-1.995894266214722282e-02
7.443909992551142477e-05,-2.017331933651508175e-02
-3.102963416983535298e-04,-2.040033547316953688e-02
7.426710010255222285e-05,-2.061493517768864595e-02
-3.078378221899322263e-04,-2.084195830291685897e-02
7.931318022297276682e-05,-2.106200219391944628e-02
-3.054695378287657884e-04,-2.128599333987436781e-02
8.859726317294442082e-05,-2.150726165037217946e-02
-3.024572478583719098e-04,-2.173081011180976949e-02
8.699713744613851675e-05,-2.195181570882948074e-02
-3.009893239896788771e-04,-2.217626381538805036e-02
8.301924669903794677e-05,-2.239720768134932996e-02
-3.002403316217972006e-04,-2.262254261262747548e-02
8.449887554042881616e-05,-2.284389704189090931e-02
-2.985357517338576715e-04,-2.306970676511759660e-02
8.703908608490011796e-05,-2.329145994244969514e-02
-2.965613812195267394e-04,-2.351764995577860368e-02
8.978962641124223047e-05,-2.373976107338872030e-02
-2.948650593588391365e-04,-2.396629046973557109e-02
9.199926151225215870e-05,-2.418872540978112343e-02
-2.928610100718381120e-04,-2.441555460677693329e-02
9.439846820666938487e-05,-2.463876990168974504e-02
-2.907342253020266131e-04,-2.486546206004034559e-02
9.763431928020061988e-05,-2.508894876860999490e-02
-2.884089872232116882e-04,-2.531581968661389750e-02
1.001468193912442541e-04,-2.553904307420707884e-02
-2.861359943138707383e-04,-2.576652238777797296e-02
1.025451298288712068e-04,-2.599053296584259709e-02
-2.838572062879369715e-04,-2.621776449704673467e-02
1.058981552853952278e-04,-2.644197643363161224e-02
-2.813864439257221972e-04,-2.666930560832592861e-02
1.083583185384749025e-04,-2.689306938154029450e-02
-2.790035352063567164e-04,-2.712102306378786840e-02
1.106725754752831766e-04,-2.734560643703460789e-02
-2.766323936409908601e-04,-2.757316704322769832e-02
1.141207315488403968e-04,-2.779788657110186453e-02
-2.740478027489641174e-04,-2.802546693588140944e-02
1.172607895071706575e-04,-2.824959748948328506e-02
-2.714509802149846045e-04,-2.847779891240798111e-02
1.191238477619129069e-04,-2.870312849161243962e-02
-2.690296444202643317e-04,-2.893050485734568675e-02
1.223526184130741641e-04,-2.915551843777796498e-02
-2.663744602481105594e-04,-2.938310451823759190e-02
1.257706099566349343e-04,-2.960710616708368825e-02
-2.636044975483918290e-04,-2.983552660503672321e-02
1.272409915621208580e-04,-3.006081406875781362e-02
-2.611276887041157047e-04,-3.028814842023182241e-02
1.303719346252383432e-04,-3.051305504653060649e-02
-2.583456175740394818e-04,-3.074040941841976043e-02
1.333148236488479010e-04,-3.096469847816717136e-02
-2.552235840970894405e-04,-3.119222056235709459e-02
1.355384114677245461e-04,-3.141607134041123767e-02
-2.519493321644996372e-04,-3.164295462986214252e-02
1.379288536046227749e-04,-3.186574891111539770e-02
4.582802389465624840e-05,-2.647459070870774212e-04
8.717243027337318994e-05,-8.324849363889702493e-04
1.110907952874271763e-04,-1.303537815130513880e-03
1.346896406171026162e-04,-1.864501687513739694e-03
1.581809359458267073e-04,-2.509227415845190906e-03
2.122590790204684609e-04,-4.304872492465478505e-03
-2.487853220270245234e-04,-3.209187628300375766e-02
2.350578979783142617e-04,-5.185666788392147807e-03
2.554949429652719371e-04,-6.125243493442246098e-03
2.762994145522606614e-04,-7.118944221894149202e-03
2.964450716206302149e-04,-8.161847619003648538e-03
3.149090764281833790e-04,-9.248877996592947889e-03
3.324538538588531125e-04,-1.037622060839350421e-02
3.501418728266957872e-04,-1.154013881880870153e-02
3.847181062749111652e-04,-1.437796958349452613e-02
4.022567848869598207e-04,-1.563070856585230956e-02
4.169233140765334772e-04,-1.690981850062431985e-02
3.771009367770403160e-05,-1.860090526215085239e-04
4.305885265249928540e-04,-1.820555194480218825e-02
4.479350641869585367e-04,-1.951531581079330238e-02
4.557195239231992502e-04,-2.083809497896072990e-02
1.815712851453973658e-04,-3.231280468048566053e-03
4.754444616240926266e-04,-2.396293508769353417e-02
4.847426950130882882e-04,-2.531304305552161543e-02
4.938825256379742942e-04,-2.666672347085641270e-02
5.032470453879680844e-04,-2.802393098338556640e-02
5.250419880256442266e-04,-3.163977226974350881e-02
5.271022799941557863e-04,-3.208815265033674452e-02
5.126874351321214756e-04,-2.938078128687502538e-02
3.729062108156091073e-04,-1.273624177642061761e-02
4.711492872332579828e-04,-2.217106760566573201e-02
1.967170154602268560e-04,-3.751903954783736023e-03
3.830843500895198808e-04,-1.354937726014631034e-02
4.698947009336485771e-04,-2.306567397082360041e-02
7.080769967686480096e-05,-5.716276947634845980e-04
5.204868731066561102e-04,-3.073831919645100830e-02
-6.381047700241278091e-04,-3.187029366529597202e-02
-6.347072240351753734e-04,-3.231805701315652868e-02
-6.454130716403546275e-04,-3.096949388288965099e-02
-6.514869688006597612e-04,-3.006537052208184749e-02
9.864091405920770916e-05,-2.268970775943673121e-04
-6.567545948403151956e-04,-2.916040942957828438e-02
-6.616885428594493530e-04,-2.825535369866728416e-02
-6.672892229545807422e-04,-2.734920711670419183e-02
-6.703031522286896377e-04,-2.644652314600616505e-02
-6.747771139686035372e-04,-2.554496266559614856e-02
-6.784865137502019486e-04,-2.464433483022353613e-02
-6.812622542787860397e-04,-2.374583457513081489e-02
-6.915093721589954433e-04,-1.843062222984952550e-02
-6.833127631873088612e-04,-2.284997862362488433e-02
-6.915799603511971119e-04,-1.713253084197731424e-02
-6.855557419829492755e-04,-2.195732358539545515e-02
-6.882249632614197143e-04,-2.106816972411730896e-02
-6.896448315213080799e-04,-2.018251144267979233e-02
7.975799524976586287e-05,-1.543092628993600129e-04
-6.904020819182502943e-04,-1.930312767857432499e-02
-6.877907822014119044e-04,-1.584997620833229759e-02
-6.856740619935725424e-04,-1.500711706376367527e-02
-6.806438127685821276e-04,-1.417368258530976068e-02
-6.759248697763629680e-04,-1.335140851933757505e-02
-6.701211876478502510e-04,-1.254103866564501048e-02
-6.634035447033669562e-04,-1.174357543822920902e-02
-6.553940244219975259e-04,-1.096015876080084356e-02
-6.482424278503775682e-04,-1.019222367052876471e-02
-6.379188994778760930e-04,-9.440317455376550856e-03
-6.262410453024455344e-04,-8.705998957663271115e-03
-6.131718324920771472e-04,-7.990552893616026386e-03
-5.986419105240937477e-04,-7.295248081508026727e-03
-5.830200813263415605e-04,-6.621502772449202288e-03
-5.653301132092693887e-04,-5.970690335848551078e-03
-5.459306347308329156e-04,-5.344255948269877564e-03
-3.580781241001079664e-04,-1.772746098940259588e-03
-5.248302679653153030e-04,-4.743719616058386136e-03
-5.019485275748206349e-04,-4.170537916386725386e-03
-4.771575664322018958e-04,-3.626346058846793233e-03
-4.504213310326612464e-04,-3.112757970708137419e-03
-4.216488045929054837e-04,-2.631456397523324487e-03
-3.907828492039280973e-04,-2.184147831175496050e-03
9.137150249706574344e-04,-3.186270540206725260e-02
9.151879240122555220e-04,-3.231052806519334880e-02
-3.038729115286716693e-04,-1.226384166419900281e-03
-1.799307833459827999e-04,-4.126854159668523632e-04
-2.651178882052229561e-04,-9.120481300148398701e-04
-2.238690680348105267e-04,-6.402287148157667553e-04
-1.023248665000900523e-03,-3.209728641190023879e-02
5.299426947233313147e-04,-3.253522876558704452e-02
-1.023056755914505738e-03,-3.253918402214206473e-02
-5.211666878007787377e-05,-1.213518290894062031e-04
1.173032237018293840e-04,-3.116686142668042224e-04
1.708140571092438287e-04,-2.734933888886255447e-04
1.997044131841933052e-04,-3.641878088727690862e-04
-6.173069394652828858e-04,-3.275929301468797489e-02
9.163947300733290028e-04,-3.275662430462762675e-02
5.331414963514010579e-04,-3.297983034851082601e-02
-1.409323533756105373e-03,-3.232311774026138534e-02
-1.394228300100444889e-03,-3.275659367089438917e-02
-1.412370315406384419e-03,-3.187608500350611745e-02
1.301961869431210320e-03,-3.208569835000733145e-02
1.300561661291409210e-03,-3.163674205137238099e-02
2.544836978033894080e-04,-3.257672117482397918e-04
2.932250654385005237e-04,-4.221454190904204255e-04
2.148489790186790737e-04,-2.410844439844301104e-04
-1.013605056243219171e-04,-7.931251984441311023e-05
-1.798761522589749319e-03,-3.210354789116760810e-02
3.002229698542148418e-04,-2.930914968665565144e-04
1.685389700419422793e-03,-3.186021683028580215e-02
-2.476810677536372572e-04,-2.494338271267936198e-04
2.952652082584670236e-05,-1.198313187354853505e-04
6.088434468358621326e-05,-9.442937573592216627e-05
2.167781080594662318e-05,-6.693524053516022572e-05
4.248427017264590813e-05,-4.813888935213633368e-05
8.219454942176533251e-05,-7.414532230804520506e-05
2.281614618038177878e-04,-4.663917123172258480e-04
3.313956978335556511e-04,-5.298675002378373192e-04
2.561410151009496650e-04,-5.800027298161718322e-04
3.689744318421174529e-04,-6.489343828441903684e-04
2.836612027490666068e-04,-7.047646942928631952e-04
4.058417064856349060e-04,-7.789592119260620607e-04
3.107488965162629336e-04,-8.404769753915196633e-04
4.342941113890977064e-04,-9.192781786107876623e-04
3.358833300384465328e-04,-9.869846676543773088e-04
4.676195625311642379e-04,-1.071140381709040400e-03
5.156495753017981392e-04,-8.539749723143748132e-04
3.613342429454747661e-04,-1.144023375830050980e-03
5.101112362881491443e-04,-1.233639677868293531e-03
3.884350356885163955e-04,-1.311071278964998912e-03
5.389037730962095273e-04,-1.405033638053002987e-03
4.128645691309282945e-04,-1.488420171419971598e-03
5.800553083594811804e-04,-1.587299494198794649e-03
6.715240472210495023e-04,-1.326761631181643929e-03
4.391632656011665043e-04,-1.675299315212160295e-03
6.209762522473133949e-04,-1.775499906403658120e-03
4.640461969649908890e-04,-1.871889592844612656e-03
6.358956161159389029e-04,-1.978624256317875786e-03
4.863074178921004314e-04,-2.077287659912884030e-03
6.629534457417722484e-04,-2.189677253365026124e-03
5.088429717978619265e-04,-2.292205610006501325e-03
7.053855560914895845e-04,-2.409404851959805194e-03
5.339474913373579547e-04,-2.515737742310551663e-03
7.517003307513698716e-04,-2.641075874574736523e-03
5.598356955483208258e-04,-2.748737962180858221e-03
7.850436505869599815e-04,-2.879442320779914636e-03
5.835766471363231910e-04,-2.989846083209512628e-03
7.995389620523427662e-04,-3.116748800801943768e-03
6.033387614366959514e-04,-3.237397119738423968e-03
8.377340570351258890e-04,-3.369552780058705614e-03
6.262106889327963190e-04,-3.493881678348023916e-03
8.681355637903298735e-04,-3.629897745871440550e-03
6.481257047403547701e-04,-3.758209572650154495e-03
8.961544037255200551e-04,-3.897798019107661261e-03
6.691076806713075692e-04,-4.030140369454639389e-03
9.237303757889243861e-04,-4.173248113859957115e-03
6.897214399825407627e-04,-4.309467411595608276e-03
9.333308724248617471e-04,-4.443650508761459554e-03
7.069679380199494437e-04,-4.593857949096429721e-03
9.935410869652335376e-04,-4.740007193804339838e-03
7.317381071304062236e-04,-4.887975922099361409e-03
9.897906631388881434e-04,-5.042024306503428525e-03
7.468818235159129263e-04,-5.189111293699203570e-03
1.030142521376848112e-03,-5.346019927184893564e-03
7.681462587145155641e-04,-5.496048307045671780e-03
1.065700705807621270e-03,-5.656461689102972382e-03
7.884860582662060139e-04,-5.809368987796135336e-03
1.069911398886379868e-03,-5.971520238267693896e-03
8.024217805052036474e-04,-6.128450053181883073e-03
1.100167332327730641e-03,-6.299734965795068461e-03
8.225757996516774254e-04,-6.454795632968056592e-03
1.123830990885994275e-03,-6.631454756167447402e-03
8.397300566741101868e-04,-6.786736681716040200e-03
1.133458048198029934e-03,-6.959443197045790327e-03
8.546066750922832328e-04,-7.122629634605158466e-03
1.169087872787843378e-03,-7.296456529338790457e-03
8.742563044201836272e-04,-7.464316363814984569e-03
1.201481384572137710e-03,-7.641248341183619341e-03
8.918895473084600392e-04,-7.811749783108472810e-03
1.205230130100992973e-03,-7.989817076166475657e-03
9.042367015101382757e-04,-8.163975669880672165e-03
1.216018096196522886e-03,-8.344123508378150506e-03
9.199092248391931665e-04,-8.521560613962421774e-03
1.245598000455344200e-03,-8.713860980982878618e-03
9.353665443284868821e-04,-8.885635420718207902e-03
1.255269250447779966e-03,-9.073325868639322070e-03
9.487149698336686931e-04,-9.252064599793247135e-03
1.283709749912308748e-03,-9.445908402538696208e-03
9.662723825293768887e-04,-9.624055822066645074e-03
1.302744632663091397e-03,-9.823251049837555815e-03
9.793199955494406080e-04,-1.000062263063808930e-02
1.310217632995046375e-03,-1.019450966359016809e-02
9.912908898784796377e-04,-1.037961997536654239e-02
1.336093696343524729e-03,-1.057949220369795891e-02
1.007928032498203513e-03,-1.076398706247435472e-02
1.353378693791593102e-03,-1.096925641956982694e-02
1.020134598198050354e-03,-1.115024486824189170e-02
1.360667971811217302e-03,-1.135024050978016008e-02
1.030793361094581870e-03,-1.154246366134333360e-02
1.384201231236065503e-03,-1.174804377031874944e-02
1.046576161738180808e-03,-1.193851634124626013e-02
1.399761988078639758e-03,-1.214926807067110391e-02
1.059444963519403033e-03,-1.233802295389455073e-02
1.407498299245040505e-03,-1.253821473978161509e-02
1.070323695777394227e-03,-1.273821885718360615e-02
1.424715554121695803e-03,-1.294042804384785278e-02
1.081436559287329846e-03,-1.314282520863293592e-02
1.439357566509801359e-03,-1.334665763572310399e-02
1.092798493696378126e-03,-1.355083120469925510e-02
1.452321385977722997e-03,-1.375606994681783692e-02
1.102588347488655087e-03,-1.396384633910390492e-02
1.465447958684555499e-03,-1.416873378416097506e-02
1.107537908322978049e-03,-1.437916559274552385e-02
1.471434775905842377e-03,-1.458407580134092781e-02
1.117866037390673585e-03,-1.479392495320152462e-02
1.482840944948776371e-03,-1.500149574847358183e-02
1.130040161189903997e-03,-1.521151906298519839e-02
1.502035018564254172e-03,-1.542121576763965871e-02
1.141448289147703812e-03,-1.563264162217151143e-02
1.512639106390016022e-03,-1.584372537702256889e-02
1.154642548062596386e-03,-1.605632427912864410e-02
1.524590004181411440e-03,-1.626846265537168490e-02
1.160892887341853814e-03,-1.648225292693039981e-02
1.534991352642059523e-03,-1.669534009475760403e-02
1.169338656164653012e-03,-1.691025875148394197e-02
1.545026634393069885e-03,-1.712426029755922605e-02
1.181834226261364775e-03,-1.734023503211009828e-02
8.230570751916709005e-04,-1.922283862347296543e-03
9.180582951489631291e-04,-3.320036312955002011e-02
1.297378501983537710e-03,-3.297813447055016056e-02
1.557020024653236806e-03,-1.755509295397282912e-02
1.187127714382755486e-03,-1.777209811092942196e-02
1.565502976888051437e-03,-1.798774765790990202e-02
1.194633476707832780e-03,-1.820571558781892973e-02
1.574323968895769690e-03,-1.842212992258057680e-02
1.206687900236675911e-03,-1.864099025966132334e-02
9.660910800947918866e-04,-2.515378190090687086e-03
1.585906673487375886e-03,-1.885812039790009040e-02
1.215590958014109999e-03,-1.907784343819470679e-02
1.593664974481226893e-03,-1.929564775574159688e-02
1.223178307249068964e-03,-1.951617555085034816e-02
1.601695127773318387e-03,-1.973460893113210615e-02
1.230460103569061374e-03,-1.995590138927267818e-02
1.167551894921319521e-03,-4.321066409556228484e-03
1.613894113941656073e-03,-2.017490062370750487e-02
1.233310550892575313e-03,-2.039694004610299177e-02
1.617887613060235968e-03,-2.061647332208182623e-02
1.238833448821204759e-03,-2.083917696229313846e-02
1.629165911542083695e-03,-2.105920233849157761e-02
1.249352504552261314e-03,-2.127992065891052414e-02
1.683119144437946694e-03,-3.141017858014005792e-02
1.297728676694823603e-03,-3.118637940008388981e-02
1.680921490729151910e-03,-3.095920131448899604e-02
1.294833756835484699e-03,-3.073491086021614901e-02
1.678755646943377649e-03,-3.050746132182738726e-02
1.292055937330000579e-03,-3.028279738777670330e-02
1.676226871820747383e-03,-3.005527688050646865e-02
1.289343026922482992e-03,-2.983051353576148326e-02
1.677965442485768090e-03,-2.960288694197582560e-02
1.287717697238924220e-03,-2.937861809233855565e-02
1.672092201196554665e-03,-2.915053339780486474e-02
1.284211729745697844e-03,-2.892564447529579266e-02
1.668487646432892857e-03,-2.869802063390535646e-02
1.280824961170960600e-03,-2.847308878732879994e-02
1.669125299217874255e-03,-2.824560083710540501e-02
1.278861742964052754e-03,-2.802125525504079590e-02
1.663251831884763905e-03,-2.779343885399951017e-02
1.275189972601706561e-03,-2.756862559779622857e-02
1.659308012720124180e-03,-2.734130945651440381e-02
1.271518660251371065e-03,-2.711652387605298017e-02
1.658974380905775580e-03,-2.688942800234859348e-02
1.268619443183384649e-03,-2.666474044596882018e-02
1.652999920514808306e-03,-2.643785315565057650e-02
1.264786466529918812e-03,-2.621283747978356629e-02
1.648658495316174689e-03,-2.598652885174214389e-02
1.261157877988000825e-03,-2.576220041626990642e-02
1.647338968093048361e-03,-2.553571289240572431e-02
1.257432941782297715e-03,-2.531148467966704008e-02
1.641226929793206807e-03,-2.508527736833905675e-02
1.253561516831031572e-03,-2.486121849134834833e-02
1.636446319028073007e-03,-2.463530852733093052e-02
1.249536584210925389e-03,-2.441146003671302786e-02
1.634002615668315008e-03,-2.418587163446316024e-02
1.245606073998821190e-03,-2.396201272140331337e-02
1.627774548817805022e-03,-2.373699703811232506e-02
1.241111552514193722e-03,-2.351271406914223414e-02
1.622402571333988802e-03,-2.328869296508868578e-02
1.236437630844983409e-03,-2.306469559652995702e-02
1.617338500982935974e-03,-2.284119817924697843e-02
1.231671489680467770e-03,-2.261754316419751706e-02
1.611769991141826473e-03,-2.239452700458034046e-02
1.230179531696772629e-03,-2.217026267000801049e-02
1.610612528461843060e-03,-2.194951595631566485e-02
1.265178464612381386e-03,-5.193645036809262441e-03
1.369532912694927575e-03,-6.146810185687070702e-03
1.476479948312713888e-03,-7.146663866111162972e-03
1.675214809299326729e-03,-3.231920929246986235e-02
1.545339208002278987e-03,-8.191430073900671585e-03
1.611242903026979074e-03,-9.282613783595818763e-03
1.667897454470036907e-03,-1.040998440805833425e-02
1.729380291746661965e-03,-1.157316695780982209e-02
5.375890025580545633e-04,-3.342003935702757278e-02
1.565375630112068243e-04,-3.318997264930841767e-02
1.823530253535967033e-03,-1.439257879248214723e-02
8.482032251677373846e-04,-2.017106481538495297e-02
8.373943643088311347e-04,-1.886072460851085861e-02
8.146971373929371655e-04,-1.755712643264245240e-02
7.933339340133653637e-04,-1.626998973722123751e-02
7.588021092120630483e-04,-1.500060031611703988e-02
1.870841429772711383e-03,-1.563234747349131690e-02
7.125692152481124392e-04,-1.213648600842281468e-02
6.808190241677176740e-04,-1.095571912674495225e-02
6.497867282215540920e-04,-9.809746421057091367e-03
1.910750263488611910e-03,-1.690934448829264913e-02
6.176365408715011988e-04,-8.701452060184126924e-03
5.857097851717888186e-04,-7.635876502300977496e-03
5.488546157330821294e-04,-6.617235939926855055e-03
5.107305197691253476e-04,-5.649762166778277833e-03
4.714281672440861744e-04,-4.738732938993487839e-03
2.019092018160102003e-03,-2.396067059996945595e-02
1.944537508181199250e-03,-1.822171899252653104e-02
3.701866245286639687e-04,-2.863511168090851142e-03
2.034461297835998481e-03,-2.530954762509034922e-02
3.227255134302768071e-04,-2.179976456047308560e-03
2.743236104131106649e-04,-1.576367843580086170e-03
8.656382499018424465e-04,-2.463685475861501079e-02
2.238299416432805629e-04,-1.059906242329046802e-03
1.972478475775856811e-03,-1.953181208901545035e-02
8.760625917866124868e-04,-2.598852883181267115e-02
8.859896194233377129e-04,-2.734418122301292622e-02
2.046985264635942797e-03,-2.667971823346893326e-02
8.950983426164231755e-04,-2.870166896195544201e-02
9.033143992355671366e-04,-3.005921606413898897e-02
2.056597377594125524e-03,-2.803549124877140197e-02
2.005126822995375278e-03,-2.085443397450340366e-02
2.064560267601417594e-03,-2.939270122998355328e-02
2.063169268819947753e-03,-3.165289946300822027e-02
-1.782787769309378875e-03,-3.165446086238711543e-02
-1.412661986732946604e-03,-3.142696459988162522e-02
-1.782584918405887182e-03,-3.120445332447070730e-02
-1.415003630521696667e-03,-3.097637257320800738e-02
-1.784255868694451875e-03,-3.075351558286621920e-02
-1.417801836184713052e-03,-3.052504322307460563e-02
-1.787136031803268502e-03,-3.030192752149361152e-02
-1.420667090516697893e-03,-3.007316907552287991e-02
-1.789291024340601511e-03,-2.984987491652639144e-02
-1.423331745118504776e-03,-2.962094971879997499e-02
-1.791941486463484315e-03,-2.939758620980187365e-02
-1.425977307075351839e-03,-2.916855771135198894e-02
-1.793855917545971726e-03,-2.894517535930846500e-02
-1.428426594301414505e-03,-2.871612661929083890e-02
-1.796190907999492461e-03,-2.849279735527673885e-02
-1.430824121911388131e-03,-2.826373694813228213e-02
-1.797806990243350092e-03,-2.804047647230282006e-02
-1.432552716128070603e-03,-2.781065682278073201e-02
-1.799739502597282438e-03,-2.758819842146151974e-02
-1.434126140437969824e-03,-2.735758683299178637e-02
2.467829143360567609e-04,-2.138672303831715691e-04
1.742491159088134902e-04,-1.683080249303539665e-04
1.960184565023782497e-04,-1.468992998850965500e-04
-1.800914584970748303e-03,-2.713604318633059190e-02
-1.435960489064223378e-03,-2.690558139266684134e-02
-1.802542169274177000e-03,-2.668430245394593989e-02
-1.438236977352746982e-03,-2.645475905442668321e-02
4.457705379675069228e-04,-5.983542801375375678e-04
-1.803513908767447873e-03,-2.623300144156874569e-02
-1.440356237073387238e-03,-2.600439488717688763e-02
-1.804877598679833226e-03,-2.578213559641360023e-02
-1.441961684576180316e-03,-2.555366271271233836e-02
-1.805389667000299085e-03,-2.533151601777860334e-02
-1.443239937584322704e-03,-2.510322614414510836e-02
-1.806227026895934141e-03,-2.488134843462280060e-02
-1.444381066885874667e-03,-2.465322326520340279e-02
1.288229441628078835e-03,-3.339800580245998879e-02
1.683219119334953065e-03,-3.322006946402059763e-02
-1.806236035989273103e-03,-2.443163335949598627e-02
-1.445251116624309213e-03,-2.420376262468020359e-02
-1.806578062570653610e-03,-2.398252635311888190e-02
-1.445980138773429518e-03,-2.375487902106914948e-02
1.653778291493899176e-03,-3.365977479060003330e-02
-1.806066297930134608e-03,-2.353399960425323068e-02
-1.446020314892822222e-03,-2.330666666096786743e-02
-1.805805546803214640e-03,-2.308621245988985368e-02
-1.446225615759076091e-03,-2.285916053952851898e-02
-1.804700576255208059e-03,-2.263913204909581353e-02
-1.446302029449871365e-03,-2.241246723690431403e-02
-1.803938362014896948e-03,-2.219293333157263196e-02
-1.446120788919332814e-03,-2.196661540353854122e-02
1.134669459041003615e-05,-2.243776269851645349e-05
-7.336303627927335154e-06,-4.505150627809391715e-05
2.594717079802646607e-05,-1.898127499814598274e-05
1.059179089441824326e-03,-3.259624605909526573e-03
-1.802246347892721978e-03,-2.174758408389252176e-02
-1.445719226597574512e-03,-2.152172717868597665e-02
-1.800866161306105117e-03,-2.130326358925168501e-02
-1.445038220991223202e-03,-2.107785234947725725e-02
1.125880777045418788e-03,-3.776948623311901683e-03
-1.846790893826181102e-03,-2.086718975589255468e-02
-1.450601166707539847e-03,-2.063510252524890579e-02
-1.858313663383164265e-03,-2.042980182791290927e-02
-1.454128837897925583e-03,-2.019540628020558004e-02
-1.851141297153500532e-03,-1.998577834224554706e-02
-1.447994818988554465e-03,-1.975311540709851973e-02
-1.846459639121765658e-03,-1.954530032688531205e-02
-1.449812951605440907e-03,-1.931536093438197127e-02
-1.842349556654497090e-03,-1.910668515594906788e-02
-1.447014078420683298e-03,-1.887750169243574555e-02
-1.822118277140468952e-03,-1.866357857809668175e-02
-1.441724457668946708e-03,-1.844042624131273303e-02
-1.835547329038369774e-03,-1.823112624545078150e-02
-1.442536456157376100e-03,-1.800657377030611545e-02
-1.844703742249011224e-03,-1.779978236485688786e-02
-1.442242140241983871e-03,-1.757428637796192711e-02
-1.066048945567845806e-03,-1.778525180766712954e-02
-1.804436504465006200e-03,-1.736218341130624232e-02
-1.433391111324639183e-03,-1.714248741875081666e-02
-1.818432507323610456e-03,-1.693560154190985878e-02
-1.431829807530100212e-03,-1.671388017408888260e-02
-1.825971732125499783e-03,-1.651045318178742324e-02
-1.430523303010770722e-03,-1.628743399732847028e-02
-1.061330301028256661e-03,-1.649415512902204992e-02
-1.806624162836632146e-03,-1.608538111286259009e-02
-1.419456396504057815e-03,-1.586149696818153071e-02
-1.796444301740370659e-03,-1.566208896179225110e-02
-1.414353338455249859e-03,-1.543890982702489020e-02
-1.788220259952285696e-03,-1.524079281188698079e-02
-1.408818619010140721e-03,-1.501868283084287561e-02
-1.779477946059631688e-03,-1.482186232341589464e-02
-1.402846312745224810e-03,-1.460093385510182612e-02
-1.770593794693897487e-03,-1.440546203624806267e-02
-1.396419234116425120e-03,-1.418577943576095415e-02
-1.760816648657782986e-03,-1.399171677909924645e-02
-1.389529171587460627e-03,-1.377334612300057382e-02
-1.750813048695963213e-03,-1.358075481729331679e-02
-1.382159839384646850e-03,-1.336375571575458727e-02
-1.739877972287515390e-03,-1.317269888202294431e-02
-1.374304186344525551e-03,-1.295714003347470458e-02
-1.728689241126900181e-03,-1.276768310493100675e-02
-1.365943416401455522e-03,-1.255362584187809730e-02
-1.716544554063980862e-03,-1.236583564236427152e-02
-1.357065049322054651e-03,-1.215334371393523259e-02
-1.696726773515704577e-03,-1.196300326746417043e-02
-1.347663266688036050e-03,-1.175658529356052827e-02
1.775526871457328102e-03,-1.275933381116183159e-02
-2.248468398805875904e-03,-1.845891045535282687e-02
-1.689447162308445284e-03,-1.157150136414634121e-02
-1.338047421189084889e-03,-1.136340813799497154e-02
-1.670114601248378228e-03,-1.117643582699074864e-02
-1.327201031217474210e-03,-1.097374211962288092e-02
1.799070752077247971e-03,-1.355612566892384387e-02
-2.223602008055663645e-03,-1.716061600036176277e-02
-1.661030565725164819e-03,-1.079223428307589903e-02
-1.316914144555523993e-03,-1.058838447475576698e-02
-1.640876003885409018e-03,-1.040482975627788839e-02
-1.304546042840290737e-03,-1.020589103642974109e-02
-1.629879404404773217e-03,-1.002842075509037707e-02
-1.292948248346647861e-03,-9.828456185473719020e-03
-1.610042483063797410e-03,-9.650187738219965367e-03
-1.279651267631981169e-03,-9.454440173074696654e-03
-2.140514546338560375e-03,-3.181418572092309383e-02
-2.188477866797516880e-03,-3.232500146077116332e-02
-2.175836916452471639e-03,-3.098757884907171745e-02
-1.596078526291906880e-03,-9.281427393947183982e-03
-1.266637587014981473e-03,-9.085530920479626196e-03
-1.576491744907106444e-03,-8.913175910806583543e-03
-1.252347651758392490e-03,-8.720641559471060955e-03
-2.185520279144509415e-03,-3.008309988789034314e-02
-2.194924862418938787e-03,-2.917747482745859308e-02
-1.559333766965440146e-03,-8.552406289658923827e-03
-1.237835790109118169e-03,-8.360845926754911089e-03
-1.538107870608181179e-03,-8.193408069353322679e-03
-1.222200501531317887e-03,-8.005492760522767495e-03
1.995730847619596720e-03,-2.219305538269864334e-02
-2.203044989616654171e-03,-2.827198973250713218e-02
2.007516185144514291e-03,-2.307869364510986565e-02
8.678281883947935394e-04,-2.106249706527829960e-02
8.725918741515760295e-04,-2.150489315769068405e-02
-1.519130277200967088e-03,-7.842322164714206345e-03
-1.206322101464134093e-03,-7.655596184555323036e-03
-1.496478530860028766e-03,-7.493447865225304899e-03
-1.189364532138447719e-03,-7.310499024383628613e-03
-2.300077011238125645e-03,-2.022136764840572198e-02
-2.206015693566925218e-03,-2.736774230664742319e-02
-2.278988668604610066e-03,-1.933678366130850423e-02
-2.208123714820032363e-03,-2.646443837014374190e-02
-1.475661761777634752e-03,-7.152737464776798802e-03
-1.172092633489539484e-03,-6.971191856921945575e-03
-1.455450818650296917e-03,-6.816399958440976653e-03
-1.157390091145867441e-03,-6.637408336798294138e-03
-8.773182302598142319e-04,-6.795125870572247054e-03
-8.641985824149066081e-04,-6.463668186204970384e-03
-1.137505995798929670e-03,-6.308128502865133734e-03
-8.500296403527070332e-04,-6.138077091045544831e-03
-1.116944091031555914e-03,-5.985615381190930069e-03
-8.352832101244021768e-04,-5.818643703429688709e-03
-1.096400404221776689e-03,-5.669384038986351876e-03
-1.411549541444733673e-03,-6.159936699359674743e-03
-8.199922515196780967e-04,-5.505454957609977329e-03
-1.074530131952467589e-03,-5.359460722019713033e-03
-8.040871282427295742e-04,-5.198652044437332941e-03
-1.052499239539945747e-03,-5.056026963100785677e-03
-1.352427767319067456e-03,-5.525119771259136628e-03
-7.875995613779263960e-04,-4.898420477019626608e-03
-1.029119452770558456e-03,-4.759235852216689260e-03
-7.704686790784960821e-04,-4.604937017411557358e-03
-1.005533275269171250e-03,-4.469312271039417063e-03
-7.527296274666095367e-04,-4.318394008084908316e-03
-9.808931169046229605e-04,-4.186420372988918989e-03
-7.343705945088381320e-04,-4.038998234584007842e-03
-9.557423846864196394e-04,-3.910787466046490232e-03
-7.153382317815834427e-04,-3.766943350939896528e-03
-9.294659768931294109e-04,-3.642588342572295607e-03
-6.956500545592742219e-04,-3.502437182435274958e-03
-9.026184144781080818e-04,-3.382046441509634939e-03
-6.752644705494583030e-04,-3.245683990008564352e-03
-8.746447960696199968e-04,-3.129357080608055099e-03
-6.541980117422805828e-04,-2.996894559965517912e-03
-8.460445351465744127e-04,-2.884744493925427752e-03
-6.324065060877917532e-04,-2.756277888365458572e-03
-8.162938789146095483e-04,-2.648401213295126667e-03
-6.099212628162302896e-04,-2.524059316419288712e-03
-7.869187727487223817e-04,-2.420725857617881099e-03
-5.868445723065610770e-04,-2.300460253611039552e-03
-7.556041975523055667e-04,-2.201601979862874946e-03
-5.629451116945466491e-04,-2.085665298581502840e-03
-7.221786176631870592e-04,-1.990996813096276592e-03
-5.380958927537040151e-04,-1.879866876589417809e-03
-6.899581120455771993e-04,-1.789972388411837766e-03
-5.130842511693371960e-04,-1.683575641404476929e-03
-6.546747722708019411e-04,-1.598529988218680290e-03
-4.876093020998118681e-04,-1.496849747506405481e-03
-6.213122130052008835e-04,-1.416745075737140371e-03
-8.318792313885781066e-04,-1.707345757337208007e-03
-4.595979091159942478e-04,-1.319509999746968547e-03
-5.851242055463234688e-04,-1.244550502227187438e-03
-4.317005559406742778e-04,-1.151999631210634013e-03
-5.457990050577025444e-04,-1.083528356314814294e-03
-4.026636102607631914e-04,-9.950222554874932780e-04
-5.070832723345830226e-04,-9.318208424421410910e-04
-3.731053719451412308e-04,-8.484530942444875289e-04
-4.689086324566455713e-04,-7.893911789597327392e-04
-3.428915710432706198e-04,-7.123433527258848973e-04
-4.289466057506300853e-04,-6.589627209049708344e-04
-3.118379541392464829e-04,-5.873821759477521444e-04
-3.883334762821046135e-04,-5.397706749211649262e-04
-2.797943299633055781e-04,-4.736084263543061178e-04
-3.409033080031232082e-04,-4.299648699868901646e-04
-2.440412086444066191e-04,-3.697218235463354489e-04
-1.294325750521943454e-03,-4.917297910442384838e-03
-2.209284323290487857e-03,-2.556247023856714207e-02
-9.011675457199136213e-04,-7.474208697739591345e-03
-9.242336935863672666e-04,-8.174560766991712316e-03
7.437728465892007269e-04,-1.375734871554837140e-02
-9.452216781259920953e-04,-8.894729783651453281e-03
-1.234068484777877837e-03,-4.336605986424049534e-03
7.274476884093079550e-04,-1.293912140592463206e-02
-2.209583483586575938e-03,-2.466216371507578414e-02
-9.641935749615938682e-04,-9.633403405527931132e-03
-9.812925957947914689e-04,-1.038936896582410944e-02
-2.209664413197828456e-03,-1.588534434199553522e-02
-9.961971495337906130e-04,-1.116123252414328790e-02
-2.202322554032785408e-03,-2.376474985356409608e-02
-2.186496279028502139e-03,-1.504336776464553459e-02
-1.009755637827663283e-03,-1.194805466181246383e-02
-1.171267487418968609e-03,-3.789902381080884671e-03
-1.021691865362397110e-03,-1.274872297305331727e-02
-2.160740551870187539e-03,-1.421079677279611653e-02
-1.032092714487185424e-03,-1.356208377616412858e-02
-2.199603388426944316e-03,-2.286927945872183066e-02
-1.040999709158481421e-03,-1.438707766602423735e-02
-2.132327496184810954e-03,-1.338910542192557097e-02
-1.050055371696404817e-03,-1.522345551059710832e-02
4.801755247998660560e-04,-2.128446717731571208e-02
-2.101116526086999146e-03,-1.257930695945955017e-02
2.004747641818638466e-03,-2.130370825459958553e-02
-2.195470992016726290e-03,-2.197699113141023813e-02
-3.246149203560134934e-04,-1.399124991712484990e-03
-1.102580417717724482e-03,-3.268167430727582281e-03
-2.065554256648223768e-03,-1.178163373308448517e-02
-2.028486438158577480e-03,-1.099884441178731846e-02
-2.161555015743759928e-03,-2.117311399537738156e-02
3.201951696702512169e-04,-2.531834809964283745e-04
3.960794942102673554e-04,-3.516694223636516320e-04
-1.068083521549623421e-03,-1.865339177291450851e-02
-3.107598689161292314e-04,-2.066605777665632469e-04
-1.988259781340354863e-03,-1.023124441067083459e-02
-3.765549459101056413e-04,-2.801792739401074437e-04
-3.383053381955024265e-04,-3.041276360035116938e-04
-1.069987271773405538e-03,-1.952956999316736442e-02
1.336184265029749529e-04,-1.073466273258347642e-04
1.475967827698237869e-04,-9.388990383459173267e-05
9.497270262375693097e-05,-6.022924851753225922e-05
9.556317802288665398e-05,-4.753731908069114531e-05
2.156074721668428261e-04,-1.341785472045179599e-04
4.990853509256461501e-05,-2.852942853458440565e-05
-1.131177440707856115e-04,-5.659859927755657720e-05
-5.154469431848698847e-05,-1.888428566865409057e-05
-6.604159114089079509e-05,-2.801232226442922522e-05
-1.118222627130398272e-04,-6.569907661462525696e-05
-6.590003058263373169e-05,-3.669010281689252166e-05
-3.300321122790533378e-05,-1.688751746790388372e-05
-5.713127655975090897e-05,-4.951077453065681993e-05
-2.512320623218590682e-05,-2.649340141424538179e-05
-8.158878676252340851e-05,-9.742776891931263523e-05
-3.895762816684257779e-05,-6.772823142074435631e-05
-2.429265114908516193e-03,-3.327272646881025697e-02
-2.043872228487871815e-03,-3.349389903286941611e-02
-2.095137675472015081e-03,-3.398201568323049732e-02
-1.676026970929132181e-03,-3.372379593681611859e-02
-1.656115919100174328e-03,-3.327576146712859367e-02
-1.285047875359407454e-03,-3.354603006863698944e-02
-8.705066766017913616e-04,-3.377398477084209150e-02
-9.234543817120838011e-04,-3.337426914820341289e-02
-5.016421603457298095e-04,-3.359904132250509518e-02
2.062901661056060383e-03,-3.074693622514266048e-02
-1.944972798668867476e-03,-9.480180925782268064e-03
-1.070467423074854957e-03,-2.041040147429316887e-02
4.289713711626533970e-04,-3.890379761292923899e-03
-1.233036547644165595e-05,-1.508473454843891313e-04
-1.030018258261191678e-03,-2.779090861547814113e-03
-2.025184864686386751e-04,-5.208938619036738949e-04
2.447319163543447765e-03,-3.281885999205150228e-02
2.059557945204618188e-03,-3.256393848481230896e-02
-1.548696047412147843e-04,-3.149413632269728648e-04
1.410984628491753108e-04,-3.231321558628180018e-02
-2.431914690806103970e-04,-3.253771005248169007e-02
-2.123692472198195796e-04,-3.297107609401283418e-02
-1.898299714007918538e-03,-8.746775376911602659e-03
-2.450197357739123034e-04,-7.708787206403505763e-04
-1.070034846668496686e-03,-2.129610181095378460e-02
-2.851086033824955061e-04,-1.064163416784225536e-03
3.997372575287550466e-04,-3.361421863332722439e-03
-1.847714652245750766e-03,-8.031973162256912310e-03
9.007944222883402640e-04,-3.360903677168885356e-02
5.799784275650650411e-04,-3.386750801293649665e-02
-1.074496845686087809e-05,-4.191049929678798167e-06
-3.749881328525502856e-04,-1.973986714583733388e-03
5.230039033757582796e-04,-3.118968612310499613e-02
-4.068458710687947568e-04,-2.403626643502620400e-03
-4.366606555282611865e-04,-2.868151942925678717e-03
8.421605514493448472e-04,-2.061651224637713400e-02
4.620438577390699637e-04,-2.039254709409463531e-02
-4.644343562067568590e-04,-3.365824270994737834e-03
-2.041752419457286156e-03,-3.304648442509095646e-02
-1.068740781628360658e-03,-2.218597453213922918e-02
-4.902185547243577586e-04,-3.894931591276423570e-03
-1.793429419200942869e-03,-7.337337883606622965e-03
1.508572627239186930e-04,-3.275451069539159210e-02
-5.140800359217539452e-04,-4.453838077975363040e-03
-5.360864313843513801e-04,-5.040915008534914941e-03
-9.977210691186964611e-06,-9.101081175457959537e-05
-5.563999636358072818e-04,-5.654601964371619438e-03
2.448215748995499416e-03,-3.189851097622886655e-02
1.413160792631880272e-04,-1.948251372231077469e-04
-5.047064988554208955e-04,-4.607487226615041790e-04
-5.750500927322766288e-04,-6.293464767132308547e-03
-6.418449815324930082e-04,-3.142066632909613910e-02
-1.736393088065943564e-03,-6.665987562930227560e-03
-5.914214898828692567e-04,-6.956179227878413023e-03
-1.066689123300290122e-03,-2.307945388110515389e-02
-6.274899707977187524e-04,-6.883343534252766476e-04
1.116188339897055976e-04,-1.282015649882587750e-04
-6.481226281875174114e-04,-3.051803850554617864e-02
-6.536416208629705713e-04,-2.961343109677904567e-02
-6.588325222541158589e-04,-2.870837690575328213e-02
-8.881539581539249408e-04,-7.132089094720024669e-03
-6.063722780539613534e-04,-7.640861623745002357e-03
-9.120755837921534380e-04,-7.821848409120776488e-03
-6.201793000829450373e-04,-8.346411860849370715e-03
-9.341813223263010319e-04,-8.532276975727183174e-03
-6.324856353878348077e-04,-9.071492996174806284e-03
-9.541972132524751933e-04,-9.261837080483621698e-03
-6.433753556093662392e-04,-9.814770154533129787e-03
-9.721678415511592888e-04,-1.000951166434980652e-02
-6.527509467174963994e-04,-1.057493757827003555e-02
-9.881546226184719558e-04,-1.077335426616759378e-02
-6.626058713194197484e-04,-1.135043811727333256e-02
-1.002817856992192736e-03,-1.155269306012767817e-02
-6.678659374776185547e-04,-1.214143494521306536e-02
-1.015282063824443724e-03,-1.234660445276456950e-02
-6.739910894090496950e-04,-1.294546889787833582e-02
-1.026399592878224701e-03,-1.315411578305532639e-02
-6.791218413225734354e-04,-1.376190980980625429e-02
-1.036101224721606550e-03,-1.397342250440104100e-02
-6.835453506954375629e-04,-1.458980202103895771e-02
-1.044731719479749564e-03,-1.480398574095787359e-02
-6.879024860623567062e-04,-1.542776996996788816e-02
-1.053138382602048038e-03,-1.564437515128836234e-02
2.056334145733771344e-03,-2.848789102776209253e-02
3.541784146153260904e-04,-2.627423655571552597e-03
-6.634212618468798752e-04,-2.780248668906123641e-02
2.063387995493118354e-03,-2.984525393486153061e-02
2.047693945717369603e-03,-2.713150773738908644e-02
4.572265258992180294e-04,-4.449496725806135512e-03
2.202971529210605479e-04,-4.591474982505627106e-03
4.430430496096140038e-04,-4.166032104649382110e-03
4.978001750891385656e-04,-5.339666954384839244e-03
2.433524928147849761e-04,-5.493446938066132504e-03
4.853160954934505086e-04,-5.035551667869299017e-03
2.037088464148394031e-03,-2.577453697564803872e-02
5.365998724403953351e-04,-6.288797077059204120e-03
2.653862463536846815e-04,-6.451745919535742738e-03
5.231558222170379184e-04,-5.965863871599616335e-03
5.731170630109389636e-04,-7.290865993790356971e-03
2.869403639078000126e-04,-7.462417215531769350e-03
5.576010074821657284e-04,-6.951238319161997387e-03
2.024300386058115742e-03,-2.442408746436439126e-02
6.075095431721269602e-04,-8.341217784451238071e-03
3.060547014925312122e-04,-8.520286552003765793e-03
5.920249248696190635e-04,-7.985910130217242081e-03
6.410608623855502779e-04,-9.435757022230168573e-03
3.261090717956698234e-04,-9.621807052251119680e-03
6.238037581508044287e-04,-9.066262400209617461e-03
6.732068368077370139e-04,-1.056968749596268360e-02
3.467920832438839635e-04,-1.076235813738374465e-02
6.549975743629479806e-04,-1.018750417426166760e-02
7.014535351656660082e-04,-1.173910781582819529e-02
3.630656143735504411e-04,-1.193634744918251403e-02
6.816495364471645679e-04,-1.134545206609909734e-02
7.198103764157285376e-04,-1.253614607250833762e-02
3.780263660402839688e-04,-1.314164517028976013e-02
7.340717243312936064e-04,-1.334687190560628935e-02
3.861558865297097824e-04,-1.396388909295312626e-02
7.429615800356223878e-04,-1.417411085810896601e-02
-1.062448522441730844e-03,-1.692330182142100584e-02
-1.065049488696630676e-03,-1.735324871100574207e-02
-6.942164735699792337e-04,-1.756496612814179015e-02
-1.067430143530080904e-03,-1.821893523679746565e-02
-6.916382375113315191e-04,-1.886581961469690691e-02
7.881511297829631949e-04,-1.584517025123184306e-02
4.231454938053303815e-04,-1.605803456682739980e-02
7.627136801160642023e-04,-1.542152186932766247e-02
3.950240819212759197e-04,-1.520941152419795668e-02
-1.069397788326564543e-03,-1.909072917002744771e-02
-6.904529023574334937e-04,-1.974253502843012487e-02
8.102563595688141518e-04,-1.712623233695891728e-02
4.388785831669150079e-04,-1.734242198027977078e-02
7.834465836450257891e-04,-1.669696174446142975e-02
8.308543168582087357e-04,-1.842457889612861624e-02
4.524318910134970256e-04,-1.864282783833631080e-02
8.026262853226437356e-04,-1.798986788405324694e-02
8.500028226802474772e-04,-1.973749583432617485e-02
8.400231243634850766e-04,-1.929738446283503842e-02
5.823586361261873668e-04,-5.915648536317218847e-04
2.355984155997449970e-03,-1.976968260701701327e-02
1.271818988095495045e-03,-3.155746902266441754e-03
1.092238446579646459e-03,-3.517348879357939766e-03
1.358022841043178205e-03,-3.671200838166101092e-03
1.156750002766555874e-03,-4.055575552783905087e-03
1.450052448130657434e-03,-4.256172448130862186e-03
1.363661748927814466e-03,-4.520897460937560106e-03
1.268266571604194631e-03,-4.748213457760680316e-03
-7.457343733779532970e-04,-9.613699272757948895e-04
2.328531606369648507e-03,-1.847398556992375929e-02
1.060421987588313405e-03,-2.027789796628452334e-03
9.465148686545782515e-04,-2.151466003668263058e-03
9.907968100910592886e-04,-1.819091060356460392e-03
7.765165229616743893e-04,-1.670443942361521687e-03
8.003466810878052517e-04,-1.489970734390708585e-03
2.172868254526538409e-03,-1.339495475171867574e-02
1.820801905963698522e-03,-1.396997124437368044e-02
2.298216484648678021e-03,-1.717627541813561073e-02
2.066922068725216607e-03,-1.139088585031561296e-02
2.103367663249186125e-03,-1.179197365274331846e-02
1.743353566477837732e-03,-1.196640757691742885e-02
2.041503559344563790e-03,-1.062315430507050629e-02
1.711915854608386280e-03,-1.080541291592820169e-02
1.987461846772638815e-03,-1.024068271778670949e-02
1.927939082993889580e-03,-9.112882453063986601e-03
1.972461975415100693e-03,-9.489798812759978053e-03
1.653970479563404662e-03,-9.665356427852172042e-03
1.881041546019549850e-03,-8.391823583615693610e-03
1.588905506681882480e-03,-8.563362087204625175e-03
1.856415783542193733e-03,-8.028615336354662235e-03
1.532237182096824911e-03,-7.832642586774431898e-03
1.519570368165488149e-03,-7.485181747925387027e-03
1.763711044728558802e-03,-6.998025609664968415e-03
1.713241793266186792e-03,-6.343139106715809175e-03
1.441197878753672440e-03,-6.494938841891235992e-03
1.652364838088582390e-03,-6.016475534901519207e-03
1.364978074701063025e-03,-5.833014193887949179e-03
1.383687819980824107e-03,-5.509239874170069641e-03
1.552852451029790521e-03,-5.265694898235822978e-03
-1.539733188964999408e-03,-4.792287412008786572e-03
-1.325805722738161632e-03,-5.217560955695668863e-03
-8.563387074411645677e-04,-1.273849343465903146e-03
-1.113012021100210800e-03,-2.230162080239130387e-03
-1.611765418794911106e-03,-5.392035239222011007e-03
-1.383876458454118231e-03,-5.840131799432762318e-03
2.187935259546045473e-03,-1.420816212294454851e-02
2.189910512824575980e-03,-1.462181036043212409e-02
2.140817034852470456e-03,-1.258894624466990603e-02
1.793975184859718415e-03,-1.315826111064690405e-02
8.745218222425084125e-04,-1.282753208650184345e-03
7.535496649006539083e-04,-9.736464815678542734e-04
6.852956885546201580e-04,-1.058735655664459459e-03
7.045943124211552543e-04,-8.451300811395963787e-04
-1.681628496257096079e-03,-6.019894743483436735e-03
-1.435908419613990536e-03,-6.484593109506132762e-03
2.262861340014884429e-03,-1.589586174647624611e-02
1.163756662303873802e-03,-2.457031569515859531e-03
1.203292199469145314e-03,-2.676782874949229767e-03
1.009722133917048464e-03,-2.780025637264533882e-03
-6.693956450106289301e-04,-2.689727921832435822e-02
-6.725372240890267013e-04,-2.599635146096606134e-02
-6.765589757001079030e-04,-2.509496774153271645e-02
-6.800152817438079311e-04,-2.419532134865799711e-02
4.724664101233525416e-04,-2.351373489396096222e-02
4.674614762566868271e-04,-2.261834002769383400e-02
1.624459663906050767e-03,-2.150752351200247922e-02
-6.899748539782723112e-04,-1.670204598849847621e-02
-6.924222751347639763e-04,-1.627527642976192915e-02
2.044032530724579019e-04,-4.024675593534054498e-03
-1.070363425864792389e-03,-1.996889895053256120e-02
1.424335059259220567e-04,-2.070527893942559258e-03
6.235186464990748580e-05,-4.578318934105320929e-04
-1.264831624246592900e-03,-4.624050022465719598e-03
1.296316814878582628e-03,-3.253439879804926466e-02
1.855529205704113541e-03,-1.522543339684908660e-02
4.145770538163337255e-04,-3.621745985625272370e-03
3.982041502329550751e-04,-4.851460001750192803e-04
4.880007999204540297e-04,-7.220314507295335976e-04
7.885502561277852988e-05,-6.965957546486576312e-04
-6.889792373178713460e-04,-2.062447776642981762e-02
1.890411675732083018e-04,-3.487542018891591142e-03
5.405124825963491722e-05,-3.554641977894196594e-04
-1.068825193394910139e-03,-2.085163061309624685e-02
-2.272014137617284039e-03,-1.802942327074811765e-02
3.450333727764937162e-04,-3.831247539250221164e-04
3.852778037010533047e-04,-3.108800524965375529e-03
1.186577991927610410e-04,-1.481017706284865716e-03
-6.869220550281559352e-04,-2.151220561638751000e-02
-3.419750314662939848e-04,-1.581265259758892231e-03
-1.775374284398307991e-03,-3.253227228476377603e-02
1.737373937177653742e-04,-2.982062105025496714e-03
-1.026564097880664720e-03,-3.164901496735296471e-02
-1.069501208220223227e-03,-2.174023178761213398e-02
8.616850543082428537e-04,-2.418824665501559737e-02
-2.835169866240444948e-04,-2.253999207786217939e-04
1.659843709365321025e-04,-2.741520499175507247e-03
9.470153821477403171e-05,-9.793230017323946521e-04
1.357886229001500206e-04,-4.082132763567969196e-04
-6.847448805677123227e-04,-2.240376706199585441e-02
4.829474696281119074e-04,-2.172659658452381209e-02
-1.464106745504116297e-03,-4.219492260284118078e-03
3.918670835032177891e-05,-1.292357072791124189e-05
9.115658588634002442e-04,-3.141299767439302559e-02
2.244762759975121435e-03,-1.546496953696622004e-02
4.565958388329607355e-04,-1.907908811868518420e-02
3.378789986128764790e-04,-2.398753862907797730e-03
4.325687472731555550e-04,-1.777305395706932009e-02
-1.067870225961533182e-03,-2.263191033082625342e-02
4.181193263379904298e-04,-1.648291804826871459e-02
8.533436219864205981e-04,-2.239182212673917344e-02
8.723596687059240358e-04,-2.553838713812182568e-02
1.501942914951131820e-04,-2.285681827095526093e-03
3.687686058668473640e-04,-1.233500307106580145e-02
-2.244406209134670524e-03,-1.673718361176265018e-02
-1.059214916447556460e-03,-1.606894349255161281e-02
8.521556171297963236e-04,-2.284071699889632726e-02
3.450472547188193520e-04,-1.114922985873333973e-02
-6.913044411877239479e-04,-1.799664068424061680e-02
-6.823825654601703731e-04,-2.329807983888253220e-02
3.268930378761323273e-04,-9.996910565839921270e-03
1.540546156565404093e-04,-5.161886610583445644e-04
3.080380000254692176e-04,-8.882056213268055278e-03
2.891063420787919080e-04,-7.809007684669337472e-03
3.067600614817260116e-04,-1.968970805683586262e-03
2.679807599534506654e-04,-6.781952138651159943e-03
2.480112011416218259e-04,-5.805683508861872628e-03
2.276987599189754844e-04,-4.884890576430037622e-03
8.550313329173214435e-04,-2.328869472495947307e-02
-1.067294985179186593e-03,-2.352717567874530735e-02
2.908769130856639611e-04,-1.767633607003259730e-03
1.720559826300640464e-04,-6.355572011537040725e-04
8.585171614684185444e-04,-2.373782273553030897e-02
8.825624369117693888e-04,-2.689097692067437054e-02
1.264412427634019689e-04,-1.667933032908159186e-03
-1.067042482161465085e-03,-2.397598434165535905e-02
4.785563896014097718e-04,-2.441309348318432618e-02
2.576589242898418399e-04,-1.393725491925810588e-03
-4.690071898088963740e-04,-3.401085904440005747e-02
4.817524042242565569e-04,-2.486237601089059945e-02
9.092748859366064744e-04,-3.096212064429882185e-02
1.897932716359438581e-04,-7.659750727657632608e-04
-1.065771493783482064e-03,-2.442520877106839697e-02
2.406426969037598837e-04,-1.221453871063864433e-03
-1.202275252523338873e-03,-4.059202774411911803e-03
2.069869828720789047e-04,-9.073173471714817079e-04
8.693418845571033830e-04,-2.508636754290802240e-02
1.881193362188071389e-03,-1.605585264221753503e-02
1.025928934347081835e-04,-1.136538046633304077e-03
8.924071918760609476e-04,-2.824857694009899611e-02
-1.064345552140775770e-03,-2.487499291415449371e-02
4.879182057594796582e-04,-2.576429912091676711e-02
-8.731545087429319054e-04,-1.903683222046952421e-03
4.910401046871534650e-04,-2.621478644740519656e-02
-1.062777339250512440e-03,-2.532528434294625125e-02
-1.029341984128478603e-03,-3.119846685224574728e-02
9.010834280298163487e-04,-2.960595082653930121e-02
8.794622964553384849e-04,-2.643964174471009898e-02
-1.061069297539407813e-03,-2.577602161671203526e-02
4.970285447848250522e-04,-2.711885075401657477e-02
5.003712158886716287e-04,-2.757097882754712057e-02
-1.057040436261629012e-03,-2.622577894931151302e-02
8.893195910943322950e-04,-2.779617676649371802e-02
-1.381452251681781779e-03,-3.671987080733148719e-03
-1.053859496319631099e-03,-2.667579473940630275e-02
5.060869417616649553e-04,-2.847624627205818867e-02
1.895537552024986793e-03,-1.648604418569753205e-02
9.071652500186669354e-04,-3.051075745461736405e-02
5.169952097620043353e-04,-3.028593134241686774e-02
5.092952149693451627e-04,-2.892911396710617228e-02
-1.051781837965045339e-03,-2.712706906017424077e-02
5.145054367853666181e-04,-2.983326614803050170e-02
8.983291059207778022e-04,-2.915358261990812216e-02
-1.049954221735132070e-03,-2.758019080164578543e-02
-1.034648544248473537e-03,-3.074834559550419441e-02
-1.049222313772300288e-03,-2.803389986206352227e-02
7.369986800299234246e-04,-1.458883521744255493e-02
-1.047674429735174920e-03,-2.848679541593862607e-02
-1.045212875297275206e-03,-2.893928472208182751e-02
-1.037191470122842372e-03,-3.029635914616787135e-02
-1.137702964065417325e-03,-3.525203080985772532e-03
-1.039904533372738903e-03,-2.984417883609147629e-02
-1.042586267060444582e-03,-2.939175767608455739e-02
2.290660626186550881e-03,-1.674338070572304812e-02
2.385540222274475531e-03,-2.199212171413285344e-02
6.025355397644295129e-04,-1.143316721211949227e-03
2.005349499571713445e-03,-2.264038697556439855e-02
-1.296963294912808302e-03,-3.158120957300190445e-03
1.917146924391049164e-03,-1.734364415056200218e-02
2.399427614270863325e-03,-2.288230930985842015e-02
-1.067135926160687077e-03,-3.019701303449471783e-03
2.016229998165105283e-03,-2.352886134359085876e-02
1.931185479285343161e-03,-1.778154923960064554e-02
4.680946790673309659e-04,-1.994891858624732103e-02
2.418700334959044632e-03,-2.378702677695896522e-02
-1.207612652209752186e-03,-2.677422877601808981e-03
2.320569971918570989e-03,-1.803122195826849239e-02
8.456904657248721490e-04,-2.279419187243690581e-03
2.412947968437550994e-03,-2.421894740597447387e-02
-9.895657695460863355e-04,-2.544949840528031200e-03
2.031009561713387028e-03,-2.487613906030474234e-02
1.951105066278396903e-03,-1.865393185153379693e-02
1.015968703173342593e-03,-3.013005112451055435e-03
2.432978545517682813e-03,-2.513502630685774883e-02
-9.508477173666403728e-04,-2.321720890877310931e-03
1.967109695788405062e-03,-1.909899833131524852e-02
3.896560923185277657e-04,-1.479239303357177474e-02
2.425809121956155369e-03,-2.556850532495692427e-02
1.722075729571631727e-04,-3.367309186616755656e-02
-9.107259206998927692e-04,-2.106986889290996239e-03
2.043147891694224033e-03,-2.623081905280992901e-02
2.346980305121447886e-03,-1.933469078516077133e-02
2.440492198006990847e-03,-2.648256794436314177e-02
1.242735984635187424e-03,-2.172422638314264534e-02
-1.020043488431951776e-03,-1.823065407547149906e-03
8.618637762338144607e-04,-2.194421803203630214e-02
1.977633854352105029e-03,-1.996446019064824356e-02
2.435308373746267619e-03,-2.692448249890034770e-02
-9.645614196401877888e-04,-1.628573816955683571e-03
2.053129868834558877e-03,-2.758633604598142303e-02
1.994603420211773972e-03,-2.041427704846525415e-02
2.449494174571802737e-03,-2.783789162427300137e-02
1.431979803605176217e-03,-6.811940065514468685e-03
-7.854854245051329144e-04,-1.519267199540921039e-03
2.446895101970905824e-03,-2.828458809798863050e-02
2.384028105328519186e-03,-2.066124804118378219e-02
2.407555312487345920e-03,-3.373904468480980190e-02
1.116691909855577767e-04,-5.631075602448388302e-05
-7.395209073120355284e-04,-1.341287733839023437e-03
2.061360524145290033e-03,-2.894321258130229044e-02
1.569196071321865213e-03,-8.910138679485118951e-03
2.382715724701343300e-03,-2.109763000145213965e-02
2.456545733286403035e-03,-2.919495367753242518e-02
-6.937137656479397873e-04,-1.174452831192167486e-03
1.627532644972886407e-03,-1.002404663226194419e-02
2.453039900791638937e-03,-2.964195145291011191e-02
1.694341990321737625e-03,-1.117687735140085632e-02
-2.056549858307029255e-04,-2.778146581001299264e-04
-6.483232246775572864e-04,-1.019195048225749866e-03
2.072246619927209637e-03,-3.303360513526527181e-02
2.066541734752208592e-03,-3.030011391547858882e-02
1.800985426379535367e-03,-7.334818082684253435e-03
2.037940299180000456e-03,-3.345296839502082120e-02
1.763021888947188462e-03,-1.236335621936439019e-02
2.454348679479488159e-03,-3.054559661514535604e-02
1.680642820109408972e-03,-3.277490162548726826e-02
-5.994250793163685784e-04,-8.714185020617257410e-04
2.068953677248784508e-03,-3.120422390671554261e-02
1.760517044197262241e-03,-3.405765170435630373e-02
2.449640972621010965e-03,-3.144594592204525557e-02
-5.500349791640834997e-04,-7.351328521354530150e-04
2.062139472390714379e-03,-3.210890172108780277e-02
1.839199971485529521e-03,-1.480951001983901553e-02
-4.990685454802248726e-04,-6.098787645416542738e-04
-2.925272937499414174e-04,-3.313852004940885752e-04
-4.482718556252921665e-04,-4.966848491200668517e-04
-3.931521608703531369e-04,-3.927652615058285454e-04
2.000998508995599067e-03,-2.174775476217842216e-02
-9.869822829331779349e-04,-3.296432308614578172e-02
8.873638340414465717e-06,-3.673211360587259335e-06
9.696246334368364972e-04,-3.400878900969862839e-02
1.786193114120034555e-05,-5.061631237484802354e-06
1.419375730431168521e-03,-5.005437438208441489e-03
9.320931024140816047e-04,-1.454214460690789667e-03
-6.264306449238205456e-06,-1.805136054801982577e-05
6.119979212367323543e-05,-2.877634134819771416e-05
-1.900946249105512568e-04,-3.337679731247130549e-02
-2.922260009954265165e-05,-8.540073789394951432e-06
-1.703574048065997380e-03,-3.409810662504961926e-02
-5.571815942325193281e-04,-3.318558776896320117e-02
-8.629712393906967477e-04,-3.412753740388319718e-02
-1.378857772332977299e-05,-3.016487740699300490e-06
1.186886087530249819e-03,-4.944515847929027361e-03
-2.012433421475831445e-04,-3.374136021842699673e-02
-2.558495576570142798e-03,-3.234721510445276449e-02
-1.326470919136498632e-03,-3.314156467763033215e-02
-2.520274029841056140e-03,-3.193724915257831892e-02
-2.490417746444715912e-03,-3.406786929293333099e-02
-5.187616154629768364e-05,-2.323806643610035151e-05
-2.067616509238762255e-03,-3.142186233455938893e-02
-1.715142645827894864e-03,-3.291637896622119641e-02
6.689893819151725976e-04,-1.499063191415979986e-03
-2.549062936065946486e-03,-3.100795993797880734e-02
1.207833775586239852e-04,-6.155663317710036902e-05
-2.075283531880631367e-03,-3.053519895751069871e-02
5.083149258585673567e-05,-2.346233195632989657e-05
2.520703843683503708e-03,-3.409200214179379518e-02
-2.552678958684024592e-03,-3.010261204087043632e-02
-2.064322488155839914e-03,-3.271230693486493202e-02
2.605407003503151450e-04,-1.532937859160684278e-04
-2.079582785076979946e-03,-2.962611010955577481e-02
1.649543344290289263e-03,-5.063458664954372662e-03
-2.555174299618540382e-03,-2.919740644537653987e-02
1.145938723992195396e-03,-4.547083508445334821e-03
2.587539324052268337e-04,-1.891210396538689140e-04
-2.080768322395378823e-03,-2.872128364478922224e-02
8.045372522486729299e-04,-1.346399987794571042e-03
-2.556741781018735758e-03,-2.829257162285079077e-02
3.995355912102549760e-04,-2.931034897010709964e-04
-2.081306654404058501e-03,-2.781669362685890157e-02
4.690203179956729308e-04,-3.745836475332529306e-04
-2.557402181852151245e-03,-2.738838024364005641e-02
-2.081094113664308781e-03,-2.691283213245859729e-02
4.250471158411116171e-04,-4.435520852467871662e-04
-2.557089433312381872e-03,-2.648514735189378549e-02
4.823544368181137409e-04,-5.378063885578722317e-04
-2.080028225594866397e-03,-2.601008425252151340e-02
5.352383321700858714e-04,-6.627450609737570338e-04
-2.555690380659282959e-03,-2.558323135653768968e-02
5.866963771063730872e-04,-7.897839068751241060e-04
-2.078004787002889556e-03,-2.510883841267284866e-02
3.189080175302571023e-04,-3.409639828293498098e-02
-2.553077670049065662e-03,-2.468303453021595054e-02
5.572867291687181798e-04,-9.924557292622392980e-04
7.416909019829699039e-04,-1.209883334599676230e-03
-2.074917660682577564e-03,-2.420952171388253069e-02
1.675997327795133952e-03,-5.477496365364360395e-03
-2.549123061057788527e-03,-2.378500308242993341e-02
1.589483350747041262e-03,-4.513943671953187832e-03
-2.070660129535035251e-03,-2.331259902284078117e-02
-2.543695900226142226e-03,-2.288962050760463135e-02
2.006836584671703103e-03,-3.379647849441882318e-02
-2.065128218027705107e-03,-2.241858044061486449e-02
1.222101820008815150e-03,-3.372516181558564419e-02
-2.536660074158295433e-03,-2.199741406490139661e-02
1.019726260430085145e-03,-2.332719133483460421e-03
6.352938369464767405e-04,-9.189186740511212474e-04
7.712298245672744978e-04,-2.093178949766777170e-03
-2.058210134907267203e-03,-2.152803614470692045e-02
1.513184589742138633e-04,-8.508792632097174455e-05
-2.515205367655010994e-03,-2.111321046359941958e-02
