Size 1576,2
0.000000000000000000e+00,0.000000000000000000e+00
-5.414856829659829996e-04,-6.605768123219893199e-03
5.439981293772883607e-04,-6.606301073663363790e-03
0.000000000000000000e+00,0.000000000000000000e+00
-1.811216137187607913e-05,-9.771154151093037205e-06
-3.364076512077481191e-05,-1.734353714813280346e-05
-4.867537327941532315e-05,-2.632117252690664136e-05
-6.348924639058846190e-05,-3.714622617352068064e-05
-7.810329956840471734e-05,-5.009678142665851782e-05
-9.249411179602365016e-05,-6.526727395332879622e-05
-1.066421063249880526e-04,-8.268216286653059740e-05
-1.205376090691997532e-04,-1.023244154737330727e-04
-1.341437047981836072e-04,-1.241462409337484841e-04
-1.474658941168471285e-04,-1.481167426403835177e-04
-1.604869858874053996e-04,-1.741798498266550112e-04
-1.732312882149270310e-04,-2.022962094522976308e-04
-1.856802188595124605e-04,-2.324153773135505512e-04
-1.978419956075995153e-04,-2.644905937945730111e-04
-2.097234424247838586e-04,-2.984715092558104499e-04
-2.213299332707925507e-04,-3.343163983684404239e-04
-2.326833832095361466e-04,-3.719891508119362142e-04
-2.437441612974746471e-04,-4.114429970633047312e-04
-2.545309951364090311e-04,-4.526285415619910025e-04
-2.650586394581097094e-04,-4.955015916188937114e-04
-2.753264275218939169e-04,-5.400248107523729574e-04
-2.853459956215532458e-04,-5.861597129086407003e-04
-2.951019118474568952e-04,-6.338618195585600090e-04
-3.046130793255900611e-04,-6.830935018863126340e-04
-3.138699868993546503e-04,-7.338121857741546593e-04
-3.228857623453366206e-04,-7.859770568471004725e-04
-3.316608775916403146e-04,-8.395530950644032250e-04
-3.401974802330713903e-04,-8.945003000461335596e-04
-3.484972433196457573e-04,-9.507787063827008098e-04
-3.565697964757279215e-04,-1.008355389888488740e-03
-3.644102100527606830e-04,-1.067187684087232214e-03
-3.720307767142797808e-04,-1.127244719752976522e-03
-3.794325823889482872e-04,-1.188488929392693579e-03
-3.866233443179300177e-04,-1.250893670652444053e-03
-3.935821431069781045e-04,-1.314412727029264094e-03
-4.003325685733519624e-04,-1.379013732968366020e-03
-4.068746617808120564e-04,-1.444663959667730159e-03
-4.132137188380409065e-04,-1.511332456938878008e-03
-4.193499304158020873e-04,-1.578983671914396683e-03
-4.252888893755489130e-04,-1.647588848956895412e-03
-4.310314660834555357e-04,-1.717113151246513723e-03
-4.365832499791626859e-04,-1.787529220411528379e-03
-4.419444011302283673e-04,-1.858802021154504257e-03
-4.471220806585011380e-04,-1.930907168607421363e-03
-4.521151295924446894e-04,-2.003808704263097644e-03
-4.569317081544816079e-04,-2.077484977127572966e-03
-4.615701663269749394e-04,-2.151900155376848967e-03
-4.660384569101348891e-04,-2.227033960684673963e-03
-4.703349335215018402e-04,-2.302851251782603737e-03
-4.744675178332233051e-04,-2.379331977971416677e-03
-4.784378119746889968e-04,-2.456446249156047940e-03
-4.822480531430862940e-04,-2.534169594499494516e-03
-4.859023351322483116e-04,-2.612476289913053494e-03
-4.894031310989154860e-04,-2.691341809325059099e-03
-4.927545834844018324e-04,-2.770741591496890272e-03
-4.959590816913591075e-04,-2.850652191106022460e-03
-4.990207786647951615e-04,-2.931050055477217586e-03
-5.019421533730907166e-04,-3.011912687911197893e-03
-5.047278437289779134e-04,-3.093218797077465672e-03
-5.073769010043504765e-04,-3.174943142905375416e-03
-5.099107509910408677e-04,-3.257076760845621557e-03
-5.122948967464425627e-04,-3.339580630087368544e-03
-5.145626217131601043e-04,-3.422444813629020241e-03
-5.167252370222526247e-04,-3.505656902651392223e-03
-5.187495751315713719e-04,-3.589181688562765715e-03
-5.206678754509996105e-04,-3.673012646063615605e-03
-5.224746661444438448e-04,-3.757127355715898440e-03
-5.241693674878360621e-04,-3.841506782711072779e-03
-5.257560522893331813e-04,-3.926127576830839780e-03
-5.272495610426551843e-04,-4.010995060187736577e-03
-5.286787278617413469e-04,-4.096090432900023268e-03
-5.299805177533846445e-04,-4.181361009228086803e-03
-5.312116470773673490e-04,-4.266849895100741433e-03
-5.323284752412484706e-04,-4.352488789380202540e-03
-5.333818193092537772e-04,-4.438308804227924023e-03
-5.343336711347150851e-04,-4.524253942628501945e-03
-5.352252458507044449e-04,-4.610352991683133901e-03
-5.360255088722575695e-04,-4.696553859922008613e-03
-5.367690650127186075e-04,-4.782883440279175023e-03
-5.374301292803398879e-04,-4.869293439166300780e-03
-5.380390208499090691e-04,-4.955808324403054681e-03
-5.385745634282747361e-04,-5.042384915998577785e-03
-5.390614900450633063e-04,-5.129044783949530430e-03
-5.394843801024136421e-04,-5.215749293430771427e-03
-5.398625854852274683e-04,-5.302517686815362910e-03
-5.401856871173928154e-04,-5.389315748943320980e-03
-5.404683803329066649e-04,-5.476160376727432118e-03
-5.407045227425194426e-04,-5.563021759460880060e-03
-5.409049014839473158e-04,-5.649914424577745162e-03
-5.410670557542735957e-04,-5.736813056899270347e-03
-5.411983388420165157e-04,-5.823729818824986693e-03
-5.412993936850135938e-04,-5.910643827661025800e-03
-5.413751254648434567e-04,-5.997564814927728964e-03
-5.414280881294819504e-04,-6.084476361899716912e-03
-5.414625070643209115e-04,-6.171384384524911289e-03
-5.414801484518470603e-04,-6.258283895324632043e-03
-5.414879287271168054e-04,-6.345168801008638747e-03
-5.414886231772896279e-04,-6.432043089004796724e-03
-5.414868716090816617e-04,-6.518908085925813681e-03
-4.579663350617872611e-04,-6.605766999103188097e-03
-3.744513802754360150e-04,-6.605765471212055907e-03
-2.909463119438267156e-04,-6.605765238732564520e-03
-2.074497902607042455e-04,-6.605771754976863877e-03
-1.239644047702671977e-04,-6.605786885297829612e-03
-4.048316245490405366e-05,-6.605814543613421422e-03
4.299650996062683364e-05,-6.605855799040310367e-03
1.264765974170431765e-04,-6.605911381884600232e-03
2.099632983271570541e-04,-6.605976463673084685e-03
2.934587212111433997e-04,-6.606051805388513630e-03
3.769641698577641704e-04,-6.606133660481426639e-03
4.604787020010321251e-04,-6.606217931960517604e-03
5.439737176008812821e-04,-6.519441021345489563e-03
5.439497982873242165e-04,-6.432576166408830037e-03
5.439236803753992253e-04,-6.345701376867464785e-03
5.438905100628748561e-04,-6.258814923110801037e-03
5.438461151160386194e-04,-6.171917488023209372e-03
5.437865061644258985e-04,-6.085010250978789038e-03
5.437079160629304173e-04,-5.998096068240140605e-03
5.436067469165124441e-04,-5.911178175573092962e-03
5.434797090836930534e-04,-5.824260627212736116e-03
5.433234202928090891e-04,-5.737347887057830248e-03
5.431345605098763813e-04,-5.650444838775986293e-03
5.429096543000706690e-04,-5.563556651643050167e-03
5.426460675271910141e-04,-5.476690319566064787e-03
5.423399698532100840e-04,-5.389851352390603000e-03
5.419878312340468312e-04,-5.303046832039256565e-03
5.415874726850705050e-04,-5.216285335474945759e-03
5.411350287047837640e-04,-5.129574042402208940e-03
5.406262266205999955e-04,-5.042921072648186634e-03
5.400598884016896304e-04,-4.956337284105296476e-03
5.394318065292273484e-04,-4.869830888267549264e-03
5.387367583247151424e-04,-4.783411580895504008e-03
5.379753770340562095e-04,-4.697092489156610984e-03
5.371424485288261693e-04,-4.610882442943432108e-03
5.362323549788686585e-04,-4.524793139493736918e-03
5.352467627800163059e-04,-4.438839255394794701e-03
5.341790429869201990e-04,-4.353030944385733597e-03
5.330268955712676735e-04,-4.267382539252781437e-03
5.317881171252864100e-04,-4.181908519802500328e-03
5.304567717864098510e-04,-4.096620649819338565e-03
5.290304085488461159e-04,-4.011535207197668845e-03
5.275028418745275616e-04,-3.926667824599498063e-03
5.258801244081658978e-04,-3.842037550009878323e-03
5.241522776501645296e-04,-3.757655983730295076e-03
5.223167037883415069e-04,-3.673541542620406292e-03
5.203706423534810955e-04,-3.589711116812487838e-03
5.183110740768875598e-04,-3.506184235007099581e-03
5.161333389935807104e-04,-3.422977405176609936e-03
5.138367840780893930e-04,-3.340111509770762269e-03
5.114169749205108549e-04,-3.257604990108925284e-03
5.088672371154192913e-04,-3.175476504744548668e-03
5.061897027279908031e-04,-3.093749971930664661e-03
5.033760711549969740e-04,-3.012444150782617701e-03
5.004237665141872491e-04,-2.931582178838654674e-03
4.973402256550589614e-04,-2.851188221428714933e-03
4.941201154568922215e-04,-2.771279209344720568e-03
4.907461232919081706e-04,-2.691875869075265569e-03
4.872103809788600783e-04,-2.613004303659847635e-03
4.835309942028978786e-04,-2.534701011890977233e-03
4.796925597473441116e-04,-2.456975898550272947e-03
4.756934653603669548e-04,-2.379862914530029780e-03
4.715409063853366329e-04,-2.303383760421208633e-03
4.672065297028413352e-04,-2.227562493427497851e-03
4.627231914292127672e-04,-2.152432260234342452e-03
4.580576480883318566e-04,-2.078017209385489995e-03
4.531913182494651162e-04,-2.004337526236601302e-03
4.481999590230758331e-04,-1.931444698846077838e-03
4.430020701994941243e-04,-1.859340656604166345e-03
4.375867792577380435e-04,-1.788054313588734266e-03
4.320267724315886488e-04,-1.717648710829394699e-03
4.262595902194658165e-04,-1.648129532497721829e-03
4.202965640105855386e-04,-1.579515433512721249e-03
4.141379392299150567e-04,-1.511867137225596626e-03
4.077585667918805007e-04,-1.445198554006954864e-03
4.011847072866497259e-04,-1.379548938867620556e-03
3.944245480717720382e-04,-1.314952593027406570e-03
3.874465147646312065e-04,-1.251445286803880242e-03
3.802276417355888939e-04,-1.189030434259066415e-03
3.728915072667794489e-04,-1.127802545117894848e-03
3.652623496275488502e-04,-1.067762821752610064e-03
3.573479815702265130e-04,-1.008812996357032242e-03
3.491604542898441303e-04,-9.512695861321516328e-04
3.408621142611913189e-04,-8.950224212333144887e-04
3.321244629724210275e-04,-8.400803994272469134e-04
3.233999662187863342e-04,-7.864818706614490861e-04
3.143683265191794069e-04,-7.343501884975077920e-04
3.051393905967757420e-04,-6.836596166540683927e-04
2.956342183173292439e-04,-6.344310987169868125e-04
2.859138545163371911e-04,-5.867191187599749220e-04
2.758961377431210838e-04,-5.405639418611688993e-04
2.655894784153176643e-04,-4.960265274904249264e-04
2.550231304699618752e-04,-4.532013648767600723e-04
2.440867350389738268e-04,-4.119898636908993737e-04
2.330135160881096799e-04,-3.725159325604374214e-04
2.217949299442844853e-04,-3.348796226755238847e-04
2.102216786138068501e-04,-2.990589469167948076e-04
1.982169648771757984e-04,-2.650395812207925316e-04
1.859554953876674558e-04,-2.329379394276512663e-04
1.734765515346327336e-04,-2.028274271555975563e-04
1.607350429030150827e-04,-1.747190447884410143e-04
1.476862360465258401e-04,-1.486565362896213481e-04
1.343767816457199264e-04,-1.246737390171392360e-04
1.207720672656145753e-04,-1.028439392533021872e-04
1.069493726421527667e-04,-8.324491724811963972e-05
9.267728913127165277e-05,-6.572957198554873538e-05
7.822808696359607073e-05,-5.053086242679637869e-05
6.364577760054910074e-05,-3.757682119553519085e-05
4.869467274566270372e-05,-2.673862600434606800e-05
3.371916166876372397e-05,-1.774511091186615135e-05
1.822688452738958711e-05,-9.938265705523737197e-06
0.000000000000000000e+00,0.000000000000000000e+00
0.000000000000000000e+00,0.000000000000000000e+00
0.000000000000000000e+00,0.000000000000000000e+00
0.000000000000000000e+00,0.000000000000000000e+00
0.000000000000000000e+00,0.000000000000000000e+00
0.000000000000000000e+00,0.000000000000000000e+00
0.000000000000000000e+00,0.000000000000000000e+00
0.000000000000000000e+00,0.000000000000000000e+00
0.000000000000000000e+00,0.000000000000000000e+00
0.000000000000000000e+00,0.000000000000000000e+00
0.000000000000000000e+00,0.000000000000000000e+00
0.000000000000000000e+00,0.000000000000000000e+00
-3.115991699472581612e-08,-6.174710671974452748e-07
-3.401424837181713922e-06,-6.537634327510336192e-03
2.165684246923588261e-04,-4.298395390657380136e-04
3.169954357058678523e-04,-1.096469094118917827e-03
3.801260294822101293e-04,-1.893116118687306754e-03
4.368825818783439929e-04,-3.133846775532123357e-03
4.488549097933606526e-04,-3.631050587799777418e-03
4.664286030826400478e-04,-4.996246830068092580e-03
4.712340270064932957e-04,-5.951236793810485599e-03
9.691402898734091653e-05,-8.894284517702713620e-05
-4.173638981209439026e-04,-2.808736173885078256e-03
-4.491914448341794092e-04,-3.971864972121387158e-03
-1.749275715978094634e-04,-2.778137707988270733e-04
-2.575175366173880248e-04,-6.551146138566954448e-04
-2.885754478533552117e-04,-8.647927799084184153e-04
-3.389992770299664424e-04,-1.344054006444949084e-03
-3.598393804095149050e-04,-1.610773636075413500e-03
-3.933746368051381265e-04,-2.187238602926318450e-03
-4.064662932084585107e-04,-2.493216195044333471e-03
-4.621034332028493017e-04,-4.308720211449189146e-03
-4.650202330561302921e-04,-4.652578731179096531e-03
-4.670859867419595215e-04,-5.345349617907914179e-03
-4.301961951888026606e-04,-3.378130935775052086e-03
-4.683409964212789070e-04,-5.692630747990883380e-03
-1.318023750346943902e-04,-1.573334663895912871e-04
2.716818831589378164e-04,-7.573198193815982747e-04
3.526243795411347984e-04,-1.474484115629445336e-03
1.555766682533218080e-04,-2.147341962296924964e-04
4.696376927684992129e-04,-5.516803588399470451e-03
4.613502490674655106e-04,-4.478345349304719593e-03
4.580824968841348127e-04,-4.136563996020961240e-03
4.208159122131863378e-04,-2.651448825043489950e-03
4.057658756769081439e-04,-2.339654355197114816e-03
-2.229732746911482265e-04,-4.705535671968807368e-04
-4.659032321964226672e-04,-4.998476347159368054e-03
-3.164283730306294978e-04,-1.095222994896111971e-03
-3.778982064483481012e-04,-1.892485667738780459e-03
-4.716813777875632219e-04,-6.038708954890986864e-03
-8.470190888560912294e-05,-7.008345746935413232e-05
4.433408589397403723e-04,-3.380877183014555348e-03
3.335227592527145149e-04,-1.280464514237141839e-03
2.385178926293331269e-04,-5.601502309387041767e-04
4.682311649424904893e-04,-5.256320057723026969e-03
4.537314842907026703e-04,-3.880633805379504926e-03
-4.356846301196884538e-04,-3.628946246761900057e-03
-4.255674728588776639e-04,-3.131750969923100154e-03
4.641595115572116968e-04,-4.736827859480993198e-03
4.250230085087206510e-04,-2.887317384753385324e-03
3.941172408885502444e-04,-2.113116657907107652e-03
3.667639987610959475e-04,-1.680481549521611970e-03
3.004014930405102734e-04,-9.182973679232006884e-04
1.838726238458278242e-04,-3.113643203502951284e-04
4.687884401614299127e-04,-6.213434205479851334e-03
6.054148864690165742e-05,-3.992148419200358206e-05
-4.646832018061895666e-04,-6.291670011097136306e-03
-4.685278353385280805e-05,-2.781555962679821759e-05
2.616715660983572598e-04,-6.537354287641389435e-03
5.260552741937730340e-06,-1.508455549314079019e-06
-5.396964971890817186e-06,-1.380769017036003694e-06
-2.473953623470189519e-04,-6.530257877959253290e-03
4.707058422129087620e-04,-5.777476112330660538e-03
-4.602039777005087267e-04,-4.137732276174177146e-03
-2.734422310710080193e-04,-7.575354588412414134e-04
-1.539733110141254893e-04,-2.138737258516844797e-04
1.231182027826483079e-04,-1.364012643959682241e-04
-2.047424632172097601e-04,-3.881111559699196626e-04
-3.497793464982755333e-04,-1.475412758107921439e-03
-3.028966298110488892e-04,-9.774546162174412196e-04
-3.291886589092238476e-04,-1.217810609955006368e-03
-4.002057982559316190e-04,-2.338932442969518001e-03
-4.121773087865302073e-04,-2.649883530785222645e-03
-4.637018746535428006e-04,-4.480370637243691855e-03
-4.650088736650788033e-04,-4.825436794860980642e-03
-4.665881103998004522e-04,-5.171805051148786400e-03
-4.674182339238192692e-04,-5.519044325026769247e-03
-4.692428121730978494e-04,-5.866137065627685145e-03
-2.409453454054869589e-04,-5.596699637971888110e-04
4.595142371712259148e-04,-4.309838925149488131e-03
4.144559919183670935e-04,-2.494767676440262042e-03
2.533169714400426232e-04,-6.543401797853370082e-04
-3.692041838827650642e-04,-1.749880737680632823e-03
-4.220497456945842304e-04,-2.969584002935127774e-03
-4.388028352794073449e-04,-3.797707896096254917e-03
-3.859467304435359189e-04,-2.038348576956209527e-03
-1.088476976256958417e-04,-1.093702608322581814e-04
3.501257077164784379e-05,-1.900202254856256411e-05
4.693908911367259112e-04,-6.388842979861345320e-03
-2.083788759923386200e-05,-1.010840760722598905e-05
-4.685244946977102070e-04,-6.471915074350911672e-03
4.175269842947878607e-04,-6.542620016983175142e-03
1.105323677263240527e-05,-4.394123713172914085e-06
-3.383926932285054648e-05,-1.805042599192581797e-05
-3.278701332138705341e-05,-1.956804618036303738e-05
-4.369977223164624652e-05,-3.033105418953160016e-05
-3.031608287144619193e-05,-2.216067483554856453e-05
-3.903937264152241296e-05,-3.391523028317044503e-05
-2.617202367669288927e-05,-2.573332159570109452e-05
-3.278288300571131377e-05,-3.847910530868567651e-05
-2.026938198913510181e-05,-3.034872549340706424e-05
-2.504568489706470266e-05,-4.424185182512162115e-05
-1.253925809781380669e-05,-3.607761300176211028e-05
-1.527971219783330137e-05,-5.122222617051561653e-05
-2.873746896904449900e-06,-4.290790085894385301e-05
-3.319004256964770197e-06,-5.919844038285265969e-05
-1.771819772385164709e-05,-6.866364706075320733e-05
-3.707542190400198101e-06,-7.775116912440178799e-05
-2.006634931395315696e-05,-8.832996711583686420e-05
-4.047150410521067860e-06,-9.852187369685824314e-05
-2.234534710956527999e-05,-1.101884124608770401e-04
-4.360507448912393320e-06,-1.214625478811996338e-04
-2.450886068377682565e-05,-1.341923764050731178e-04
-4.632098780409383201e-06,-1.465265683898006523e-04
-2.662079026076631322e-05,-1.602996956241237918e-04
-4.877885683551219577e-06,-1.736568249369921488e-04
-2.863174341325383932e-05,-1.884588876896621100e-04
-5.123877798396285542e-06,-2.028262439354936027e-04
-3.060092196991001570e-05,-2.186283134261513060e-04
-5.305629584232078798e-06,-2.339981085957861635e-04
-3.245153698459360956e-05,-2.508055650826811634e-04
-5.409879930668009474e-06,-2.670953809090128445e-04
-3.474614716911789131e-05,-2.849116472984305646e-04
-5.647881172755196421e-06,-3.020945401530104120e-04
-3.617507575545305645e-05,-3.207875097772168622e-04
-5.698928647567952558e-06,-3.389385750657819942e-04
-3.771791540611032047e-05,-3.584888937141395460e-04
-5.688356081211051667e-06,-3.775776299834642468e-04
-3.929769691308297448e-05,-3.980082549567155585e-04
-5.734156631447630652e-06,-4.179789489075532295e-04
-4.082124049545499285e-05,-4.392694792221112652e-04
-5.738840741152844015e-06,-4.600917932190866973e-04
-4.230332351462856355e-05,-4.822251005719304750e-04
-5.711232563362983385e-06,-5.038768280141726333e-04
-4.370237061765063971e-05,-5.268329582317272291e-04
-5.683434092868019120e-06,-5.492976222574611845e-04
-4.506356933970929421e-05,-5.730542445051324280e-04
-5.589609148824310827e-06,-5.963120685929639833e-04
-4.633689956696984897e-05,-6.208459860299241290e-04
-5.474824241418535738e-06,-6.448742634865636553e-04
-4.757128780868374147e-05,-6.701668237397633921e-04
-5.355079856077212525e-06,-6.949437073934377216e-04
-4.873023892246892264e-05,-7.209757074031508152e-04
-5.202762234874839755e-06,-7.464830314094418216e-04
-4.985316891345983729e-05,-7.732350667989788297e-04
-5.042288495000367899e-06,-7.994538609900757754e-04
-5.090052803313150557e-05,-8.269042197272982557e-04
-4.776302145635318716e-06,-8.539068531658469772e-04
-5.190200855271595473e-05,-8.819598954054478973e-04
-4.464775165983653881e-06,-9.096402914805858412e-04
-5.282004860247239438e-05,-9.383380414068030490e-04
-4.281716001600613210e-06,-9.666210398523657384e-04
-5.373463791432046534e-05,-9.959996591712380089e-04
-4.053868282517577985e-06,-1.024908897120916122e-03
-5.457424696473294157e-05,-1.054923624337098659e-03
-3.809367477320269911e-06,-1.084558061755449719e-03
-5.538988044471397626e-05,-1.115094042170873198e-03
-3.681366282188421952e-06,-1.145233622197761904e-03
-5.615383202001254776e-05,-1.176426300518687356e-03
-3.256468152738795434e-06,-1.207075686686817162e-03
-5.685111040750262718e-05,-1.238906551869649710e-03
-2.891053335839295266e-06,-1.270295954894612661e-03
-5.748220369668530200e-05,-1.302545571451889936e-03
-2.753840628205534870e-06,-1.334383608001527563e-03
-5.813631418929299114e-05,-1.367235270215909175e-03
-2.297157861725973020e-06,-1.399525687039339904e-03
-5.867380180461782997e-05,-1.432965499165857106e-03
-1.820775997723610361e-06,-1.465951675675130706e-03
-5.918835259960708752e-05,-1.499755763683546057e-03
-1.694767372756294196e-06,-1.533135504149871079e-03
-5.969354635249871679e-05,-1.567494992248051524e-03
-1.212951716863045731e-06,-1.601276099462985159e-03
-6.013787347602866587e-05,-1.636178937687645914e-03
-6.323264414802059059e-07,-1.670613290925562766e-03
-6.049180323125252795e-05,-1.705825938089858187e-03
-5.179740831127131522e-07,-1.740601984061796717e-03
-6.091348452254286006e-05,-1.776327061098637939e-03
2.524814174835117644e-07,-1.811591779341845164e-03
-6.117121594047142418e-05,-1.847701348473052268e-03
7.206330796341067185e-07,-1.883447097240059220e-03
-6.145912419335801283e-05,-1.919912653525254927e-03
7.656613249135558712e-07,-1.955944250042159112e-03
-6.176140893769535914e-05,-1.992894622205370388e-03
1.622062759662399892e-06,-2.029374648258009794e-03
-6.193634890545419525e-05,-2.066666685859921363e-03
2.124995884280716335e-06,-2.103585514861674825e-03
-6.208697927867960580e-05,-2.141189798560796421e-03
2.131787961968197114e-06,-2.178348272771355506e-03
-6.233099374695188208e-05,-2.216398992092112087e-03
3.069938003556612807e-06,-2.253966020978414361e-03
-6.236909585392544939e-05,-2.292314760631329780e-03
4.230858887464938139e-06,-2.330290070760852525e-03
-6.234832490752957145e-05,-2.368901007863805606e-03
4.313052727214927395e-06,-2.407073398702587030e-03
-6.243808755741321137e-05,-2.446090694805137192e-03
4.654786184281988023e-06,-2.484494478378127327e-03
-6.251850011581630009e-05,-2.523886782680170599e-03
5.119651329188186400e-06,-2.562585245137799419e-03
-6.251553149854802041e-05,-2.602276884838395851e-03
5.658664775929750312e-06,-2.641259895379841852e-03
-6.250367067883792717e-05,-2.681229946513489799e-03
6.171575559983282732e-06,-2.720484100466053889e-03
-6.243408103911230248e-05,-2.760717863467689048e-03
5.644756044049885098e-06,-2.800236256818730129e-03
-6.254989836389012814e-05,-2.840716733264992203e-03
6.417025254133024041e-06,-2.880162552506886076e-03
-6.241905212959903142e-05,-2.921148217430741094e-03
7.404580442378629025e-06,-2.960689947933393962e-03
-6.223148637600053120e-05,-3.002055877554687339e-03
8.382822154012667507e-06,-3.042403169445535675e-03
-6.211940174511022112e-05,-3.083529534835510733e-03
8.955460624085327084e-06,-3.124168764995967264e-03
-6.196990029128646963e-05,-3.165382339119643829e-03
8.697663623177560589e-06,-3.206083490529224207e-03
-6.158177993709654740e-05,-3.247559513666083315e-03
1.002295374538800783e-05,-3.288540378082074282e-03
-6.141386919680958268e-05,-3.330203912704325642e-03
1.065924639562338258e-05,-3.371385445548415617e-03
-6.118989347463040841e-05,-3.413336971129072445e-03
1.021073547895491665e-05,-3.454280629333911484e-03
-6.095596006074565330e-05,-3.496406778417322000e-03
1.168420351294306521e-05,-3.537867399036452847e-03
-6.062682740584017760e-05,-3.580012050346878614e-03
1.339145391373047489e-05,-3.621733632704548719e-03
-6.015589477978439413e-05,-3.663935973058452065e-03
1.321912570422824939e-05,-3.705669082720520081e-03
-5.992061636340781795e-05,-3.748108876941139925e-03
1.372299985551675082e-05,-3.789524108294682961e-03
-5.964034140820561892e-05,-3.832481913982201983e-03
1.429129826250774259e-05,-3.873646005602268769e-03
-5.958486324811805253e-05,-3.917237299404061936e-03
1.425823516721905999e-05,-3.958444215032303794e-03
-5.911281524818634759e-05,-4.002036847470222952e-03
1.522713715957770705e-05,-4.044289142315533013e-03
-5.865809412893747987e-05,-4.087299578229975153e-03
1.700981201865912329e-05,-4.129786979623157640e-03
-5.807971240128901967e-05,-4.172712411362786145e-03
1.670252289428544756e-05,-4.215149366133474733e-03
-5.779787672606674772e-05,-4.258247542525742807e-03
1.593866018646556971e-05,-4.300672643135433973e-03
-5.765408878501331817e-05,-4.343941101918833217e-03
1.622273937720627172e-05,-4.386445035648323804e-03
-5.732681087189787938e-05,-4.429804660369076989e-03
1.671046924854351285e-05,-4.472385158372415605e-03
-5.694772832283649785e-05,-4.515817803173694314e-03
1.723858615335046969e-05,-4.558467029594356554e-03
-5.662203611620637394e-05,-4.601964839686470583e-03
1.766283948374316540e-05,-4.644676243316162717e-03
-5.623725472944442362e-05,-4.688231617935426088e-03
1.812349386150065054e-05,-4.731092861173845018e-03
-5.582890594546580283e-05,-4.774621919351190388e-03
1.874479892869996601e-05,-4.817535276115245645e-03
-5.538245058923314731e-05,-4.861098656945707364e-03
1.922720762808261159e-05,-4.903961448807577991e-03
-5.494602724980141310e-05,-4.947641649899420756e-03
1.968768971722195085e-05,-4.990655593845506714e-03
-5.450849118209608187e-05,-5.034288213643014348e-03
2.033149414306088695e-05,-5.077340819165802530e-03
-5.403409263903714577e-05,-5.120992185821420309e-03
2.080385303886193998e-05,-5.163958733348481510e-03
-5.357656357924416886e-05,-5.207730013957196334e-03
2.124819515138331460e-05,-5.250853936709926409e-03
-5.312129406056628387e-05,-5.294549736970729191e-03
2.191026611590894354e-05,-5.337699800869604577e-03
-5.262503850827730128e-05,-5.381399392655247978e-03
2.251317672808188198e-05,-5.424436360117869046e-03
-5.212643428256763235e-05,-5.468255203585939764e-03
2.287088040840224148e-05,-5.511522402805775316e-03
-5.166152669785567070e-05,-5.555182817684814478e-03
2.349082524712443448e-05,-5.598389336523800636e-03
-5.115171608569039029e-05,-5.642090017793866853e-03
2.414710385638768700e-05,-5.685102224740587289e-03
-5.061986599749320934e-05,-5.728963114950563935e-03
2.442940644662418973e-05,-5.772222218776578047e-03
-5.014430671212196777e-05,-5.815874558011001512e-03
2.503056643698249925e-05,-5.859060531268074808e-03
-4.961013167662529298e-05,-5.902716712119979864e-03
2.559561667807063655e-05,-5.945784098728806345e-03
-4.901067785217457813e-05,-5.989472480533419504e-03
2.602254825903697820e-05,-6.032455706650505407e-03
-4.838199537395947435e-05,-6.076021425498107260e-03
2.648151890504893386e-05,-6.118801782839107875e-03
8.799726245255177167e-06,-5.083617651775125453e-05
1.673840701944150476e-05,-1.598525799834715007e-04
2.133105888759665534e-05,-2.503034432598485364e-04
2.586236139189014539e-05,-3.580188664785178285e-04
3.037301341872570708e-05,-4.818180984431150561e-04
4.075675604940365960e-05,-8.266150105426410327e-04
-4.777448122574330246e-05,-6.162222349143589226e-03
4.513443760744259076e-05,-9.957437013577501942e-04
4.905861433775056911e-05,-1.176159676567928823e-03
5.305334265393289196e-05,-1.366968436415361837e-03
5.692156548002386932e-05,-1.567224988468911848e-03
6.046687934885801855e-05,-1.775954705233609952e-03
6.383568371568462848e-05,-1.992425082699806997e-03
6.723199196932198537e-05,-2.215918615557221829e-03
7.387098904884517939e-05,-2.760833783793223764e-03
7.723861784767935799e-05,-3.001382418464947511e-03
8.005474014052527370e-05,-3.246994720676094331e-03
7.240974241039397037e-06,-3.571724361254606034e-05
8.267859039202695738e-05,-3.495799001488599563e-03
8.600932040068543036e-05,-3.747297337572639241e-03
8.750395764816721949e-05,-4.001294809589688549e-03
3.486428171268202142e-05,-6.204655876214219563e-04
9.129121880742839740e-05,-4.601320336461027331e-03
9.307652448093337581e-05,-4.860565284049590991e-03
9.483141304110330070e-05,-5.120496158871752114e-03
9.662944486157911913e-05,-5.381104251384212327e-03
1.008141309007266873e-04,-6.075410144150539433e-03
1.012097022323377356e-04,-6.161507134089745479e-03
9.844204426000918143e-05,-5.641643704296956698e-03
7.160304470793919947e-05,-2.445592175930912104e-03
9.046662980163015658e-05,-4.257249565251646981e-03
3.777246756984477732e-05,-7.204348804223601735e-04
7.355735573038608012e-05,-2.601728988381644958e-03
9.022564598949357078e-05,-4.429030081773225810e-03
1.359615808661293099e-05,-1.097631612172040146e-04
9.993955077297675264e-05,-5.902315140401221023e-03
-1.225307079422769383e-04,-6.119674640146247936e-03
-1.218783460819963273e-04,-6.205653145836904395e-03
-1.239339770026448367e-04,-5.946705085810527133e-03
-1.251002185042565228e-04,-5.773097322762881997e-03
1.894079705635464200e-05,-4.356839055963368615e-05
-1.261116416852957865e-04,-5.599328677857204166e-03
-1.270589928102728108e-04,-5.425541838560544658e-03
-1.281343683436804437e-04,-5.251545514713559792e-03
-1.287130416227854853e-04,-5.078214052106620399e-03
-1.295720672104622921e-04,-4.905098298960660144e-03
-1.302842830829730120e-04,-4.732161609511174524e-03
-1.308172195101520846e-04,-4.559633433124564428e-03
-1.327845122347579411e-04,-3.539016859943482172e-03
-1.312108982571868522e-04,-4.387612990457224853e-03
-1.327979803302552426e-04,-3.289759817233737886e-03
-1.316415344618673366e-04,-4.216207161245691740e-03
-1.321540167193458739e-04,-4.045473602231779153e-03
-1.324266004341535644e-04,-3.875411238838495902e-03
1.531496811771225410e-05,-2.963019681596416031e-05
-1.325719494495351347e-04,-3.706553677647125931e-03
-1.320703024779886479e-04,-3.043486075572257848e-03
-1.316637954395709169e-04,-2.881641820060929643e-03
-1.306978375069813947e-04,-2.721607256154933655e-03
-1.297916555899299770e-04,-2.563715680069625445e-03
-1.286771835710604265e-04,-2.408109915344456339e-03
-1.273872139588515771e-04,-2.254982444507089116e-03
-1.258491798577757073e-04,-2.104552154364931413e-03
-1.244758823042244490e-04,-1.957094599491276867e-03
-1.224935154042944058e-04,-1.812714869055489890e-03
-1.202510926570472751e-04,-1.671712290440180481e-03
-1.177415030418224134e-04,-1.534333553449335977e-03
-1.149514299367588064e-04,-1.400822295210680688e-03
-1.119516900464509007e-04,-1.271450846824157379e-03
-1.085548289870535000e-04,-1.146482920947628154e-03
-1.048297099354445877e-04,-1.026196018891629199e-03
-6.875811685792128337e-05,-3.404003840680994066e-04
-1.007779884401105913e-04,-9.108820106391969998e-04
-9.638420981332061158e-05,-8.008205866403548309e-04
-9.162382504989370689e-05,-6.963257379887288550e-04
-8.648991114422555711e-05,-5.977073692302847492e-04
-8.096499112932195824e-05,-5.052885993581202138e-04
-7.503809333991348478e-05,-4.193971072066707425e-04
1.754462306094530292e-04,-6.118217135980538041e-03
1.757290073718458477e-04,-6.204207031658828982e-03
-5.834961430628274928e-05,-2.354888031958321699e-04
-3.455021816123157215e-05,-7.924358232251159492e-05
-5.090786415518479355e-05,-1.751304738105251963e-04
-4.298725595118130406e-05,-1.229361159714717955e-04
-1.964851815074529886e-04,-6.163261345876680335e-03
1.017550710293882671e-04,-6.247353676134021795e-03
-1.964483536932771677e-04,-6.248113523705687775e-03
-1.000740539352553278e-05,-2.330201184716812856e-05
2.252426268878105313e-05,-5.984608893461010619e-05
3.279934637392203255e-05,-5.251561395508981246e-05
3.834678592585273333e-05,-6.993061379016921974e-05
-1.185372098489952705e-04,-6.290378276883238674e-03
1.759606896871930603e-04,-6.289865417882349770e-03
1.023692565322813068e-04,-6.332725058386743343e-03
-2.706184138544439634e-04,-6.206625023683955307e-03
-2.677198784719730376e-04,-6.289860084860185267e-03
-2.712034322741897763e-04,-6.120786808103673843e-03
2.499964892071693452e-04,-6.161035598411359129e-03
2.497276751579625130e-04,-6.074828021785285380e-03
4.886543077046892440e-05,-6.255300801359302634e-05
5.630444877395982873e-05,-8.105940065639168752e-05
4.125487341031180917e-05,-4.629236325161776715e-05
-1.946313588828395912e-05,-1.522974265240829549e-05
-3.453974073899151510e-04,-6.164463762164621580e-03
5.764821907072388335e-05,-5.627851680443134088e-05
3.236214625906402289e-04,-6.117738993340962605e-03
-4.755948711752802578e-05,-4.789633200912514526e-05
5.669613208752643355e-06,-2.300989496821559453e-05
1.169091347225777405e-05,-1.813216508651527428e-05
4.162543910910528865e-06,-1.285286830562331198e-05
8.157784380397392008e-06,-9.243551912364683204e-06
1.578287948052996332e-05,-1.423716709543214223e-05
4.381102284184267969e-05,-8.955565173223369751e-05
6.363387556506357244e-05,-1.017440315004780008e-04
4.918357253627884392e-05,-1.113710691063447123e-04
7.084964733923990936e-05,-1.246070762219965639e-04
5.446791625874435836e-05,-1.353276755592019770e-04
7.792880592102882263e-05,-1.495742499311781312e-04
5.966921373114476249e-05,-1.613869452487143872e-04
8.339215436783310883e-05,-1.765180979137072185e-04
6.449544963321541060e-05,-1.895191344829687057e-04
8.979121723981731617e-05,-2.056784523550659672e-04
9.901392358400023543e-05,-1.639785370842720296e-04
6.938245571892430171e-05,-2.196734713964004662e-04
9.795036398370889140e-05,-2.368813127804008745e-04
7.458626932644019894e-05,-2.517497554098529480e-04
1.034790233033643276e-04,-2.697921263702848771e-04
7.927715193488037387e-05,-2.858040202269506109e-04
1.113808384749310413e-04,-3.047905292228191465e-04
1.289445830706086992e-04,-2.547622877060248142e-04
8.432694814462724224e-05,-3.216882661754694021e-04
1.192383757322663712e-04,-3.409284763904805028e-04
8.910489130759711117e-05,-3.594372284031828631e-04
1.221031285535082041e-04,-3.799321163543759299e-04
9.337941773561217571e-05,-3.988774482718204979e-04
1.272986912378885698e-04,-4.204581885265335959e-04
9.770662085617808957e-05,-4.401456595082822091e-04
1.354463986958073297e-04,-4.626499297557442724e-04
1.025271124102894942e-04,-4.830679490726411704e-04
1.443396477599013291e-04,-5.071350249317538479e-04
1.074980853679359663e-04,-5.278082834775446597e-04
1.507421385048609154e-04,-5.529057724924228050e-04
1.120567460069870459e-04,-5.741054837880588688e-04
1.535254659783027423e-04,-5.984729982560817044e-04
1.158513968192626561e-04,-6.216398432594194340e-04
1.608595864474114787e-04,-6.470160103500181923e-04
1.202431884391041853e-04,-6.708895994936648136e-04
1.666971942398340085e-04,-6.970070342690493255e-04
1.244512350986447669e-04,-7.216454192591315693e-04
1.720772857071331899e-04,-7.484488159692310669e-04
1.284801207169208241e-04,-7.738611346532629689e-04
1.773723380599000557e-04,-8.013403001227053287e-04
1.324383017058396682e-04,-8.274970631019806268e-04
1.792157701647997575e-04,-8.532625413228762034e-04
1.357499067882413416e-04,-8.821052755501829299e-04
1.907771953003301274e-04,-9.101684506083712991e-04
1.405061940747477948e-04,-9.385813281836382152e-04
1.900570028147906775e-04,-9.681613028683861213e-04
1.434140254912402962e-04,-9.964048534710147776e-04
1.978052583447265057e-04,-1.026534036108250891e-03
1.474971469344906036e-04,-1.055342395071095759e-03
2.046330395577292615e-04,-1.086144547474501973e-03
1.514027209707645330e-04,-1.115505715967897958e-03
2.054415274664659859e-04,-1.146641582028438792e-03
1.540785946340975879e-04,-1.176775137336107243e-03
2.112511781833476346e-04,-1.209664826965118614e-03
1.579484947823314386e-04,-1.239439473145232144e-03
2.157949907612429321e-04,-1.273361109227058585e-03
1.612423853065416356e-04,-1.303178240525505651e-03
2.176435198746054988e-04,-1.336340908783803516e-03
1.640989275972114985e-04,-1.367675844567870771e-03
2.244850557319428132e-04,-1.401053636192240142e-03
1.678719748863556627e-04,-1.433285954903804321e-03
2.307051594421867156e-04,-1.467259973511527305e-03
1.712578386168733628e-04,-1.499999533384510945e-03
2.314249435027762722e-04,-1.534191561535052468e-03
1.736286765141269704e-04,-1.567633353127501766e-03
2.334963863880835315e-04,-1.602224885734369279e-03
1.766380457703914766e-04,-1.636296205606053641e-03
2.391762232839533266e-04,-1.673221239715377015e-03
1.796060913586590695e-04,-1.706205227614948075e-03
2.410332363610299044e-04,-1.742245076259657998e-03
1.821691909009742923e-04,-1.776566330329463258e-03
2.464942867616629605e-04,-1.813787728472010660e-03
1.855404922830731270e-04,-1.847995442111514779e-03
2.501492862575221553e-04,-1.886244411029979612e-03
1.880458294470569293e-04,-1.920303148981941741e-03
2.515841944777811104e-04,-1.957532850324897409e-03
1.903444170360956583e-04,-1.993077560691095765e-03
2.565528250090305532e-04,-2.031456522151043817e-03
1.935390088039951354e-04,-2.066883055746228642e-03
2.598718134192107374e-04,-2.106298363849751915e-03
1.958828489076333492e-04,-2.141051601910332492e-03
2.612714428392175388e-04,-2.179454262531981771e-03
1.979294822963177192e-04,-2.216364763933546377e-03
2.657902107480309122e-04,-2.255839737782623557e-03
2.009600238084457481e-04,-2.292414096525985118e-03
2.687781125160645609e-04,-2.332882115326053926e-03
2.034310241490355114e-04,-2.369126644968791960e-03
2.702635796259954455e-04,-2.407566963861029925e-03
2.055198949618657739e-04,-2.445971547165257023e-03
2.735695590471758846e-04,-2.484799240233230219e-03
2.076537227668678388e-04,-2.523663332092843450e-03
2.763810445250790130e-04,-2.562802714576520660e-03
2.098353763940295639e-04,-2.602007906963691147e-03
2.788702861092480739e-04,-2.641417326023457433e-03
2.117151614155633309e-04,-2.681314324549806481e-03
2.813907787576473045e-04,-2.720656285799029957e-03
2.126655220182398708e-04,-2.761063173077229430e-03
2.825403084311493428e-04,-2.800409504127128728e-03
2.146486656532006190e-04,-2.840704505949808410e-03
2.847304517728064133e-04,-2.880561716495040614e-03
2.169862733587353185e-04,-2.920890157676241626e-03
2.884160137961075919e-04,-2.961155577142654885e-03
2.191767955608909450e-04,-3.001753332185591334e-03
2.904521421907093649e-04,-3.042285089544553237e-03
2.217102868543544957e-04,-3.083108087242855504e-03
2.927468821365697155e-04,-3.123842350148532503e-03
2.229104193837632775e-04,-3.164894112001743077e-03
2.947440801993628256e-04,-3.205810557038902327e-03
2.245321140500241696e-04,-3.247078987397380035e-03
2.966709864430434234e-04,-3.288171007507791153e-03
2.269314434548236022e-04,-3.329642220299285603e-03
1.580415929495545147e-04,-3.691135349222535882e-04
1.762800779737978417e-04,-6.375071133041944164e-03
2.491163003956355223e-04,-6.332399157091007577e-03
2.989738846246437864e-04,-3.370898678634422739e-03
2.279478424436866334e-04,-3.412567751249350953e-03
3.006027148256295895e-04,-3.453976213122763889e-03
2.293890380278462075e-04,-3.495830153231183068e-03
3.022964544357566240e-04,-3.537385465961450075e-03
2.317036583456259129e-04,-3.579410760500932077e-03
1.855066452233822597e-04,-4.829985556023526990e-04
3.045204924381764633e-04,-3.621103518788307534e-03
2.334131591754273381e-04,-3.663294466422033040e-03
3.060101754300961828e-04,-3.705116677956075879e-03
2.348700199550758194e-04,-3.747462150480600218e-03
3.075520586717746859e-04,-3.789405151369228380e-03
2.362682087503513233e-04,-3.831897450608264151e-03
2.241905299678853926e-04,-8.297239759588756567e-04
3.098944327724487482e-04,-3.873949101770734864e-03
2.368154983227259945e-04,-3.916584832761770864e-03
3.106612049583107392e-04,-3.958739027184663556e-03
2.378759465246407247e-04,-4.001502296611109469e-03
3.128267896443924522e-04,-4.043750978682893876e-03
2.398957468923362606e-04,-4.086133028741953735e-03
3.231855310096151614e-04,-6.031323660416992687e-03
2.491837426380751020e-04,-5.988350395466896132e-03
3.227635980177469212e-04,-5.944728014225152124e-03
2.486279174385651303e-04,-5.901660413281813698e-03
3.223477730085102383e-04,-5.857985905203080476e-03
2.480945775412098705e-04,-5.814846586918431641e-03
3.218622586864114464e-04,-5.771158448691280501e-03
2.475737012102131678e-04,-5.728000039001548103e-03
3.221961505742117530e-04,-5.684291525650751395e-03
2.472616596143408798e-04,-5.641228066453183969e-03
3.210684389131762944e-04,-5.597431588561492012e-03
2.465885020130500040e-04,-5.554249060510157467e-03
3.203763553085208155e-04,-5.510541071928868988e-03
2.459382325232547899e-04,-5.467350298796920527e-03
3.204988510090811364e-04,-5.423668399322380262e-03
2.455613099127693729e-04,-5.380590197816535053e-03
3.193710953121954078e-04,-5.336845228760975224e-03
2.448563147107806035e-04,-5.293677221807722467e-03
3.186138663028535972e-04,-5.250028308942391100e-03
2.441514072312703123e-04,-5.206865613388655598e-03
3.185498575419457674e-04,-5.163258991709320130e-03
2.435947556931679261e-04,-5.120115116965992183e-03
3.174027086678589816e-04,-5.076548545562384503e-03
2.428588054574601536e-04,-5.033341662472786901e-03
3.165691315235358749e-04,-4.989886202075554007e-03
2.421621010957488004e-04,-4.946811278544847520e-03
3.163158126327135717e-04,-4.903321463271612460e-03
2.414468961357686509e-04,-4.860265782737054757e-03
3.151422455674238979e-04,-4.816829771517826091e-03
2.407035625132948847e-04,-4.773806603079473743e-03
3.142243361775359962e-04,-4.730427685581836683e-03
2.399307524449400565e-04,-4.687444912285259301e-03
3.137551546776966836e-04,-4.644127737041683392e-03
2.391760730096381183e-04,-4.601142960632587271e-03
3.125593072343364558e-04,-4.557935755910041964e-03
2.383130931288934113e-04,-4.514869550073866145e-03
3.115278440487737185e-04,-4.471853320145656972e-03
2.374156648894355716e-04,-4.428841952036900037e-03
3.105555042652696882e-04,-4.385926276821772163e-03
2.365005286330363276e-04,-4.342980644377272652e-03
3.094863027938188653e-04,-4.300157376968834384e-03
2.362140943323703100e-04,-4.257094740350230236e-03
3.092641013539022799e-04,-4.214707244466365382e-03
2.429364958650659606e-04,-9.972751034496305303e-04
2.629743303056101406e-04,-1.180300297856595520e-03
2.835099847669074360e-04,-1.372290521377673642e-03
3.216676463122090826e-04,-6.205873693277613908e-03
2.967320846842044909e-04,-1.572904769904707230e-03
3.093866578909789267e-04,-1.782432002697912233e-03
3.202652230448016740e-04,-1.998907760690263671e-03
3.320709032527520096e-04,-2.222260029687756801e-03
1.032232157162022091e-04,-6.417252982644426791e-03
3.005461271832817271e-05,-6.373076212086506431e-03
3.501490599016059309e-04,-2.763638432831051935e-03
1.628679687573963216e-04,-3.873212854087487375e-03
1.607926025766557427e-04,-3.621603866713080360e-03
1.564344542274492735e-04,-3.371289435948067546e-03
1.523324605133961386e-04,-3.124135869125587144e-03
1.457018506268353060e-04,-2.880390069364624321e-03
3.592335119176322884e-04,-3.001696530478626616e-03
1.368245848928299052e-04,-2.330428017360847842e-03
1.307280922151001520e-04,-2.103699248612365610e-03
1.247694463682383218e-04,-1.883651567644692828e-03
3.668965736371069641e-04,-3.246903111288016765e-03
1.185961430918815656e-04,-1.670838790797591917e-03
1.124657408829451917e-04,-1.466228780176239126e-03
1.053889912045890843e-04,-1.270631126852118584e-03
9.806858250570729479e-05,-1.084858413919838685e-03
9.052192509327197472e-05,-9.099240696808134172e-04
3.876992599410514066e-04,-4.600884927796006219e-03
3.733841733703314254e-04,-3.498902775342383094e-03
7.108195329754052230e-05,-5.498469875796509719e-04
3.906502637468585361e-04,-4.859893511303617179e-03
6.196865853598207982e-05,-4.185957230697993068e-04
5.267471359628886834e-05,-3.026917294991965704e-04
1.662153628515865799e-04,-4.730724882016744751e-03
4.297911218001124141e-05,-2.035215579192247272e-04
3.787491806849759349e-04,-3.750464329865791160e-03
1.682168880471711218e-04,-4.990270526554032790e-03
1.701229185818686730e-04,-5.250580032014979560e-03
3.930549116574232667e-04,-5.122990797666171839e-03
1.718718187916133222e-04,-5.511241908642738364e-03
1.734493100348005658e-04,-5.771915134734666858e-03
3.949004314655021647e-04,-5.383323440676720563e-03
3.850180861446498366e-04,-4.004431594473786306e-03
3.964292690681054244e-04,-5.643931957958964359e-03
3.961618716308554005e-04,-6.077930215667130473e-03
-3.423301500612294036e-04,-6.078231080864670774e-03
-2.712594205044712901e-04,-6.034547717351266410e-03
-3.422911854206681787e-04,-5.991821642064295433e-03
-2.717090397426002394e-04,-5.948026043810302962e-03
-3.426120243682830588e-04,-5.905233582164766230e-03
-2.722463269561291310e-04,-5.861362785340836802e-03
-3.431650530645248185e-04,-5.818520643742817501e-03
-2.727964887011564282e-04,-5.774594910648573123e-03
-3.435788366835211137e-04,-5.731718499082958350e-03
-2.733081316944852251e-04,-5.687760743876796136e-03
-3.440877585607463626e-04,-5.644871013137798231e-03
-2.738161085444618527e-04,-5.600893419748675071e-03
-3.444553500129596637e-04,-5.558000067867253056e-03
-2.742863971011982741e-04,-5.514018584937758691e-03
-3.449036955280231705e-04,-5.471135424218918908e-03
-2.747467468553072283e-04,-5.427151698419853919e-03
-3.452139985630573045e-04,-5.384281743334592973e-03
-2.750786493661036385e-04,-5.340152226611767465e-03
-3.455850608964240582e-04,-5.297436281584329623e-03
-2.753807564058705385e-04,-5.253154695811330759e-03
4.738677979509460904e-05,-4.106602230091087671e-05
3.345899091551050457e-05,-3.231797053824115966e-05
3.763910490413836470e-05,-2.820698121507375162e-05
-3.458106838785768126e-04,-5.210614397192918010e-03
-2.757329655382343759e-04,-5.166361571949783064e-03
-3.461231943521043898e-04,-5.123872099442344785e-03
-2.761700733517057386e-04,-5.079795619844821968e-03
8.559593146343727498e-05,-1.148946020656160051e-04
-3.463097716459195732e-04,-5.037214230452504229e-03
-2.765769903961068713e-04,-4.993317639247429017e-03
-3.465716094282141643e-04,-4.950639916152179895e-03
-2.768852461922563491e-04,-4.906768989658324628e-03
-3.466699213622616293e-04,-4.864112884161784882e-03
-2.771306746727403617e-04,-4.820277096221867695e-03
-3.468306940497568056e-04,-4.777672638286439497e-03
-2.773497728330978412e-04,-4.733868474087059124e-03
2.473594711601154812e-04,-6.413021892299929777e-03
3.232045041576027140e-04,-6.378854808031574584e-03
-3.468324092807448635e-04,-4.691319276876822902e-03
-2.775168187439861866e-04,-4.647563966089307032e-03
-3.468980687752140917e-04,-4.605082670587136093e-03
-2.776567846961059305e-04,-4.561370254756230355e-03
3.175512897371582659e-04,-6.463286027184017568e-03
-3.467997857209759237e-04,-4.518957479068618638e-03
-2.776644797035632251e-04,-4.475305428919102227e-03
-3.467497007111476170e-04,-4.432974299990388549e-03
-2.777038814699061479e-04,-4.389376208959601747e-03
-3.465375110690624557e-04,-4.347126821497489593e-03
-2.777185344225685222e-04,-4.303603059694792975e-03
-3.463911357068687408e-04,-4.261448639168070179e-03
-2.776837129463691277e-04,-4.217991483077476386e-03
2.178796108813359647e-06,-4.308523866906830388e-06
-1.408699842085923251e-06,-8.650840668636081900e-06
4.982362413340695987e-06,-3.644762166909964110e-06
2.033811273185482922e-04,-6.259075992368139064e-04
-3.460662227008217220e-04,-4.175933565446225161e-03
-2.776065855026739709e-04,-4.132564931533632378e-03
-3.458011850651056740e-04,-4.090616025930091451e-03
-2.774757996966395381e-04,-4.047332965799648428e-03
2.161889942589498271e-04,-7.252433353615232552e-04
-3.546195448409471805e-04,-4.006881994449720819e-03
-2.785439652211285210e-04,-3.962317017694870665e-03
-3.568321086489225562e-04,-3.922895625078374506e-03
-2.792213214078246870e-04,-3.877887406716810405e-03
-3.554548684074940830e-04,-3.837635102448685651e-03
-2.780434583916938595e-04,-3.792959574546026467e-03
-3.545558887569351760e-04,-3.753055369970177257e-03
-2.783925519423935098e-04,-3.708902809822745786e-03
-3.537666616779905977e-04,-3.668833332970385021e-03
-2.778550967439725626e-04,-3.624825922640606199e-03
-3.498818729280882864e-04,-3.583748858902270368e-03
-2.768393725696470867e-04,-3.540899532772711061e-03
-3.524604761970684006e-04,-3.500710191244649650e-03
-2.769952696326516959e-04,-3.457592009994281228e-03
-3.542186556132124304e-04,-3.417884361907490461e-03
-2.769387342423706901e-04,-3.374585006352909776e-03
-2.047028443763412192e-04,-3.415094131828284862e-03
-3.464865988462889797e-04,-3.333857436712541530e-03
-2.752391544560856018e-04,-3.291671785462826644e-03
-3.491740667029136474e-04,-3.251945991989955466e-03
-2.749393339186319263e-04,-3.209371428504448863e-03
-3.506217162155804575e-04,-3.170309802496076596e-03
-2.746884393400965668e-04,-3.127486031789742348e-03
-2.037967030467387577e-04,-3.167180181498952061e-03
-3.469066134324925890e-04,-3.088688255923328994e-03
-2.725633702023765384e-04,-3.045698395510270263e-03
-3.449518765105557844e-04,-3.007408482800008349e-03
-2.715834679168767319e-04,-2.964553995396603230e-03
-3.433726920097852409e-04,-2.926511974520366443e-03
-2.705206785739570127e-04,-2.883862782139182037e-03
-3.416939895146022107e-04,-2.846069712383414094e-03
-2.693738643573312581e-04,-2.803647390049561049e-03
-3.399880512989946185e-04,-2.766113291189054805e-03
-2.681397253388876148e-04,-2.723930196241522005e-03
-3.381106415402152388e-04,-2.686666680303112769e-03
-2.668166847354687529e-04,-2.644735500734759701e-03
-3.361897481572453331e-04,-2.607754509186828874e-03
-2.654016153836649401e-04,-2.566086691226995755e-03
-3.340899940034896859e-04,-2.529400344450414596e-03
-2.638931633100091950e-04,-2.488009079541505120e-03
-3.319415331535226720e-04,-2.451629942001059929e-03
-2.622877193351988196e-04,-2.410527007096952348e-03
-3.296095109931638199e-04,-2.374467910173568789e-03
-2.605828870232994093e-04,-2.333665546391920816e-03
-3.258041145273786422e-04,-2.297116753222279775e-03
-2.587775490641775530e-04,-2.257480698408827809e-03
3.409317394599984882e-04,-2.450025680321674636e-03
-4.317487972865441045e-04,-3.544448908638697226e-03
-3.244062750450039273e-04,-2.221941251290322598e-03
-2.569311069206275814e-04,-2.181983515406957751e-03
-3.206940487275739536e-04,-2.146081462403944765e-03
-2.548483774540695294e-04,-2.107160531487713932e-03
3.454524942622711381e-04,-2.603024221906438326e-03
-4.269739583976304423e-04,-3.295152873299620096e-03
-3.189497262098691614e-04,-2.072307756308151318e-03
-2.528730826176136810e-04,-2.033164830990334768e-03
-3.150796598978741476e-04,-1.997919014982081024e-03
-2.504981561056003289e-04,-1.959719107142603341e-03
-3.129680895134750312e-04,-1.925641613275268530e-03
-2.482711424430898164e-04,-1.887244721711154758e-03
-3.091590151825134893e-04,-1.853013963525064348e-03
-2.457178536050873361e-04,-1.815426812643775815e-03
-4.110200444518906327e-04,-6.108901117772428876e-03
-4.202298623604721933e-04,-6.206986805395935114e-03
-4.178025506559645609e-04,-5.950177920745677689e-03
-3.064776572438455970e-04,-1.782205237779427688e-03
-2.432189633245816318e-04,-1.744589492111978720e-03
-3.027166135919709270e-04,-1.711494219402242721e-03
-2.404750084653736427e-04,-1.674524061375473431e-03
-4.196619110584556660e-04,-5.776501875955624733e-03
-4.214677407776599386e-04,-5.602605737451769007e-03
-2.994219443812946467e-04,-1.642219852920628539e-03
-2.376884394028514846e-04,-1.605436717013657881e-03
-2.953461598363020047e-04,-1.573285624811469928e-03
-2.346861514602073138e-04,-1.537202404772709157e-03
3.832137203822922624e-04,-4.261471031841352654e-03
-4.230269318723877520e-04,-5.428736452686302484e-03
3.854766047054981252e-04,-4.431529508067345163e-03
1.666362267806619933e-04,-4.044383919864317015e-03
1.675508961295990541e-04,-4.129331941352546234e-03
-2.917020903778253611e-04,-1.505870703808148128e-03
-2.316371813792993345e-04,-1.470015855251797414e-03
-2.873525156985445731e-04,-1.438880448655519007e-03
-2.283809906809611539e-04,-1.403750878856909173e-03
-4.416586342460785547e-04,-3.882872531710141947e-03
-4.235973414454654922e-04,-5.255104800421034165e-03
-4.376092669958974411e-04,-3.713016433566231067e-03
-4.240020999319851964e-04,-5.081654293493101035e-03
-2.833552900434969783e-04,-1.373457809436129688e-03
-2.250644426955105109e-04,-1.338597684748415702e-03
-2.794743935803187143e-04,-1.308874843791693436e-03
-2.222412578728043839e-04,-1.274505130307389874e-03
-1.684623423998053953e-04,-1.304789733907172873e-03
-1.659431001973053614e-04,-1.241143780904900313e-03
-2.184231195103224612e-04,-1.211277363125133014e-03
-1.632223740339770258e-04,-1.178624318198347306e-03
-2.144748290429298807e-04,-1.149348926529652386e-03
-1.603907593043961606e-04,-1.117287246047865253e-03
-2.105300364208533177e-04,-1.088626704761916234e-03
-2.710444925466062188e-04,-1.182821859290964471e-03
-1.574545848939010130e-04,-1.057149257541265940e-03
-2.063305146729674504e-04,-1.029115737349389813e-03
-1.544004793313016324e-04,-9.982374640094416728e-04
-2.021001505878876521e-04,-9.708508822642527474e-04
-2.596919750495518321e-04,-1.060925357018125022e-03
-1.512345336569452764e-04,-9.405874874928334258e-04
-1.976107736400376663e-04,-9.138615354860514127e-04
-1.479450593341046264e-04,-8.842332696528463869e-04
-1.930817655385318210e-04,-8.581908787491544918e-04
-1.445388050780204619e-04,-8.292117438927750156e-04
-1.883503733888734744e-04,-8.038704324600518588e-04
-1.410135027461496967e-04,-7.755626169345910181e-04
-1.835209413137304450e-04,-7.509438441608229592e-04
-1.373589084665155784e-04,-7.233230740230713095e-04
-1.784753584782342538e-04,-6.994446771879856122e-04
-1.335783854710968018e-04,-6.725330215299866760e-04
-1.733201030979742232e-04,-6.494158361302855348e-04
-1.296639472829388799e-04,-6.232316814171999248e-04
-1.679486238803994211e-04,-6.008948255950907020e-04
-1.256187683274312752e-04,-5.754595286547480775e-04
-1.624568174126413763e-04,-5.539247028892746883e-04
-1.214343667598062984e-04,-5.292566944518017034e-04
-1.567441135099919896e-04,-5.085424376775805498e-04
-1.171167544972719868e-04,-4.846664485845167793e-04
-1.511035217714975696e-04,-4.648245726031146295e-04
-1.126855731939741331e-04,-4.417313059450395422e-04
-1.450905158701685041e-04,-4.227487473068981382e-04
-1.080964045567120809e-04,-4.004867129248717260e-04
-1.386721577451648882e-04,-3.823086699731824412e-04
-1.033248644932571877e-04,-3.609696188287638864e-04
-1.324851958258810942e-04,-3.437082712298600469e-04
-9.852213599602415101e-05,-3.232780790064310400e-04
-1.257101129790506627e-04,-3.069477962321222960e-04
-9.363044354703672846e-05,-2.874232602215674140e-04
-1.193038550779895404e-04,-2.720417369120377857e-04
-1.597366547212469205e-04,-3.278424718003899985e-04
-8.825170664713093941e-05,-2.533707530090510500e-04
-1.123550585804346155e-04,-2.389771981400650369e-04
-8.289486698412955822e-05,-2.212056673946504565e-04
-1.048038630218585052e-04,-2.080579698684212418e-04
-7.731920407792934277e-05,-1.910631096894469482e-04
-9.736969609998594383e-05,-1.789273224801200303e-04
-7.164344280284016273e-05,-1.629191203225706494e-04
-9.003942847045838277e-05,-1.515781930615189789e-04
-6.584180082480361486e-05,-1.367835313836206939e-04
-8.236594954897048717e-05,-1.265335145511860997e-04
-5.987889814359224542e-05,-1.127886708256628051e-04
-7.456744671833748477e-05,-1.036464322341480672e-04
-5.372589537162925430e-05,-9.094200011043067811e-05
-6.545994513485369262e-05,-8.256167478095486506e-05
-4.686059934433809749e-05,-7.099383802091287937e-05
-2.485352679179193272e-04,-9.442123952570845953e-04
-4.242249375335310161e-04,-4.908460263887348511e-03
-1.730419060847630450e-04,-1.435186080974018693e-03
-1.774710863070374264e-04,-1.569666502430640005e-03
1.428160844600068961e-04,-2.641663164352224362e-03
-1.815012202142948609e-04,-1.707952130026550285e-03
-2.369647115886076892e-04,-8.327088719737226483e-04
1.396814403159826832e-04,-2.484548632657694080e-03
-4.242823608854390466e-04,-4.735585272069633804e-03
-1.851442275182064653e-04,-1.849790969253486093e-03
-1.884276075371576706e-04,-1.994950165141753679e-03
-4.242976432739811949e-04,-3.050277596160007321e-03
-1.912896089644371491e-04,-2.143162054825423820e-03
-4.228881104150060844e-04,-4.563265702517639057e-03
-4.198489098925148040e-04,-2.888602809581338696e-03
-1.938931404508227065e-04,-2.294246252152199513e-03
-2.249057108010266148e-04,-7.277317234140796322e-04
-1.961851675257346374e-04,-2.447989154098127729e-03
-4.149033099064969440e-04,-2.728734051223356306e-03
-1.981823732173949848e-04,-2.604169232007686428e-03
-4.223659590918263699e-04,-4.391319293865316928e-03
-1.998927309359747407e-04,-2.762583060064958095e-03
-4.094474527351788396e-04,-2.570954367206444366e-03
-2.016316348839768200e-04,-2.923182799934403303e-03
9.219991003594105671e-05,-4.087006311048620687e-03
-4.034543432444741610e-04,-2.415458320181498603e-03
3.849452197699078197e-04,-4.090700357553597906e-03
-4.215724410347807937e-04,-4.219983879856017972e-03
-6.233249714645480710e-05,-2.686582339680975698e-04
-2.117164735295023700e-04,-6.275490087345675719e-04
-3.966257030570156049e-04,-2.262290525747424896e-03
-3.895079681194042330e-04,-2.111980699582918786e-03
-4.150599403042979241e-04,-4.065624986875293612e-03
6.148325218400560552e-05,-4.861531005699926876e-05
7.605440642046817608e-05,-6.752639335760767989e-05
-2.050935697550852299e-04,-3.581792710515927652e-03
-5.967181471065864895e-05,-3.968309995704344194e-05
-3.817836766365318660e-04,-1.964587487632408255e-03
-7.230570804046937395e-05,-5.380008870910359353e-05
-6.496106154378022111e-05,-5.839860653842449904e-05
-2.054591737187355899e-04,-3.750034762505952222e-03
2.565718768795843523e-05,-2.061229566111561770e-05
2.834128626047342000e-05,-1.802825423878544100e-05
1.823652765712906968e-05,-1.156494479690213783e-05
1.834990935154078733e-05,-9.127795664330400901e-06
4.140053582804477270e-05,-2.576422474587428458e-05
9.583391550286701660e-06,-5.478115202125459126e-06
-2.172076129016189047e-05,-1.086822198626423648e-05
-9.897563859400562077e-06,-3.626251906577372956e-06
-1.268123352579462636e-05,-5.379058886613596625e-06
-2.147199390487327097e-05,-1.261570536526157823e-05
-1.265404578065098287e-05,-7.045378697835449387e-06
-6.337228660428521021e-06,-3.242852358866889604e-06
-1.097027826691830014e-05,-9.507188837819563097e-06
-4.824117597686797494e-06,-5.087361908168680769e-06
-1.566659639771748563e-05,-1.870818897667865351e-05
-7.480599788401838017e-06,-1.300525910090443986e-05
-4.664652949177211581e-04,-6.388966811942914208e-03
-3.924630412566067054e-04,-6.431435839246169191e-03
-4.023069244414659296e-04,-6.525162876824217549e-03
-3.218302479514007853e-04,-6.475580081402703900e-03
-3.180069592312791149e-04,-6.389549530187010190e-03
-2.467553359013381349e-04,-6.441445840249295125e-03
-1.671561011182398225e-04,-6.485217110759390093e-03
-1.773229762390856853e-04,-6.408464645684468566e-03
-9.632757629999810767e-05,-6.451624800073527816e-03
3.961106070813019773e-04,-5.903969179009266842e-03
-3.734717447377857661e-04,-1.820369576919340709e-03
-2.055514203920013184e-04,-3.919170306866883932e-03
8.236955458115653445e-05,-7.470246620199543679e-04
-2.367705675526461204e-06,-2.896563285635098069e-05
-1.977831459630064793e-04,-5.336372979694355839e-04
-3.888751244899595934e-05,-1.000216128845035749e-04
4.699253027049429777e-04,-6.301815138534778808e-03
3.954683115381145355e-04,-6.252865871768472326e-03
-2.973797018231602902e-05,-6.047490291616589746e-05
2.709010359410206678e-05,-6.204723322063719973e-03
-4.670039400104393208e-05,-6.247830338200860770e-03
-4.078201211515387474e-05,-6.331044291060157828e-03
-3.645096173744519653e-04,-1.679542301302407951e-03
-4.704861168548153016e-05,-1.480233358658919582e-04
-2.054684065358713919e-04,-4.089240740710072333e-03
-5.474648601364161818e-05,-2.043394214744130924e-04
7.675614304227436357e-05,-6.454550111769517991e-04
-3.547963167985448583e-04,-1.542287195272653124e-03
1.729650666043126091e-04,-6.453543712983487307e-03
1.113626938786241229e-04,-6.503174869790456260e-03
-2.063224122591940974e-06,-8.048362030491370594e-07
-7.200518361547719216e-05,-3.790422960272706835e-04
1.004228238531434426e-04,-5.988985611261407431e-03
-7.812252246334603267e-05,-4.615410867633177130e-04
-8.384757561916221080e-05,-5.507385060439257823e-04
1.617076221143879473e-04,-3.958746800779369863e-03
8.871838399641212810e-05,-3.915741576852051729e-03
-8.918070231072957482e-05,-6.463007591614659385e-04
-3.920559907198200786e-04,-6.345524311950027398e-03
-2.052199710416791143e-04,-4.260112329156460695e-03
-9.413180725872812265e-05,-7.478991026797443759e-04
-3.443725135346488485e-04,-1.408904499799795186e-03
2.896393017521567458e-05,-6.289459803855796879e-03
-9.871371444653300983e-05,-8.552194270996138666e-04
-1.029394104271809141e-04,-9.679489869380752606e-04
-1.915825128493982024e-06,-1.747589871078563198e-05
-1.068400449038911119e-04,-1.085788152337651248e-03
4.700975958583281144e-04,-6.125091805945122314e-03
2.713523184032916476e-05,-3.740986813516247874e-05
-9.691321913696253506e-05,-8.847280610816723979e-05
-1.104212747955042552e-04,-1.208461533829418687e-03
-1.232488676709270605e-04,-6.033338210074306977e-03
-3.334204471152461022e-04,-1.279992933141809461e-03
-1.135649457691715957e-04,-1.335714861827440791e-03
-2.048260635599685612e-04,-4.431676435780870435e-03
-1.204899629193430076e-04,-1.321734731590615698e-04
2.143285202990675615e-05,-2.461693273247642923e-05
-1.244542326810577960e-04,-5.860017627994684383e-03
-1.255139226798590872e-04,-5.686316907853536558e-03
-1.265106133900037271e-04,-5.512530375304539043e-03
-1.705430299057045099e-04,-1.369492848746491640e-03
-1.164358331851240492e-04,-1.467186426470475135e-03
-1.751364779923948495e-04,-1.501939272292271942e-03
-1.190870959639700672e-04,-1.602664988789933784e-03
-1.793812415900674999e-04,-1.638354560557463797e-03
-1.214501988590698336e-04,-1.741893830351450359e-03
-1.832247153017678562e-04,-1.778443443430407622e-03
-1.235412852011498757e-04,-1.884616629930566459e-03
-1.866754603352081549e-04,-1.922010626178857285e-03
-1.253416305649742368e-04,-2.030582657361799503e-03
-1.897452695724576250e-04,-2.068682351912945038e-03
-1.272340161156465998e-04,-2.179492911048441003e-03
-1.925609328543304163e-04,-2.218329617152939651e-03
-1.282441046642904595e-04,-2.331378721408500481e-03
-1.949543419833703643e-04,-2.370775074160576430e-03
-1.294203049618863823e-04,-2.485767884497985976e-03
-1.970891636827574078e-04,-2.525831953647024713e-03
-1.304055618923064149e-04,-2.642539395925134430e-03
-1.989521065695566075e-04,-2.683153749057473787e-03
-1.312550149538582365e-04,-2.801509750875827865e-03
-2.006093709294602461e-04,-2.842636985733754552e-03
-1.320917225387799527e-04,-2.962414815962802987e-03
-2.022236547963627933e-04,-3.004007011574436233e-03
3.948498266512088161e-04,-5.470192272000074830e-03
6.800811983091950975e-05,-5.045138352645827046e-04
-1.273916782891114559e-04,-5.338583288851231172e-03
3.962041118829297769e-04,-5.730830137478899050e-03
3.931909320932507491e-04,-5.209742461286107247e-03
8.779498726411012451e-05,-8.543854009531849734e-04
4.230017719486321167e-05,-8.816479571369383343e-04
8.507153745089185491e-05,-7.999549820321050133e-04
9.558575773043356089e-05,-1.025314439857506364e-03
4.672711505078808495e-05,-1.054843141611686757e-03
9.318862389270625847e-05,-9.669187188817221501e-04
3.911546665608772971e-04,-4.949179797377082496e-03
1.030358949314481263e-04,-1.207564842076919208e-03
5.095788870984987903e-05,-1.238854130108865475e-03
1.004544297210996844e-04,-1.145555742639837570e-03
1.100477471146355505e-04,-1.399980443298310707e-03
5.509656235738206526e-05,-1.432921542596870624e-03
1.070684195297357926e-04,-1.334765707895706590e-03
3.886993006213598908e-04,-4.689869283372857453e-03
1.166516141165116228e-04,-1.601667218918547764e-03
5.876675259940841137e-05,-1.636051821708122030e-03
1.136783237626059633e-04,-1.533441648052050795e-03
1.230939609600806967e-04,-1.811838768681276910e-03
6.261744519851816077e-05,-1.847563898145028602e-03
1.197803216388578629e-04,-1.740889049530909343e-03
1.292664539804031074e-04,-2.029574129946201937e-03
6.658884719252336243e-05,-2.066570533755673553e-03
1.257699836835040317e-04,-1.956187957898135668e-03
1.346902128682690724e-04,-2.254124162984726121e-03
6.971354754423182590e-05,-2.291997892828849959e-03
1.308875250107075655e-04,-2.178535085522639424e-03
1.382149786111058895e-04,-2.407170030742640781e-03
7.258616923937900704e-05,-2.523437007896691883e-03
1.409533342029129876e-04,-2.562844150280839308e-03
7.414710765107462550e-05,-2.681322799966402888e-03
1.426602644538153657e-04,-2.721689076824434193e-03
-2.040114473770845516e-04,-3.249584124319378382e-03
-2.045109053836258238e-04,-3.332141715719666962e-03
-1.333042674722232669e-04,-3.372795224219595628e-03
-2.049680844418050362e-04,-3.498369198054828485e-03
-1.328092851986644438e-04,-3.622582626824713721e-03
1.513373105849454621e-04,-3.042562821836678963e-03
8.124958940268097970e-05,-3.083436758384051034e-03
1.464529011100371332e-04,-2.961214651147920512e-03
7.584984647816783146e-05,-2.920485739826045486e-03
-2.053459575639278423e-04,-3.665769396265041325e-03
-1.325817363087010729e-04,-3.790927825216284554e-03
1.555817874048391798e-04,-3.288549965486464201e-03
8.427050977975404547e-05,-3.330062419767427367e-03
1.504338674989311165e-04,-3.206122240913346615e-03
1.595368386310428636e-04,-3.537856004375028365e-03
8.687287149008648057e-05,-3.579763876025869162e-03
1.541165892084819041e-04,-3.454383633801674444e-03
1.632135671314011106e-04,-3.789959781028758457e-03
1.612973285427603232e-04,-3.705450450567964772e-03
1.118233693630308191e-04,-1.135906388316504769e-04
4.523891652725585324e-04,-3.796139583572356695e-03
2.442119221126220823e-04,-6.059609769939734670e-04
2.097290897023604999e-04,-6.753954066299379128e-04
2.607645600629532345e-04,-7.049376218698513935e-04
2.221164092216372748e-04,-7.787448348062746143e-04
2.784358416967241457e-04,-8.172629288161804579e-04
2.618471969766105346e-04,-8.680950885607030846e-04
2.435295347758411829e-04,-9.117440237090035414e-04
-1.431951255035098067e-04,-1.846013568138421752e-04
4.471179528322989779e-04,-3.547342338616281485e-03
2.036200162579011180e-04,-3.893724000782404731e-04
1.817477213668761788e-04,-4.131206586096897908e-04
1.902507408658264947e-04,-3.492984106254165381e-04
1.491050005958953115e-04,-3.207556139393033003e-04
1.536808713776713863e-04,-2.861013485894862464e-04
4.172284354206505551e-04,-2.572076279605694897e-03
3.496252197455387151e-04,-2.682490095596054124e-03
4.412970730408418752e-04,-3.298158500202190251e-03
3.968851024676488194e-04,-2.187258549421346610e-03
4.038832679075838217e-04,-2.264274712017062645e-03
3.347539775155828809e-04,-2.297769398612244628e-03
3.920043871440748780e-04,-2.039840075785274553e-03
3.287175092888338333e-04,-2.074837239384351266e-03
3.816274428019376919e-04,-1.966398565788740355e-03
3.701981363572691397e-04,-1.749840299420681294e-03
3.787472945532971967e-04,-1.822215119718864672e-03
3.175910843454313442e-04,-1.855925574307130087e-03
3.611930500101772018e-04,-1.611383803902746974e-03
3.050975626504755776e-04,-1.644322511646428495e-03
3.564645029593673181e-04,-1.541641170401539512e-03
2.942163032237545125e-04,-1.504010997796377926e-03
2.917840893211255389e-04,-1.437292146308938008e-03
3.386636396042381233e-04,-1.343749067941363458e-03
3.289727120429228541e-04,-1.217998843932556734e-03
2.767352696953551453e-04,-1.247147359474296349e-03
3.172832672739461573e-04,-1.155273463485865203e-03
2.620997618799267813e-04,-1.120045694997883748e-03
2.656924225081389252e-04,-1.057875050897153033e-03
2.981751740158395769e-04,-1.011109810490343295e-03
-2.956579923585835501e-04,-9.202081094231268597e-04
-2.545800273196095927e-04,-1.001868416471162621e-03
-1.644332551549258228e-04,-2.446031802032358807e-04
-2.137194076809961036e-04,-4.282328780165441974e-04
-3.094895529506692792e-04,-1.035370710222813587e-03
-2.657307270929732779e-04,-1.121413449760646835e-03
4.201214675607057810e-04,-2.728226893939470887e-03
4.205006977555923752e-04,-2.807654880082085906e-03
4.110741241118016074e-04,-2.417307971741642497e-03
3.444741019305131249e-04,-2.526626982495783647e-03
1.679239195983181195e-04,-2.463115840036214296e-04
1.446951076703799051e-04,-1.869573879116314113e-04
1.315890587543657288e-04,-2.032962289780847296e-04
1.352948092612177940e-04,-1.622798539853131927e-04
-3.229045944234455756e-04,-1.155931260951890104e-03
-2.757218693448804645e-04,-1.245161845234875201e-03
4.345084134837076759e-04,-3.052295862502757591e-03
2.234620931529691262e-04,-4.717947328260506455e-04
2.310536031763460809e-04,-5.139910407441798321e-04
1.938845639080431608e-04,-5.338157435142381170e-04
-1.285388115045300319e-04,-5.164767280412835108e-03
-1.291419958854449538e-04,-4.991773031635919275e-03
-1.299141889614304228e-04,-4.818691209288844014e-03
-1.305778062392519217e-04,-4.645942964144001742e-03
9.071941996187629273e-05,-4.515065831465503617e-03
8.975846343067952300e-05,-4.343133920331958102e-03
3.119230526263960541e-04,-4.129836727117208034e-03
-1.324897418635288446e-04,-3.207098924823988464e-03
-1.329596621439334996e-04,-3.125151433198189183e-03
3.924832982599872134e-05,-7.728120532112824938e-04
-2.055314266256553027e-04,-3.834393854958722918e-03
2.734928967677011840e-05,-3.975796998584269718e-04
1.197252377333109320e-05,-8.791226055567571670e-05
-2.428718269576149067e-04,-8.879034114710335690e-04
2.489124879036602408e-04,-6.247194044239544504e-03
3.562933372823357805e-04,-2.923561643072953697e-03
7.960561901503540496e-05,-6.954420342391702016e-04
7.646234285984774561e-05,-9.315651854823694294e-05
9.370488497155065385e-05,-1.386429142149004431e-04
1.514135200608836858e-05,-1.337593423992676619e-04
-1.322988226406004552e-04,-3.960276746430179372e-03
3.629860013262202722e-05,-6.696725234558743032e-04
1.037869481992085377e-05,-6.825576761537011485e-05
-2.052361069868852237e-04,-4.003894258993730138e-03
-4.362699916970400591e-04,-3.461979600981969496e-03
6.625260841330376192e-05,-7.356656711776300868e-05
7.397969962905403586e-05,-5.969470623426052693e-04
2.278402584174577347e-05,-2.843828617433390290e-04
-1.319038630212064471e-04,-4.130736494952086564e-03
-6.566599258703531257e-05,-3.036325286927189673e-04
-3.409066553019672900e-04,-6.246786446017155332e-03
3.336006692763680544e-05,-5.726110720189338905e-04
-1.971217809755702638e-04,-6.077185273675686852e-03
-2.053659624944732787e-04,-4.174521697066726003e-03
1.654563231215976169e-04,-4.644584076773949390e-03
-5.444065727166258652e-05,-4.328139761698508085e-05
3.187138024002663305e-05,-5.264226518978642718e-04
1.818409535908841742e-05,-1.880482055198461901e-04
2.607375776183271524e-05,-7.838444844404234436e-05
-1.314858625880175398e-04,-4.301932344246523279e-03
9.273213331998988724e-05,-4.171903122214712552e-03
-2.811362744563531248e-04,-8.102209097522548170e-04
7.524597638492520894e-06,-2.481466726520612794e-06
1.750335986726336325e-04,-6.031865269108820267e-03
4.310332144421306021e-04,-2.969556741007857437e-03
8.767238509895956735e-05,-3.663533735732733485e-03
6.487836942164480248e-05,-4.606050201622612365e-04
8.305886781523947238e-05,-3.412751559496947796e-03
-2.050528326178282547e-04,-4.345740026297567268e-03
8.028443513343986530e-05,-3.165022094684216605e-03
1.638547970174999654e-04,-4.299638281121552844e-03
1.675059056131054513e-04,-4.903835259961984716e-03
2.883946696292829557e-05,-4.388932236699633429e-04
7.080858750216237427e-05,-2.368547036251205089e-03
-4.309687276503813532e-04,-3.213846183762766959e-03
-2.033904853426875508e-04,-3.085531836634504595e-03
1.636266341331272969e-04,-4.385834172952008531e-03
6.625377038790572156e-05,-2.140856965706965792e-03
-1.327451332033664994e-04,-3.455684551973190344e-03
-1.310323115446685100e-04,-4.473656479378708938e-03
6.276794330239320518e-05,-1.919590627576527953e-03
2.958112318520643731e-05,-9.911772012735739663e-05
5.914754468977090221e-05,-1.705518215864558051e-03
5.551243255169794396e-05,-1.499473261971525284e-03
5.890303517677287999e-05,-3.780787455614808873e-04
5.145604582623989411e-05,-1.302259780472278007e-03
4.762163570300777525e-05,-1.114798295898472135e-03
4.372138490843162877e-05,-9.379891432860266737e-04
1.641787787038318978e-04,-4.471853949880410031e-03
-2.049424236198511156e-04,-4.517647067351877183e-03
5.585321540438703092e-05,-3.394182874513244842e-04
3.303767633899833844e-05,-1.220386893703715911e-04
1.648480757036343788e-04,-4.558094596908153495e-03
1.694648839351448359e-04,-5.163556705639736448e-03
2.427855361563194833e-05,-3.202740564383446155e-04
-2.048939621585968191e-04,-4.603826391497670319e-03
9.188872421052681925e-05,-4.687758828291283854e-03
4.947482447930690350e-05,-2.676210241712184169e-04
-9.006111088901226408e-05,-6.530701081980271397e-03
9.250237577708240045e-05,-4.774029132668529754e-03
1.745937373182439355e-04,-5.945288869859810879e-03
3.644352255148864853e-05,-1.470813346861209636e-04
-2.046499330768295313e-04,-4.690085545106294392e-03
4.620743302341347912e-05,-2.345416895685116694e-04
-2.308597993083299799e-04,-7.794423533554171741e-04
3.974499257266836188e-05,-1.742216671535417325e-04
1.669264822058811216e-04,-4.817039397146938989e-03
3.612212183981671756e-04,-3.083017207195305580e-03
1.969934267913528718e-05,-2.182364014175579823e-04
1.713551157305554711e-04,-5.424240158246475263e-03
-2.043761501550805449e-04,-4.776452168711101988e-03
9.368623861916164494e-05,-4.947214532707190984e-03
-1.676622987545135952e-04,-3.655428884642356719e-04
9.428565832439546790e-05,-5.033716164505913811e-03
-2.040750484914788854e-04,-4.862916195137983143e-03
-1.976551618844025072e-04,-5.990672034681708731e-03
1.730209700009913880e-04,-5.684880140334973471e-03
1.688696469071579540e-04,-5.076892279462367694e-03
-2.037470971766183411e-04,-4.949465826622911728e-03
9.543546394387276391e-05,-5.207312681079633195e-03
9.607727545065896757e-05,-5.294129349605527536e-03
-2.029735067976836359e-04,-5.035827286279222215e-03
1.707622870105109819e-04,-5.337371249709661411e-03
-2.652650390781329166e-04,-7.050898421316941292e-04
-2.023627325079481627e-04,-5.122238369330039953e-03
9.717471443479402764e-05,-5.467956857850425623e-03
3.639755097445495193e-04,-3.165621783192478292e-03
1.741886958369976205e-04,-5.858619113659666554e-03
9.926913082000092417e-05,-5.815448628024974011e-03
9.779071879808516425e-05,-5.554915530582770107e-03
-2.019638079799216746e-04,-5.208891107686919493e-03
9.879109155740279627e-05,-5.728528855465256885e-03
1.724921370863314641e-04,-5.598017386451708578e-03
-2.016128960920223823e-04,-5.295898578537675504e-03
-1.986740931110566005e-04,-5.904240754938960140e-03
-2.014723797000848079e-04,-5.383018819882535826e-03
1.415152376137542099e-04,-2.801323695965929946e-03
-2.011751812786927108e-04,-5.469982847878191237e-03
-2.007025417563445147e-04,-5.556868863439029006e-03
-1.991623574090156743e-04,-5.817451319018269659e-03
-2.184606769286520948e-04,-6.769045860453862468e-04
-1.996832910982937232e-04,-5.730624652815562159e-03
-2.001982089796006429e-04,-5.643751733586495171e-03
4.398462686199777457e-04,-3.215034869547162000e-03
4.580641629039072121e-04,-4.222887965455592030e-03
1.156975590673665796e-04,-2.195375001033036673e-04
3.850606178603936018e-04,-4.347366744535839309e-03
-2.490415510677135725e-04,-6.064180854950469756e-04
3.681247946056415946e-04,-3.330296515674425421e-03
4.607306707260363046e-04,-4.393819999507488257e-03
-2.049104503143899317e-04,-5.798389360461862546e-04
3.871497559990311611e-04,-4.517969794560539910e-03
3.708203969448193573e-04,-3.414382219339957315e-03
8.988029099055783514e-05,-3.830556894506351954e-03
4.644312552291958635e-04,-4.567542007160141360e-03
-2.318845277226875613e-04,-5.141151975413195581e-04
4.455892339043642262e-04,-3.462323714284346304e-03
1.623875513547466914e-04,-4.376901474178935582e-04
4.633266380291917782e-04,-4.650478527702586046e-03
-1.900154938905902118e-04,-4.886779060174743393e-04
3.899875245440762028e-04,-4.776671297408162029e-03
3.746452094785168913e-04,-3.581895462253315357e-03
1.950839793387964757e-04,-5.785521203096820027e-04
4.671727410928476986e-04,-4.826382102819062880e-03
-1.825808854331277000e-04,-4.458138318887423898e-04
3.777183320620628826e-04,-3.667356267957581125e-03
7.481913365420101813e-05,-2.840410616249986180e-03
4.657960229271378735e-04,-4.909617847546335866e-03
3.306349218229607032e-05,-6.465843650486861188e-03
-1.748767316949716448e-04,-4.045809429923484112e-04
3.923181259039815834e-04,-5.036794123903441146e-03
4.506603215704519327e-04,-3.712613297730786664e-03
4.686153084689109218e-04,-5.085134230798237995e-03
2.386252076326748743e-04,-4.171447736219871527e-03
-1.958676793398961996e-04,-3.500628065548350696e-04
1.654908643878126454e-04,-4.213690234327623248e-03
3.797390522091415011e-04,-3.833540578364287316e-03
4.676198593673964814e-04,-5.169989732892893777e-03
-1.852140698722667782e-04,-3.127168305797099822e-04
3.942346669046498651e-04,-5.297077622139941856e-03
3.829974585234689147e-04,-3.919913528001878027e-03
4.703436575582236570e-04,-5.345380600896715469e-03
2.749651868507119938e-04,-1.308017427785043143e-03
-1.508281580393181095e-04,-2.917279157206104307e-04
4.698445258527325294e-04,-5.431154299489923849e-03
4.577739895785018476e-04,-3.967336229728364062e-03
4.622898065360735013e-04,-6.478506913227776581e-03
2.144249125715879501e-05,-1.081228076649757141e-05
-1.420020927086566831e-04,-2.575525710167475882e-04
3.958149208466271696e-04,-5.557622128252464114e-03
3.013129455313203722e-04,-1.710909983180304789e-03
4.575219298270371019e-04,-4.051129438161897058e-03
4.716974894017960870e-04,-5.605960721055965913e-03
-1.332062463937212337e-04,-2.255171873261612315e-04
3.125144914762178062e-04,-1.924800670830197763e-03
4.710242431807802090e-04,-5.691792258869793862e-03
3.253429600619690007e-04,-2.146165206652993988e-03
-3.948969866528306529e-05,-5.334594110467523296e-05
-1.244903952431952916e-04,-1.957048236523337235e-04
3.979046989931927310e-04,-6.343050186076908473e-03
3.968096254929669663e-04,-5.818171347454944610e-03
3.458209562490934105e-04,-1.408419389916119088e-03
3.913172215089199516e-04,-6.423575374034647817e-03
3.385306043213080285e-04,-2.373990769184642930e-03
4.712754222984193273e-04,-5.865308210952755764e-03
3.227098643179703475e-04,-6.293374697680381366e-03
-1.151010187088289684e-04,-1.673289939045309236e-04
3.972726407136168195e-04,-5.991776538055238258e-03
3.380469690379441752e-04,-6.539685388475419310e-03
4.703713293432332677e-04,-6.038191280632931000e-03
-1.056171780502183834e-04,-1.411596269361166227e-04
3.959640713897620004e-04,-6.165490742287380033e-03
3.531578790613837371e-04,-2.843696802857954755e-03
-9.583065247303168110e-05,-1.171085212333356992e-04
-5.617082298361831898e-05,-6.363253639110633966e-05
-8.607672148778864197e-05,-9.537318835840947323e-05
-7.549269293692157561e-05,-7.541869146075324019e-05
3.842252625396815383e-04,-4.175965290658008311e-03
-1.895214369493173625e-04,-6.329747752244169016e-03
1.703921195622303480e-06,-7.053485166446019889e-07
1.861816438613411132e-04,-6.530303191633849737e-03
3.429843877966699639e-06,-9.719212513951093929e-07
2.725452309067294605e-04,-9.611356701389892282e-04
1.789786277902199216e-04,-2.792353108942557797e-04
-1.202850005433410420e-06,-3.466288159009739705e-06
1.175151963192483018e-05,-5.525462187991074314e-06
-3.650491947330636663e-05,-6.408949945368707518e-03
-5.611291091934071448e-06,-1.639935716326931984e-06
-3.271197856430212440e-04,-6.547454356493568467e-03
-1.069921048165768944e-04,-6.372234409628782341e-03
-1.657091828267327521e-04,-6.553105467536157400e-03
-2.647660287831201599e-06,-5.792865089973548055e-07
2.279029576222600683e-04,-9.494377577448591789e-04
-3.864569725136860108e-05,-6.478952477993359799e-03
-4.912798247306745516e-04,-6.211252233034261598e-03
-2.547092765650556777e-04,-6.363781329515963772e-03
-4.839406060711099432e-04,-6.132531497949359790e-03
-4.782076908373000964e-04,-6.541648306532741632e-03
-9.961227116942030361e-06,-4.462238553202275503e-06
-3.970223190797333599e-04,-6.033568056800082437e-03
-3.293411248529537982e-04,-6.320541730291106934e-03
1.284578414132629643e-04,-2.878474186275162619e-04
-4.894685787729064017e-04,-5.954091466748970968e-03
2.319261121082650626e-05,-1.181963211181897964e-05
-3.984945040370996522e-04,-5.863312931876153364e-03
9.760570419047957035e-06,-4.504990785053247870e-06
4.840162744740690516e-04,-6.546280932742093439e-03
-4.901629111783686920e-04,-5.780248571028416375e-03
-3.963898367824156320e-04,-6.281356313528189614e-03
5.002849377124843989e-05,-2.943454003882348433e-05
-3.993200168644205506e-04,-5.688751695410468497e-03
3.167416328798505179e-04,-9.722766515075819327e-04
-4.906420522338553799e-04,-5.606432977388223042e-03
2.200403701205972166e-04,-8.731234452953643387e-04
4.968543336086476752e-05,-3.631419706593743953e-05
-3.995476404831998845e-04,-5.515008889954039345e-03
1.544855723618781304e-04,-2.585330587314675784e-04
-4.909430271366088021e-04,-5.432688556684835135e-03
7.671804663345076951e-05,-5.628052155139532981e-05
-3.996509885823306177e-04,-5.341311464558775625e-03
9.006037562547237845e-05,-7.192618687050817837e-05
-4.910698256662365639e-04,-5.259067666765020015e-03
-3.996101550770590001e-04,-5.167753907039016568e-03
8.161669830395377708e-05,-8.516961752066402240e-05
-4.910097613082086820e-04,-5.085630802095927709e-03
9.262073240776855221e-05,-1.032681667651376704e-04
-3.994054629047091138e-04,-4.994410162102077763e-03
1.027753803712771233e-04,-1.272587111000999128e-04
-4.907411062044894808e-04,-4.912446783974291735e-03
1.126562399682289902e-04,-1.516525215234287762e-04
-3.990169030879049976e-04,-4.821354814806408026e-03
6.123253645504225264e-05,-6.547125928927922424e-03
-4.902394060245286213e-04,-4.739592856346867486e-03
1.070089895131046495e-04,-1.905694043751272122e-04
1.424179444553061598e-04,-2.323193667883141677e-04
-3.984240952542705957e-04,-4.648669876574445213e-03
3.218212196955773981e-04,-1.051779511891270122e-03
-4.894800361562037187e-04,-4.567154699833655788e-03
3.052090974155609402e-04,-8.667596630924796200e-04
-3.976065477546526718e-04,-4.476444610651847227e-03
-4.884379087147061160e-04,-4.395225154602736863e-03
3.853447119944687291e-04,-6.489535405414179926e-03
-3.965442952743922613e-04,-4.304776966074812770e-03
2.346617607787559057e-04,-6.475841661229149102e-03
-4.870868873962915587e-04,-4.223905464305260059e-03
1.958056238302075837e-04,-4.479245669477009608e-04
1.219878154243369492e-04,-1.764487853225042398e-04
1.480897709778739209e-04,-4.019286247728354276e-04
-3.952158717922853105e-04,-4.133776427584298294e-03
2.905590170135903530e-05,-1.633803861595520255e-05
-4.829671799346798395e-04,-4.054122444226661813e-03
