Size 1576,2
0.000000000000000000e+00,0.000000000000000000e+00
-1.620763112277107641e-03,-1.977230758799264354e-02
1.628300451312296622e-03,-1.977390644095818745e-02
0.000000000000000000e+00,0.000000000000000000e+00
-5.421273054399099184e-05,-2.924647165970257408e-05
-1.006925652836864144e-04,-5.191171458550761285e-05
-1.456938447028988711e-04,-7.878319751725437758e-05
-1.900344494333891900e-04,-1.111844036113144256e-04
-2.337769638393748955e-04,-1.499476741068276426e-04
-2.768512756269643363e-04,-1.953556604829530816e-04
-3.191987841967613765e-04,-2.474815636016168443e-04
-3.607905323191133154e-04,-3.062743938577331998e-04
-4.015160257346119064e-04,-3.715910991167167875e-04
-4.413917300155756752e-04,-4.433391958656497677e-04
-4.803661900100663035e-04,-5.213508514620747436e-04
-5.185121658531571072e-04,-6.055082733697701161e-04
-5.557740383045578578e-04,-6.956604719176975914e-04
-5.921764057111530716e-04,-7.916674861915274893e-04
-6.277396941449176404e-04,-8.933786106928103508e-04
-6.624799893729893486e-04,-1.000668953700240655e-03
-6.964628877789225472e-04,-1.113430430981553285e-03
-7.295697664417949120e-04,-1.231523052648974582e-03
-7.618566808370279145e-04,-1.354798969088910187e-03
-7.933677947907479813e-04,-1.483125903858954981e-03
-8.241011126607323493e-04,-1.616392102181463510e-03
-8.540914641102781684e-04,-1.754482368714964510e-03
-8.832926583739958773e-04,-1.897263571134342238e-03
-9.117612761744216298e-04,-2.044623079892916688e-03
-9.394688486716066753e-04,-2.196433462909353884e-03
-9.664546698173199363e-04,-2.352572555763680125e-03
-9.927201521467842078e-04,-2.512935536910069351e-03
-1.018271723765428729e-03,-2.677402678392034989e-03
-1.043114392347887619e-03,-2.845854356385855814e-03
-1.067276981221917768e-03,-3.018192023181558940e-03
-1.090744734893916599e-03,-3.194287970104593092e-03
-1.113554447697829436e-03,-3.374049800373144989e-03
-1.135709369970938588e-03,-3.557365067628518070e-03
-1.157232600913851673e-03,-3.744154026824522610e-03
-1.178061524423905772e-03,-3.934278343391391965e-03
-1.198266749530189999e-03,-4.127641141609737427e-03
-1.217848399062070822e-03,-4.324144458203093774e-03
-1.236822325291578014e-03,-4.523695653987844234e-03
-1.255189098823972964e-03,-4.726188312621401946e-03
-1.272965460177665105e-03,-4.931536363645135958e-03
-1.290154014422699533e-03,-5.139635533959835585e-03
-1.306771491838371220e-03,-5.350403935393727856e-03
-1.322818371413878296e-03,-5.563736700702667445e-03
-1.338316087819029811e-03,-5.779560842037912913e-03
-1.353261171859791940e-03,-5.997768728730880870e-03
-1.367678048747369415e-03,-6.218295555982317029e-03
-1.381561779464208573e-03,-6.441034072261494527e-03
-1.394936168377025046e-03,-6.665923581432334384e-03
-1.407796287336759208e-03,-6.892858898889141911e-03
-1.420165847547510398e-03,-7.121780009801978104e-03
-1.432049644376244112e-03,-7.352597447463620622e-03
-1.443454374115321669e-03,-7.585237966516578459e-03
-1.454392290260944501e-03,-7.819624569985953247e-03
-1.464870795367674344e-03,-8.055683847164558237e-03
-1.474902288548649758e-03,-8.293342281686299708e-03
-1.484493921660630334e-03,-8.532529697722423742e-03
-1.493658125262327342e-03,-8.773175597709377896e-03
-1.502402319300918943e-03,-9.015212645226365271e-03
-1.510740385964961380e-03,-9.258577111385704952e-03
-1.518669485247271453e-03,-9.503193448144264810e-03
-1.526253749701173305e-03,-9.749034823394562774e-03
-1.533389920995734124e-03,-9.995984440308120986e-03
-1.540177624639096302e-03,-1.024401255587389058e-02
-1.546650717648945803e-03,-1.049308202870496108e-02
-1.552709920471490035e-03,-1.074308747257936986e-02
-1.558451733968658397e-03,-1.099400935650782576e-02
-1.563859779142540759e-03,-1.124578057487887403e-02
-1.568932320349380148e-03,-1.149834415302686784e-02
-1.573681548285645352e-03,-1.175163019861360895e-02
-1.578151884711475380e-03,-1.200565464571130489e-02
-1.582429638406974634e-03,-1.226036121855149028e-02
-1.586326125051789552e-03,-1.251559222091766163e-02
-1.590011116330851751e-03,-1.277147667658285433e-02
-1.593353979247218079e-03,-1.302781014799127453e-02
-1.596506827304715976e-03,-1.328468575942762936e-02
-1.599355886582162940e-03,-1.354193590178395107e-02
-1.602024530012033030e-03,-1.379964674002558643e-02
-1.604419856981506966e-03,-1.405766235495922375e-02
-1.606645454501086584e-03,-1.431606324221738370e-02
-1.608624134664620071e-03,-1.457470485021797844e-02
-1.610446657132829024e-03,-1.483366041559395533e-02
-1.612049628580829478e-03,-1.509280069297287870e-02
-1.613507088144719090e-03,-1.535219024513862288e-02
-1.614772870599204702e-03,-1.561171343123502094e-02
-1.615904908078289685e-03,-1.587142784705829202e-02
-1.616872006080967211e-03,-1.613123108059866945e-02
-1.617718158571163556e-03,-1.639117370726191070e-02
-1.618424972233343780e-03,-1.665116649841584182e-02
-1.619024742696141723e-03,-1.691125293702677723e-02
-1.619510096936485318e-03,-1.717135725055273995e-02
-1.619903051609661868e-03,-1.743151584294464623e-02
-1.620205524696957536e-03,-1.769166620890341018e-02
-1.620432203989321737e-03,-1.795183747612531799e-02
-1.620590729037613576e-03,-1.821198049923857323e-02
-1.620693751452166858e-03,-1.847211299104204590e-02
-1.620746556222711502e-03,-1.873222001865866224e-02
-1.620769841924682734e-03,-1.899228334073911617e-02
-1.620771918455824433e-03,-1.925231489951703678e-02
-1.620766673419329245e-03,-1.951231866333109910e-02
-1.370773512502945074e-03,-1.977230424800401065e-02
-1.120797055099700826e-03,-1.977229974191405115e-02
-8.708501910878424339e-04,-1.977229915388391615e-02
-6.209289057581960682e-04,-1.977231880869605857e-02
-3.710409568959468639e-04,-1.977236428983490668e-02
-1.211654067650334767e-04,-1.977244731166153541e-02
1.287054449973063191e-04,-1.977257107626521904e-02
3.785775369718540301e-04,-1.977273776584197174e-02
6.284694232303228477e-04,-1.977293293515349284e-02
8.783874180464618184e-04,-1.977315885572884790e-02
1.128335420674972996e-03,-1.977340431406995544e-02
1.378310612774966831e-03,-1.977365704809214142e-02
1.628227209693581612e-03,-1.951391747039605759e-02
1.628155443265237937e-03,-1.925391413112911149e-02
1.628077094033608067e-03,-1.899388107256356345e-02
1.627977635460608249e-03,-1.873381311458796952e-02
1.627844580005763722e-03,-1.847371230174370271e-02
1.627665986023481759e-03,-1.821358216360305371e-02
1.627430578095427670e-03,-1.795343124950365271e-02
1.627127586867981642e-03,-1.769326924477689078e-02
1.626747166126649548e-03,-1.743310828446797620e-02
1.626279192138996126e-03,-1.717296172994229458e-02
1.625713727284889198e-03,-1.691284419867093020e-02
1.625040368830511176e-03,-1.665277116320076564e-02
1.624251232970261522e-03,-1.639276355804339738e-02
1.623334854237008535e-03,-1.613283787449499088e-02
1.622280666509389813e-03,-1.587301531017180564e-02
1.621082148303411253e-03,-1.561332153793192935e-02
1.619727729115034683e-03,-1.535377804738180009e-02
1.618204619692328091e-03,-1.509440914248248028e-02
1.616509294781568861e-03,-1.483524732351202205e-02
1.614629160068069931e-03,-1.457631716859877392e-02
1.612548582789764037e-03,-1.431764769835583082e-02
1.610269459273609705e-03,-1.405927820566616783e-02
1.607776182120498150e-03,-1.380123511951944666e-02
1.605051935866868510e-03,-1.354355345136100224e-02
1.602101709169782232e-03,-1.328627713188028012e-02
1.598905659816402328e-03,-1.302943655218962229e-02
1.595456903584699989e-03,-1.277307461288202869e-02
1.591748845422480104e-03,-1.251723465510599410e-02
1.587763717816354815e-03,-1.226195188952306121e-02
1.583494184600897246e-03,-1.200727503895247621e-02
1.578921731098996287e-03,-1.175325089462328845e-02
1.574064474993554274e-03,-1.149993647107159546e-02
1.568892548099142794e-03,-1.124736648949212214e-02
1.563398174733944893e-03,-1.099559607495743073e-02
1.557573092382101131e-03,-1.074467578241554248e-02
1.551408263940125612e-03,-1.049466406508970523e-02
1.544889741048690972e-03,-1.024561033438098172e-02
1.538015569373597964e-03,-9.997577094755164331e-03
1.530772475831625743e-03,-9.750619544642286432e-03
1.523140482497440957e-03,-9.504793532402685402e-03
1.515125971355380007e-03,-9.260170649496985568e-03
1.506704096944681435e-03,-9.016807045440508941e-03
1.497867149295818061e-03,-8.774771975054126635e-03
1.488637388739081843e-03,-8.534137769483775976e-03
1.478998852172156439e-03,-8.294955105109868415e-03
1.468899718953122152e-03,-8.057286020420733122e-03
1.458316438106629399e-03,-7.821208646191207814e-03
1.447303204316500395e-03,-7.586832230682958797e-03
1.435813912347633399e-03,-7.354186419635739755e-03
1.423843736550990061e-03,-7.123372834701558950e-03
1.411414214321785737e-03,-6.894456429414075674e-03
1.398440478588531362e-03,-6.667509211129358203e-03
1.385020875148726969e-03,-6.442630394203945066e-03
1.371055899099139254e-03,-6.219892259166292028e-03
1.356489932278693482e-03,-5.999355224368140005e-03
1.341549732279195871e-03,-5.781173403114165874e-03
1.325991351513336990e-03,-5.565352570061161443e-03
1.309782246317858691e-03,-5.351979269773802020e-03
1.293139982239197971e-03,-5.141242196614754720e-03
1.275877604810888568e-03,-4.933158363302846995e-03
1.258029031364040189e-03,-4.727783606878023688e-03
1.239594996646105601e-03,-4.525299684552069532e-03
1.220500224292263595e-03,-4.325748231656248791e-03
1.200823317850200104e-03,-4.129246745588850687e-03
1.180588783796826481e-03,-3.935897895955169264e-03
1.159702113597954262e-03,-3.745808749735715995e-03
1.138094566439376608e-03,-3.558989525341206550e-03
1.116136037507140400e-03,-3.375723108281024516e-03
1.093300435944308171e-03,-3.196013098209979364e-03
1.069611147447633573e-03,-3.019565356329656416e-03
1.045104243686823800e-03,-2.847327283873221128e-03
1.020265660657245291e-03,-2.678969117510040122e-03
9.941121368430628265e-04,-2.514517490862811736e-03
9.679979910507172493e-04,-2.354087188724448762e-03
9.409645108176547482e-04,-2.198047438075390915e-03
9.133404888189066914e-04,-2.046321200083577128e-03
8.848896415021695588e-04,-1.898971163401367689e-03
8.557946882593145572e-04,-1.756160408620659761e-03
8.258097036979485930e-04,-1.618009456025804255e-03
7.949598615457983833e-04,-1.484700770296814220e-03
7.633327257939344227e-04,-1.356517174194734818e-03
7.305979708213918488e-04,-1.233163565995803188e-03
6.974536803669166736e-04,-1.115010827696795697e-03
6.638742818241250791e-04,-1.002358433398307111e-03
6.292333067282264610e-04,-8.951405719170387907e-04
5.933008870588680388e-04,-7.933143645608183156e-04
5.565999537506110010e-04,-6.972282597035960169e-04
5.192480838334585531e-04,-6.071019746349684077e-04
4.811103144961048649e-04,-5.229684345430177369e-04
4.420527510844307769e-04,-4.449585709870901469e-04
4.022150297573464186e-04,-3.731736640172969035e-04
3.614935505867824411e-04,-3.078330685556994527e-04
3.201196284709033595e-04,-2.491695925085288255e-04
2.774006174210585820e-04,-1.967429275168102853e-04
2.341514747445747763e-04,-1.512503469286708400e-04
1.905039342445205466e-04,-1.124764293698015121e-04
1.457525422497756495e-04,-8.003554857991574832e-05
1.009280912183313435e-04,-5.311601203430612575e-05
5.455682239607971377e-05,-2.974817505751111037e-05
0.000000000000000000e+00,0.000000000000000000e+00
0.000000000000000000e+00,0.000000000000000000e+00
0.000000000000000000e+00,0.000000000000000000e+00
0.000000000000000000e+00,0.000000000000000000e+00
0.000000000000000000e+00,0.000000000000000000e+00
0.000000000000000000e+00,0.000000000000000000e+00
0.000000000000000000e+00,0.000000000000000000e+00
0.000000000000000000e+00,0.000000000000000000e+00
0.000000000000000000e+00,0.000000000000000000e+00
0.000000000000000000e+00,0.000000000000000000e+00
0.000000000000000000e+00,0.000000000000000000e+00
0.000000000000000000e+00,0.000000000000000000e+00
-9.330099265990144585e-08,-1.848080273074054449e-06
-1.017264175097848808e-05,-1.956837082379899589e-02
6.482306569898504001e-04,-1.286590490177448977e-03
9.488286823051527829e-04,-3.281935809660144632e-03
1.137791708700437070e-03,-5.666448321658951355e-03
1.307676796607046190e-03,-9.380187443155755048e-03
1.343513077319756239e-03,-1.086841214236541203e-02
1.396116869022998074e-03,-1.495470373956655878e-02
1.410502167174220106e-03,-1.781317194061910261e-02
2.900820143885943117e-04,-2.662240849058765640e-04
-1.249243807040773977e-03,-8.407067223535451272e-03
-1.344509173175106658e-03,-1.188853090413436765e-02
-5.235892921235682593e-04,-8.315462354486033870e-04
-7.707956576722629037e-04,-1.960877137295388793e-03
-8.637574660335641061e-04,-2.588482610099999623e-03
-1.014684851305187223e-03,-4.023000223772953826e-03
-1.077062932989166335e-03,-4.821341616770416678e-03
-1.177439804652070628e-03,-6.546808674359424519e-03
-1.216625400029371432e-03,-7.462656806598789300e-03
-1.383157101576758816e-03,-1.289680249970208935e-02
-1.391887549663532210e-03,-1.392603643540489371e-02
-1.398070597343356375e-03,-1.599963203975825893e-02
-1.287653024320933003e-03,-1.011137279836389971e-02
-1.401827021105936898e-03,-1.703911111948452212e-02
-3.945079246788143080e-04,-4.709265683619116090e-04
8.131961582000943800e-04,-2.266799290056754988e-03
1.055473418165224150e-03,-4.413404877490977561e-03
4.656704981445464512e-04,-6.427406774941271401e-04
1.405723232593628167e-03,-1.651282979767088391e-02
1.380915466357932227e-03,-1.340452589900712442e-02
1.371133864883556991e-03,-1.238150941955888824e-02
1.259585421238530950e-03,-7.936279823423290566e-03
1.214537317078190435e-03,-7.003020609980045198e-03
-6.673985790968558996e-04,-1.408451904381775215e-03
-1.394530456036246471e-03,-1.496137397398900580e-02
-9.471261816609084956e-04,-3.278202877489008998e-03
-1.131116154683759227e-03,-5.664558161210824297e-03
-1.411825372927566664e-03,-1.807498983526941230e-02
-2.535278186941143739e-04,-2.097713787839775804e-04
1.327008055525666060e-03,-1.011959595514009061e-02
9.982983702064812497e-04,-3.832668184257902785e-03
7.139297784689346881e-04,-1.676634329671129785e-03
1.401512750842785022e-03,-1.573315265129700269e-02
1.358110016090325299e-03,-1.161546188487204423e-02
-1.304080845118031542e-03,-1.086211033129461621e-02
-1.273798493789524275e-03,-9.373911180202804463e-03
1.389324581385575257e-03,-1.417821326053958497e-02
1.272178448404703453e-03,-8.642278629151383534e-03
1.179670391607545504e-03,-6.324950967984225084e-03
1.097796292924971447e-03,-5.029993475416521219e-03
8.991595902758119140e-04,-2.748634903681633230e-03
5.503657891104420628e-04,-9.319723347957987103e-04
1.403182539479353331e-03,-1.859797937289401834e-02
1.812121461006481124e-04,-1.194940833574555323e-04
-1.390878443645530808e-03,-1.883215113383192307e-02
-1.402386088584173728e-04,-8.325610957816130010e-05
7.832421957973461843e-04,-1.956753370502377354e-02
1.574573457751322683e-05,-4.515199063241262169e-06
-1.615409362331739288e-05,-4.132650642653155302e-06
-7.404937922280154482e-04,-1.954629105466314937e-02
1.408920887624960866e-03,-1.729307275869694516e-02
-1.377471719138567609e-03,-1.238500316727060395e-02
-8.184610779855757160e-04,-2.267441631778967497e-03
-4.608694754082744149e-04,-6.401619367531888923e-04
3.685160865914378979e-04,-4.082758549497004347e-04
-6.128305401132173608e-04,-1.161686590945351562e-03
-1.046951489670263280e-03,-4.416181354111241991e-03
-9.066232892141125755e-04,-2.925700320657270963e-03
-9.853199647860046845e-04,-3.645130322682016422e-03
-1.197886655722071913e-03,-7.000856678757980990e-03
-1.233719454294679658e-03,-7.931591480295697300e-03
-1.387941494973958696e-03,-1.341058483979560255e-02
-1.391853508333638825e-03,-1.444343356458246616e-02
-1.396580391684506791e-03,-1.548017992131333828e-02
-1.399065045307627342e-03,-1.651953361042882845e-02
-1.404526301401087156e-03,-1.755844891246021930e-02
-7.211921644119501486e-04,-1.675193698194158906e-03
1.375419637845791496e-03,-1.290015415361565540e-02
1.240548723602610511e-03,-7.467303805417743572e-03
7.582263646319504754e-04,-1.958562197415740069e-03
-1.105093427397390833e-03,-5.237715049490140710e-03
-1.263269350129091976e-03,-8.888514969043156619e-03
-1.313414159601784641e-03,-1.136724583213001745e-02
-1.155206789405089675e-03,-6.101153040268590330e-03
-3.258004841202935542e-04,-3.273639186387793066e-04
1.047992780278477035e-04,-5.687793739163208087e-05
1.404986116995129292e-03,-1.912301175729438918e-02
-6.237141744283973836e-05,-3.025580760614108512e-05
-1.402376149133296307e-03,-1.937165948970174384e-02
1.249747678366512757e-03,-1.958329589920298347e-02
3.308432257135625359e-05,-1.315289271082437812e-05
-1.012868458159936523e-04,-5.402746831317380648e-05
-9.813731296281217242e-05,-5.856993121523665000e-05
-1.308011284403955230e-04,-9.078542722783426526e-05
-9.074139955031758592e-05,-6.633013162531001348e-05
-1.168517310565317271e-04,-1.015135466267181756e-04
-7.833748873622709951e-05,-7.702375163289207317e-05
-9.812492510230636194e-05,-1.151741280283955892e-04
-6.066980428653545468e-05,-9.083858365628618412e-05
-7.496606988211086751e-05,-1.324231935406031428e-04
-3.753211588596842981e-05,-1.079863276001394724e-04
-4.573470489711115326e-05,-1.533168920939838016e-04
-8.601442573373251516e-06,-1.284308177634843856e-04
-9.934079870276132243e-06,-1.771913739241624038e-04
-5.303344204833897196e-05,-2.055222384456873233e-04
-1.109694247777301861e-05,-2.327230812536184451e-04
-6.006179197153523378e-05,-2.643871242699704412e-04
-1.211334944867897519e-05,-2.948935999495712616e-04
-6.688315259017091645e-05,-3.298134486498610044e-04
-1.305118341582511275e-05,-3.635592379795279092e-04
-7.335884956453704467e-05,-4.016617085040236133e-04
-1.386400728456350424e-05,-4.385804436228716110e-04
-7.968014841323509383e-05,-4.798056999074046345e-04
-1.459959625572427883e-05,-5.197862753274535988e-04
-8.569920856572383521e-05,-5.640913267092878417e-04
-1.533580173051600222e-05,-6.070956969305646780e-04
-9.159323178361380221e-05,-6.543939546358373610e-04
-1.587972600545109838e-05,-7.003988093217505383e-04
-9.713237415920184903e-05,-7.507063775945497760e-04
-1.619167579503916584e-05,-7.994650238420113360e-04
-1.040004772595468855e-04,-8.527921438459869913e-04
-1.690396794748671037e-05,-9.042239372770842932e-04
-1.082774373968602475e-04,-9.601751968169931111e-04
-1.705667391541784223e-05,-1.014504907366512495e-03
-1.128953552111221762e-04,-1.073022372912735061e-03
-1.702494039676846031e-05,-1.130158706098344538e-03
-1.176238474206616462e-04,-1.191311092087946446e-03
-1.716194241308779790e-05,-1.251087288074434868e-03
-1.221840096762703723e-04,-1.314813531200794252e-03
-1.717587563937389685e-05,-1.377138784275143716e-03
-1.266200732826701380e-04,-1.443387616219667709e-03
-1.709315233578904389e-05,-1.508195458332360064e-03
-1.308075954419775269e-04,-1.576907152721132620e-03
-1.700985956440590225e-05,-1.644148265572373995e-03
-1.348818307307078548e-04,-1.715255982201876420e-03
-1.672893740756426444e-05,-1.784871171599174697e-03
-1.386930596359595906e-04,-1.858305477993192536e-03
-1.638527821851202721e-05,-1.930226778606093175e-03
-1.423877282344191959e-04,-2.005931844807715830e-03
-1.602677443711146354e-05,-2.080093864137160138e-03
-1.458565997961078621e-04,-2.158012212165160391e-03
-1.557077294341002309e-05,-2.234360576646579350e-03
-1.492176537037606015e-04,-2.314434125564707265e-03
-1.509035865374086945e-05,-2.392912054164983340e-03
-1.523525101962300927e-04,-2.475075816076860794e-03
-1.429412540289444445e-05,-2.555899923270723694e-03
-1.553500437095418809e-04,-2.639867630065436191e-03
-1.336158066958836367e-05,-2.722720409183274157e-03
-1.580978246327819823e-04,-2.808617847148487875e-03
-1.281356395897433727e-05,-2.893274328792591610e-03
-1.608352771030104468e-04,-2.981209737360011880e-03
-1.213148674899615184e-05,-3.067740672342747239e-03
-1.633482999443181980e-04,-3.157580072166481667e-03
-1.139956356224590028e-05,-3.246281666031231201e-03
-1.657895596425088566e-04,-3.337681275802374323e-03
-1.101634558509422857e-05,-3.427894857208296005e-03
-1.680761260419614764e-04,-3.521260088748343758e-03
-9.744459938107450140e-06,-3.612999618019550885e-03
-1.701631273858251992e-04,-3.708275063176464954e-03
-8.650618422686163537e-06,-3.802229603315749641e-03
-1.720520245356476686e-04,-3.898758451604525041e-03
-8.239828534372029399e-06,-3.994055837162730459e-03
-1.740098166860323120e-04,-4.092386723308976022e-03
-6.872805341140569643e-06,-4.189038170773574932e-03
-1.756185350304064515e-04,-4.289129501214792792e-03
-5.446818616552533853e-06,-4.387863490224532502e-03
-1.771585993171875795e-04,-4.489045168570854859e-03
-5.069564512279299522e-06,-4.588957169745505257e-03
-1.786706564697305402e-04,-4.691801267766387840e-03
-3.627313701201670947e-06,-4.792914638099951899e-03
-1.800005286254713430e-04,-4.897385086731592153e-03
-1.889306849986676096e-06,-5.000453748109808666e-03
-1.810598247058350788e-04,-5.105851515132262160e-03
-1.546941991300374959e-06,-5.209942928519653918e-03
-1.823219139882124439e-04,-5.316874497807392609e-03
7.592620344735105855e-07,-5.422428603521423779e-03
-1.830932708226847840e-04,-5.530511031346431634e-03
2.160614553296051006e-06,-5.637504954610910932e-03
-1.839549526743329566e-04,-5.746652921627104157e-03
2.295479536185605429e-06,-5.854502442577300472e-03
-1.848596662617325794e-04,-5.965101558799519241e-03
4.858936103045907032e-06,-6.074293318600704553e-03
-1.853832132187514488e-04,-6.185915105294891893e-03
6.364396341551529161e-06,-6.296420288127049618e-03
-1.858339970857786285e-04,-6.408976689294785568e-03
6.384813473010109664e-06,-6.520199176985297905e-03
-1.865642972878494871e-04,-6.634091848587984550e-03
9.192959295596833975e-06,-6.746537222906451477e-03
-1.866782632840071623e-04,-6.861321927308747237e-03
1.266790021365754671e-05,-6.974989370221572164e-03
-1.866160112672886600e-04,-7.090558882272038690e-03
1.291400917679113955e-05,-7.204816226843069674e-03
-1.868846071405257428e-04,-7.321602052828217466e-03
1.393696888666303000e-05,-7.436552002946239526e-03
-1.871252165659522456e-04,-7.554460303186833099e-03
1.532848496596437947e-05,-7.670292286757112409e-03
-1.871162505605346977e-04,-7.789096558189258397e-03
1.694194096531381787e-05,-7.905780251999372163e-03
-1.870806686252860017e-04,-8.025417865171783141e-03
1.847726688128377862e-05,-8.142913146603500060e-03
-1.868722935531013242e-04,-8.263340103236578235e-03
1.690048491081222234e-05,-8.381626303432110695e-03
-1.872188765039264685e-04,-8.502791727345214434e-03
1.921211911999721680e-05,-8.620860705796496923e-03
-1.868271492121466857e-04,-8.743538257331383984e-03
2.216814497956494915e-05,-8.861894322570711829e-03
-1.862656497659375267e-04,-8.985710080826929402e-03
2.509629480894996225e-05,-9.106477348913157022e-03
-1.859300793567016607e-04,-9.229576049330202869e-03
2.681039791098881211e-05,-9.351217148791371794e-03
-1.854825135154917364e-04,-9.474576885950025326e-03
2.603885093101480257e-05,-9.596403329521640754e-03
-1.843207165433655462e-04,-9.720548634272895352e-03
3.000578198451471715e-05,-9.843212318802443267e-03
-1.838180483164932023e-04,-9.967918882642392425e-03
3.191041435541425582e-05,-1.009118321130665109e-02
-1.831475669551889190e-04,-1.021675179101153019e-02
3.056802464947492817e-05,-1.033930411773437141e-02
-1.824472808495120730e-04,-1.046539538703803417e-02
3.497848094701963274e-05,-1.058949508841329837e-02
-1.814620452258908950e-04,-1.071564174040400517e-02
4.008869257083825041e-05,-1.084052255896848435e-02
-1.800523753706657470e-04,-1.096684188672719835e-02
3.957297029671749135e-05,-1.109175721099134662e-02
-1.793480632517814892e-04,-1.121878729074226623e-02
4.108124897357733204e-05,-1.134275115076083945e-02
-1.785090680380804133e-04,-1.147133174206038837e-02
4.278236220814159749e-05,-1.159454389919256818e-02
-1.783429319877027593e-04,-1.172502064487193629e-02
4.268348697869445488e-05,-1.184836098681691166e-02
-1.769299237995383711e-04,-1.197884174741865176e-02
4.558368387381881462e-05,-1.210531111412793681e-02
-1.755687779867488591e-04,-1.223404925479839103e-02
5.091965730226946917e-05,-1.236122234997798219e-02
-1.738374923546415771e-04,-1.248970605894296135e-02
4.999997189253318857e-05,-1.261672816004213299e-02
-1.729938254298814303e-04,-1.274572893493423377e-02
4.771367485031704217e-05,-1.287271555597362463e-02
-1.725633617076986585e-04,-1.300222602804400676e-02
4.856406703347248676e-05,-1.312944861755273654e-02
-1.715836775959815759e-04,-1.325923197314471565e-02
5.002402459208456800e-05,-1.338668374030379214e-02
-1.704489323265279566e-04,-1.351668566493395215e-02
5.160486838077398865e-05,-1.364434315560225132e-02
-1.694739944942925351e-04,-1.377454013813081933e-02
5.287482886566931256e-05,-1.390238374322065422e-02
-1.683221914705759043e-04,-1.403275303370249069e-02
5.425374486710618374e-05,-1.416104514352352003e-02
-1.670998466933095469e-04,-1.429133567020398829e-02
5.611351909520029892e-05,-1.441978377256017060e-02
-1.657634416263797038e-04,-1.455017703942015385e-02
5.755755004221118476e-05,-1.467847379768106447e-02
-1.644570642801500109e-04,-1.480921673626298812e-02
5.893595082273963854e-05,-1.493796592794943007e-02
-1.631473562322321774e-04,-1.506856645315007848e-02
6.086307047364360022e-05,-1.519743137338649269e-02
-1.617273116695717614e-04,-1.532808801753412185e-02
6.227702090710226222e-05,-1.545669535617621645e-02
-1.603577606657710902e-04,-1.558771093229808016e-02
6.360711214691598333e-05,-1.571678933160059952e-02
-1.589949728091881605e-04,-1.584757898730301817e-02
6.558890763676970728e-05,-1.597673563940071526e-02
-1.575095057801830477e-04,-1.610753664997294221e-02
6.739362488659657920e-05,-1.623635478981731717e-02
-1.560170086716080218e-04,-1.636751274987010424e-02
6.846439126006509163e-05,-1.649702002381950652e-02
-1.546253719347841639e-04,-1.662770378384000741e-02
7.032009569415540362e-05,-1.675702943711792486e-02
-1.530993317415696182e-04,-1.688783372853040754e-02
7.228455411440099822e-05,-1.701657777637682889e-02
-1.515073230479183834e-04,-1.714786161025457292e-02
7.312963097501756630e-05,-1.727734467403089016e-02
-1.500838034451710363e-04,-1.740800428222090065e-02
7.492910926300127563e-05,-1.753726845955037167e-02
-1.484848355227660151e-04,-1.766793957299886766e-02
7.662050419054663476e-05,-1.779684880477860193e-02
-1.466904755471297439e-04,-1.792761630876572865e-02
7.789848346315726300e-05,-1.805627363843195082e-02
-1.448086285905272994e-04,-1.818667399598638407e-02
7.927236165748223734e-05,-1.831472410675950152e-02
2.633944618444511370e-05,-1.521618383663797048e-04
5.010189171867219637e-05,-4.784679067018664722e-04
6.384882876120045688e-05,-7.492039351985861498e-04
7.741212523541190842e-05,-1.071615992232045813e-03
9.091360829998408914e-05,-1.442169880370416631e-03
1.219946985093817762e-04,-2.474210659874515831e-03
-1.429901426579270954e-04,-1.844469000202476894e-02
1.350981819936446552e-04,-2.980444111005628362e-03
1.468442436876298408e-04,-3.520462537192612252e-03
1.588014819741939536e-04,-4.091588545326371902e-03
1.703800683887323722e-04,-4.690993602932743735e-03
1.809921305969593717e-04,-5.315760474824884375e-03
1.910758695729744409e-04,-5.963696647502094578e-03
2.012419355333406625e-04,-6.632654501307935248e-03
2.211143603664553832e-04,-8.263687583651752391e-03
2.311945917083915356e-04,-8.983694804069502354e-03
2.396240646365283835e-04,-9.718858616441061749e-03
2.167371502682787792e-05,-1.069081005115285303e-04
2.474780338234312295e-04,-1.046357671147926834e-02
2.574478306152363171e-04,-1.121635871962454664e-02
2.619218574626574385e-04,-1.197662120560757069e-02
1.043570728123895038e-04,-1.857167373086915157e-03
2.732585443521655757e-04,-1.377261153441330065e-02
2.786026052593193079e-04,-1.454858107053637849e-02
2.838556242712008261e-04,-1.532660383296978630e-02
2.892377819530269289e-04,-1.610665375601647367e-02
3.017641684862204651e-04,-1.818484483522093617e-02
3.029482916984655534e-04,-1.844254974704889402e-02
2.946635451994296232e-04,-1.688649834867608432e-02
2.143255970747297648e-04,-7.320110407741839756e-03
2.707899938481936959e-04,-1.274274232123729159e-02
1.130619902547625962e-04,-2.156393915646173838e-03
2.201754056899754000e-04,-7.787457117112292319e-03
2.700688825419913001e-04,-1.325691402921817287e-02
4.069636199778476650e-05,-3.285410981601795399e-04
2.991461771415625118e-04,-1.766673811431958285e-02
-3.667500005073610772e-04,-1.831733628363827263e-02
-3.647972882703387357e-04,-1.857468655667256219e-02
-3.709503902520849242e-04,-1.779960504232173946e-02
-3.744413107499200877e-04,-1.727996357507190564e-02
5.669348405770608274e-05,-1.304082949445077978e-04
-3.774688300218826038e-04,-1.675984061288301671e-02
-3.803045691493588641e-04,-1.623966324597956798e-02
-3.835235100014744631e-04,-1.571885890513021605e-02
-3.852557255940022916e-04,-1.520004467553276103e-02
-3.878270893590561098e-04,-1.468187615684067061e-02
-3.899590239253434209e-04,-1.416424366142759843e-02
-3.915543412426599553e-04,-1.364783397407492993e-02
-3.974436564093982273e-04,-1.059293519305689116e-02
-3.927328342767157652e-04,-1.313294407985246201e-02
-3.974841813928073277e-04,-9.846861881585974516e-03
-3.940219485508018567e-04,-1.261989388847455443e-02
-3.955560440287495916e-04,-1.210885597575652416e-02
-3.963720783175425340e-04,-1.159982712486860162e-02
4.584061254868502828e-05,-8.868870180283599408e-05
-3.968072753557693247e-04,-1.109440452019160375e-02
-3.953063191890843426e-04,-9.109718243721769484e-03
-3.940897111756770784e-04,-8.625287988130671615e-03
-3.911985626308989465e-04,-8.146274517333551221e-03
-3.884863359940302942e-04,-7.673675446038670002e-03
-3.851506591863828439e-04,-7.207918270749995131e-03
-3.812896864167822884e-04,-6.749579125743896540e-03
-3.766862114934612445e-04,-6.299313178466164551e-03
-3.725758249313509203e-04,-5.857945212087991953e-03
-3.666423815444140415e-04,-5.425789778365474811e-03
-3.599305439101321618e-04,-5.003742817019547762e-03
-3.524190275182602686e-04,-4.592542714580935027e-03
-3.440679733728661794e-04,-4.192918720298905062e-03
-3.350893490737679413e-04,-3.805685969488660416e-03
-3.249220688817872136e-04,-3.431633801690176823e-03
-3.137722532595761020e-04,-3.071592827544488823e-03
-2.058044360779047401e-04,-1.018879933218072142e-03
-3.016448576888922941e-04,-2.726436665837765182e-03
-2.884936234898209878e-04,-2.397002479678114143e-03
-2.742450709678298667e-04,-2.084230100500447658e-03
-2.588784784598005713e-04,-1.789047127825059988e-03
-2.423415343489143214e-04,-1.512420714278482495e-03
-2.246013987491838454e-04,-1.255331660665590099e-03
5.251525016226579919e-04,-1.831297473570586698e-02
5.259990205173074472e-04,-1.857035910017522384e-02
-1.746501235168884116e-04,-7.048602910388128114e-04
-1.034146964066402910e-04,-2.371897140487786641e-04
-1.523757702841505685e-04,-5.241967320125699107e-04
-1.286681143065849175e-04,-3.679694522661383855e-04
-5.881099894780280127e-04,-1.844779953504577588e-02
3.045807875159941896e-04,-1.869950503429602950e-02
-5.879997021138510735e-04,-1.870177849664928296e-02
-2.995389857662936705e-05,-6.974666211980737947e-05
6.741956001075133972e-05,-1.791304430393338989e-04
9.817473566960083870e-05,-1.571892968183438179e-04
1.147793462061193757e-04,-2.093156009345589340e-04
-3.547965554567059630e-04,-1.882828525794868688e-02
5.266926035543125851e-04,-1.882675120634068680e-02
3.064192648676577493e-04,-1.895503809055082770e-02
-8.100050495973287745e-04,-1.857759525785225227e-02
-8.013291308222950928e-04,-1.882673388877116952e-02
-8.117561663894326800e-04,-1.832066490066276351e-02
7.482958798396122492e-04,-1.844113900706212741e-02
7.474911422738062102e-04,-1.818310308843185119e-02
1.462635572597471010e-04,-1.872334203089523572e-04
1.685300040361107884e-04,-2.426264620198792684e-04
1.234836602774331757e-04,-1.385622962303185469e-04
-5.825662681588101178e-05,-4.558474237493699858e-05
-1.033833040905620965e-03,-1.845139834958713088e-02
1.725520483892196305e-04,-1.684530863075435177e-04
9.686695752463801712e-04,-1.831154428452540575e-02
-1.423539200504221711e-04,-1.433614612753894113e-04
1.697025365895507559e-05,-6.887267464744877379e-05
3.499306509867651911e-05,-5.427294907833969282e-05
1.245924928224340414e-05,-3.847083409856193691e-05
2.441769870304144201e-05,-2.766765912067763162e-05
4.724103892637832605e-05,-4.261471430140683047e-05
1.311349149817256756e-04,-2.680569435882829447e-04
1.904684229554020724e-04,-3.045393587971222680e-04
1.472160453300703261e-04,-3.333544873373158542e-04
2.120666505248134997e-04,-3.729726425167205527e-04
1.630331572278444143e-04,-4.050610002225155993e-04
2.332559693463685563e-04,-4.477039687708605489e-04
1.786016950504112346e-04,-4.830611700532017332e-04
2.496088708515900177e-04,-5.283518203491672149e-04
1.930476035093774926e-04,-5.672659659852157107e-04
2.687625386936132892e-04,-6.156341031016863627e-04
2.963676533450625844e-04,-4.908189537722163322e-04
2.076754075630797948e-04,-6.575234261281308551e-04
2.931844613910754012e-04,-7.090300120325620462e-04
2.232514744453184487e-04,-7.535336349886079428e-04
3.097328521526069504e-04,-8.075381055884160546e-04
2.372922442909031573e-04,-8.554643023710150609e-04
3.333845347360340898e-04,-9.122947757903887610e-04
3.859559081945021877e-04,-7.625514504050037506e-04
2.524073090450933469e-04,-9.628724472981145966e-04
3.569036856604467628e-04,-1.020462311659882555e-03
2.667086676716259354e-04,-1.075862032612283229e-03
3.654785173988704650e-04,-1.137207340547614952e-03
2.795032072834226417e-04,-1.193913864312326576e-03
3.810298907397284096e-04,-1.258509324502663559e-03
2.924554186706602109e-04,-1.317437215007441183e-03
4.054175785148151387e-04,-1.384796998168196956e-03
3.068841340073221098e-04,-1.445911535343233963e-03
4.320368133874393879e-04,-1.517949111604749305e-03
3.217632691375922334e-04,-1.579827604968591509e-03
4.512007494911191409e-04,-1.654949400628606205e-03
3.354082781208835668e-04,-1.718403662461382266e-03
4.595318588554804431e-04,-1.791340483672545364e-03
3.467664642696261955e-04,-1.860682763696846001e-03
4.814843356731719434e-04,-1.936638690738347671e-03
3.599120044624328028e-04,-2.008096373687838065e-03
4.989574745532278366e-04,-2.086271055554395938e-03
3.725075628236660936e-04,-2.160017912970672773e-03
5.150611837158438960e-04,-2.240245806929544534e-03
3.845668596426839452e-04,-2.316309193243392978e-03
5.309103559315437844e-04,-2.398559790840355203e-03
3.964145251000671501e-04,-2.476851438704230461e-03
5.364281870248294691e-04,-2.553972631162209142e-03
4.063268689506296981e-04,-2.640303910387883229e-03
5.710337755626535743e-04,-2.724302592122255801e-03
4.205634160484813568e-04,-2.809347188459512552e-03
5.688782103367326067e-04,-2.897885883537622623e-03
4.292671929766118445e-04,-2.982423693579110482e-03
5.920702776757328723e-04,-3.072606300302456808e-03
4.414888314618713302e-04,-3.158834669164323466e-03
6.125071972550474560e-04,-3.251031614561679037e-03
4.531790386370258220e-04,-3.338914634202334430e-03
6.149272560337943477e-04,-3.432110419194410022e-03
4.611885247835693187e-04,-3.522305360631483757e-03
6.323167248833186892e-04,-3.620750682200365479e-03
4.727719549836004761e-04,-3.709871338324471305e-03
6.459173066098095658e-04,-3.811405468304091600e-03
4.826312822701268900e-04,-3.900653291615764108e-03
6.514504017120178493e-04,-3.999915676907907051e-03
4.911815448317188425e-04,-4.093706587217120323e-03
6.719284953900016115e-04,-4.193612901366930955e-03
5.024750783497489463e-04,-4.290089832809108536e-03
6.905465292405852740e-04,-4.391780779250948133e-03
5.126097006286789047e-04,-4.489775967464291508e-03
6.927010845229850675e-04,-4.592119436886786706e-03
5.197061620385546536e-04,-4.692216555800063013e-03
6.989014068236617085e-04,-4.795755812249852083e-03
5.287138674345619963e-04,-4.897737241143288595e-03
7.159023282598768858e-04,-5.008261117157884051e-03
5.375978848706836804e-04,-5.106987950663867404e-03
7.214608219810699549e-04,-5.214862293702663548e-03
5.452698230269878432e-04,-5.317591826391262697e-03
7.378068745698639335e-04,-5.429002784608869675e-03
5.553608613471120933e-04,-5.531392464195532266e-03
7.487470819233188425e-04,-5.645879134675680679e-03
5.628599081271337939e-04,-5.747822903450652485e-03
7.530421390385907444e-04,-5.859258709240035626e-03
5.697401146982778971e-04,-5.965650283432107938e-03
7.679142903780013414e-04,-6.080526055515384116e-03
5.793022305538833485e-04,-6.186563901038511122e-03
7.778487567534964932e-04,-6.304541653401376719e-03
5.863178880451994871e-04,-6.408564201751607882e-03
7.820382197206913848e-04,-6.523510905965340667e-03
5.924439512007585729e-04,-6.633990557443458780e-03
7.955638520318376612e-04,-6.752146911089225434e-03
6.015150365120052823e-04,-6.861620422972446696e-03
8.045073167299169117e-04,-6.982749146805304792e-03
6.089113112192101910e-04,-7.091235422881008409e-03
8.089537099718596821e-04,-7.206294857718164963e-03
6.151638006113267516e-04,-7.321246588752911011e-03
8.188492409245797313e-04,-7.437465515629647361e-03
6.215508558555090865e-04,-7.553792642032900947e-03
8.272646602020528300e-04,-7.670944519330179408e-03
6.280810635372485479e-04,-7.788292626943710099e-03
8.347155439416835583e-04,-7.906252777978703059e-03
6.337077232396598481e-04,-8.025671594601763506e-03
8.422599692493399010e-04,-8.143429837654704920e-03
6.365524418467993556e-04,-8.264374845551701251e-03
8.457008456560033503e-04,-8.382146171228418638e-03
6.424884733183202799e-04,-8.502756296753267995e-03
8.522564748561610318e-04,-8.622056784274367142e-03
6.494854833840268092e-04,-8.742767007559448106e-03
8.632881739494401713e-04,-8.863289351588619219e-03
6.560422398914866849e-04,-8.984805680073676415e-03
8.693828094430141673e-04,-9.106125225718367244e-03
6.636255684793119537e-04,-9.228315757083511289e-03
8.762515188946528146e-04,-9.350241442096358241e-03
6.672179042060169237e-04,-9.473116708546912290e-03
8.822296303037984117e-04,-9.595587706484621712e-03
6.720720550516916247e-04,-9.719111507227878519e-03
8.879973459983183911e-04,-9.842108039637437883e-03
6.792538142579232366e-04,-9.966238815367583007e-03
4.730489266431892113e-04,-1.104825795281486316e-03
5.276487071620373972e-04,-1.908178839454581499e-02
7.456615537793831374e-04,-1.895406325294012387e-02
8.948904772697676173e-04,-1.008972754590000201e-02
6.822962028358782894e-04,-1.021445055320308916e-02
8.997659968551985007e-04,-1.033839426591669046e-02
6.866100879288932661e-04,-1.046367062224645185e-02
9.048358033905004941e-04,-1.058805389278105746e-02
6.935382992413870401e-04,-1.071384315484008587e-02
5.552571670045771323e-04,-1.445704698254724353e-03
9.114928939877969512e-04,-1.083863782994654024e-02
6.986552744148034465e-04,-1.096492292673542472e-02
9.159519223490529549e-04,-1.109010508322292275e-02
7.030160507785479171e-04,-1.121685270855049717e-02
9.205671966672441869e-04,-1.134239641546745322e-02
7.072012115592145581e-04,-1.146958352681774415e-02
6.710459133668814731e-04,-2.483517760294468198e-03
9.275784922736538896e-04,-1.159545245426712480e-02
7.088394705926563764e-04,-1.172306888118658692e-02
9.298737140592237566e-04,-1.184924474582018696e-02
7.120137107703832522e-04,-1.197724292772367298e-02
9.363558473854055944e-04,-1.210370162280281943e-02
7.180594742049341674e-04,-1.223055874829551137e-02
9.673646110546174582e-04,-1.805288651712795914e-02
7.458629219281153605e-04,-1.792425887133814594e-02
9.661015471968383223e-04,-1.779368905119228447e-02
7.441991045213174581e-04,-1.766477904604022917e-02
9.648567659250298269e-04,-1.753405320781463786e-02
7.426025900727464997e-04,-1.740492854521975830e-02
9.634033912237306490e-04,-1.727416191639325610e-02
7.410433818107636014e-04,-1.714498011641419142e-02
9.644026572691607015e-04,-1.701415251233108494e-02
7.401092563838816522e-04,-1.688525492081998508e-02
9.610270631526742109e-04,-1.675416402451891662e-02
7.380942414653569438e-04,-1.662491004646128590e-02
9.589553879463861121e-04,-1.649408402233882090e-02
7.361477355669064681e-04,-1.636480537231205581e-02
9.593219054237766023e-04,-1.623405744879858476e-02
7.350194097791702902e-04,-1.610511575123859188e-02
9.559461810571001378e-04,-1.597417905124242851e-02
7.329091000275357462e-04,-1.584496855780231570e-02
9.536795146057741460e-04,-1.571431937884496324e-02
7.307990533986870232e-04,-1.558512479044021036e-02
9.534877896616568514e-04,-1.545460220727532842e-02
7.291327655569569775e-04,-1.532546395702000241e-02
9.500540195427310212e-04,-1.519506125560420376e-02
7.269298028075729884e-04,-1.506573441804109383e-02
9.475588301621570451e-04,-1.493566429928608504e-02
7.248443112026077247e-04,-1.480673244904623029e-02
9.468004652191904565e-04,-1.467655950865096384e-02
7.227034440736032975e-04,-1.454768526023024651e-02
9.432876223059571009e-04,-1.441767337001213095e-02
7.204783829795936585e-04,-1.428889644489107769e-02
9.405400122646383242e-04,-1.415905545272617451e-02
7.181650938077751255e-04,-1.403039944490897147e-02
9.391355309364126866e-04,-1.390074326739925217e-02
7.159060734782002897e-04,-1.377208126836611778e-02
9.355560006159811554e-04,-1.364275425800589442e-02
7.133228896798269464e-04,-1.351384853279049940e-02
9.324685043417730874e-04,-1.338509315196081094e-02
7.106365961315369876e-04,-1.325635157311259166e-02
9.295579763946907031e-04,-1.312789717797058046e-02
7.078972996555061127e-04,-1.299935236429215768e-02
9.263575235902418497e-04,-1.287117456899536730e-02
7.070398278207733200e-04,-1.274227954913552570e-02
9.256923036681907312e-04,-1.261540610797395878e-02
7.271563757980060647e-04,-2.985029282409462723e-03
7.871336588058141289e-04,-3.532857613144722419e-03
8.486010201307122441e-04,-4.107520000461965456e-03
9.628215656218962063e-04,-1.857534845078977551e-02
8.881775641506631193e-04,-4.707995703376487671e-03
9.260554055869807313e-04,-5.335149688386400801e-03
9.586173326672822173e-04,-5.983101962075148932e-03
9.939542978024999090e-04,-6.651636995640328696e-03
3.089754305360322968e-04,-1.920804652840491303e-02
8.996758917285503567e-05,-1.907581662971798153e-02
1.048066467412619735e-03,-8.272083866350008613e-03
4.875004586359799204e-04,-1.159324799364946923e-02
4.812881739234754655e-04,-1.084013474440678401e-02
4.682430936216281595e-04,-1.009089643438226998e-02
4.559647374344351313e-04,-9.351119280328808528e-03
4.361177625882591133e-04,-8.621542291510519984e-03
1.075258315112145521e-03,-8.984636450853077799e-03
4.095457255874382059e-04,-6.975402855232320197e-03
3.912974810347606127e-04,-6.296761296148863790e-03
3.734618430355978813e-04,-5.638117550840047836e-03
1.098195689882557708e-03,-9.718585868816541351e-03
3.549836999348600299e-04,-5.001129286822800744e-03
3.366339723881878469e-04,-4.388693490656386115e-03
3.154516554549287354e-04,-3.803233406729631359e-03
2.935400264725896487e-04,-3.247181244221212723e-03
2.709511976910262705e-04,-2.723570376197348257e-03
1.160464250676394079e-03,-1.377130971987819766e-02
1.117614700386007067e-03,-1.047286835190331528e-02
2.127631133543887916e-04,-1.645793178348117086e-03
1.169297595683824664e-03,-1.454657177572895102e-02
1.854850634859114237e-04,-1.252933965006516230e-03
1.576662962989939035e-04,-9.060119940638304602e-04
4.975209409280236406e-04,-1.415994429724753111e-02
1.286452945573492005e-04,-6.091774610607202274e-04
1.133673583622761853e-03,-1.122583958419986518e-02
5.035122213974339280e-04,-1.493681393430816920e-02
5.092176716120371026e-04,-1.571597006985615136e-02
1.176495605173566916e-03,-1.533407221462541187e-02
5.144528037612585997e-04,-1.649618103915932374e-02
5.191748786035871961e-04,-1.727642610129465420e-02
1.182020037526432471e-03,-1.611329766556371043e-02
1.152438014126571861e-03,-1.198601166922468389e-02
1.186596584162835340e-03,-1.689334898154959408e-02
1.185796954509902787e-03,-1.819238933282873658e-02
-1.024652180231400578e-03,-1.819328729316481430e-02
-8.119237939811119621e-04,-1.806253466170780128e-02
-1.024535585255769441e-03,-1.793464717583578838e-02
-8.132696353747989257e-04,-1.780355861036714976e-02
-1.025495950628047817e-03,-1.767547242460232662e-02
-8.148778839591426298e-04,-1.754415878216213087e-02
-1.027151306151299643e-03,-1.741592390162481283e-02
-8.165246685085179694e-04,-1.728444583085222627e-02
-1.028389872942138059e-03,-1.715610838102988450e-02
-8.180561591058630897e-04,-1.702453446884043958e-02
-1.029913208619941123e-03,-1.689615715892607908e-02
-8.195766762696186751e-04,-1.676452387366606997e-02
-1.031013513581229522e-03,-1.663613573223417935e-02
-8.209843852486672488e-04,-1.650449081173661903e-02
-1.032355533014506221e-03,-1.637613318103581933e-02
-8.223623455660786664e-04,-1.624448155354683496e-02
-1.033284363043193146e-03,-1.611616345705642328e-02
-8.233558388849275675e-04,-1.598407545637605190e-02
-1.034395059596825107e-03,-1.585621834784198617e-02
-8.242601488421236839e-04,-1.572367518184422663e-02
1.418375803671293996e-04,-1.229192261293503047e-04
1.001490501228646866e-04,-9.673431209240003167e-05
1.126609030296205581e-04,-8.442965847982153275e-05
-1.035070426501180207e-03,-1.559634382362659957e-02
-8.253144240505414864e-04,-1.546388675018421990e-02
-1.036005866683610077e-03,-1.533670753052303500e-02
-8.266228173521931446e-04,-1.520477829938363633e-02
2.562049555969440244e-04,-3.439018179944214109e-04
-1.036564362914008976e-03,-1.507732396203392139e-02
-8.278408440853406202e-04,-1.494593317774037082e-02
-1.037348130652662086e-03,-1.481819050153920792e-02
-8.287635591109528957e-04,-1.468687654268394788e-02
-1.037642432453959223e-03,-1.455919857903294548e-02
-8.294982202624334201e-04,-1.442798980313291825e-02
-1.038123693818994615e-03,-1.430046643655106912e-02
-8.301540700159882810e-04,-1.416935232251063242e-02
7.404031413817885928e-04,-1.919538269184948090e-02
9.674219534521425346e-04,-1.909311438192116267e-02
-1.038128864037413373e-03,-1.404199436864383282e-02
-8.306541177399252374e-04,-1.391102648857977034e-02
-1.038325434257261759e-03,-1.378387178336536352e-02
-8.310731103116774255e-04,-1.365303230195712147e-02
9.505009221482505107e-04,-1.934583333617059808e-02
-1.038031291504258689e-03,-1.352608269626135937e-02
-8.310961911089972520e-04,-1.339542390725802223e-02
-1.037881417281073240e-03,-1.326871869152174144e-02
-8.312141766595109544e-04,-1.313822141817648503e-02
-1.037246331420393648e-03,-1.301176087667566678e-02
-8.312580846986575680e-04,-1.288148609100458510e-02
-1.036808242905407551e-03,-1.275530980925445798e-02
-8.311539068283006586e-04,-1.262523439276958155e-02
6.521484863253882866e-06,-1.289605805030089591e-05
-4.216512161695048720e-06,-2.589326122048459205e-05
1.491306112187606531e-05,-1.090942613960073880e-05
6.087591093769434327e-04,-1.873457760292312427e-03
-1.035835755686460380e-03,-1.249934696892080789e-02
-8.309230997055236899e-04,-1.236953652229003109e-02
-1.035042489600320696e-03,-1.224397539802981640e-02
-8.305316834677607066e-04,-1.211442109491011297e-02
6.470956282104361286e-04,-2.170787945443286137e-03
-1.061437552255008578e-03,-1.199334356565950367e-02
-8.337289553989051145e-04,-1.185995225811522016e-02
-1.068060213523040194e-03,-1.174195645800001596e-02
-8.357564607978745742e-04,-1.160723845205361045e-02
-1.063937913602972180e-03,-1.148675558445774389e-02
-8.322309449902083643e-04,-1.135303338996564333e-02
-1.061247138929750922e-03,-1.123359245482473054e-02
-8.332758991512065816e-04,-1.110143560566660519e-02
-1.058884875087916363e-03,-1.098149998596030692e-02
-8.316672459592581871e-04,-1.084977760306989926e-02
-1.047257011765531914e-03,-1.072682609431016738e-02
-8.286270444587894805e-04,-1.059857007892326709e-02
-1.054975301227159198e-03,-1.047827569060546561e-02
-8.290937264075216298e-04,-1.034921494908937895e-02
-1.060237907177538933e-03,-1.023036236330458933e-02
-8.289245581369248956e-04,-1.010075934027298249e-02
-6.127088923091608078e-04,-1.022201092564670004e-02
-1.037094448876206727e-03,-9.978853950993781322e-03
-8.238374498148750245e-04,-9.852584453862419170e-03
-1.045138591207455314e-03,-9.733677568267821295e-03
-8.229400845766961020e-04,-9.606243992202357154e-03
-1.049471723751859613e-03,-9.489325087423573432e-03
-8.221891642367331254e-04,-9.361145594413367022e-03
-6.099968284064061002e-04,-9.479957788220440967e-03
-1.038351768413402210e-03,-9.245016451315627229e-03
-8.158284879242270592e-04,-9.116339824670359124e-03
-1.032500920040469155e-03,-9.001730814954244167e-03
-8.128955118561079565e-04,-8.873459389325806176e-03
-1.027774171561497392e-03,-8.759592371167725100e-03
-8.097144398332038273e-04,-8.631935436788317623e-03
-1.022749547878040776e-03,-8.518813580767236465e-03
-8.062818662252833977e-04,-8.391835715600648449e-03
-1.017643403433424621e-03,-8.279489012532812581e-03
-8.025879137071964976e-04,-8.153227204434954078e-03
-1.012024013332748574e-03,-8.041690411311825520e-03
-7.986278627179929602e-04,-7.916182637597532837e-03
-1.006274469465060720e-03,-7.805491497237289009e-03
-7.943923530683420255e-04,-7.680772018634817420e-03
-9.999895626643449768e-04,-7.570962809616366661e-03
-7.898773321158341016e-04,-7.447071110351984047e-03
-9.935588685093346174e-04,-7.338181440231051310e-03
-7.850719968929001846e-04,-7.215152770940664456e-03
-9.865787419214477796e-04,-7.107221046474438385e-03
-7.799691744279745997e-04,-6.985092046807184901e-03
-9.751885319429035590e-04,-6.875694575757923012e-03
-7.745655205702172037e-04,-6.757056559270171840e-03
1.020476801985049529e-03,-7.333382163351237319e-03
-1.292300187479913020e-03,-1.060919385181908689e-02
-9.710045900645301441e-04,-6.650680252116869876e-03
-7.690388347320048631e-04,-6.531079389264450932e-03
-9.598932578163773708e-04,-6.423617740366128169e-03
-7.628048976577899614e-04,-6.307120231130700777e-03
1.034008511121996179e-03,-7.791335433651541686e-03
-1.278008297709331545e-03,-9.863003828223805905e-03
-9.546722291381694271e-04,-6.202799268987622267e-03
-7.568925330092581526e-04,-6.085637293826603317e-03
-9.430884544182879586e-04,-5.980139892438000003e-03
-7.497839971904563623e-04,-5.865800547331255846e-03
-9.367681860409343263e-04,-5.763800154135067903e-03
-7.431181926079352120e-04,-5.648871204546064735e-03
-9.253669736525985991e-04,-5.546412067327922447e-03
-7.354757865651965218e-04,-5.433906825479484747e-03
-1.230254282187678676e-03,-1.828508856137014971e-02
-1.257821022356961881e-03,-1.857867795794213364e-02
-1.250555671296416657e-03,-1.780999941311067411e-02
-9.173412267929304757e-04,-5.334468364385216640e-03
-7.279962061252989725e-04,-5.221877537128240959e-03
-9.060837810570375331e-04,-5.122817125856939449e-03
-7.197831026568060056e-04,-5.012158665736549286e-03
-1.256121138046590669e-03,-1.729015356581947715e-02
-1.261526377344582457e-03,-1.676964899061294048e-02
-8.962222813948394085e-04,-4.915466059796673969e-03
-7.114424476321372587e-04,-4.805367395312156766e-03
-8.840227596756152070e-04,-4.709133098541830841e-03
-7.024561067570505310e-04,-4.601129415391168320e-03
1.147037622757857275e-03,-1.275537940856324992e-02
-1.266193380277564739e-03,-1.624922484839095085e-02
1.153811142808193252e-03,-1.326439673087699556e-02
4.987797875452526205e-04,-1.210559540979727795e-02
5.015176751926423999e-04,-1.235986093856537155e-02
-8.731154420308947887e-04,-4.507347711605763120e-03
-6.933300382615914092e-04,-4.400027590185054405e-03
-8.600964176171441806e-04,-4.306833435451741868e-03
-6.835837208450351154e-04,-4.201684210948521472e-03
-1.321962075979155353e-03,-1.162215969225017381e-02
-1.267900771397731906e-03,-1.572951204021252186e-02
-1.309841615126341313e-03,-1.111374827828627218e-02
-1.269112338563161855e-03,-1.521034148769607845e-02
-8.481320398123013814e-04,-4.111011330386981147e-03
-6.736567435979467968e-04,-4.006668608409568073e-03
-8.365158580871524634e-04,-3.917702529678203545e-03
-6.652064946863619696e-04,-3.814827701803089402e-03
-5.042361840177052908e-04,-3.905475272327478976e-03
-4.966956970372226601e-04,-3.714971130783888999e-03
-6.537781661733486687e-04,-3.625575271423034894e-03
-4.885521317639026934e-04,-3.527838789547026004e-03
-6.419602689322804296e-04,-3.440211984000790015e-03
-4.800766570612418575e-04,-3.344245567965577377e-03
-6.301528422212920909e-04,-3.258459126236655252e-03
-8.112837262351945853e-04,-3.540402573007729158e-03
-4.712882164534805103e-04,-3.164241431258029650e-03
-6.175829649632582621e-04,-3.080331782719547985e-03
-4.621467867103996549e-04,-2.987907528422657343e-03
-6.049207716704422828e-04,-2.905934288976299261e-03
-7.773036661245874774e-04,-3.175543763763872748e-03
-4.526705994195158824e-04,-2.815350482531845527e-03
-5.914833058597592473e-04,-2.735354632884779476e-03
-4.428246686867116076e-04,-2.646671887012240747e-03
-5.779272175162046988e-04,-2.568722064570861958e-03
-4.326291946305107854e-04,-2.481982290089052804e-03
-5.637653571594930958e-04,-2.406130930605308773e-03
-4.220773883179504177e-04,-2.321400541084319216e-03
-5.493100460692160528e-04,-2.247711875580353773e-03
-4.111385879315486262e-04,-2.165037942036308199e-03
-5.342077566747645972e-04,-2.093565360791083997e-03
-3.998228603023397647e-04,-2.013013939853548415e-03
-5.187771979622494544e-04,-1.943819807099455470e-03
-3.881063004091855244e-04,-1.865445932855217632e-03
-5.026994422858207124e-04,-1.798587472706498222e-03
-3.759984099449922867e-04,-1.722455069801957523e-03
-4.862615258129264419e-04,-1.657997235485350216e-03
-3.634738011783263806e-04,-1.584161470516167423e-03
-4.691624234384958740e-04,-1.522159752443789493e-03
-3.505504689641475002e-04,-1.450694649137832014e-03
-4.522791669712365173e-04,-1.391304128662742895e-03
-3.372872043525684208e-04,-1.322181860102620383e-03
-4.342812071932866278e-04,-1.265363436412363096e-03
-3.235510553062131067e-04,-1.198729200867488598e-03
-4.150699545484391045e-04,-1.144318843031492125e-03
-3.092690357745219451e-04,-1.080447267241707067e-03
-3.965513140352113874e-04,-1.028780747789746113e-03
-2.948936642360151599e-04,-9.676295559318232693e-04
-3.762723200119862891e-04,-9.187498871731251742e-04
-2.802520081246675913e-04,-8.603094910407027476e-04
-3.570972877803535428e-04,-8.142696342502453747e-04
-4.781199805110361275e-04,-9.812913965283576959e-04
-2.641525393955404142e-04,-7.583840804112236544e-04
-3.362983387221721212e-04,-7.153013948129133747e-04
-2.481186143845986688e-04,-6.621080713074857516e-04
-3.136962987230483861e-04,-6.227544687114505055e-04
-2.314297122697985443e-04,-5.718858629622068515e-04
-2.914445480005850922e-04,-5.355610950937100779e-04
-2.144411987123516429e-04,-4.876457395487427044e-04
-2.695037882533897369e-04,-4.537001337501473741e-04
-1.970759025072358077e-04,-4.094171309667990651e-04
-2.465357340655465585e-04,-3.787368228240321224e-04
-1.792279246678499217e-04,-3.375961206203372976e-04
-2.231934607222276509e-04,-3.102315998227355939e-04
-1.608109433361078775e-04,-2.722050441206879247e-04
-1.959331170198238669e-04,-2.471210830363984438e-04
-1.402619405917392658e-04,-2.124965680066396678e-04
-7.439097070461424006e-04,-2.826200270871178852e-03
-1.269779383418402673e-03,-1.469193867294623507e-02
-5.179435248593094272e-04,-4.295775741547191648e-03
-5.312007423867217684e-04,-4.698300627749053132e-03
4.274798138896260279e-04,-7.906987899129361980e-03
-5.432635423829951715e-04,-5.112215229112039051e-03
-7.092770252045790032e-04,-2.492449610397566139e-03
4.180970315180847783e-04,-7.436714683152572357e-03
-1.269951313743869058e-03,-1.417449085033574072e-02
-5.541676026229705627e-04,-5.536765281172970239e-03
-5.639952335539333240e-04,-5.971253807570246069e-03
-1.269997692185279503e-03,-9.130046054713696416e-03
-5.725616018657119681e-04,-6.414879645554948974e-03
-1.265778110023427173e-03,-1.365870556353968208e-02
-1.256681874220089926e-03,-8.646123051453864089e-03
-5.803543234188007945e-04,-6.867102867254443535e-03
-6.731823418305792842e-04,-2.178233613887834135e-03
-5.872146559746803558e-04,-7.327284120971653582e-03
-1.241878845573509945e-03,-8.167605866705208995e-03
-5.931925348715067674e-04,-7.794760331871280860e-03
-1.264215267724250712e-03,-1.314403726669211361e-02
-5.983118258834803360e-04,-8.268922610256209879e-03
-1.225548525948164493e-03,-7.695341708915521411e-03
-6.035165628477595157e-04,-8.749627768143069390e-03
2.759778328188539770e-04,-1.223317198454358136e-02
-1.207610114064620399e-03,-7.229912938786903047e-03
1.152220051266676258e-03,-1.224423041404909020e-02
-1.261840175710440522e-03,-1.263119784111855527e-02
-1.865715397194040023e-04,-8.041424876364931286e-04
-6.337046576186614738e-04,-1.878368261257578773e-03
-1.187170807389695010e-03,-6.771453097643940870e-03
-1.165866190769541651e-03,-6.321547721153435856e-03
-1.242347081301941941e-03,-1.216917241195526050e-02
1.840310025722273165e-04,-1.455160226072553357e-04
2.276452374787941502e-04,-2.021204597288919953e-04
-6.138782837630254400e-04,-1.072097121375737566e-02
-1.786082614395660901e-04,-1.187776947089215111e-04
-1.142746042022555831e-03,-5.880372345913777686e-03
-2.164237680839816824e-04,-1.610323343448425554e-04
-1.944399294314384959e-04,-1.747965678639924400e-04
-6.149724833235810069e-04,-1.122455145071400533e-02
7.679672186349266114e-05,-6.169697908124583319e-05
8.483073197542895824e-05,-5.396271983679902355e-05
5.458524211500549386e-05,-3.461645708562173464e-05
5.492461556428362583e-05,-2.732178044050132584e-05
1.239196109358966299e-04,-7.711837748944245792e-05
2.868477533347100155e-05,-1.639715835960605349e-05
-6.501406892308903571e-05,-3.252997965056069168e-05
-2.962515197159945715e-05,-1.085374158335058240e-05
-3.795719239610341223e-05,-1.610007838136841407e-05
-6.426948965611019131e-05,-3.776046016759182744e-05
-3.787582805527448080e-05,-2.108761643844148377e-05
-1.896848356081232855e-05,-9.706114778937070166e-06
-3.283601430036541186e-05,-2.845625574495306724e-05
-1.443947537192326772e-05,-1.522706483209978872e-05
-4.689289709683619944e-05,-5.599641105476855558e-05
-2.239077112555804835e-05,-3.892666704188133155e-05
-1.396212578071249913e-03,-1.912337928098537670e-02
-1.174709498366145136e-03,-1.925049735201512721e-02
-1.204174122298032942e-03,-1.953104052196407217e-02
-9.632918535724235886e-04,-1.938262969712489792e-02
-9.518480454849586117e-04,-1.912512360558043731e-02
-7.385781177498920193e-04,-1.928045942211720210e-02
-5.003221631893934067e-04,-1.941147547606178123e-02
-5.307536419894479498e-04,-1.918174046266716767e-02
-2.883186950584996065e-04,-1.931092736333062804e-02
1.185643211595665148e-03,-1.767169041138828833e-02
-1.117866980810406329e-03,-5.448701268486000164e-03
-6.152484742944074481e-04,-1.173080612301619433e-02
2.465493624355501461e-04,-2.235982340622943987e-03
-7.086860318065302972e-06,-8.669907568015870476e-05
-5.919997781042531841e-04,-1.597273196506565109e-03
-1.163969211951427921e-04,-2.993821518935847335e-04
1.406585552575816611e-03,-1.886252059546379700e-02
1.183721295906460785e-03,-1.871600553057875538e-02
-8.901084971021564450e-05,-1.810116472739168843e-04
8.109406324124396749e-05,-1.857190386827233669e-02
-1.397751137755737292e-04,-1.870093125549182611e-02
-1.220601761120981377e-04,-1.895000672403778647e-02
-1.091041768411359558e-03,-5.027179021327826333e-03
-1.408244073063174770e-04,-4.430600970748468080e-04
-6.149998781776416876e-04,-1.223985914240448628e-02
-1.638653837146781048e-04,-6.116244718843252999e-04
2.297471972727129028e-04,-1.931965625356004074e-03
-1.061968159905118383e-03,-4.616348969107312780e-03
5.177263403493827200e-04,-1.931667200394922984e-02
3.333385677301005877e-04,-1.946522741128072984e-02
-6.175629333561459390e-06,-2.408832178821089774e-06
-2.155234227277751915e-04,-1.134542283764544517e-03
3.005928088901752438e-04,-1.792615953792420572e-02
-2.338335823290850133e-04,-1.381476350481937281e-03
-2.509695608392621051e-04,-1.648460660356337350e-03
4.840274307467386174e-04,-1.184926727500991428e-02
2.655567662955675987e-04,-1.172054419028277332e-02
-2.669324331035849494e-04,-1.934496106871965880e-03
-1.173491141174402928e-03,-1.899334752343787708e-02
-6.142561444774755379e-04,-1.275131021477990401e-02
-2.817518455319216117e-04,-2.238598702541333332e-03
-1.030767889902895655e-03,-4.217109786866195600e-03
8.670287717197514910e-05,-1.882553654195173731e-02
-2.954661825137432475e-04,-2.559828261724973394e-03
-3.081143150911043157e-04,-2.897248681378689419e-03
-5.734376184506499129e-06,-5.230822594205657622e-05
-3.197894800926936380e-04,-3.249963115932695979e-03
1.407100931554889321e-03,-1.833355351818482387e-02
8.122089640905187083e-05,-1.119749955978736021e-04
-2.900784568983380486e-04,-2.648140297386958157e-04
-3.305086096076598982e-04,-3.617147275920269082e-03
-3.688996584474567753e-04,-1.805891468750574561e-02
-9.979864349339993747e-04,-3.831253547252121399e-03
-3.399180456125027957e-04,-3.998040087851592768e-03
-6.130769865948542579e-04,-1.326483417303977140e-02
-3.606478613880479854e-04,-3.956181006535851633e-04
6.415252769507465375e-05,-7.368333748521553356e-05
-3.725076831841173542e-04,-1.754013278051911456e-02
-3.756796744508035480e-04,-1.702021310260776188e-02
-3.786630965361616088e-04,-1.650003662656977094e-02
-5.104639959180206406e-04,-4.099143702102383581e-03
-3.485109912808900096e-04,-4.391558888337364873e-03
-5.242128965291241883e-04,-4.495580442368941713e-03
-3.564465610729602909e-04,-4.797071401870728509e-03
-5.369181219388116395e-04,-4.903896757216813160e-03
-3.635196161621706296e-04,-5.213809224688838520e-03
-5.484222143310520537e-04,-5.323208850455623739e-03
-3.697784764471487382e-04,-5.641005141584422289e-03
-5.587507988059240783e-04,-5.752932170575631408e-03
-3.751670961109068660e-04,-6.077908672528868454e-03
-5.679391736468875030e-04,-6.191947995507264026e-03
-3.808312106858574185e-04,-6.523624850839190338e-03
-5.763668442880567075e-04,-6.639870195404145962e-03
-3.838544465232369930e-04,-6.978247459000151177e-03
-5.835306312765111726e-04,-7.096167937709850319e-03
-3.873748870684379729e-04,-7.440363101362377010e-03
-5.899204196174538109e-04,-7.560282188629918743e-03
-3.903237995171701712e-04,-7.909609591974101420e-03
-5.954964256942136495e-04,-8.031175791062340405e-03
-3.928662266209227271e-04,-8.385437668321537794e-03
-6.004567991901251824e-04,-8.508539027682039679e-03
-3.953705052604750917e-04,-8.867056731017858989e-03
-6.052885258622150424e-04,-8.991549814596839357e-03
1.181868714637689067e-03,-1.637331273525580860e-02
2.035624699919547922e-04,-1.510102697515255769e-03
-3.813004283954237340e-04,-1.597937963631917285e-02
1.185922793593022521e-03,-1.715345193623913495e-02
1.176902885915205848e-03,-1.559373653944018737e-02
2.627888739860035966e-04,-2.557332870620376841e-03
1.266145341177989168e-04,-2.638934442837900796e-03
2.546369905787079606e-04,-2.394412566429767950e-03
2.861083764792938448e-04,-3.068955104633617689e-03
1.398654518863652987e-04,-3.157339676774324842e-03
2.789332157035848028e-04,-2.894165905244264723e-03
1.170807518049705185e-03,-1.481382267129494057e-02
3.084083053304241171e-04,-3.614464321805377876e-03
1.525292160148249132e-04,-3.708118661942655901e-03
3.006814051139127561e-04,-3.428859593199740877e-03
3.293963704339383271e-04,-4.190399914584022265e-03
1.649173104602121378e-04,-4.288998440302882291e-03
3.204785927703608086e-04,-3.995200102706061504e-03
1.163457709512460189e-03,-1.403765684278993758e-02
3.491632647218033880e-04,-4.794085907855093198e-03
1.759031494435195028e-04,-4.897005115006065716e-03
3.402635558659292863e-04,-4.589874086972412642e-03
3.684467037405658512e-04,-5.423168467730761153e-03
1.874292683234842242e-04,-5.530100129037396686e-03
3.585282652497798705e-04,-5.210802741957673741e-03
3.869224247933509869e-04,-6.074890987532965449e-03
1.993166958484299028e-04,-6.185627819684770545e-03
3.764567371632403909e-04,-5.855232481438765735e-03
4.031570497459833905e-04,-6.747011156436910108e-03
2.086697897265402969e-04,-6.860373998470072586e-03
3.917747935858704729e-04,-6.520758918427288844e-03
4.137075354659273236e-04,-7.205106050526405292e-03
2.172683677240178286e-04,-7.553114558503948479e-03
4.219041505795152378e-04,-7.671067823856066864e-03
2.219407397514810249e-04,-8.025696307170655797e-03
4.270135192030925331e-04,-8.146520446906595908e-03
-6.106395355656019097e-04,-9.726608296630695136e-03
-6.121344448476836097e-04,-9.973718713486769138e-03
-3.989995229922135888e-04,-1.009540249449854613e-02
-6.135027440099382213e-04,-1.047126890061715089e-02
-3.975177362941392204e-04,-1.084306330529050469e-02
4.529859617840073494e-04,-9.106955814708087363e-03
2.432002809618298404e-04,-9.229298878173020776e-03
4.383659016918402479e-04,-8.863465438706762817e-03
2.270376422143758374e-04,-8.741555848212756788e-03
-6.146336668725466135e-04,-1.097232928909988234e-02
-3.968364991738901771e-04,-1.134695228989654123e-02
4.656907952719854674e-04,-9.843241615131328656e-03
2.522427550684083666e-04,-9.967495895799607930e-03
4.502819961997125866e-04,-9.596519900488773361e-03
4.775293283175958492e-04,-1.058946158467937923e-02
2.600324070538070497e-04,-1.071489943712030865e-02
4.613053926309790146e-04,-1.033961301549980727e-02
4.885347934440145874e-04,-1.134405580627492229e-02
4.827990212999471679e-04,-1.109110340374712227e-02
3.347084957245260659e-04,-3.399994774211582797e-04
1.354092055615928845e-03,-1.136255469994089731e-02
7.309731638939845344e-04,-1.813754310017777179e-03
6.277598376968655195e-04,-2.021583893711626379e-03
7.805184826325347507e-04,-2.110009671694394479e-03
6.648375851113365971e-04,-2.330927806479892849e-03
8.334121289549043269e-04,-2.446220069544191838e-03
7.837593531640242583e-04,-2.598369896528693844e-03
7.289312890629575346e-04,-2.729019018786118557e-03
-4.286084534440362526e-04,-5.525443638747678556e-04
1.338313893981571542e-03,-1.061785755344615834e-02
6.094735816249392075e-04,-1.165464851075711378e-03
5.440058437663148130e-04,-1.236547401005858460e-03
5.694567736567268754e-04,-1.045515981550650120e-03
4.462999322428439462e-04,-9.600816642445667926e-04
4.599962549245777089e-04,-8.563552681795409075e-04
1.248847297102384773e-03,-7.698702924290808797e-03
1.046498386901510052e-03,-8.029191692385469897e-03
1.320890478539293606e-03,-9.872003356065405313e-03
1.187955244379129433e-03,-6.546871481423906063e-03
1.208902192016764448e-03,-6.777395262887407450e-03
1.001985361760862527e-03,-6.877650640967348551e-03
1.173346100291677331e-03,-6.105620500183552533e-03
9.839167254928325203e-04,-6.210373086168290320e-03
1.142285844682798361e-03,-5.885796321998312992e-03
1.108075426869354349e-03,-5.237597109041200634e-03
1.133664774961521977e-03,-5.454228448001503284e-03
9.506129031328939757e-04,-5.555129662828475062e-03
1.081121284961987375e-03,-4.823171067977308039e-03
9.132171150864072228e-04,-4.921762310595055416e-03
1.066967741130181360e-03,-4.614418406905657945e-03
8.806472458478420027e-04,-4.501783855733359693e-03
8.733670635105615036e-04,-4.302081957600950059e-03
1.013686094663128435e-03,-4.022090587705182997e-03
9.846791189381549209e-04,-3.645696863145683319e-03
8.283228213545590617e-04,-3.732943324829695979e-03
9.496903271335124406e-04,-3.457948128893286854e-03
7.845158047952033049e-04,-3.352504457630025962e-03
7.952691897320438019e-04,-3.166416282973804567e-03
8.924959894435020510e-04,-3.026439588896103015e-03
-8.849567696984662066e-04,-2.754350936963706736e-03
-7.620027251494513503e-04,-2.998775408735408331e-03
-4.921779430799870427e-04,-7.321408364855531807e-04
-6.397001193006250338e-04,-1.281778289595666585e-03
-9.263570683505749229e-04,-3.099053908169808937e-03
-7.953787051061486126e-04,-3.356595825921129209e-03
1.257506947974813697e-03,-8.166090949783997091e-03
1.258642189104058938e-03,-8.403833791826860466e-03
1.230426029199486538e-03,-7.235452416812939054e-03
1.031079878054872584e-03,-7.562664201093700911e-03
5.026281892718824276e-04,-7.372576167309422002e-04
4.330998979373521266e-04,-5.595995901698433677e-04
3.938711465544867643e-04,-6.085043784611054996e-04
4.049629949685569020e-04,-4.857352247426061954e-04
-9.665106531867551868e-04,-3.459913963203681969e-03
-8.252839194723557903e-04,-3.726997707258110273e-03
1.300570326051108446e-03,-9.136090228595477106e-03
6.688647838033986211e-04,-1.412170076521226123e-03
6.915876751045150605e-04,-1.538471383262364359e-03
5.803339391754673646e-04,-1.597809903711750129e-03
-3.847341536916279122e-04,-1.545911504047623418e-02
-3.865397355608256075e-04,-1.494131018237129273e-02
-3.888511932060675805e-04,-1.442324325087808792e-02
-3.908376630571950856e-04,-1.390617483049277035e-02
2.715469416173153750e-04,-1.351443538738443702e-02
2.686704168745815543e-04,-1.299981049750340359e-02
9.336509211272873542e-04,-1.236137257258920243e-02
-3.965616370757763290e-04,-9.599442270775080874e-03
-3.979682682974859079e-04,-9.354158010517874336e-03
1.174796092585318134e-04,-2.313168467048389541e-03
-6.151886894231432682e-04,-1.147705416338845076e-02
8.186286579478930635e-05,-1.190028844424596745e-03
3.583642208328823622e-05,-2.631373498027133641e-04
-7.269580467260794822e-04,-2.657657069310626584e-03
7.450513796286280591e-04,-1.869902787499155838e-02
1.066457696008442325e-03,-8.750764052756401096e-03
2.382762986577560715e-04,-2.081586011211537628e-03
2.288663568786882636e-04,-2.788357466872395550e-04
2.804766341578733384e-04,-4.149848525639378196e-04
4.532151318820456658e-05,-4.003660639910847649e-04
-3.959895453824654999e-04,-1.185384565064055186e-02
1.086503426044789511e-04,-2.004452810767533288e-03
3.106569381768010187e-05,-2.043018661188676470e-04
-6.143046216012131890e-04,-1.198440095304230922e-02
-1.305833008185577383e-03,-1.036234765508173630e-02
1.983066546906043365e-04,-2.201993924475175953e-04
2.214366962947384593e-04,-1.786772386742868255e-03
6.819791848170038884e-05,-8.512098933682746629e-04
-3.948072171297624150e-04,-1.236406397352678502e-02
-1.965492215298423944e-04,-9.088269802503815735e-04
-1.020391321716017808e-03,-1.869780605384453731e-02
9.985459014401375840e-05,-1.713929982390466605e-03
-5.900155100358758873e-04,-1.819015723383865524e-02
-6.146931841540398140e-04,-1.249512121364089109e-02
4.952488799994834382e-04,-1.390210845594107465e-02
-1.629504974912122375e-04,-1.295480664830237578e-04
9.539858635942420108e-05,-1.575679526924119323e-03
5.442919986967615167e-05,-5.628625826731595240e-04
7.804395703787775070e-05,-2.346191564027159580e-04
-3.935559237362921243e-04,-1.287648563160150028e-02
2.775709768343653360e-04,-1.248728423594010033e-02
-8.414907081105577882e-04,-2.425138917898931202e-03
2.252243955462219466e-05,-7.427726516653029469e-06
5.239173008682642676e-04,-1.805450693476981505e-02
1.290168262326180917e-03,-8.888436486461835651e-03
2.624256000255918708e-04,-1.096563844344707050e-02
1.941944569332811066e-04,-1.378675524620676107e-03
2.486161791374116165e-04,-1.021500006361019883e-02
-6.137558084122110959e-04,-1.300761017054802120e-02
2.403114888619108558e-04,-9.473499125329524345e-03
4.904547667396225077e-04,-1.286962010272993395e-02
5.013840039202325290e-04,-1.467809667593247304e-02
8.632333121501566684e-05,-1.313687825292600333e-03
2.119475435696441387e-04,-7.089499894847609181e-03
-1.289965429406099125e-03,-9.619637597025887388e-03
-6.087810053397319909e-04,-9.235568936805785278e-03
4.897719418683936727e-04,-1.312762077471513536e-02
1.983138419130748837e-04,-6.407980967666837904e-03
-3.973258580380635281e-04,-1.034350587778409131e-02
-3.921982212941160220e-04,-1.339048859703844546e-02
1.878798302057425938e-04,-5.745689545701302726e-03
8.854225119794354305e-05,-2.966776395157201844e-04
1.770430235329965071e-04,-5.104930951476750398e-03
1.661621791697950477e-04,-4.488200093775759209e-03
1.763089950054350531e-04,-1.131659195093006557e-03
1.540203840970246862e-04,-3.897903529083334307e-03
1.425430088055097818e-04,-3.336796554670615807e-03
1.308685625450049035e-04,-2.807574032670038730e-03
4.914247254365403366e-04,-1.338509431702315788e-02
-6.134252159374280026e-04,-1.352216062011721807e-02
1.671802300955183040e-04,-1.015941333554874499e-03
9.888845300318733589e-05,-3.652843002151086945e-04
4.934281689606417757e-04,-1.364322897836078678e-02
5.072479353451258459e-04,-1.545549259697196962e-02
7.267140636983870818e-05,-9.586388347661536002e-04
-6.132801032125833468e-04,-1.378011173630924041e-02
2.750470920272605384e-04,-1.403133840166170473e-02
1.480883454421917200e-04,-8.010389299497112144e-04
-2.695618851142191443e-04,-1.954761801154758505e-02
2.768839681994275442e-04,-1.428956186445796452e-02
5.226005971901024000e-04,-1.779536707880465321e-02
1.090828773809673685e-04,-4.402415264080575133e-04
-6.125496197273460394e-04,-1.403830181003575678e-02
1.383083474930510621e-04,-7.020264071189436092e-04
-6.910039613575460170e-04,-2.333013079119025234e-03
1.189648827144943214e-04,-5.214775155830930460e-04
4.996495675301448544e-04,-1.441830009777064422e-02
1.081208023351280930e-03,-9.228044518521638304e-03
5.896470882651167335e-05,-6.532213912565968360e-04
5.129060991679013602e-04,-1.623576810754507813e-02
-6.117300774114590783e-04,-1.429681357444748807e-02
2.804276967382583188e-04,-1.480793881133282176e-02
-5.018428192753440287e-04,-1.094135678056050529e-03
2.822219750225453210e-04,-1.506685471956351399e-02
-6.108287651668084951e-04,-1.455561689673141867e-02
-5.916120776842251957e-04,-1.793120642194893227e-02
5.178926606462246236e-04,-1.701591362327390874e-02
5.054661651141912964e-04,-1.519608939457975719e-02
-6.098470868221474031e-04,-1.481467646403359512e-02
2.856637653948509254e-04,-1.558646229457611755e-02
2.875849314476142593e-04,-1.584632120757789586e-02
-6.075315260174434916e-04,-1.507317281087351170e-02
5.111315363133738746e-04,-1.597575281029161784e-02
-7.939852976798624038e-04,-2.110462218311334737e-03
-6.057033048397928105e-04,-1.533181770252409898e-02
2.908699800106786431e-04,-1.636662026458046357e-02
1.089452266614231645e-03,-9.475295552800154508e-03
5.213881162388435452e-04,-1.753594780148177643e-02
2.971393787399013954e-04,-1.740672991378960227e-02
2.927139011949958535e-04,-1.662690426367284882e-02
-6.045091906044513120e-04,-1.559118592728621702e-02
2.957084129811797936e-04,-1.714656230983830840e-02
5.163096486394876681e-04,-1.675591670756268470e-02
-6.034587871861272308e-04,-1.585161594737840088e-02
-5.946619910182525046e-04,-1.767250094257516099e-02
-6.030381379448164535e-04,-1.611238352407357369e-02
4.235863419161507671e-04,-8.384881785086454459e-03
-6.021485094949190686e-04,-1.637268353801211995e-02
-6.007337523809941999e-04,-1.663275005963828906e-02
-5.961235160629308307e-04,-1.741272344766811933e-02
-6.538912339934366920e-04,-2.026098609964520781e-03
-5.976828269125020014e-04,-1.715283452910419670e-02
-5.992241312284196045e-04,-1.689280718003298085e-02
1.316547806414671744e-03,-9.623198686683124767e-03
1.371079138395231130e-03,-1.263989342535537172e-02
3.463050236080811328e-04,-6.571171311547683918e-04
1.152565877618388695e-03,-1.301248159081255275e-02
-7.454255349943386243e-04,-1.815119445823803242e-03
1.101872119240834922e-03,-9.968198026936979719e-03
1.379060801878850958e-03,-1.315152546230533015e-02
-6.133330441363213110e-04,-1.735563215342482641e-03
1.158819344393490890e-03,-1.352312894936441232e-02
1.109940699106121099e-03,-1.021988238683188208e-02
2.690344748163993327e-04,-1.146557032743630335e-02
1.390137661417020169e-03,-1.367150847706487954e-02
-6.940715340586666371e-04,-1.538839888096291131e-03
1.333738004542673206e-03,-1.036338077722422438e-02
4.860573528984910539e-04,-1.310088113651168172e-03
1.386831478748943962e-03,-1.391975325951562079e-02
-5.687498349905631412e-04,-1.462701453943530180e-03
1.167313752676913102e-03,-1.429747181667499582e-02
1.121389352173196834e-03,-1.072128112033356347e-02
5.839241116814773138e-04,-1.731714063955598496e-03
1.398343911609878755e-03,-1.444626619946900829e-02
-5.464967531911081632e-04,-1.334401386146487865e-03
1.130587925406119961e-03,-1.097708145586386540e-02
2.239524298636194177e-04,-8.501875971823481815e-03
1.394223280361938950e-03,-1.469540665263560295e-02
9.897384623355794781e-05,-1.935348754212512859e-02
-5.234368738551982252e-04,-1.210983759660130702e-03
1.174290120225678514e-03,-1.507606909022760414e-02
1.348917155884081726e-03,-1.111254473914500933e-02
1.402662256144848437e-03,-1.522076072669743818e-02
7.142566283180778238e-04,-1.248592183213068432e-02
-5.862667468045551543e-04,-1.047800880709090932e-03
4.953517173674994905e-04,-1.261236129640018293e-02
1.136636590066335099e-03,-1.147450249997249670e-02
1.399682839862655083e-03,-1.547474946415962685e-02
-5.543786039728618598e-04,-9.360175083367515241e-04
1.180027130976716394e-03,-1.585514740185436575e-02
1.146389756165297090e-03,-1.173303309032665970e-02
1.407836007722557603e-03,-1.599972792775920458e-02
8.230247421554591578e-04,-3.915138677235830214e-03
-4.514552842599680151e-04,-8.731938922670747600e-04
1.406342167171874095e-03,-1.625646504614724347e-02
1.370210149670615489e-03,-1.187497866673358805e-02
1.383731361986681755e-03,-1.939139322608246507e-02
6.418145428640050420e-05,-3.236419009922797537e-05
-4.250373206786790489e-04,-7.709008060378265805e-04
1.184757575040736206e-03,-1.663500707969715539e-02
9.018891630110537766e-04,-5.121070944587853384e-03
1.369455832662237011e-03,-1.212578759972045804e-02
1.411888762820825201e-03,-1.677969422675537961e-02
-3.987098081457202321e-04,-6.750130186311127352e-04
9.354178273430624599e-04,-5.761285599929453008e-03
1.409873765206980968e-03,-1.703660450867840875e-02
9.738161849218603377e-04,-6.423870959428310164e-03
-1.181995715331137479e-04,-1.596732281025224805e-04
-3.726217355015778911e-04,-5.857791405555319792e-04
1.191014029961940052e-03,-1.898594463569249630e-02
1.187735361457874141e-03,-1.741488098493987682e-02
1.035109389468777744e-03,-4.215660875964190486e-03
1.171296574089962256e-03,-1.922697206818603857e-02
1.013289633880935705e-03,-7.105795456111907611e-03
1.410625912542089839e-03,-1.755597113925455588e-02
9.659412644297092490e-04,-1.883725587401000739e-02
-3.445176789966115081e-04,-5.008450767158344023e-04
1.189121552756594634e-03,-1.793451476531542424e-02
1.011848583587100390e-03,-1.957451153810325570e-02
1.407920107737977398e-03,-1.807344347919670469e-02
-3.161308733146813918e-04,-4.225153651884346029e-04
1.185205050811267242e-03,-1.845447489014024819e-02
1.057072554420191443e-03,-8.511713589849000117e-03
-2.868380754764395858e-04,-3.505260049056978483e-04
-1.681291512413506226e-04,-1.904627457030456386e-04
-2.576428376581855833e-04,-2.854681855613004139e-04
-2.259629672211790874e-04,-2.257407509557893776e-04
1.150065221387222385e-03,-1.249944451400980885e-02
-5.672660482048224847e-04,-1.894612554198708138e-02
5.100103001050169625e-06,-2.111178284827975346e-06
5.572862178707930656e-04,-1.954642805282246973e-02
1.026609573949843459e-05,-2.909152297437606120e-06
8.157807306814652019e-04,-2.876857560277156292e-03
5.357170631383655285e-04,-8.358043818505108422e-04
-3.600382005130442780e-06,-1.037500665906717765e-05
3.517438554906884585e-05,-1.653903652703635847e-05
-1.092579378383101181e-04,-1.918319343504892860e-02
-1.679559535869606633e-05,-4.908422171990746006e-06
-9.791244362644222106e-04,-1.959776332580963690e-02
-3.202397576978080820e-04,-1.907329652720827703e-02
-4.959912096201867567e-04,-1.961467849001638508e-02
-7.924936967804229070e-06,-1.733750250329863618e-06
6.821581244207830129e-04,-2.841843168884734469e-03
-1.156656343074626318e-04,-1.939272456556722854e-02
-1.470487286128316275e-03,-1.859144517212727582e-02
-7.623858440988891738e-04,-1.904799449441228407e-02
-1.448519596277926666e-03,-1.835581880803678970e-02
-1.431359822440804149e-03,-1.958038456324885657e-02
-2.981566974137371355e-05,-1.335605176089087224e-05
-1.188356409155061832e-03,-1.805960218837031686e-02
-9.857734242621288018e-04,-1.891856989467908742e-02
3.844990974404837478e-04,-8.615812057378429301e-04
-1.465065905911717157e-03,-1.782171337417366025e-02
6.941981632294119036e-05,-3.537926419537336370e-05
-1.192762990910352242e-03,-1.754999578612412292e-02
2.921521776122057562e-05,-1.348478397144746932e-05
1.448763017783805725e-03,-1.959425413702979221e-02
-1.467144196838941934e-03,-1.730136810937467698e-02
-1.186463197959296972e-03,-1.880128029205615711e-02
1.497448021508065205e-04,-8.810470913857121041e-05
-1.195233959701951345e-03,-1.702750041790038193e-02
9.480687593374282664e-04,-2.910204973666595269e-03
-1.468578379942388212e-03,-1.678110462011956835e-02
6.586238009018820314e-04,-2.613420317313775495e-03
1.487178802766153055e-04,-1.086963856602208986e-04
-1.195915331915283538e-03,-1.650745482645495782e-02
4.624047891503603198e-04,-7.738384461824129564e-04
-1.469479278975510759e-03,-1.626105421960559114e-02
2.296316203803581665e-04,-1.684598222538734498e-04
-1.196224725024197652e-03,-1.598754512038518330e-02
2.695677167481991114e-04,-2.152902471844402683e-04
-1.469858836491141213e-03,-1.574137362423218625e-02
-1.196102556513121929e-03,-1.546805411907991278e-02
2.442942645057655866e-04,-2.549297338119858782e-04
-1.469679079625972259e-03,-1.522224390463180164e-02
2.772314344968795723e-04,-3.091020612985387371e-04
-1.195489929442148345e-03,-1.494920315230079642e-02
3.076262522759761766e-04,-3.809101399876222804e-04
-1.468874973051493334e-03,-1.470387105518856756e-02
3.372015680862973765e-04,-4.539252830058113737e-04
-1.194326953363420438e-03,-1.443121546642738874e-02
1.832893432801499653e-04,-1.959678125451026071e-02
-1.467373320562464925e-03,-1.418648628081120924e-02
3.202984451394480362e-04,-5.704102951111284956e-04
4.262840822315685325e-04,-6.953759831200130538e-04
-1.192552626246625239e-03,-1.391433653635199864e-02
9.632730603743159571e-04,-3.148171705641687832e-03
-1.465100416372743354e-03,-1.367034603895824103e-02
9.135495332041586054e-04,-2.594373140973872845e-03
-1.190105612808517585e-03,-1.339883354274137156e-02
-1.461981167851703891e-03,-1.315572821655102732e-02
1.153419809578425711e-03,-1.942440318441642638e-02
-1.186926153420698495e-03,-1.288499966454116977e-02
7.023965256772112756e-04,-1.938341436592437572e-02
-1.457937344283557037e-03,-1.264293585406133999e-02
5.860838201143611257e-04,-1.340721993201484394e-03
3.651327729874561615e-04,-5.281450484044817499e-04
4.432613753096956719e-04,-1.203047199769967769e-03
-1.182949996425701478e-03,-1.237316260937924503e-02
8.696974462007982926e-05,-4.890377489727890082e-05
-1.445606321486417453e-03,-1.213474308498220001e-02
