Size 674,2
2.800000000000000191e-07,-1.988296045430048510e-07
0.000000000000000000e+00,0.000000000000000000e+00
1.125252208449583605e-06,-3.705141780672497409e-06
-2.279166894088419707e-07,-3.703474065633318101e-06
-2.788453167490510955e-08,-1.056624573343108549e-06
9.064190060676215853e-08,-2.187107298165618586e-08
3.746582917241384216e-08,-2.318752067425355013e-08
0.000000000000000000e+00,0.000000000000000000e+00
2.800000000000000191e-07,-1.845872405052902594e-07
2.800000000000000191e-07,-1.734822244173143758e-07
2.800000000000000191e-07,-1.665926457187458345e-07
2.800000000000000191e-07,-1.638516905231075015e-07
2.800000000000000191e-07,-1.639323776792781841e-07
2.800000000000000191e-07,-1.648730063366016473e-07
2.800000000000000191e-07,-1.645259010366085111e-07
2.800000000000000191e-07,-1.610164081847575413e-07
2.800000000000000191e-07,-1.528963912008065875e-07
2.800000000000000191e-07,-1.402648820782511679e-07
2.800000000000000191e-07,-1.234576240762151829e-07
2.800000000000000191e-07,-1.033777892871171070e-07
2.800000000000000191e-07,-8.149779018292571058e-08
2.800000000000000191e-07,-5.886326409643395379e-08
2.800000000000000191e-07,-3.602410629796285729e-08
2.800000000000000191e-07,-1.325268435819406182e-08
2.800000000000000191e-07,9.625316580668949725e-09
2.800000000000000191e-07,3.376458570360750030e-08
2.800000000000000191e-07,6.013869961602997635e-08
1.125190673340443914e-06,-3.568763785733578238e-06
1.125087079094997568e-06,-3.428694505226036422e-06
1.124808021096417965e-06,-3.284527026705401894e-06
1.124028135036424374e-06,-3.136164083356130325e-06
1.122458817856890773e-06,-2.983595585930425545e-06
1.119839013026524645e-06,-2.827002021084210555e-06
1.115852870740057462e-06,-2.666350128333796558e-06
1.110088109490206904e-06,-2.501865431731685474e-06
1.102175421794686417e-06,-2.333915932720965636e-06
1.091824432231827811e-06,-2.163417406577372537e-06
1.078085737820494063e-06,-1.990451516395465422e-06
1.060591523879580521e-06,-1.816376105125146493e-06
1.038855262559987078e-06,-1.642312226542331077e-06
1.012302587383265461e-06,-1.469721300773231667e-06
9.803839157081864152e-07,-1.300407896754144694e-06
9.429857713631004332e-07,-1.137026181986877532e-06
8.991220272165145002e-07,-9.817590861919062108e-07
8.490466924613206264e-07,-8.369150452620819776e-07
7.945769914408355998e-07,-7.060394623945053786e-07
7.362341061535702373e-07,-5.900398359435238090e-07
6.773478677428027427e-07,-4.908102427838408119e-07
6.165364995350837288e-07,-4.077158569559388882e-07
5.566699024308717732e-07,-3.409839775960875257e-07
4.983563278104234827e-07,-2.883876794558263352e-07
4.417598599174062688e-07,-2.490067972480428046e-07
3.879534667440749306e-07,-2.216081589394653636e-07
3.330348007566893195e-07,-2.055917701308455122e-07
-9.195364009822055928e-08,-3.703304565030637728e-06
4.371522126499569254e-08,-3.702941806164645394e-06
1.790690053193308836e-07,-3.702552903297443527e-06
3.140275915718808687e-07,-3.702266593162482890e-06
4.487052053941923743e-07,-3.702269339116195089e-06
5.834534482712057758e-07,-3.702581749763196270e-06
7.183514284921037644e-07,-3.703161122213987384e-06
8.536129511656489821e-07,-3.703902762117051781e-06
9.892813636476338172e-07,-3.704631710411390042e-06
-2.279436167940827765e-07,-3.572153599255568264e-06
-2.279602879016324726e-07,-3.437410681196127093e-06
-2.278491962924753024e-07,-3.298879647215340180e-06
-2.272898880935296789e-07,-3.156473915744586967e-06
-2.260608378667484790e-07,-3.010206198222619984e-06
-2.239271287676549273e-07,-2.860052635179784193e-06
-2.205836973857939915e-07,-2.706095422871548974e-06
-2.157204134048906340e-07,-2.548689438637710632e-06
-2.089478668693601431e-07,-2.387916177748578245e-06
-2.001120027950147145e-07,-2.224523843743984859e-06
-1.885788164653228485e-07,-2.058574285256517439e-06
-1.739265139046271906e-07,-1.890786121448567172e-06
-1.557644102803628988e-07,-1.722392821897309987e-06
-1.332717834107178430e-07,-1.553922459968337707e-06
-1.058438033734544224e-07,-1.385820719615409265e-06
-7.192018553238287297e-08,-1.219969829430482155e-06
1.657042976162430230e-08,-8.929395095531428154e-07
5.661716406172520597e-08,-7.419685183166624105e-07
8.840201960687148799e-08,-6.072560116762020538e-07
1.200961051533798551e-07,-4.960486300045693241e-07
1.507941073039083652e-07,-4.016588067587268190e-07
1.785081543313111426e-07,-3.279098094767789887e-07
2.082856770762046784e-07,-2.675094682003428999e-07
2.313484686401955136e-07,-2.200141135132084089e-07
2.514578964085666539e-07,-1.800305939023273492e-07
2.625923187499343463e-07,-1.466629620196382097e-07
2.656595489553043111e-07,-1.185382168756963851e-07
2.589669382778867927e-07,-9.593255083206096325e-08
2.432604086238188216e-07,-7.849092919740014665e-08
2.197475530224493475e-07,-6.502413987181972708e-08
1.911181006067209882e-07,-5.437505517088741134e-08
1.612987007675042208e-07,-4.524801391895918351e-08
1.326960773667626198e-07,-3.650164525334201660e-08
1.086462009536324835e-07,-2.835616105523959873e-08
7.777378351053963190e-08,-1.678971417776777239e-08
6.860327685998104120e-08,-1.358918155440899104e-08
6.120919055101518493e-08,-1.151463922869215418e-08
5.537111151410364198e-08,-1.046976274514875124e-08
5.080384978717882419e-08,-9.738330324494690993e-09
4.686407077023495588e-08,-9.443933608794897348e-09
4.382063852731121222e-08,-9.502081705027399505e-09
4.147949168526125941e-08,-9.697973050863605410e-09
3.972520413657734492e-08,-1.024133234264167399e-08
3.847203083219546281e-08,-1.103690822293190696e-08
3.768173885182809546e-08,-1.202675976622040742e-08
3.726894645285108780e-08,-1.329707411741526575e-08
3.714185850784150567e-08,-1.488244251610866013e-08
3.718420837211997430e-08,-1.674298924549871520e-08
3.730981179165948905e-08,-1.881423207594394513e-08
3.741922776287466065e-08,-2.099670597965349265e-08
6.459558925397773830e-09,-7.735961068346259410e-09
1.155694204551318152e-08,-1.266576415287060209e-08
1.633521862503235201e-08,-1.615036144306288877e-08
2.052596664651692914e-08,-1.865225228976616767e-08
2.430140604171523518e-08,-2.042033397112075988e-08
2.759489930850680410e-08,-2.162794159320206239e-08
3.047912596159630533e-08,-2.239105740067737181e-08
3.299492130893876024e-08,-2.284520378270418861e-08
3.526173792218407995e-08,-2.309620236898447464e-08
0.000000000000000000e+00,0.000000000000000000e+00
0.000000000000000000e+00,0.000000000000000000e+00
0.000000000000000000e+00,0.000000000000000000e+00
0.000000000000000000e+00,0.000000000000000000e+00
0.000000000000000000e+00,0.000000000000000000e+00
0.000000000000000000e+00,0.000000000000000000e+00
0.000000000000000000e+00,0.000000000000000000e+00
0.000000000000000000e+00,0.000000000000000000e+00
0.000000000000000000e+00,0.000000000000000000e+00
0.000000000000000000e+00,0.000000000000000000e+00
0.000000000000000000e+00,0.000000000000000000e+00
0.000000000000000000e+00,0.000000000000000000e+00
0.000000000000000000e+00,0.000000000000000000e+00
0.000000000000000000e+00,0.000000000000000000e+00
0.000000000000000000e+00,0.000000000000000000e+00
0.000000000000000000e+00,0.000000000000000000e+00
0.000000000000000000e+00,0.000000000000000000e+00
0.000000000000000000e+00,0.000000000000000000e+00
0.000000000000000000e+00,0.000000000000000000e+00
0.000000000000000000e+00,0.000000000000000000e+00
0.000000000000000000e+00,0.000000000000000000e+00
0.000000000000000000e+00,0.000000000000000000e+00
0.000000000000000000e+00,0.000000000000000000e+00
0.000000000000000000e+00,0.000000000000000000e+00
0.000000000000000000e+00,0.000000000000000000e+00
0.000000000000000000e+00,0.000000000000000000e+00
0.000000000000000000e+00,0.000000000000000000e+00
-1.076983000316296717e-07,-2.935669302616275270e-06
3.619241458304647731e-08,-1.266305279268882942e-08
2.201444845083779431e-08,-1.670691325420273756e-08
5.044365178736527583e-07,-3.579758351166894947e-06
-8.926837911571028645e-08,-2.483259981192553459e-06
4.003208300309005632e-08,-1.024515412722274515e-08
1.976229333259431922e-07,-5.895514932335558070e-08
1.600611513271687902e-07,-4.094924245644964797e-07
9.852918157863538064e-07,-2.750419202986990264e-06
5.591317847711473954e-09,-2.719095895054312951e-09
8.448173780209746618e-09,-3.370019144292619674e-09
9.482856360232970871e-07,-2.066820866644200683e-06
-1.145785038698850295e-08,-1.632804217620109863e-06
5.811710200714845148e-08,-1.233814229121295472e-08
4.845255857046988382e-07,-2.982208214242897021e-07
4.902362743439656518e-08,-1.424247072302391117e-08
6.159013372380703447e-07,-5.288210376829356624e-07
3.053322033612472626e-08,-1.216172613746651258e-08
8.321810906803992934e-08,-2.095793755444738015e-08
7.205290961744897238e-08,-1.136791441530287137e-06
2.770759007463370817e-07,-1.674026534824635003e-07
2.662045000595098415e-07,-2.653541429829471796e-08
8.775388508865996221e-07,-1.550176813136670945e-06
1.324402635734223409e-08,-5.180833165190352169e-09
1.361376185359376925e-07,-7.845053865658228991e-07
1.179145738469750912e-07,-3.619206283776658945e-08
2.475135924378157441e-07,-8.541245857387886847e-08
1.913428175104421639e-07,-2.783440826906268582e-07
1.859508517018292100e-08,-7.667609959106975793e-09
7.932998646048811825e-07,-1.049491031221308365e-06
4.740148686219362087e-09,-3.095699369361667882e-09
1.001498107914144509e-06,-3.209881488087506701e-06
2.371094674127081041e-07,-1.953612419467784343e-07
2.614982554883624328e-07,-1.330729723180741273e-07
7.200095348453299382e-07,-7.617498053430394324e-07
2.507623465633636417e-08,-1.049176037195385599e-08
6.806317166141663732e-09,-2.925166330527088306e-09
9.636998759688418472e-07,-2.421898271123374825e-06
-6.324541755478197559e-08,-2.132587938267078592e-06
4.446224357911590928e-08,-1.013263685395554429e-08
2.721528302068266594e-07,-7.128481636867999768e-08
2.663008085574428796e-07,-1.684457953673270831e-07
-1.190958503755036766e-07,-3.226732461505347767e-06
3.545026557506085700e-08,-1.569458354149180023e-08
2.678729197800609935e-07,-3.603288170340104851e-06
2.872730338394525862e-08,-1.966141764728242527e-08
2.963005352624924479e-07,-1.723958279104174667e-07
2.482146133016613893e-07,8.755215320388538441e-09
2.725705911063727646e-07,-1.165436538672927575e-07
2.658951834420714865e-07,-1.599209059488102483e-07
1.299394126627795233e-08,-1.120048984998507354e-08
7.858882293540982453e-07,-3.592231971413515267e-06
3.885932669092464614e-07,-2.200941847910065000e-07
7.683300773223636798e-08,-1.333414886715481844e-08
3.393226852983542227e-08,-2.079511908101082348e-08
-2.970283357981895820e-08,-3.598645249435525572e-06
9.853346336966425326e-07,-3.496510077952994574e-06
4.025986997383763325e-09,-3.467610387664716994e-09
1.567912869200741296e-07,-4.871818665607919715e-07
2.016180128601551185e-07,-4.106358106444652537e-07
1.967746725769350926e-07,-3.450695817917462277e-07
2.421004456895541205e-07,-3.487757434574912232e-07
2.314001804906891099e-07,-2.948531238384648081e-07
2.638670908265590213e-07,-4.178329340037162831e-07
2.748581903669370679e-07,-2.971449587470890000e-07
2.576326590797101103e-07,-2.533791866524250316e-07
2.983148934996476266e-07,-2.551908622643384961e-07
3.289028405859043553e-07,-3.012121661168246411e-07
2.222560611772476641e-07,-2.549750684084103560e-07
2.495968598834702396e-07,-2.200925296863262030e-07
2.299521944052619696e-07,-2.192508200096933040e-07
3.461815461074304494e-07,-2.590125434347044036e-07
3.135618708305688673e-07,-2.228755777432699198e-07
2.498337575917016193e-07,-1.955065541999311175e-07
2.386015321621699414e-07,-1.953323894990036793e-07
2.218682632253772160e-07,-2.152760270609980654e-07
2.357874444607527450e-07,-1.922544611582943645e-07
3.900841563823745458e-07,-3.073720842403347674e-07
3.725718632794343580e-07,-3.599603204697292657e-07
4.457012420314990704e-07,-3.682209357468594441e-07
4.382411082790722971e-07,-4.319715991588096246e-07
2.685041686147697706e-07,-1.956654563419795587e-07
3.531643019513491361e-07,-2.275904813433217099e-07
2.220053803294969915e-07,-2.110662312540777860e-07
2.387061418510967223e-07,-1.849239561057624078e-07
3.224968114873118273e-07,-1.994846398403228614e-07
1.664355618671318657e-07,-5.118320097719268863e-08
1.785382351816886854e-07,-5.408723859756035302e-08
1.529592326042726771e-07,-4.874023569870128910e-08
1.596958489474361637e-07,-4.870190208517530066e-08
1.863419783405754192e-07,-5.335812953199350016e-08
1.659914262701798767e-07,-4.648875887840080327e-08
1.936744977748281471e-07,-4.997377083052798170e-08
1.743634766435762327e-07,-4.213466497833084135e-08
1.337417969345800313e-07,-4.394830937602870973e-08
2.031235199973866838e-07,-4.403980847264898465e-08
2.188146973747923098e-07,-5.421177700133894174e-08
1.421215187165588828e-07,-3.890257737609276171e-08
1.844709989970156987e-07,-3.430875625180391110e-08
2.283847006675349002e-07,-4.664187250219181926e-08
2.391299790871028608e-07,-6.036697202687614847e-08
1.278482483852981823e-07,-4.342770822364297237e-08
1.091694494062542239e-07,-3.848759994883564829e-08
1.056082311378872288e-07,-3.747454094177125506e-08
8.657389483522822376e-08,-3.216744053648910328e-08
8.517815797652791057e-08,-3.122194588681989690e-08
1.122900230776867772e-07,-3.790067903739925412e-08
2.332679350855079997e-07,-6.666680646785409069e-08
2.476257786013305917e-07,-7.447532248308778490e-08
2.477480762454079843e-07,-5.204994242784898189e-08
6.671846520640719378e-08,-2.576983067701205763e-08
6.699111588969188334e-08,-2.496756554467988726e-08
8.204533313836580456e-08,-2.855776420998914653e-08
6.589969169154725686e-08,-2.320521587661871031e-08
7.698779917064405135e-08,-2.491212826818541722e-08
6.334743427646202893e-08,-2.063759177671733223e-08
5.128989629400039588e-08,-1.823500231500844766e-08
5.061812166462448070e-08,-1.675392399487560082e-08
5.993706647505530883e-08,-1.790225625419390519e-08
4.899973518564384073e-08,-1.511756875767537329e-08
3.776033185488201604e-08,-1.364957004579618464e-08
5.604453767538284337e-08,-1.545499576609920406e-08
4.677218132085973159e-08,-1.355985661620454193e-08
3.888000527612042542e-08,-1.249878466145325853e-08
3.809203682464974374e-08,-1.168681134723139600e-08
4.437908653168150648e-08,-1.228529070261833817e-08
3.702081293808353372e-08,-1.100701215239639381e-08
4.212863155719179653e-08,-1.137190949465515274e-08
3.583181310108347209e-08,-1.050936577625438669e-08
3.004350905528378894e-08,-9.641120075435566758e-09
2.978903438802794432e-08,-9.518798036823082375e-09
3.473699226778120710e-08,-1.024556788794321636e-08
2.953953245290107047e-08,-9.573564131144898791e-09
3.382305763396470069e-08,-1.021211682393412516e-08
2.927199299501924121e-08,-9.776130726969829767e-09
2.454014675963406970e-08,-8.745240377429490671e-09
2.491048604457350623e-08,-9.184063472985881069e-09
2.917739687276370151e-08,-1.021226010750436872e-08
2.537550686286876727e-08,-9.864282326649903648e-09
2.932523913381662045e-08,-1.093633044472666047e-08
2.594404908440030804e-08,-1.081423933417695085e-08
2.164340165752991160e-08,-9.360807465018945578e-09
2.263406625124250286e-08,-1.055885394556727414e-08
2.666748739011880450e-08,-1.211510032476860177e-08
1.802272780957867993e-08,-8.686146686718938237e-09
1.940042279161509921e-08,-1.015668586633227539e-08
3.262383045947588122e-08,-1.090557741606877366e-08
1.986081546286263523e-08,-7.756595371516625859e-09
2.957645146752061720e-08,-9.992781346500041164e-09
1.679962931907018002e-08,-7.597454051689438760e-09
2.393227855723123023e-08,-8.255691302638908457e-09
1.291376384970768002e-08,-6.504235419157285078e-09
6.540410816348475967e-08,-1.725856513782237482e-08
1.852597430707674521e-08,-7.078722728597680394e-09
3.831000485158674681e-08,-1.048132981407303115e-08
4.845357900175505866e-08,-1.204826036783603649e-08
3.242154166667469826e-08,-1.166843685365608217e-08
3.522773747133765268e-08,-1.132251702372751186e-08
6.405033366408846652e-08,-2.479645057783230126e-08
2.293644090922285965e-08,-8.046228144256564543e-09
1.395326693864439424e-08,-5.814517907921048096e-09
2.362882158681677597e-07,-3.692486839521941802e-08
4.498541572945453575e-08,-1.110764691931365571e-08
3.578754437362886956e-08,-1.074346608423400734e-08
9.140464740388737864e-08,-2.930874553143101158e-08
4.581724134942850680e-08,-1.831773436125798720e-08
2.597407443268950224e-07,-1.069910260110638749e-07
2.601066998623056472e-07,-1.161675215618384837e-07
2.581570372229484705e-07,-1.400721741653267571e-07
2.613557270316713727e-07,-1.211466951417893961e-07
2.593623992058732453e-07,-1.403734192427375076e-07
2.517601694468166064e-07,-1.602314151366039388e-07
2.556153825496811698e-07,-1.560836430751224375e-07
2.644354514119744520e-07,-1.388109815509447937e-07
2.095179948682134447e-07,-2.399909617806741749e-07
2.257300749250237184e-07,-6.973196909571151891e-08
2.587736998169296130e-07,-1.016577234880825366e-07
2.637112435126291368e-07,-1.034562650417913137e-07
1.523627559656546015e-07,-6.490444961361426503e-07
2.361148980346706675e-07,-6.845115380163345013e-07
2.408406858776631687e-07,-8.231428748315458967e-07
3.325471497032733287e-07,-7.308436051356449673e-07
3.552831511297469031e-07,-8.648869564045011994e-07
4.370888164391443355e-07,-7.788400863218839538e-07
4.687313237845055812e-07,-9.217772823095439289e-07
3.592758472994680697e-07,-1.020437961879893127e-06
5.098601309865401034e-07,-1.076404118228029832e-06
4.102269167178622469e-07,-1.183795185423011433e-06
5.463162372520954207e-07,-1.237853547560692175e-06
4.417849565745794604e-07,-1.347969586733718838e-06
3.061376313622114016e-07,-1.299978753063855221e-06
3.313197611480598882e-07,-1.464569695636873270e-06
4.739239081328958559e-07,-1.515643984173046539e-06
3.611315090309564334e-07,-1.632190648537411674e-06
5.076969040963034299e-07,-1.684470516764611891e-06
3.942255921639456107e-07,-1.800875500626133582e-06
5.428638769894446595e-07,-1.853642098286552895e-06
4.301675842522458996e-07,-1.969730280088948736e-06
5.788714648487378243e-07,-2.022292807540265940e-06
4.662709584423654845e-07,-2.137216879504324241e-06
6.156052630333193250e-07,-2.188741341451592060e-06
5.012034376100917213e-07,-2.302632433810873115e-06
3.532971030994040215e-07,-2.253156428691170203e-06
3.882215831828459218e-07,-2.415729628836923947e-06
5.350250984822525436e-07,-2.464637111037075189e-06
4.232235995334159079e-07,-2.575673837118149268e-06
5.684150486793003994e-07,-2.623999819021864114e-06
4.564378899603415455e-07,-2.732145478371084365e-06
3.129887834048967618e-07,-2.686022917134091463e-06
3.463984684340580431e-07,-2.840620919320812597e-06
4.885163289129800775e-07,-2.885502348330472225e-06
3.807584344729204776e-07,-2.990826476194946462e-06
5.196341822611506119e-07,-3.035676765652221616e-06
4.131229528154910789e-07,-3.137799802577969725e-06
5.506817514563252930e-07,-3.182050652622194958e-06
2.748098324001730229e-07,-3.094555446837659616e-06
6.220863799057187526e-07,-2.934824178186349875e-06
3.072213521592600893e-07,-3.238128345518543595e-06
2.797091789498771903e-07,-1.920576839616772789e-06
4.101728162972039266e-07,-6.511743946047505858e-07
2.042411719239611616e-07,-2.795690260225433589e-06
2.423001496061898791e-07,-2.368851559322031792e-06
1.698414997392700298e-07,-2.641313498474740012e-06
6.530648008857041777e-07,-1.740839293033313216e-06
1.678141872408538845e-07,-3.196220155761139514e-06
6.823073212437220801e-07,-2.514538954742866404e-06
7.301524788110760802e-07,-2.691182464330036309e-06
1.374404312140590896e-07,-3.053587963338367995e-06
2.029730972440487556e-07,-3.333912540053969263e-06
3.414299183894380893e-07,-3.379204289157736988e-06
2.074105776838488515e-07,-2.208721727733743415e-06
1.741974555049354155e-07,-1.413896759047440116e-06
4.636238376044403956e-08,-2.746533522428591612e-06
5.229560846884917273e-07,-7.054288916104176137e-07
4.767329593328784375e-07,-5.870238080904841038e-07
3.785222379688179604e-07,-5.392631174364582937e-07
2.316972255453321288e-07,-5.737015474070926195e-07
5.802494390393014298e-07,-9.529473838446814278e-07
9.097153120526772276e-08,-2.323510372488264736e-06
7.016417805657625809e-08,-3.301499837288929087e-06
9.993021844476939599e-08,-3.426846828789921319e-06
-3.475540364848007514e-08,-3.393390045430353490e-06
1.403074845393697978e-07,-4.372077308670320103e-08
5.020183461792099240e-08,-1.117912206513175101e-08
1.747033695438587470e-07,-3.310591650018503332e-07
1.954684112494067824e-07,-2.761245799867485445e-07
5.783711448471670738e-07,-6.150787789219258405e-07
8.358728566462963200e-07,-2.552245291627656885e-06
7.251609005312629808e-07,-2.077644563071618115e-06
7.686587989579365421e-07,-2.243498414932120963e-06
1.062532445348789395e-08,-5.089531790358157018e-09
8.322558221199837663e-09,-4.387186754829733706e-09
2.529955649925338361e-07,-9.234425477706834789e-08
2.499260707120659232e-07,-1.749449252426118372e-07
2.866331331513175946e-08,-1.010841946584322267e-08
3.539815360094028173e-07,-2.070264869265796442e-07
2.632452424718517505e-07,-1.521968542256248504e-07
1.337984827086254008e-07,-9.463218847392590405e-07
2.118695681012410293e-07,-1.045617077467698771e-06
2.527314896925493996e-07,-1.643608019337192433e-07
5.162101259528823317e-07,-4.408319578405849247e-07
5.230241569291816656e-07,-3.831533412893824365e-07
2.587954897313757956e-07,-8.427841866622884418e-08
1.783446200215232903e-07,-1.230057022432725033e-06
3.536321957954231163e-07,-4.365967540443216437e-07
3.212754571584651472e-08,-2.568703370182410466e-06
6.008736338962878369e-08,-1.435744393763215018e-08
2.062994991288183821e-07,-6.096034066758941487e-08
6.826027081693007508e-08,-1.575194928034844495e-08
9.317720147367137467e-09,-5.235590752427138937e-09
3.949208882054187614e-07,-2.371576779051878519e-07
3.428498578322336805e-07,-1.956030063489200586e-07
3.360459176766147427e-08,-1.299985077952386626e-08
2.075201107999731831e-08,-8.026120888679489723e-09
2.335259998229217234e-07,-1.939640230733241016e-07
1.051650990752873233e-07,-2.903056092129312882e-06
1.860054460319012727e-08,-6.906062613787728555e-09
2.493887712736304669e-08,-9.329049721228023395e-09
2.118651451851502401e-08,-7.579196924943420742e-09
2.198274386848528733e-07,-1.585332954024180664e-06
2.488586520031807676e-07,-1.754024449524805015e-06
1.114935523921933757e-07,-1.893450712505110409e-06
1.728354645853644996e-07,-2.056738807189119157e-06
2.378682400075080537e-08,-1.216434685223888293e-08
2.758159965775019002e-08,-1.382970968023873014e-08
3.007721762751509284e-08,-1.336103646533971261e-08
2.506948354453990532e-08,-1.422615645519749562e-08
3.073748788972534566e-08,-1.513594448318486193e-08
3.327546175475489154e-08,-1.434089382607818409e-08
3.247912494505135740e-08,-1.272932726562580436e-08
8.132788813064273552e-07,-1.212212816074653167e-06
9.061630569018091160e-07,-1.722412653304139956e-06
9.857231964767292155e-07,-2.903443531042008660e-06
8.528243996139992599e-07,-2.818027437941174157e-06
8.531115432050012229e-07,-2.979084950787068760e-06
2.557676247209210476e-07,-1.787156290282622084e-07
2.862727699714421499e-07,-1.681694516871538871e-07
2.596214959934910466e-07,-6.520374364454818287e-09
2.277614432380140771e-07,-1.069082397846767774e-08
1.994804538920063062e-07,-3.425539015621285430e-09
1.815851707233054176e-07,-1.984735399695740404e-08
2.243253985121378051e-07,1.752666668288565630e-08
4.133966487015560042e-08,-1.396266953700014074e-08
8.507160457192104182e-08,-2.439346533434345034e-08
7.861260150671427228e-08,-2.598460326030426582e-08
1.008793271231146850e-07,-2.363392081035338923e-08
1.257011680395767632e-07,-3.139675781744611797e-08
2.174710769247068612e-07,-2.635573817182075619e-08
5.821278540109344902e-07,-1.405170103127757535e-06
6.912979041286400284e-07,-1.303775638879625555e-06
6.615301289474028140e-07,-1.109098684607666720e-06
8.491831734152281571e-07,-1.382484667350223630e-06
2.700350288113807131e-07,-4.884304268668980506e-08
3.046780696278682369e-07,-3.555089245231358063e-07
2.733784311767840906e-07,-9.371365493247615519e-08
2.652691673390543598e-07,-1.664075386234553800e-07
3.789380492074317585e-08,-1.081125405777765248e-08
-2.706087365198894934e-08,-1.803655633845626747e-06
4.458711274125406407e-07,-3.282434286805402312e-06
5.812696894023334500e-07,-3.325445014471292078e-06
6.868231739659482477e-07,-3.227040988255688126e-06
7.143568313216277188e-07,-3.365127613155247886e-06
8.131991033777363855e-07,-3.260130872971279655e-06
8.599791919684923157e-07,-3.394652693438543369e-06
6.082400515287809360e-07,-3.462196573750218592e-06
7.747495025555543707e-07,-3.113408586013365475e-06
4.771010462385284351e-07,-3.427802111775048868e-06
3.686113897221569703e-07,-3.513851804014462679e-06
2.094375752680944901e-08,-1.210164911482632285e-08
1.628969267390576893e-08,-9.610811626873497009e-09
1.822992356459851001e-08,-1.212780166011683242e-08
1.274305813005586797e-08,-8.562679134551257020e-09
2.291150996978663877e-08,-1.480917573363341208e-08
2.689732652263457564e-08,-1.686857793431042593e-08
2.870574001909764713e-08,-1.590645270978513372e-08
3.156165276775979867e-08,-1.721890149326938710e-08
1.068941501455620220e-08,-6.508962425831443671e-09
7.258214436570831193e-09,-5.116481475971977908e-09
9.322530695330796184e-07,-1.894903537145225572e-06
9.985410128444375968e-07,-3.058837923608193236e-06
3.547246406842837450e-08,-1.762567547782423665e-08
7.279842605552900568e-07,-1.472069966164525729e-06
9.297937901751666254e-07,-2.252871808516408324e-06
7.667826772346919294e-09,-3.178223000732346771e-09
1.363810578430774858e-08,-5.391942083307104129e-09
7.148273062370266762e-09,-3.230840495440797325e-09
7.623043288064092670e-07,-8.966837047912227893e-07
6.297860629139417064e-07,-8.237668476360225030e-07
2.172995016820690688e-08,-9.005290676348592091e-09
1.056675857142567480e-08,-4.122482875058775424e-09
2.614133629375038242e-07,-6.394034955142898121e-08
3.265934938065950186e-08,-1.340737017559872889e-08
3.637561603959625345e-08,-1.360619295479343456e-08
6.442718357757776479e-08,-2.367916631117811667e-08
2.702899211314054604e-07,-1.679737913326730126e-07
3.665359480195020905e-08,-1.043914529550987176e-08
4.046575096867744610e-08,-1.033829182294041338e-08
-9.865349151088630520e-08,-2.787004026214028022e-06
-5.092353212599869494e-08,-2.308416037791322576e-06
-4.878598718532361907e-08,-1.971523192024300475e-06
1.681290675631188335e-08,-1.465899499976709880e-06
1.002445561831096364e-06,-3.356259481927299730e-06
7.111310133723841762e-08,-2.089149852717284343e-08
3.564222973543740135e-08,-1.400405826205516687e-08
-1.084559405019945883e-07,-3.083345664273668119e-06
1.826909504914479884e-08,-3.167001266809146920e-06
6.037132769661338227e-08,-1.400143877346518913e-08
1.206488738878229304e-07,-2.024394711505620635e-08
5.210969186032637384e-08,-1.346456918306373516e-08
3.999001772295717047e-08,-1.074270226703358196e-08
9.871073748585861651e-08,-3.415052212224959749e-08
1.767876174147138242e-08,-1.380485957372753618e-08
6.499962274345737430e-07,-2.352696843519663634e-06
6.001156080186736413e-07,-2.779227893663125861e-06
6.839463709703695148e-07,-1.911287245253406022e-06
2.415634299466815014e-07,-2.946398067806119293e-06
3.946317191774922297e-07,-2.648012582893848354e-07
2.955693929071716087e-08,-1.194963457780897966e-08
2.816994944310077972e-07,-1.778850943879362769e-07
1.624100463918109166e-08,-6.115495335354888429e-09
3.185811555702526949e-07,-2.087728141788781063e-06
2.787688301219055030e-07,-2.528526112269777746e-06
3.141952633011522311e-08,-2.048323019955456599e-08
1.158306118180559023e-07,-3.568801049966979087e-06
1.443554686979231415e-08,-7.789619352143943818e-09
3.682213926211720931e-08,-1.161603273071676484e-08
8.426294554969912122e-08,-3.094962823285245721e-08
9.794402808561197819e-08,-2.825898720686263217e-08
2.342282630397890013e-07,-7.313595179011136192e-08
2.076478411053599797e-08,-8.466097556598818447e-09
1.383396406684971668e-07,-4.248286058131200063e-08
2.414476338219048328e-08,-8.434001077983724391e-09
3.012623343212403507e-08,-9.830853887454500952e-09
3.912575855053654645e-08,-1.329780022392533915e-08
5.054992901953848902e-08,-1.917368039881952810e-08
7.998672430272010135e-07,-2.400974670900203520e-06
1.214511980655214630e-07,-1.138013091248320136e-08
6.479605592026616881e-07,-3.080737353802136677e-06
3.300816395132705114e-08,-1.040461159484187686e-08
6.163429479607245369e-07,-1.572995529760741463e-06
2.058162328640410406e-07,-2.429406723624592478e-07
1.203535243613352431e-07,-4.046134548481920098e-08
1.416649333810338407e-07,-2.476549577057060883e-06
2.508665849092486476e-07,-1.780165232805362685e-07
3.156781912678851090e-07,-6.081202176540101411e-07
9.877766477424079684e-09,-7.671752196366898240e-09
2.526236945231483547e-07,-1.669612935533753192e-07
1.559085162033032544e-08,-6.715558240602609697e-09
2.662767423427502011e-07,-1.779664293939666850e-07
2.784315828932363781e-07,-2.208371469567841256e-07
1.473119036455858358e-07,-2.898720855459705913e-08
9.784349289496466376e-07,-2.588722632174829534e-06
2.651967478956298457e-07,-1.210975586844813705e-07
3.337551349818242213e-08,-1.624350010382837141e-08
4.559181676273904651e-07,-3.131407347741335588e-07
1.132457469981371256e-07,-3.550491637340044481e-08
4.247083653929044325e-08,-1.055117706642969361e-08
2.905898470269151975e-07,-5.047076340593790920e-07
2.129669739909776586e-07,-5.965416555956607413e-08
6.507210648503300639e-07,-3.591610549026684176e-06
2.550963985184533073e-08,-1.831509965243343803e-08
2.667383990476297024e-07,-8.574930408252248933e-08
3.563929488364399437e-08,-1.975312827652457232e-08
-1.144236771666775013e-07,-3.497864854893354414e-06
9.150081206524671982e-07,-3.602460479376366937e-06
7.993920318668543013e-09,-7.460708479352022926e-09
5.158018352532760719e-07,-5.163231554772324083e-07
3.370705453458404869e-08,-1.841629398010598401e-08
4.759951440369168734e-08,-1.021463398715089064e-08
2.942711690003137258e-07,-1.959084390847649832e-07
5.881638010480446761e-09,-3.000503707160797249e-06
4.482298117808957149e-08,-1.306149653382249126e-06
7.415922257705311382e-08,-1.897883107321265402e-08
2.723690586736159948e-07,-1.358399638150577733e-07
7.613994916538185730e-07,-1.642707695450223661e-06
1.072505495697521497e-07,-1.705346045921119591e-06
2.935823504992159277e-07,-1.153268302058955860e-06
2.514357492822860299e-07,-6.701520681351674130e-08
2.393158390060577632e-07,-3.458830064046624112e-06
7.912410488227006286e-07,-1.812792431835890440e-06
6.788882683191428273e-07,-6.436526355074548969e-07
5.413877167488972245e-08,-1.247595863985272684e-08
2.447000017794178717e-07,-1.741646632056378347e-07
3.080213999155007055e-07,-1.805928578950551546e-07
3.009945691341631909e-07,-1.797347739890917395e-07
-9.067742578128376678e-08,-2.639914298973890431e-06
5.903759349355006061e-07,-4.464287448846928837e-07
7.318824499135723644e-07,-2.865541492290285055e-06
7.457130851751675442e-08,-2.180239163982467349e-06
2.988392399595784004e-08,-1.810202577402723073e-08
4.216178550160941395e-09,-2.466615245678179041e-09
3.468460909754655123e-08,-1.218851062313680123e-08
4.400348858935326099e-07,-2.559012576596818214e-07
8.250750091748579886e-08,-2.420107481631443373e-08
5.573032587793591643e-08,-2.155557940369999495e-08
4.727495598895100181e-08,-1.904156217972401527e-08
2.566296507365749706e-07,-4.129833232532553934e-08
1.096964167773756232e-07,-3.188539707696386350e-08
3.448357976481434534e-08,-1.370881647594935140e-08
2.127229005679894832e-07,-2.405863381443151604e-07
2.120301547415917742e-07,-4.841653037357619169e-07
4.215138857423293962e-08,-9.943973675626656185e-09
1.209221888443999349e-08,-4.794060833442733633e-09
4.711501630017227419e-09,-2.460618211872285490e-09
3.211915906667055919e-07,-1.856833342480073854e-07
1.083557837911750597e-08,-4.882340476444267340e-09
2.038382714462318911e-07,-2.962425301324872591e-07
8.179719872594724164e-07,-1.979957246261538170e-06
2.433543125072138010e-07,-1.779105159441585344e-07
1.579627932171700096e-08,-5.936775664507660311e-09
7.400337573837611540e-07,-3.486383469482691306e-06
8.624889778877242354e-09,-3.360154678506955110e-09
2.452333955611619876e-07,-2.215360446480087987e-08
1.212086845808816382e-08,-4.993330740736668184e-09
8.726999212819792309e-07,-2.684007727398245481e-06
2.687915868210012916e-07,-1.054519331089576253e-07
7.258647475231039675e-07,-2.994774620290248915e-06
3.192454209356406527e-07,-1.919940479314154318e-07
5.276782692689638692e-07,-8.335228970085730212e-07
-1.376691426439695027e-07,-3.365538156224268206e-06
9.150460660938461697e-08,-3.148844781589197021e-08
2.445881815744058253e-07,-7.938549405740756315e-08
3.449517726756850882e-08,-1.321805328374962667e-08
2.726581927762295827e-07,-1.482823318586616643e-07
1.378484821319580248e-07,-2.090012391338821600e-09
7.435318275826912474e-08,-1.695084722562051821e-08
1.010657808348498168e-07,-1.549586254311605698e-06
2.661317426352566920e-07,-9.341483055992105649e-07
1.026915806018555759e-06,-3.612234889579532895e-06
5.397636076548327729e-08,-1.122314868951063190e-08
8.999835205654973008e-07,-3.145747975292105533e-06
1.420406452361960940e-07,-1.500000034747745442e-08
3.663744723058579250e-09,-3.778536759592112798e-09
2.244465215083967528e-07,-2.150379463712768935e-07
4.365407832470052347e-07,-5.029076087643578199e-07
-1.308846852341050232e-07,-3.607736507005444059e-06
3.586092940247989406e-08,-2.152843072425720969e-08
8.395179838581488567e-07,-2.140622852591605698e-06
3.004732748726290203e-09,-2.259863669040836622e-09
5.261603394369814984e-07,-3.452979213974778642e-07
1.426848791210222887e-07,-4.642803775683622609e-08
4.964676377392782489e-08,-2.046489050564046120e-06
-1.010366763409830947e-08,-2.859831277691441868e-06
1.968685903549620035e-08,-7.230599257961695287e-09
2.146169587336796120e-07,-3.714370215937779471e-08
8.920103079286349832e-09,-3.490843639386113307e-06
6.213351482486668561e-07,-7.131347312170243365e-07
6.890851146444309208e-07,-9.638481136960471297e-07
3.806177680050339097e-08,-1.050968373183323646e-08
6.328452222923780763e-08,-1.337026231573722780e-08
3.267061501825149691e-08,-2.430840210203454397e-06
1.447881884370059560e-08,-1.081547995780444696e-08
1.053695535572673333e-07,-3.407516556531392032e-08
2.534823539521843350e-07,-8.776502512462933430e-08
1.568690411701855585e-07,-3.590768823858365061e-08
4.324931479182714464e-07,-2.693124753073993728e-07
1.451256332033942538e-08,-5.860166750950908880e-09
3.214426498679381166e-08,-1.902320822895092228e-08
3.551167818732248893e-07,-2.047921024909691196e-07
9.206134885850578689e-07,-3.278904515549203066e-06
4.546792387112990882e-08,-1.061345861490337869e-08
1.670905677339555457e-07,-5.575880800543182398e-07
8.571643172572798754e-07,-3.514535147817117539e-06
-3.418863435708239422e-08,-3.292790691978272502e-06
3.809451956504746308e-07,-3.624113920836304266e-06
