Size 674,2
7.799999999999999435e-07,-1.005566389932237025e-07
0.000000000000000000e+00,0.000000000000000000e+00
1.823558522343736019e-06,-4.411653527750174012e-06
1.585612465316565399e-07,-4.407022029036419538e-06
4.039189115331215842e-07,-1.153021585748494497e-06
2.358237512195257453e-07,-3.259602982602206554e-08
9.008512466872809354e-08,-4.139668860233978297e-08
0.000000000000000000e+00,0.000000000000000000e+00
7.799999999999999435e-07,-8.207388667540465092e-08
7.799999999999999435e-07,-6.757076033866920278e-08
7.799999999999999435e-07,-5.832294300462047595e-08
7.799999999999999435e-07,-5.417777562807536207e-08
7.799999999999999435e-07,-5.341242960073685917e-08
7.799999999999999435e-07,-5.348874075405564269e-08
7.799999999999999435e-07,-5.162831858564774449e-08
7.799999999999999435e-07,-4.540809426396635218e-08
7.799999999999999435e-07,-3.307706329156408884e-08
7.799999999999999435e-07,-1.492755147285995334e-08
7.799999999999999435e-07,8.361204214268298255e-09
7.799999999999999435e-07,3.463565569575100251e-08
7.799999999999999435e-07,6.130570334870996592e-08
7.799999999999999435e-07,8.668141730304233995e-08
7.799999999999999435e-07,1.102379155403530950e-07
7.799999999999999435e-07,1.321200273487343566e-07
7.799999999999999435e-07,1.534925156711678881e-07
7.799999999999999435e-07,1.781296988322012256e-07
7.799999999999999435e-07,2.092991684023809908e-07
1.823329532010974111e-06,-4.243863574506407475e-06
1.823047314066356832e-06,-4.071541064940787414e-06
1.822542642307455399e-06,-3.894198312935359572e-06
1.821418750049648921e-06,-3.711711964750467127e-06
1.819321688110260817e-06,-3.524073019890924841e-06
1.815933137058386914e-06,-3.331507346915917438e-06
1.810864020446994561e-06,-3.133971992936043005e-06
1.803608560061419953e-06,-2.931741477576617921e-06
1.793713049234312694e-06,-2.725270542996633847e-06
1.780824859995055162e-06,-2.515687402953276444e-06
1.763771018242479127e-06,-2.303093092714469702e-06
1.742105650068343247e-06,-2.089152621394313552e-06
1.715232516511549781e-06,-1.875244575572330714e-06
1.682446685316436500e-06,-1.663163440667136447e-06
1.643073736834591312e-06,-1.455123786247123072e-06
1.596975830869158835e-06,-1.254388337584461999e-06
1.542941484388520680e-06,-1.063638303906304077e-06
1.481286600361021324e-06,-8.857012958337117486e-07
1.414249170255532484e-06,-7.249276490521898973e-07
1.342469046043341204e-06,-5.824172617647021526e-07
1.270035155506552658e-06,-4.604909349484572706e-07
1.195240717796053854e-06,-3.583395241591832575e-07
1.121594077268872179e-06,-2.762257038651083219e-07
1.049808158829025282e-06,-2.114073033607840711e-07
9.800446317672353996e-07,-1.627605231175569508e-07
9.136029397189674904e-07,-1.288441424645934401e-07
8.456727992445621457e-07,-1.089655288050428303e-07
3.258497099438951082e-07,-4.406843306019016804e-06
4.927832201122620180e-07,-4.406475743089111960e-06
6.593309914425620724e-07,-4.406128833350894334e-06
8.253918722694516848e-07,-4.405960616759553190e-06
9.911073625200093536e-07,-4.406196503425241849e-06
1.156911946554825658e-06,-4.406862709083157714e-06
1.322898911098688061e-06,-4.407909697332592246e-06
1.489330667876578774e-06,-4.409206894811764914e-06
1.656262755338588739e-06,-4.410540191494523409e-06
1.585255069164027032e-07,-4.245452490427624241e-06
1.585029103464993058e-07,-4.079682181622552842e-06
1.586402200701895179e-07,-3.909271606725099710e-06
1.593243521320082427e-07,-3.734110960975157174e-06
1.608306661505759341e-07,-3.554219367123675968e-06
1.634471472726712331e-07,-3.369569352880346431e-06
1.675465732366673029e-07,-3.180257133474136539e-06
1.735117457563033046e-07,-2.986724577811441290e-06
1.818199535297072318e-07,-2.789071869117551686e-06
1.926554360595701268e-07,-2.588217769859944725e-06
2.068024938357480492e-07,-2.384241758961691183e-06
2.247751897601133611e-07,-2.178018791662946667e-06
2.470531220760078940e-07,-1.971071844260927652e-06
2.746433677751239404e-07,-1.764049371724809288e-06
3.082858908865510410e-07,-1.557491172860203961e-06
3.498979276993060345e-07,-1.353711821836855904e-06
4.584330485138458688e-07,-9.519155335193159649e-07
5.075379121868127989e-07,-7.664351476970481856e-07
5.465232139932599587e-07,-6.009842372403141952e-07
5.854778137559080112e-07,-4.646221126217762600e-07
6.233196106855599997e-07,-3.493523117961292916e-07
6.575924234311836064e-07,-2.601374271211319409e-07
6.942515317411831652e-07,-1.885582306052246555e-07
7.225190715718541828e-07,-1.346202223226243230e-07
7.452959672507094356e-07,-9.262436118157107647e-08
7.538380482818249533e-07,-6.250504415122352209e-08
7.463425400459840428e-07,-4.370109486340825030e-08
7.178152807046643731e-07,-3.665498778209838788e-08
6.675268719905159090e-07,-3.910415819372741474e-08
5.976970501236818496e-07,-4.625301100529135942e-08
5.152696408578981023e-07,-5.311773971456157930e-08
4.310807760106572382e-07,-5.563789607070765510e-08
3.513940321590815094e-07,-5.161021908725429714e-08
2.849950412003598552e-07,-4.238116662868419268e-08
2.006803622402339598e-07,-2.333535232904012918e-08
1.754642540444253266e-07,-1.722632598431285673e-08
1.552888682442911372e-07,-1.301084324386821964e-08
1.394417935668907519e-07,-1.090115831929252895e-08
1.270782343522199336e-07,-9.204335825055031493e-09
1.164527652500114476e-07,-8.474880530376030602e-09
1.082434746849844378e-07,-8.502908840598410742e-09
1.019054807904580343e-07,-8.806564849681514093e-09
9.711376250737821681e-08,-9.934617738555027170e-09
9.362204449775404462e-08,-1.169463308219198793e-08
9.134858150918003409e-08,-1.395151720729232973e-08
9.007244221102002387e-08,-1.691086429740725178e-08
8.955733030620066853e-08,-2.067251150728784899e-08
8.952632084204901848e-08,-2.518172095706412209e-08
8.975499257890119641e-08,-3.030015507234714845e-08
8.999000687634095797e-08,-3.580555247251555543e-08
1.361806147360302685e-08,-1.529915191033202914e-08
2.519758988009103487e-08,-2.479467576821187644e-08
3.649800896493472845e-08,-3.121267083782240727e-08
4.669845506833366349e-08,-3.552181297077176032e-08
5.611036610329555050e-08,-3.833321487991833168e-08
6.448177020703937070e-08,-4.002030198922330636e-08
7.192122434668370768e-08,-4.087370955412890361e-08
7.847299342220409375e-08,-4.122506249120844847e-08
8.439329357096805923e-08,-4.135740419813379202e-08
0.000000000000000000e+00,0.000000000000000000e+00
0.000000000000000000e+00,0.000000000000000000e+00
0.000000000000000000e+00,0.000000000000000000e+00
0.000000000000000000e+00,0.000000000000000000e+00
0.000000000000000000e+00,0.000000000000000000e+00
0.000000000000000000e+00,0.000000000000000000e+00
0.000000000000000000e+00,0.000000000000000000e+00
0.000000000000000000e+00,0.000000000000000000e+00
0.000000000000000000e+00,0.000000000000000000e+00
0.000000000000000000e+00,0.000000000000000000e+00
0.000000000000000000e+00,0.000000000000000000e+00
0.000000000000000000e+00,0.000000000000000000e+00
0.000000000000000000e+00,0.000000000000000000e+00
0.000000000000000000e+00,0.000000000000000000e+00
0.000000000000000000e+00,0.000000000000000000e+00
0.000000000000000000e+00,0.000000000000000000e+00
0.000000000000000000e+00,0.000000000000000000e+00
0.000000000000000000e+00,0.000000000000000000e+00
0.000000000000000000e+00,0.000000000000000000e+00
0.000000000000000000e+00,0.000000000000000000e+00
0.000000000000000000e+00,0.000000000000000000e+00
0.000000000000000000e+00,0.000000000000000000e+00
0.000000000000000000e+00,0.000000000000000000e+00
0.000000000000000000e+00,0.000000000000000000e+00
0.000000000000000000e+00,0.000000000000000000e+00
0.000000000000000000e+00,0.000000000000000000e+00
0.000000000000000000e+00,0.000000000000000000e+00
3.063847484129013370e-07,-3.462576747065779869e-06
8.763687521307622243e-08,-1.560886211624328453e-08
5.081650504054473622e-08,-2.992043851152567829e-08
1.059607619553321509e-06,-4.255566894485676772e-06
3.289672310018324775e-07,-2.906310478522746088e-06
9.825739701851009368e-08,-1.031922909532684630e-08
5.241084146827651115e-07,-3.484606655785558904e-08
6.344895153510712280e-07,-3.587124819547380179e-07
1.650412870289823548e-06,-3.236866229962959655e-06
1.345733119135415341e-08,-3.912780943988503465e-09
2.051519225280437849e-08,-5.391813659852165024e-09
1.604301913995614693e-06,-2.396459933410836895e-06
4.243655161391058065e-07,-1.861020804901000728e-06
1.462211728852407355e-07,-1.582338920282223814e-08
1.032781881653673862e-06,-2.229783031431291795e-07
1.254635697473812838e-07,-1.373324068673764971e-08
1.194565588030350321e-06,-5.064996310740011135e-07
7.237561449913068305e-08,-1.736816810333924151e-08
2.124743262743956535e-07,-3.318754951206985499e-08
5.267623583487656213e-07,-1.251569959813291165e-06
7.771025826629547805e-07,-5.832177792177313881e-08
7.360852898736391317e-07,1.135028536274922281e-07
1.516920057465048671e-06,-1.761443880408322736e-06
3.167901508137300946e-08,-9.167264716730970615e-09
6.052829904805375383e-07,-8.187550252038832786e-07
3.032203247193279028e-07,-5.586482739788485834e-08
6.795293539583636554e-07,-1.480038496178758310e-08
6.736969648694686291e-07,-2.003658842001301272e-07
4.338613763320282436e-08,-1.374802659260368048e-08
1.412996930937985381e-06,-1.146250763897359356e-06
1.094678924022237626e-08,-4.761396257433281725e-09
1.670788138756282171e-06,-3.801939796572181255e-06
7.303263366115110413e-07,-1.047789447625746271e-07
7.475640075584731035e-07,-4.163912574427054941e-08
1.322697780635439087e-06,-7.927756042122282051e-07
5.827834921752288121e-08,-1.762484200975804778e-08
1.654043265699142416e-08,-4.348543913411951080e-09
1.623563487426590367e-06,-2.832919579464852098e-06
3.608755919273556856e-07,-2.475245537469839378e-06
1.101039312867875474e-07,-1.044689517374399416e-08
7.565839673260368050e-07,7.035466462307375251e-08
7.643553173778183607e-07,-5.767717595128735765e-08
2.924057872984128568e-07,-3.820545234880027916e-06
8.533573844497159962e-08,-2.278547043969328039e-08
7.685578272100957759e-07,-4.284106728290239268e-06
6.768565540222951056e-08,-3.450115201545683707e-08
8.004238144708736438e-07,-6.590323700037797921e-08
6.856223430259739445e-07,1.294396546590210825e-07
7.668728188270598994e-07,1.574107426546032310e-08
7.641322139950114904e-07,-4.372192803309448672e-08
2.903010256226469758e-08,-2.048784150962883429e-08
1.405904978453245651e-06,-4.271610080598411027e-06
9.144290578626254841e-07,-1.263016910483454700e-07
2.071342353850933776e-07,-6.952490594026235653e-09
8.107742433822074040e-08,-3.569440925299269061e-08
4.024286676997304961e-07,-4.278100097563066417e-06
1.651193737595138909e-06,-4.154466140519190735e-06
8.862969636981875301e-09,-6.002340399929358671e-09
6.304352466679269695e-07,-4.537291474235038772e-07
6.854821085339384859e-07,-3.599075986137969924e-07
6.796562046242192168e-07,-2.797654630126344256e-07
7.352377246588867204e-07,-2.839530846286287463e-07
7.222669326699601369e-07,-2.178012471555566498e-07
7.619299046454017470e-07,-3.686759386164314290e-07
7.754662082929040499e-07,-2.203578358260030289e-07
7.544566833486023706e-07,-1.663838993834410887e-07
8.041744756751455183e-07,-1.685334048022962942e-07
8.417237254728575280e-07,-2.253900392145192642e-07
7.114116122439767894e-07,-1.688891981133062752e-07
7.447780240301672453e-07,-1.250193878075505350e-07
7.211684176636139646e-07,-1.243583720933390408e-07
8.628073452788762661e-07,-1.734210583189211927e-07
8.226830384435660225e-07,-1.285328001809008987e-07
7.451149579386785388e-07,-9.387985789368845006e-08
7.318964409859572951e-07,-9.365985323388600877e-08
7.118333994581116653e-07,-1.201475376386297678e-07
7.290301787212679514e-07,-8.998009924521356745e-08
9.168089466467706450e-07,-2.332429434246995383e-07
8.953977307810865173e-07,-2.978161282167963218e-07
9.852302655453919121e-07,-3.083562324019051490e-07
9.761542771549836494e-07,-3.865741284890466405e-07
7.675733128436869890e-07,-9.423162180413855820e-08
8.711647244987844141e-07,-1.346993957458295144e-07
7.125837082211514580e-07,-1.168874689579277283e-07
7.329181501289596945e-07,-8.144294536615620557e-08
8.333179691452064259e-07,-9.962185923577885541e-08
4.336798462434254901e-07,-5.011691572910186762e-08
4.639778311739145217e-07,-3.158058610392061651e-08
3.904450594480619818e-07,-4.530083542704140138e-08
4.086712875069886350e-07,-3.076406866015342987e-08
4.860114160778423249e-07,-1.298378135429670328e-08
4.282987463421348130e-07,-1.502199981130531273e-08
5.091663959584373657e-07,5.737852573721754062e-09
4.556905055012766442e-07,3.253056398491638245e-09
3.359879914895493601e-07,-4.297316504377527157e-08
5.397836895708562879e-07,2.704999460959282245e-08
5.851182783171703635e-07,2.697054095598408811e-08
3.645560852013790287e-07,-1.642398309278482274e-08
4.895286964389174894e-07,2.484443384983117655e-08
6.160606823703483325e-07,5.087312142776641233e-08
6.491409822344016145e-07,4.343684419569943547e-08
3.206852968876511195e-07,-5.282647995106569581e-08
2.693613457186965831e-07,-4.841392137590907012e-08
2.607279721324873165e-07,-5.410920352140593409e-08
2.101166311695263780e-07,-4.707594503800520680e-08
2.073925245351427140e-07,-4.995852073289839104e-08
2.786896071587255767e-07,-3.954372237210701061e-08
6.303533242741280427e-07,2.254875422758572898e-08
6.787308676958243432e-07,3.331357329359178649e-08
6.767736691295627017e-07,6.653116838532214596e-08
1.597146125620410292e-07,-4.147962438781466764e-08
1.612743558744472838e-07,-4.243052945952652095e-08
2.011587163091032703e-07,-4.832692604289283140e-08
1.600001944916700869e-07,-4.068777854340193247e-08
1.901827167076262847e-07,-4.323641779350127372e-08
1.551202836798255692e-07,-3.630108232958917037e-08
1.236312045860562225e-07,-3.250835348994534918e-08
1.231165768727290950e-07,-2.954824759744684133e-08
1.477904583085251028e-07,-3.068845685631696736e-08
1.200549002409984824e-07,-2.579122865303897891e-08
9.060441410804283909e-08,-2.444729839759296692e-08
1.388632749434872148e-07,-2.514176198523639239e-08
1.151730849089061583e-07,-2.189798915130293284e-08
9.485536475980485403e-08,-2.109243222610237245e-08
9.339296022024940633e-08,-1.865121311513001963e-08
1.095782297591605719e-07,-1.845054581164629114e-08
9.101500249466823914e-08,-1.640999331381231701e-08
1.040937111802410436e-07,-1.574886176191044034e-08
8.815299758198380231e-08,-1.456283227118329286e-08
7.362164843199683783e-08,-1.425187932624873915e-08
7.302342952792137015e-08,-1.319334993585635730e-08
8.537122146897569784e-08,-1.327324644752299851e-08
7.231048050139548641e-08,-1.256454287731901388e-08
8.292591582971289059e-08,-1.254370652828808350e-08
7.145754530061803561e-08,-1.234373844777386976e-08
5.982955595513873081e-08,-1.162769169799291171e-08
6.052263304287992877e-08,-1.189986186509757198e-08
7.096075320611935315e-08,-1.272840807394998241e-08
6.137955188385783386e-08,-1.279185803024155517e-08
7.101579319375556627e-08,-1.383893760143927342e-08
6.244331998547251953e-08,-1.440095504792616964e-08
5.200055389966656546e-08,-1.263564441391201217e-08
5.405453284810864569e-08,-1.478824731394272899e-08
6.386332316137626836e-08,-1.693252678023718430e-08
4.293072047576936621e-08,-1.222133269696988941e-08
4.586761809164364596e-08,-1.496817830696406106e-08
7.939687058032048115e-08,-1.309402730608100513e-08
4.820361498464880408e-08,-1.043892523625294994e-08
7.197768779454668356e-08,-1.662204165874707012e-08
4.029937749340637324e-08,-1.043239226357687490e-08
5.850273775677400647e-08,-1.206860573769278793e-08
3.069974101009000579e-08,-9.234664461250631792e-09
1.633996408913043800e-07,-2.802064587317796176e-08
4.511132554183024791e-08,-9.921376647642442699e-09
9.432527400384966605e-08,-1.252117376473838161e-08
1.203620138453628864e-07,-1.657809622266740785e-08
7.858112875360557891e-08,-1.445889349320330318e-08
8.573271170433074038e-08,-1.313595292197219265e-08
1.531257860682798375e-07,-3.715657937966697548e-08
5.598314288448129098e-08,-1.249109548729939094e-08
3.382282700542393474e-08,-8.136442028553289878e-09
6.419148344196296192e-07,7.217877617443188577e-08
1.115338396605363130e-07,-1.397498670925082083e-08
8.745276439893122308e-08,-1.217975970325486641e-08
2.282576757871676667e-07,-4.934785123831824699e-08
1.081344292950969103e-07,-3.128103078958732195e-08
7.264812542661990828e-07,-2.234088347923188265e-08
7.356812651586824279e-07,-1.393736893908322462e-08
7.474027984657548511e-07,-3.612396962869831996e-08
7.445055901428164035e-07,-5.965401600529972747e-09
7.513916221999540001e-07,-2.584102944446284623e-08
7.458690256928715792e-07,-5.561401226305771665e-08
7.512217961688316423e-07,-4.285514286177019676e-08
7.594316805883956962e-07,-1.699699446942299387e-08
6.966627755277057618e-07,-1.551508660992288256e-07
6.091084657270133780e-07,-2.083006127706736374e-08
7.250501336042031101e-07,1.122923862306024116e-08
7.414815367501448251e-07,2.159362140820837767e-08
6.251079307254608750e-07,-6.523574166118066004e-07
7.280435044315732442e-07,-6.960581055270809243e-07
7.339649075923077482e-07,-8.663813828843221866e-07
8.465754741940809182e-07,-7.532000402098401117e-07
8.746234956482157378e-07,-9.179282227653973118e-07
9.750788209325079168e-07,-8.124765079279374729e-07
1.014077587442856427e-06,-9.881442427980533614e-07
8.796455268826252604e-07,-1.109034692685473005e-06
1.064731661796765058e-06,-1.178208562015261560e-06
9.423693191798400817e-07,-1.309857679641513799e-06
1.109647314607350613e-06,-1.376645103877274253e-06
9.812566456184104889e-07,-1.511646027490180773e-06
8.145195055476579614e-07,-1.452388371189662871e-06
8.455625596158470843e-07,-1.654681585584383300e-06
1.020860490286125057e-06,-1.717748213509490915e-06
8.822978752141918950e-07,-1.860717340453175796e-06
1.062474795788635042e-06,-1.925282378793544341e-06
9.230694897349290555e-07,-2.068080219992654932e-06
1.105806140033348429e-06,-2.133259075943398468e-06
9.673447832172372342e-07,-2.275675203673126094e-06
1.150174544387511222e-06,-2.340615965371644472e-06
1.011822513562464844e-06,-2.481606490401211685e-06
1.195440189258317957e-06,-2.545287055800155346e-06
1.054865397923206832e-06,-2.685008207725609015e-06
8.729967905953493339e-07,-2.623900107731678126e-06
9.160190510716375647e-07,-2.823811529581605187e-06
1.096546744246268003e-06,-2.884234522451952142e-06
9.591417211305700168e-07,-3.020510729704121532e-06
1.137702399559839912e-06,-3.080232016925412984e-06
1.000070869273962494e-06,-3.212958747006686849e-06
8.236463734154413036e-07,-3.155993918221423840e-06
8.648051829563550616e-07,-3.346143314113142243e-06
1.039608478790288742e-06,-3.401597176492438796e-06
9.071378070616799808e-07,-3.530914379719137861e-06
1.077969779203141426e-06,-3.586341550250250407e-06
9.470217398646272783e-07,-3.711728101680022347e-06
1.116249122611649795e-06,-3.766431973178795415e-06
7.768757952495099644e-07,-3.658315807713676968e-06
1.203910563584524853e-06,-3.462549635830947837e-06
8.168064059106874752e-07,-3.834951189650888483e-06
7.823670408220685502e-07,-2.214991924384056069e-06
9.418882042266314161e-07,-6.555958934414236487e-07
6.899634537870229371e-07,-3.290688525386408262e-06
7.365860661894547245e-07,-2.765950069620307110e-06
6.476043088253381162e-07,-3.100828010739394741e-06
1.241186065039586752e-06,-1.994938107214472141e-06
6.453088954838232751e-07,-3.783219691469986404e-06
1.277670808474991987e-06,-2.945943615937905565e-06
1.336630120934726305e-06,-3.163242344114327346e-06
6.079018960521377692e-07,-3.607760819511912263e-06
6.886078687189611606e-07,-3.952627667691744443e-06
8.589534369256302152e-07,-4.008538549295642243e-06
6.936235852888747843e-07,-2.569059166272149564e-06
6.524317167621236687e-07,-1.592169032705628293e-06
4.957995343639349946e-07,-3.230083697909768701e-06
1.080524967492529656e-06,-7.226648518820097517e-07
1.023611599615793663e-06,-5.771049092207917035e-07
9.028885408227903397e-07,-5.180636186386555531e-07
7.225116694476920067e-07,-5.599577331300740071e-07
1.151135831258020994e-06,-1.026818759540115036e-06
5.505165309625254607e-07,-2.710038388671928170e-06
5.252239120217513730e-07,-3.912620153961597725e-06
5.618746241550961064e-07,-4.066840514989671573e-06
3.961756611986738818e-07,-4.025582204955672837e-06
3.633520247817814642e-07,-5.827313571788979940e-08
1.252138739699604976e-07,-1.347362679923921277e-08
6.527211607097629037e-07,-2.633361767561004924e-07
6.787218634880157698e-07,-1.961101233245510201e-07
1.148531245647992531e-06,-6.120489310028477956e-07
1.466515053902031571e-06,-2.992738336864836622e-06
1.330043083017875655e-06,-2.409041470352594421e-06
1.383636851971689019e-06,-2.613015273408737906e-06
2.547037248809928674e-08,-7.153802713779905748e-09
1.975355601526571431e-08,-6.310998256495530558e-09
7.000179778769812377e-07,2.524995281785346445e-09
7.458627902519263846e-07,-6.596598180715388877e-08
6.929069340504517945e-08,-1.753325872455554832e-08
8.718845917370479164e-07,-1.094733608425492702e-07
7.605246908988727958e-07,-3.367142138710853198e-08
6.025224132710800202e-07,-1.017581381875320371e-06
6.985214183575148651e-07,-1.139687855885725370e-06
7.465886240119214611e-07,-7.148531010362801661e-08
1.071966524653770919e-06,-3.979254934496369313e-07
1.080258521273975396e-06,-3.272862775347645192e-07
7.179135421049771724e-07,3.826431849552192375e-08
6.574304023606536129e-07,-1.366276507837818881e-06
8.722079090568204373e-07,-3.918988121267204572e-07
4.782461652326506182e-07,-3.011425454487316147e-06
1.505417689765980230e-07,-2.127644518717132309e-08
5.464591262236181178e-07,-1.349863794072459900e-08
1.725648814116085954e-07,-2.342147576148952584e-08
2.188832130933414959e-08,-7.706955457087689454e-09
9.224063675132607418e-07,-1.470182706607424236e-07
8.579318789606850652e-07,-9.559869898330451865e-08
7.957947893018790638e-08,-2.337357236290878531e-08
4.912434203676474395e-08,-1.447032865896784841e-08
7.266476816425984919e-07,-9.738433198437972678e-08
5.681595871141051425e-07,-3.422607046218426502e-06
4.498094495948709895e-08,-1.177348075474159862e-08
5.970636573072314018e-08,-1.665842332336846470e-08
5.152275181968359100e-08,-1.236415399336777026e-08
7.085998988922698333e-07,-1.802901237761968252e-06
7.443652390668575037e-07,-2.010250508394118588e-06
5.755841256713996642e-07,-2.181438119164706705e-06
6.510549207414342529e-07,-2.382202424428046977e-06
5.647647446985818334e-08,-1.799095239458275792e-08
6.575689682211487021e-08,-2.054489223166141168e-08
7.220943332092659987e-08,-1.868324610641148021e-08
5.922525423122496391e-08,-2.240624110629590129e-08
7.354183545467171660e-08,-2.260020562826337508e-08
8.008693810827442947e-08,-2.003169692817132120e-08
7.841770308573592295e-08,-1.661505142735020093e-08
1.437680729982815178e-06,-1.346118308974484343e-06
1.552239639217341715e-06,-1.973132143603410633e-06
1.651088250929727399e-06,-3.425022533115843326e-06
1.487580272396380891e-06,-3.319562762829168779e-06
1.488070471931324291e-06,-3.517610548468280193e-06
7.521359664084118529e-07,-7.189025800106630865e-08
7.882139000246824881e-07,-5.999453274033264224e-08
7.171397211034662079e-07,1.270994758942363940e-07
6.225171514926310073e-07,9.191411768245224789e-08
5.461874308688241310e-07,7.118257337289092481e-08
4.892340504068616565e-07,4.049951646873226687e-08
6.210626342978976261e-07,1.111911023144222355e-07
1.027599250084799058e-07,-1.589362055858694264e-08
2.165218088752822668e-07,-1.912491783438522090e-08
1.952029674105861356e-07,-2.670063869670413952e-08
2.631166872091611170e-07,-1.113110730698549396e-08
3.250900614182118414e-07,-1.192565365912909279e-08
5.881583615047437345e-07,6.423308647212478061e-08
1.153772971232890615e-06,-1.582304982047922524e-06
1.287861895813762060e-06,-1.458103750675227042e-06
1.251135961583545646e-06,-1.218889063913554170e-06
1.481937775999999126e-06,-1.555366005680312932e-06
7.481737031253043313e-07,9.350815350878171358e-08
8.120329490859843293e-07,-2.921609476030093042e-07
7.636648640269609651e-07,4.450937570089035144e-08
7.633020156227404918e-07,-5.370550248265883329e-08
9.255528519706958583e-08,-1.157201481744721517e-08
4.052512337000200346e-07,-2.070976628698901367e-06
9.873832544066030153e-07,-3.889686915260936411e-06
1.153969057016959899e-06,-3.942877578816844437e-06
1.283741791124335508e-06,-3.822095433978162180e-06
1.317716659263859525e-06,-3.992020802176603755e-06
1.439220446946386070e-06,-3.863144976885954117e-06
1.496882977823861296e-06,-4.028755849186081818e-06
1.187241741277241452e-06,-4.111164624356927104e-06
1.391804387666234494e-06,-3.682574147331932765e-06
1.025885208159162908e-06,-4.068566772945665334e-06
8.924596508782348748e-07,-4.174226244706807176e-06
4.917467821377109005e-08,-1.892940232638579214e-08
3.801458822716435756e-08,-1.491946627070671965e-08
4.215215403299538295e-08,-2.018872257688936835e-08
2.922684705376906763e-08,-1.400818941625491423e-08
5.352278056715261993e-08,-2.475154030599179486e-08
6.338547366220128237e-08,-2.818866108598576510e-08
6.821575591141858659e-08,-2.512923729244612454e-08
7.533482905699955457e-08,-2.739239103414543031e-08
2.480468225295612668e-08,-1.001231331628049225e-08
1.650920285286570613e-08,-8.298744075061975145e-09
1.584449409910455602e-06,-2.185152317272331670e-06
1.667000966964502224e-06,-3.616161423324018190e-06
8.521924981357686002e-08,-2.749005997373131389e-08
1.333071299879968724e-06,-1.664959311803082992e-06
1.581733614773512178e-06,-2.625044575477910261e-06
1.865068649114787411e-08,-4.895320008408436931e-09
3.320523646791299187e-08,-7.952682475638197395e-09
1.730944809945095250e-08,-4.683256298660112450e-09
1.374781090072788469e-06,-9.585542366762141727e-07
1.211898362551325467e-06,-8.684173149208216277e-07
5.050974471104721215e-08,-1.572227620325125205e-08
2.557933733232731049e-08,-6.861175668566311976e-09
7.216864938079635885e-07,6.877427520163798900e-08
7.649086848733137085e-08,-2.095510859597719196e-08
8.800921054992516754e-08,-1.751097302273903797e-08
1.563995441734769644e-07,-2.997263070159476404e-08
7.689824488381973684e-07,-5.816460785005327037e-08
8.992251010883715589e-08,-1.195153025826585545e-08
9.967390003745577468e-08,-1.116610980383722051e-08
3.174858056952551207e-07,-3.279767709009667181e-06
3.760688007980155144e-07,-2.691381180785660006e-06
3.786042872700005420e-07,-2.277282673920689585e-06
4.590424675740693425e-07,-1.655934749811838358e-06
1.672102307933243380e-06,-3.981993878267248400e-06
1.767936045998687937e-07,-3.576885834802906473e-08
8.603107805453128261e-08,-1.875742594241812183e-08
3.054737959947250501e-07,-3.644189698714360363e-06
4.613557529948122899e-07,-3.747143854557790393e-06
1.588966607468042343e-07,-1.041154883583882191e-08
3.215337045243441894e-07,2.701240307030334753e-09
1.294221780341328764e-07,-2.028086662286474972e-08
9.869712885981200236e-08,-1.370439606425080277e-08
2.447445316819013115e-07,-5.466441714723582920e-08
4.030487066985701511e-08,-2.470714993298393342e-08
1.237831403204709355e-06,-2.746906557936366841e-06
1.176786265320623724e-06,-3.271164240194745579e-06
1.279262542851752236e-06,-2.204478490637901286e-06
7.359229842682249071e-07,-3.476062400337971264e-06
9.222455921528243718e-07,-1.809223500220422419e-07
7.125514777207003082e-08,-1.575345395051590639e-08
7.831980916054967731e-07,-7.194519203067305654e-08
3.957771476295363152e-08,-9.336096125063568473e-09
8.302346748135853148e-07,-2.420499196383439531e-06
7.814962831892313092e-07,-2.962301360078291103e-06
7.458728055331491709e-08,-3.561538655505960730e-08
5.814788366686682986e-07,-4.241492449830663183e-06
3.400688815946756978e-08,-1.144680766102255448e-08
8.950144766351342116e-08,-1.324929276227253123e-08
2.047923124707955948e-07,-4.032447148056617308e-08
2.499098206108468904e-07,-4.633285774570332167e-08
6.341147588355256404e-07,2.551670803843235794e-09
5.016701390034405879e-08,-1.127787588305445932e-08
3.501393470657594534e-07,-3.013298783166664634e-08
5.899547654166170054e-08,-1.170772183429240218e-08
7.365625660263716462e-08,-1.546237878727862862e-08
9.476857748052526574e-08,-2.332971430313680227e-08
1.207100142361842034e-07,-3.382071976924295214e-08
1.422125479046211895e-06,-2.806672549064225010e-06
3.331692014445937486e-07,5.618494395262666176e-09
1.235834209827768656e-06,-3.642056272335025267e-06
8.064774219307217292e-08,-1.244316426164765550e-08
1.195937532127038684e-06,-1.788598630695432706e-06
6.920530360852090872e-07,-1.561401172647579567e-07
3.034156618692471636e-07,-5.864218329550001552e-08
6.128988761075192270e-07,-2.898227175570455993e-06
7.465981547535733988e-07,-7.038348635741172459e-08
8.257354433702450042e-07,-6.024192912026416604e-07
2.217036134733601971e-08,-1.327291291029137702e-08
7.489979657800635313e-07,-5.546741269799396840e-08
3.763074165403864893e-08,-9.201509414986834575e-09
7.645955629900985580e-07,-7.152331824778909940e-08
7.797989663763816205e-07,-1.258616275176256615e-07
3.886330976160523212e-07,4.263019540322768818e-09
1.641830482866926290e-06,-3.038047389497107783e-06
7.542436600196581505e-07,3.536140451806106982e-09
8.006924636563374215e-08,-2.452929794023843067e-08
9.976664050853648224e-07,-2.408527771912716378e-07
2.842710289958209157e-07,-2.983249874443202368e-08
1.050228432679454524e-07,-1.220952462740593181e-08
7.948125090892271426e-07,-4.753653606471349229e-07
5.662540952268981136e-07,6.556449406406198123e-09
1.239599777623650342e-06,-4.270484185784810478e-06
5.954765538755635569e-08,-3.240944436602718132e-08
7.432495837940050958e-07,4.805042950566370538e-08
8.551153887759959690e-08,-3.276372287256365070e-08
2.981826425256291433e-07,-4.154071639449743892e-06
1.564775574579000963e-06,-4.284585363799511832e-06
1.745968905063686602e-08,-1.378539613123063703e-08
1.071549135926576827e-06,-4.905304173970081703e-07
8.068644549806492684e-08,-2.977628195980292517e-08
1.184291691912964740e-07,-1.068338774361242938e-08
7.988634422882546690e-07,-9.480496640202910394e-08
4.460813881378704284e-07,-3.542365366450154919e-06
4.933895953586450387e-07,-1.459649520631608782e-06
1.871186237822802746e-07,-3.054383260256864228e-08
7.701392028101980816e-07,-9.513165045677889703e-09
1.374264734605890600e-06,-1.874703762581966387e-06
5.702899600223058389e-07,-1.950256755728164714e-06
7.990023469518647437e-07,-1.272100379804983334e-06
6.898569756893204383e-07,5.098195016704350331e-08
7.333650986285595003e-07,-4.106341699498869939e-06
1.411069936306967839e-06,-2.083777997652489360e-06
1.272067318137469100e-06,-6.476970910605516247e-07
1.352965669190309176e-07,-1.690312616274738816e-08
7.396482138424125532e-07,-6.967825360188822015e-08
8.148076432751128088e-07,-7.669251848845771790e-08
8.066441871533558677e-07,-7.478842183318127149e-08
3.272660889721101091e-07,-3.098909350292829373e-06
1.163113775859386949e-06,-4.053787810755970746e-07
1.338889020195817062e-06,-3.377636094675621352e-06
5.303044541025311025e-07,-2.533905415973988628e-06
7.090218380405471784e-08,-3.012969918280432048e-08
9.905264232950178740e-09,-3.637403543980199882e-09
8.406477136212967502e-08,-1.492959713549813931e-08
9.779280388800622022e-07,-1.707455867785091923e-07
2.070824075542620128e-07,-4.107731192196415624e-08
1.333809117894502874e-07,-3.049387233878191199e-08
1.116560132026323947e-07,-3.081737560054256221e-08
7.051693771971625065e-07,8.938852579017025375e-08
2.784763194262006457e-07,-2.236973351227043415e-08
8.117287790235784272e-08,-2.423161694152006301e-08
7.002058251565836130e-07,-1.517950570152436933e-07
6.982789842528870303e-07,-4.500330439440654296e-07
1.038982364754055705e-07,-9.695854606949226622e-09
2.871253749323709396e-08,-8.612285923190746091e-09
1.124367612744399549e-08,-3.535869052063974674e-09
8.313439591938898581e-07,-8.271016693798233980e-08
2.614438981750239157e-08,-6.865988635702315223e-09
6.885817049039958894e-07,-2.200459809679311153e-07
1.444054345906276498e-06,-2.289276373535412485e-06
7.375824650907241764e-07,-8.097737316523299430e-08
3.842403348052973961e-08,-9.523942898411394452e-09
1.349401833142881255e-06,-4.141256616896440187e-06
2.075194812991649014e-08,-5.776213103048856224e-09
6.715006530433234959e-07,9.771941670495587915e-08
2.944890645768006956e-08,-7.185631082415199454e-09
1.511907096792152403e-06,-3.154846524792519654e-06
7.556866418907498566e-07,2.633511231137164724e-08
1.331587347406642557e-06,-3.536541941458067724e-06
8.286161403826035032e-07,-9.146337046210854737e-08
1.086439724104297480e-06,-8.799667758603450348e-07
2.695734572684802660e-07,-3.991279518524760457e-06
2.255956150838416871e-07,-3.464756046026274050e-08
6.696182932523642404e-07,1.621204562657472350e-08
8.333680738601357546e-08,-1.720551443408703712e-08
7.715083344985525775e-07,-2.668693261915162110e-08
3.820282801712892737e-07,2.379817501075802843e-08
1.895455551988240925e-07,-2.509311924602901117e-08
5.626194608729087364e-07,-1.758837486829444974e-06
7.651248041900661144e-07,-1.002819622701673393e-06
1.702471000064590125e-06,-4.296988544774847586e-06
1.353450952478371544e-07,-1.316501582780152798e-08
1.545866295787344989e-06,-3.722723888855910906e-06
3.847741693618270170e-07,1.901431002981327700e-08
7.839186120530003756e-09,-7.045597202889643476e-09
7.151909119751533605e-07,-1.257244754660743178e-07
9.741384653344880204e-07,-4.736588479871408464e-07
2.779405920884766572e-07,-4.289245248706437519e-06
8.600190313137800993e-08,-3.724992809877170754e-08
1.470666185814854382e-06,-2.486792466528383011e-06
6.782328224956338037e-09,-3.670033048144598040e-09
1.084059105717007159e-06,-2.810105963368974462e-07
3.642484762655516845e-07,-5.455781192662552365e-08
4.996193161525460050e-07,-2.369485912331657515e-06
4.263898285088855428e-07,-3.369364222093718166e-06
4.803909238927465763e-08,-1.046209422865568533e-08
5.762991145268905526e-07,4.933680099587345377e-08
4.499258958468112806e-07,-4.145497249822350437e-06
1.201415440897250933e-06,-7.326004644588137902e-07
1.284877067068995389e-06,-1.040652432353004659e-06
9.331077422410380322e-08,-1.139336832616357698e-08
1.600259789380450552e-07,-1.786287543419173481e-08
4.788744311622132471e-07,-2.841935425851847823e-06
3.292032857558311906e-08,-1.876277924292381457e-08
2.658655496380239528e-07,-5.482932774488881649e-08
7.009497713047474756e-07,1.936840268760251421e-08
4.098207531885277542e-07,7.235466529808269343e-10
9.687333427248143180e-07,-1.869092371164185731e-07
3.404219495074218926e-08,-1.057784051894928767e-08
7.661844343731177880e-08,-3.170281999248689544e-08
8.730069086596159100e-07,-1.075082874793247426e-07
1.571363465907341302e-06,-3.886569199588776790e-06
1.128158203516928886e-07,-1.209778900651135810e-08
6.431243565327847593e-07,-5.400931266087223168e-07
1.493528481434195709e-06,-4.176231774609296413e-06
3.968549348123971492e-07,-3.901836143147420144e-06
9.076915379082137274e-07,-4.309909276667306319e-06
