Size 674,2
4.799999999999999571e-07,-1.595204183230918199e-07
0.000000000000000000e+00,0.000000000000000000e+00
1.404574734007244571e-06,-3.987746479503567542e-06
-7.332551503264311969e-08,-3.984893250994557745e-06
1.448368456083056930e-07,-1.095183378305262378e-06
1.487146408518675562e-07,-2.616105571940248545e-08
5.851354737093954536e-08,-3.047118784548804393e-08
0.000000000000000000e+00,0.000000000000000000e+00
4.799999999999999571e-07,-1.435818989733354019e-07
4.799999999999999571e-07,-1.311176387858557084e-07
4.799999999999999571e-07,-1.232847646330950558e-07
4.799999999999999571e-07,-1.199821245650939496e-07
4.799999999999999571e-07,-1.197243984478611353e-07
4.799999999999999571e-07,-1.203193001035825837e-07
4.799999999999999571e-07,-1.193668680562236221e-07
4.799999999999999571e-07,-1.147730826164405733e-07
4.799999999999999571e-07,-1.049686600371092175e-07
4.799999999999999571e-07,-9.012994983609431152e-08
4.799999999999999571e-07,-7.073009276002135699e-08
4.799999999999999571e-07,-4.817241129396959186e-08
4.799999999999999571e-07,-2.437639277027118388e-08
4.799999999999999571e-07,-6.453915366432968518e-10
4.799999999999999571e-07,2.248070243736364805e-08
4.799999999999999571e-07,4.489640032457738296e-08
4.799999999999999571e-07,6.717219621686866171e-08
4.799999999999999571e-07,9.151063095504510556e-08
4.799999999999999571e-07,1.198028871305704112e-07
1.404446216808655781e-06,-3.838803701242708154e-06
1.404271173083540723e-06,-3.685833129111935549e-06
1.403901869580832642e-06,-3.528395541197384288e-06
1.402984381041714193e-06,-3.366383235913864199e-06
1.401203965958238748e-06,-3.199786559514624078e-06
1.398276662639269172e-06,-3.028804151416892292e-06
1.393857330622831920e-06,-2.853398874174694205e-06
1.387496289718691615e-06,-2.673815850069657691e-06
1.378790472770536758e-06,-2.490457776831232243e-06
1.367424603337118497e-06,-2.304325405127733253e-06
1.352359849989287792e-06,-2.115508146923066456e-06
1.333197174355085442e-06,-1.925486711632813020e-06
1.309406164140611948e-06,-1.735485166154330170e-06
1.280360226556533877e-06,-1.547098156730793197e-06
1.245459844158748586e-06,-1.362294252551335622e-06
1.204581795165524218e-06,-1.183971044225910895e-06
1.156649810085317523e-06,-1.014510773277665018e-06
1.101942655621201075e-06,-8.564295454907333990e-07
1.042445862966714565e-06,-7.135947370575788684e-07
9.787280821094788568e-07,-5.869908062719948288e-07
9.144227828483027937e-07,-4.786825196496870566e-07
8.480181868394720964e-07,-3.879653238372361912e-07
7.826395723660721895e-07,-3.150806681036953889e-07
7.189370602178643717e-07,-2.575955290178089848e-07
6.570737686573380694e-07,-2.145082875958479337e-07
5.982132559340320816e-07,-1.845025523495160066e-07
5.380900001518385135e-07,-1.669412736005238042e-07
7.516769991862530536e-08,-3.984720061425988088e-06
2.233424208039018217e-07,-3.984355380934431343e-06
3.711737997686238727e-07,-3.983983275318822241e-06
5.185733038509100633e-07,-3.983744202601308384e-06
6.656660682445195472e-07,-3.983840204839810743e-06
8.128368475846534958e-07,-3.984294133491179069e-06
9.601704215347377160e-07,-3.985060552261427635e-06
1.107900037850020475e-06,-3.986024415194935086e-06
1.256073920324015066e-06,-3.986995102844642118e-06
-7.335596730988897372e-08,-3.841473155724389892e-06
-7.337500860238085710e-08,-3.694319281366694428e-06
-7.325342974741048601e-08,-3.543036431019240689e-06
-7.264419200331553199e-08,-3.387528733836812763e-06
-7.130423625981867140e-08,-3.227811465783039413e-06
-6.897741835152378550e-08,-3.063859322260006547e-06
-6.533158913680952933e-08,-2.895760107112583068e-06
-6.002754974041316975e-08,-2.723903494307202387e-06
-5.264073870973291390e-08,-2.548378454296166774e-06
-4.300502725318011890e-08,-2.370001414190368128e-06
-3.042629234489426439e-08,-2.188841274738586174e-06
-1.444583243873093253e-08,-2.005679189534318462e-06
5.362602662185741565e-09,-1.821864430842756502e-06
2.989427706361902521e-08,-1.637973224670926001e-06
5.980807433054794294e-08,-1.454488900913326381e-06
9.680705976029289912e-08,-1.273466626393031570e-06
1.933154772625129712e-07,-9.165299191396113976e-07
2.369854633117603093e-07,-7.517551700688162970e-07
2.716504973614268710e-07,-6.047473019018467410e-07
3.062487885943910540e-07,-4.834780230514515479e-07
3.398043086565689290e-07,-3.807362087736873210e-07
3.701418619712601017e-07,-3.008008565345196931e-07
4.026720189421960466e-07,-2.359289731622951416e-07
4.278167098128589284e-07,-1.858565570369743404e-07
4.489931247454236713e-07,-1.450681008140245278e-07
4.590906105626905044e-07,-1.129997948722720938e-07
4.579327453915760555e-07,-8.860336807078098562e-08
4.425062752485974967e-07,-7.222152561207580870e-08
4.129669939704972860e-07,-6.273622079593091095e-08
3.709273518629420519e-07,-5.751568832520822516e-08
3.207787167071916644e-07,-5.387212898835696868e-08
2.692115308647652689e-07,-4.940396677965849671e-08
2.201752592836900856e-07,-4.254507478690684808e-08
1.791857370523233422e-07,-3.396616328461736087e-08
1.269364150024173419e-07,-1.940796943827668202e-08
1.113476677337587633e-07,-1.504403932637051449e-08
9.884106162832558700e-08,-1.211312083476256415e-08
8.899938433521850844e-08,-1.064232097480625074e-08
8.131360361319529972e-08,-9.524732524718830171e-09
7.469954856214556711e-08,-9.056312377427358260e-09
6.958977299038052496e-08,-9.102412559255807970e-09
6.564988732733999449e-08,-9.341409770390776162e-09
6.268062748489770956e-08,-1.011864650100702717e-08
6.053203629841890612e-08,-1.129999816663594928e-08
5.914847591476887885e-08,-1.279666274264918627e-08
5.839034475611866355e-08,-1.474259018941207009e-08
5.810804722718516022e-08,-1.719847011258034064e-08
5.812105336009158138e-08,-2.011848193012488391e-08
5.828788410655616405e-08,-2.340860127450522646e-08
5.844753940826117561e-08,-2.692024457679831908e-08
9.322959944679871895e-09,-1.076123740514056432e-08
1.701320117934432352e-08,-1.751732879900711150e-08
2.440033476099329663e-08,-2.217528520096668955e-08
3.099496201524362354e-08,-2.540007656216839216e-08
3.702499006634734874e-08,-2.758548633463977933e-08
4.234964766791981883e-08,-2.898488575161055402e-08
4.705596531563125038e-08,-2.978411826205799313e-08
5.118615015424488570e-08,-3.019714726610590182e-08
5.491436018169766637e-08,-3.040068310064420027e-08
0.000000000000000000e+00,0.000000000000000000e+00
0.000000000000000000e+00,0.000000000000000000e+00
0.000000000000000000e+00,0.000000000000000000e+00
0.000000000000000000e+00,0.000000000000000000e+00
0.000000000000000000e+00,0.000000000000000000e+00
0.000000000000000000e+00,0.000000000000000000e+00
0.000000000000000000e+00,0.000000000000000000e+00
0.000000000000000000e+00,0.000000000000000000e+00
0.000000000000000000e+00,0.000000000000000000e+00
0.000000000000000000e+00,0.000000000000000000e+00
0.000000000000000000e+00,0.000000000000000000e+00
0.000000000000000000e+00,0.000000000000000000e+00
0.000000000000000000e+00,0.000000000000000000e+00
0.000000000000000000e+00,0.000000000000000000e+00
0.000000000000000000e+00,0.000000000000000000e+00
0.000000000000000000e+00,0.000000000000000000e+00
0.000000000000000000e+00,0.000000000000000000e+00
0.000000000000000000e+00,0.000000000000000000e+00
0.000000000000000000e+00,0.000000000000000000e+00
0.000000000000000000e+00,0.000000000000000000e+00
0.000000000000000000e+00,0.000000000000000000e+00
0.000000000000000000e+00,0.000000000000000000e+00
0.000000000000000000e+00,0.000000000000000000e+00
0.000000000000000000e+00,0.000000000000000000e+00
0.000000000000000000e+00,0.000000000000000000e+00
0.000000000000000000e+00,0.000000000000000000e+00
0.000000000000000000e+00,0.000000000000000000e+00
5.793491934618280192e-08,-3.146432280396074992e-06
5.677019883505838462e-08,-1.384137652211062271e-08
3.353527108672056909e-08,-2.199232335713190724e-08
7.265049585455202797e-07,-3.850081768494406068e-06
7.802586493130704410e-08,-2.652480180124630003e-06
6.332220860925809641e-08,-1.027478411446439620e-08
3.282171258686717376e-07,-4.931151621715547419e-08
3.498324969367297177e-07,-3.891804475205925656e-07
1.251340237587741491e-06,-2.944998013777376834e-06
8.737723185168540444e-09,-3.196569914627987916e-09
1.327498116924759573e-08,-4.178736950516437235e-09
1.210692147212224214e-06,-2.198676493350854575e-06
1.628714962234494379e-07,-1.724090852532465870e-06
9.335873035838537965e-08,-1.373224105585665717e-08
7.038281040842889114e-07,-2.681238141118250378e-07
7.959960435959045132e-08,-1.403877870850938541e-08
8.473670375549826528e-07,-5.198924750393614194e-07
4.727017800132710501e-08,-1.424430292381558430e-08
1.349205959505821767e-07,-2.584978233749632707e-08
2.539366891099758093e-07,-1.182702848843488409e-06
4.770865735129840659e-07,-1.237703032581867760e-07
4.541568159851613881e-07,2.947989287202014979e-08
1.133291333517979305e-06,-1.634683640045331237e-06
2.061802184695453365e-08,-6.775405785806596239e-09
3.237957673137777685e-07,-7.982052420210465427e-07
1.920368741959162132e-07,-4.406116866181382157e-08
4.203198970460345380e-07,-5.716762912904219749e-08
3.842844764540526811e-07,-2.471528032944277423e-07
2.851150615539087639e-08,-1.009977661250565336e-08
1.041178691138123095e-06,-1.088194924291728338e-06
7.222804907820565275e-09,-3.761978124590313254e-09
1.269214120250999405e-06,-3.446704811481374913e-06
4.343962150922291360e-07,-1.591283230730965356e-07
4.559245563164065952e-07,-9.649943368855246586e-08
9.610848331613736824e-07,-7.741601248907144545e-07
3.835708048081096304e-08,-1.334499302707551980e-08
1.069996336248156542e-08,-3.494517363681033416e-09
1.227645320551941043e-06,-2.586306794459965141e-06
1.064029862380731604e-07,-2.269650977948182652e-06
7.071891866218459628e-08,-1.025834018187093483e-08
4.659252850545104212e-07,-1.462902397197829478e-08
4.655226120855930509e-07,-1.241383476009106477e-07
4.550480469406242985e-08,-3.464257570855216184e-06
5.540445472302514346e-08,-1.853093830077239560e-08
4.681468827520758276e-07,-3.875615593520156077e-06
4.431064419125893888e-08,-2.559731139455219264e-08
4.979498469458449580e-07,-1.297987915464010417e-07
4.231777051913864537e-07,5.702899105584162091e-08
4.702914821946473644e-07,-6.362976261419120499e-08
4.651899956632473186e-07,-1.134413147825235440e-07
1.940840578467264878e-08,-1.491543051384257453e-08
1.033894928993757038e-06,-3.863983215087473487e-06
5.989275832905981552e-07,-1.825771872939415268e-07
1.289534987933791639e-07,-1.078148555790337573e-08
5.279033085318954423e-08,-2.675483514980357099e-08
1.431497669320001783e-07,-3.870427188686541571e-06
1.251678275256040787e-06,-3.759692502979471937e-06
5.960780053223006461e-09,-4.481502392570573334e-09
3.462488708192152179e-07,-4.738007789058762573e-07
3.951636511296683649e-07,-3.903445258321974197e-07
3.899272853958486682e-07,-3.189479342801011469e-07
4.393553572772871181e-07,-3.228466799259458512e-07
4.277468813623975048e-07,-2.640323731653011212e-07
4.630922163540962386e-07,-3.981701358488019073e-07
4.751013975373239771e-07,-2.664301095786542198e-07
4.563622687872670038e-07,-2.185810717448309939e-07
5.006587263698467939e-07,-2.205278792795211495e-07
5.340311945406856561e-07,-2.708833153559020245e-07
4.179182816039393460e-07,-2.205407202903682737e-07
4.476693255421490207e-07,-1.820632729348154858e-07
4.264386837086026564e-07,-1.812938408431511117e-07
5.528318657760085961e-07,-2.247759493883906534e-07
5.172103378757676023e-07,-1.851384667183218138e-07
4.479462377304923236e-07,-1.548558756774335423e-07
4.359194956916846923e-07,-1.546633749929561505e-07
4.178543177184708581e-07,-1.772246312920502752e-07
4.330845381649586688e-07,-1.513447163930616274e-07
6.007740724881329114e-07,-2.777204279140802523e-07
5.817022102800952112e-07,-3.351026435685556011e-07
6.615128514370562600e-07,-3.442750544088772178e-07
6.534063758294369015e-07,-4.138126108909040816e-07
4.681318263063366156e-07,-1.550919225268426397e-07
5.603644709703233956e-07,-1.904340471043243446e-07
4.182367114861586352e-07,-1.733947263356173076e-07
4.363909451622417947e-07,-1.435315518099194610e-07
5.268252745504697408e-07,-1.595395275985047084e-07
2.733332756176491673e-07,-5.075668687795624905e-08
2.927140735785789141e-07,-4.508457760010435121e-08
2.479535633417882772e-07,-4.736447559003725063e-08
2.592860243712570464e-07,-4.152676871516645176e-08
3.062097534354820756e-07,-3.720839026091467222e-08
2.709143542989617612e-07,-3.390205525156251441e-08
3.198712570482717445e-07,-2.768912146882797457e-08
2.868942881866564026e-07,-2.397957642760177391e-08
2.146402747565677204e-07,-4.355825164312726432e-08
3.377875878267745572e-07,-1.560388723975215858e-08
3.653361297517434360e-07,-2.173884981840961135e-08
2.310953453104868088e-07,-2.991113966276953583e-08
3.064940779737763462e-07,-1.064748021114981748e-08
3.834550933486602625e-07,-7.635874930208374095e-09
4.031343803460223199e-07,-1.884544553784577196e-08
2.049830677862393360e-07,-4.718721691461199557e-08
1.732462079312311438e-07,-4.245812851966494688e-08
1.676561275357272560e-07,-4.412840597362507505e-08
1.359909893689474643e-07,-3.813084233709549043e-08
1.340639045999738161e-07,-3.871657582525125221e-08
1.788498567101022599e-07,-3.855789637128228790e-08
3.921020907609558528e-07,-3.098058218967799739e-08
4.200678142391276582e-07,-3.135976417241575517e-08
4.193583133990697654e-07,-4.617498102580349433e-09
1.039169241486607332e-07,-3.205374816133306457e-08
1.047044118835940303e-07,-3.195275111061850434e-08
1.296906864066607485e-07,-3.646542894315056688e-08
1.035398928115963624e-07,-3.019824094333195815e-08
1.222657661854369156e-07,-3.224184407831171152e-08
1.000565740378074451e-07,-2.690298799786603506e-08
8.022641961082272652e-08,-2.394434278498317716e-08
7.961750374786631584e-08,-2.187165343590407982e-08
9.507842320844318671e-08,-2.301673649504310425e-08
7.742180120778564844e-08,-1.938703271582079436e-08
5.889796475614633600e-08,-1.796866138651488630e-08
8.917203258262458137e-08,-1.932970225375406020e-08
7.413254275607828376e-08,-1.689510963024388903e-08
6.127014906959416245e-08,-1.593624368731289020e-08
6.021240618288958099e-08,-1.447257205439084181e-08
7.045874382267311675e-08,-1.475139274622951671e-08
5.861848876071739736e-08,-1.316820461696276111e-08
6.691466340641147284e-08,-1.312269040155726844e-08
5.676028689344358168e-08,-1.213075237422594883e-08
4.747476480596897938e-08,-1.148542377576083472e-08
4.708279244398530142e-08,-1.098861879643639433e-08
5.499068394825899016e-08,-1.145663931177513484e-08
4.664791167229882824e-08,-1.076995562961454714e-08
5.346420091226397268e-08,-1.114475270567571677e-08
4.614621391725874838e-08,-1.080317381529145437e-08
3.865591043783592620e-08,-9.898220905654864381e-09
3.915534484389607260e-08,-1.027038282983056306e-08
4.589073940610595952e-08,-1.121871929408262379e-08
3.977712487126439523e-08,-1.103531260808657021e-08
4.600146075779219348e-08,-1.209737330741171260e-08
4.054375744482918668e-08,-1.224892561967664697e-08
3.378626255438456587e-08,-1.067074224457617982e-08
3.520225288998895999e-08,-1.225061129291745972e-08
4.154582169862178938e-08,-1.404207090695604008e-08
2.798592487605495841e-08,-1.010022109081932135e-08
2.998730091162651394e-08,-1.208128284258498999e-08
5.133304650781371722e-08,-1.178095737207367551e-08
3.119793527157708821e-08,-8.829527317411159462e-09
4.653694599833103183e-08,-1.264448547139884381e-08
2.619952858880465135e-08,-8.731429336444418177e-09
3.776046223704832154e-08,-9.780857076660459584e-09
2.002815471386060934e-08,-7.596407035994626741e-09
1.046023212546125972e-07,-2.156339743196458180e-08
2.916011480097812578e-08,-8.215784296215585481e-09
6.071611251249191980e-08,-1.129726739433917894e-08
7.721695293919817254e-08,-1.386019470976858173e-08
5.088537650144704787e-08,-1.278461950947497951e-08
5.542972716453489570e-08,-1.204789138302539509e-08
9.968051462576500698e-08,-2.974050209856614183e-08
3.615512169932621431e-08,-9.824175081473694109e-09
2.190109096535619820e-08,-6.743287556173945636e-09
3.985388632887525511e-07,6.716589432641251399e-09
7.160478530188724003e-08,-1.225458283528852639e-08
5.645363238374981097e-08,-1.131798353184236453e-08
1.461458587571994700e-07,-3.732438781418584817e-08
7.074411652769587349e-08,-2.350305293258970257e-08
4.464369483026163501e-07,-7.313096899833090990e-08
4.503365259808560948e-07,-7.527546051273612664e-08
4.538553417200709698e-07,-9.849289235067508047e-08
4.546156722761290886e-07,-7.507417772528532299e-08
4.561740884035054731e-07,-9.456046332342730821e-08
4.494037119452386379e-07,-1.183844539871850952e-07
4.538579479973413058e-07,-1.107922429897811415e-07
4.624339430825429391e-07,-9.008538671833571379e-08
4.043759071320102974e-07,-2.060549235080955852e-07
3.790814312458193175e-07,-5.017120596825371390e-08
4.452842733318386730e-07,-5.650293864362516477e-08
4.548193608076351156e-07,-5.343631046179117513e-08
3.414608258695771692e-07,-6.503696643264079762e-07
4.328863405934317246e-07,-6.891301650206328164e-07
4.380903745635211275e-07,-8.404382780526558832e-07
5.381584794995963751e-07,-7.397861791653225592e-07
5.630192889371345216e-07,-8.861034629488591573e-07
6.522848182364897680e-07,-7.922946549643049803e-07
6.868698292478461524e-07,-9.483240665049472995e-07
5.674237191327311472e-07,-1.055876654202124443e-06
7.318087433106302547e-07,-1.117125895742921888e-06
6.230838777026536137e-07,-1.234220183110412040e-06
7.716486681941977516e-07,-1.293370170087323990e-06
6.575736321921118612e-07,-1.413440163036302977e-06
5.094903810363901208e-07,-1.360942600314177984e-06
5.370168805351749361e-07,-1.540614451615876096e-06
6.926985409941875048e-07,-1.596485675907623443e-06
5.695980555042507345e-07,-1.723601325303716307e-06
7.296080607732362442e-07,-1.780795261576184447e-06
6.057631511923390945e-07,-1.907757388372741275e-06
7.680407822070061884e-07,-1.965488889349290446e-06
6.450384638382425922e-07,-2.092108249522618917e-06
8.073926966642473314e-07,-2.149622070672816844e-06
6.844915804904053131e-07,-2.274972723863078795e-06
8.475392335233189261e-07,-2.331359627191017374e-06
7.226682217353379987e-07,-2.455582743376767051e-06
5.611769780977823794e-07,-2.401453900307372864e-06
5.993405703383627907e-07,-2.578962389134795596e-06
7.596337567878588545e-07,-2.632476075603024700e-06
6.375908481722774879e-07,-2.753608594152536903e-06
7.961299890315160139e-07,-2.806492698183281968e-06
6.738910816857895965e-07,-2.924470785825323834e-06
5.172518194091146209e-07,-2.874011317569022550e-06
5.537611542429767023e-07,-3.042829877237741999e-06
7.089531888639033315e-07,-3.091940279595257159e-06
5.913101835084241624e-07,-3.206861637604621243e-06
7.429684210379466836e-07,-3.255942679491431947e-06
6.266824676351454316e-07,-3.367371122218790096e-06
7.769086999184549031e-07,-3.415803180844834972e-06
4.756362175399076196e-07,-3.320059591188064863e-06
8.548160533772411081e-07,-3.145914361244187027e-06
5.110553736598312237e-07,-3.476857483171480280e-06
4.807723236987537872e-07,-2.038342873523685339e-06
6.228589714689749648e-07,-6.529429941394193239e-07
3.985300846691856177e-07,-2.993689566289821510e-06
4.400145162394960290e-07,-2.527690963441340903e-06
3.609466233736970579e-07,-2.825119303380600803e-06
8.883133065472573132e-07,-1.842478818705776193e-06
3.588120705380416408e-07,-3.431019970044675983e-06
9.204527161362299160e-07,-2.687100819220880120e-06
9.727435356605360643e-07,-2.880006416243751030e-06
3.256250171492902067e-07,-3.275257105807783500e-06
3.972270058340141623e-07,-3.581398591109076878e-06
5.484393258039154161e-07,-3.630937993212898243e-06
4.018957807258594416e-07,-2.352856703149105027e-06
3.654911600078109126e-07,-1.485205668510715132e-06
2.261372440018399345e-07,-2.939953592621060245e-06
7.459836378101073647e-07,-7.123232757190540877e-07
6.954844154460448559e-07,-5.830562485426067413e-07
5.882687591104070498e-07,-5.307833179173366893e-07
4.280230031062761435e-07,-5.682040216962850051e-07
8.086039959267894247e-07,-9.824959341228544899e-07
2.747895311081710112e-07,-2.478121578961729432e-06
2.521880716426466243e-07,-3.545947963957992815e-06
2.847079807289005884e-07,-3.682844303269818117e-06
1.376170222903811133e-07,-3.646266909240478434e-06
2.295253006363344167e-07,-4.954171813917776759e-08
8.020665035873679581e-08,-1.209692395877473737e-08
3.659104860102203409e-07,-3.039699697035499416e-07
3.887697921448502503e-07,-2.441187973218690477e-07
8.064351851674975532e-07,-6.138668397542942202e-07
1.088129735548590187e-06,-2.728442509722527086e-06
9.671137735259080504e-07,-2.210203325984008468e-06
1.014650020163437723e-06,-2.391305158322767571e-06
1.656334366733244677e-08,-5.915240159726857337e-09
1.289495733882618236e-08,-5.156711355496052778e-09
4.318045301463124050e-07,-5.439655475352668140e-08
4.483007585280099595e-07,-1.313533478684282449e-07
4.491426535109711157e-08,-1.307835516932814499e-08
5.611427583004609099e-07,-1.680052364929669123e-07
4.621570218426599780e-07,-1.047866810902179075e-07
3.212880549336074126e-07,-9.748256835936831279e-07
4.065303082037506854e-07,-1.083245388834908902e-06
4.502743434202981183e-07,-1.272106052016824456e-07
7.385126854332378302e-07,-4.236693720842053779e-07
7.459179026670991788e-07,-3.608065157875348355e-07
4.424427106808159863e-07,-3.526132380152831334e-08
3.699789329571755782e-07,-1.284544816594762276e-06
5.610624810999820447e-07,-4.187175772772807668e-07
2.105749935225679695e-07,-2.745792203904371806e-06
9.626912562441646618e-08,-1.712504443744779685e-08
3.423633499667381070e-07,-4.197565957684337206e-08
1.099821150548014753e-07,-1.881975987280484620e-08
1.434596061215393901e-08,-6.224136634291360136e-09
6.059150799285554795e-07,-2.011019150074091882e-07
5.488826662836142238e-07,-1.556012834026732550e-07
5.199454663267202064e-08,-1.714933941287781171e-08
3.210094346270428327e-08,-1.060380399679482294e-08
4.307746725507924838e-07,-1.553321466377459070e-07
2.903628942908142869e-07,-3.110876473764956975e-06
2.915270474570890535e-08,-8.853029870169270954e-09
3.884587256870707416e-08,-1.226079916208419495e-08
3.332100943898243890e-08,-9.493179752313155588e-09
4.153364227678196467e-07,-1.672360267519294979e-06
4.470612868286514197e-07,-1.856514873072529513e-06
2.971297817038759228e-07,-2.008645675168947403e-06
3.641232470477925968e-07,-2.186924254084689184e-06
3.686268418839375523e-08,-1.449498906917643458e-08
4.285171852349605548e-08,-1.651578270080780375e-08
4.693010390487967977e-08,-1.548992032176842693e-08
3.873179181921392545e-08,-1.749819031563685855e-08
4.785922691570387815e-08,-1.812164894121626984e-08
5.200005229616270010e-08,-1.661721506691544555e-08
5.085455620132517833e-08,-1.428361693031557325e-08
1.063039620776982442e-06,-1.265775013234585045e-06
1.164593689828022050e-06,-1.822700449423847846e-06
1.251869218257928489e-06,-3.112075131871540917e-06
1.106726748726952018e-06,-3.018641567896370396e-06
1.107095114695530323e-06,-3.194495189859551554e-06
4.543149613959172744e-07,-1.359854806173833667e-07
4.870492219927382746e-07,-1.248994841084247644e-07
4.426287860374811323e-07,4.692756573902173976e-08
3.856637265398608333e-07,3.035115268590035471e-08
3.381632446827334573e-07,2.641770593978361811e-08
3.046447225967278655e-07,4.291394189318528345e-09
3.830202928264416276e-07,5.499244093550033231e-08
6.590776892548531332e-08,-1.473504994563483337e-08
1.376516862932655107e-07,-2.228604633436011158e-08
1.252487478682630282e-07,-2.627101743486417361e-08
1.657742711575332684e-07,-1.863279540900619009e-08
2.054567253910307150e-07,-2.360831615411924967e-08
3.657459907567216211e-07,9.879791685757554153e-09
8.107859008997170461e-07,-1.476024054695822895e-06
9.299235008026890740e-07,-1.365506883597864837e-06
8.973724620018604337e-07,-1.153014836330021022e-06
1.102285014449136757e-06,-1.451637202682258631e-06
4.612904985369499910e-07,8.097435791498960221e-09
5.076200214111147585e-07,-3.301697337550847502e-07
4.694930043168547451e-07,-3.842444267912930107e-08
4.644823066525286538e-07,-1.213267241671362663e-07
5.975839703127374911e-08,-1.111555836164548616e-08
1.458639692888148970e-07,-1.910584031786935706e-06
6.624759782101657176e-07,-3.525335338187615274e-06
8.103494364481840508e-07,-3.572418040209512429e-06
9.255906208293027917e-07,-3.465062766544677663e-06
9.557007624985199965e-07,-3.615884888763789302e-06
1.063607640805195920e-06,-3.501336514537148847e-06
1.114740706310639548e-06,-3.648293955737557817e-06
8.398407274281651212e-07,-3.721783793992900557e-06
1.021571456599826060e-06,-3.341074810540791121e-06
6.966147110067824361e-07,-3.684107976243295116e-06
5.781506941845888097e-07,-3.778001580291398275e-06
3.223612580159410476e-08,-1.483275039945011123e-08
2.497965089520920041e-08,-1.173427348440678739e-08
2.779881575195725456e-08,-1.535217002682584315e-08
1.933657369954114419e-08,-1.074088324723272024e-08
3.515601820873301867e-08,-1.878612156257676354e-08
4.149258537846124576e-08,-2.139661119498056028e-08
4.450974637602600770e-08,-1.959556654284953203e-08
4.907092328345569309e-08,-2.128829730961980505e-08
1.633552190991616802e-08,-7.910302782011064923e-09
1.095860980308877720e-08,-6.389386515607978457e-09
1.193131605684029969e-06,-2.011003049196067630e-06
1.265924994492463321e-06,-3.281767323494521778e-06
5.537117836648776738e-08,-2.157142927618706953e-08
9.700190762851616719e-07,-1.549225704419948338e-06
1.190569720014504529e-06,-2.401740915301008082e-06
1.206097065986729791e-08,-3.865061803802780933e-09
2.146495805774983994e-08,-6.416238240239540112e-09
1.121274307720253510e-08,-3.811806816728521142e-09
1.007295033312961054e-06,-9.214319175452188344e-07
8.626309827688954859e-07,-8.416270345499416870e-07
3.324186798534303296e-08,-1.169208488710965277e-08
1.657179007578632113e-08,-5.217959992461787729e-09
4.455226152856874229e-07,-1.085449965020202272e-08
5.019195702332824019e-08,-1.642646554375009426e-08
5.702905384372780585e-08,-1.516810498197165905e-08
1.012161278159374367e-07,-2.619655206734473327e-08
4.697669322141223507e-07,-1.240501179396245572e-07
5.796116092470498514e-08,-1.104409928061227086e-08
6.414901059618876959e-08,-1.066941901529914616e-08
6.780222737157001107e-08,-2.984109499332282754e-06
1.198734010436071119e-07,-2.461602094989057124e-06
1.221701225968061076e-07,-2.093826984782855611e-06
1.937047310834151198e-07,-1.541913599910760848e-06
1.270308260271955213e-06,-3.606553240463278859e-06
1.133853026422905680e-07,-2.684244245551530217e-08
5.579776906307494062e-08,-1.590540533420035911e-08
5.711595409669340205e-08,-3.307683278049941290e-06
1.955037582274120116e-07,-3.399058301908600836e-06
9.978146091668972042e-08,-1.256548279841462272e-08
2.010028061424313969e-07,-1.106587214622155417e-08
8.303468632984897750e-08,-1.619108815898412775e-08
6.347286217769909926e-08,-1.192737978592047458e-08
1.571242551642756310e-07,-4.235608013224402268e-08
2.672920531282563550e-08,-1.816577571743009011e-08
8.851302977426281997e-07,-2.510380729286344154e-06
8.307838709394534414e-07,-2.976002432275771800e-06
9.220728397229224761e-07,-2.028563743407203281e-06
4.393072516752986202e-07,-3.158263800818857964e-06
6.056772683676251077e-07,-2.312496949824473215e-07
4.623622268325828899e-08,-1.347116232689175995e-08
4.822989333008033876e-07,-1.355091334450304276e-07
2.557568868869009370e-08,-7.403735651238359454e-09
5.232425632675858064e-07,-2.220836563626643603e-06
4.798598113488358678e-07,-2.702036211393181141e-06
4.868662801939510070e-08,-2.653609274175658516e-08
3.020899017583013611e-07,-3.837877609912450693e-06
2.226408338566241905e-08,-9.252494675695390069e-09
5.789386262267569537e-08,-1.226933674333908132e-08
1.324746923181377080e-07,-3.469956553193788533e-08
1.587303450957058822e-07,-3.548853542239883518e-08
3.941828613580833922e-07,-4.286090275252935988e-08
3.252567602645921700e-08,-9.590808887181079428e-09
2.230595232274020126e-07,-3.754291148145378083e-08
3.808504864597895231e-08,-9.743489380507198154e-09
4.753824270032927233e-08,-1.208346384738414673e-08
6.138288612253200902e-08,-1.731056585560991579e-08
7.861396310619675891e-08,-2.503249614698887124e-08
1.048770537434805070e-06,-2.563253822165810591e-06
2.061383994171503402e-07,-4.580680789384823244e-09
8.831100194527043694e-07,-3.305264921215291690e-06
5.206399524802509456e-08,-1.122003266156420023e-08
8.481807816272501747e-07,-1.659236770134617368e-06
4.003109541525083175e-07,-2.082204503233782655e-07
1.935783793644999424e-07,-4.773368060909145930e-08
3.301585104716280323e-07,-2.645220616462418080e-06
4.491592128469783469e-07,-1.349633085112859957e-07
5.197010921088291412e-07,-6.058398470734625371e-07
1.479480442538884974e-08,-9.912216481936687436e-09
4.511734030259143830e-07,-1.223637412112223395e-07
2.440680763381364756e-08,-7.709938710356300806e-09
4.656042706016894486e-07,-1.353891849354950579e-07
4.789785362864944433e-07,-1.828469391811203005e-07
2.438403812337723558e-07,-1.568711731662907270e-08
1.243793150516558160e-06,-2.768452535103740071e-06
4.608155127452408606e-07,-7.124407902996606155e-08
5.205300664516295146e-08,-1.955781923839239776e-08
6.726174626105801551e-07,-2.842255517409883457e-07
1.816558597972106151e-07,-3.323594932181299695e-08
6.749163923075245486e-08,-1.121451609082019385e-08
4.922789118518400497e-07,-4.929707246944809161e-07
3.542818224853457082e-07,-3.316991957317704016e-08
8.862725499596580905e-07,-3.863160003729932749e-06
3.912484606612972682e-08,-2.395283753787093138e-08
4.573428729461795633e-07,-3.222941064724778116e-08
5.558819248122623406e-08,-2.495736611494020764e-08
5.061885071024469994e-08,-3.760347568715909274e-06
1.174915102223080429e-06,-3.875310433145624472e-06
1.178022781145586758e-08,-9.990583540103465922e-09
7.381007555225965223e-07,-5.060060602451423108e-07
5.249881091997639863e-08,-2.296028917198476048e-08
7.593137631873363509e-08,-1.040213548973551375e-08
4.961080783154901031e-07,-1.554670500116700968e-07
1.819615380614364280e-07,-3.217248370876538284e-06
2.242496268503119503e-07,-1.367549600281992480e-06
1.193429830591439728e-07,-2.360483168495501690e-08
4.714771163282488825e-07,-8.530924430730545724e-08
1.006545588834647426e-06,-1.735506122302920286e-06
2.924663137507736783e-07,-1.803310329843937301e-06
4.957503490802755070e-07,-1.200801133157366426e-06
4.268042398450995497e-07,-1.981634402129246346e-08
4.369355428550593474e-07,-3.717834718227519563e-06
1.039172603816407385e-06,-1.921186658162529119e-06
9.161598882464735481e-07,-6.452704177286931645e-07
8.660188977254618462e-08,-1.424682564901058442e-08
4.426792866046156596e-07,-1.323700993641375601e-07
5.107358972593456315e-07,-1.390327221324155446e-07
5.032544163418403039e-07,-1.377562331267270123e-07
7.649998012007375976e-08,-2.823512319501465161e-06
8.194710713050553549e-07,-4.300087593610542742e-07
9.746850780264700318e-07,-3.070379333244418727e-06
2.568645667515225492e-07,-2.321705664779075014e-06
4.629122791919657131e-08,-2.291309513753806200e-08
6.491812823276634347e-09,-2.934930564998987791e-09
5.443667400337980207e-08,-1.328494522808134606e-08
6.551921470881445633e-07,-2.218389893072122509e-07
1.323374635721962606e-07,-3.095156965857427377e-08
8.679056024254164232e-08,-2.513089657773272338e-08
7.302737887442354839e-08,-2.375188754805141022e-08
4.360455413208098261e-07,1.097641092087289900e-08
1.772083778369056348e-07,-2.807913165108643816e-08
5.315929901983173371e-08,-1.791793666217762645e-08
4.077160704034270610e-07,-2.050698256926860971e-07
4.065296865461098290e-07,-4.705123998190828349e-07
6.685012773470202241e-08,-9.844726048155689323e-09
1.874034632795883103e-08,-6.321350869341934645e-09
7.324371428987931668e-09,-2.890718547948960253e-09
5.252525380775792878e-07,-1.444940673239968007e-07
1.695910295447145260e-08,-5.675799740147486990e-09
3.977356448293375699e-07,-2.657639104666643463e-07
1.068404930718193837e-06,-2.103684897171087557e-06
4.410455735406179088e-07,-1.391372588325879583e-07
2.484738098524208186e-08,-7.371642558069152644e-09
9.837809876874089190e-07,-3.748332728448189588e-06
1.347571311929293287e-08,-4.326578048323712660e-09
4.157402985540265804e-07,2.579560400310191506e-08
1.905208365792491156e-08,-5.870250877408079865e-09
1.128382791486048479e-06,-2.872343246355954134e-06
4.635496088489005482e-07,-5.273711494082562775e-08
9.681537874765192128e-07,-3.211481548757374998e-06
5.229937087144258670e-07,-1.517817769436920692e-07
7.511828512030975890e-07,-8.521004485492814878e-07
2.522789732100951538e-08,-3.615834701144462057e-06
1.451410099991674715e-07,-3.275209287364021480e-08
4.146002262455888843e-07,-4.114647818381446453e-08
5.403182931494652886e-08,-1.481303774388460541e-08
4.721982494651586324e-07,-9.964417216285728173e-08
2.355204013476904873e-07,8.265262569499947530e-09
1.204301317344910933e-07,-2.020775603378388562e-08
2.856872528500735276e-07,-1.633286747318741239e-06
4.657289672571806304e-07,-9.616168324401952936e-07
1.297137883636969124e-06,-3.886136351657656908e-06
8.652385455842484135e-08,-1.199989554482698504e-08
1.158336630654236270e-06,-3.376538340717626158e-06
2.391340548864483944e-07,-1.394276196561148283e-09
5.333921282047147150e-09,-5.085360936911123911e-09
4.207442776950992688e-07,-1.793125580091954132e-07
6.515798560819984231e-07,-4.912081044534704376e-07
3.264542569492717646e-08,-3.880340003685840342e-06
5.591731889403913908e-08,-2.781702967406300883e-08
1.091977264640831024e-06,-2.279090698166316454e-06
4.515770939218308178e-09,-2.823931420682342017e-09
7.493198459489919534e-07,-3.195829913732452841e-07
2.313103179788339570e-07,-4.967994742475186305e-08
2.296357847253749977e-07,-2.175687795271089577e-06
1.644937308230949396e-07,-3.063644455452350524e-06
3.102775237700756076e-08,-8.523197246239291636e-09
3.592898210509640888e-07,-2.551500897277189023e-09
1.853224201862961203e-07,-3.752705083560607058e-06
8.533672653081009315e-07,-7.209210245137396521e-07
9.274018956142570682e-07,-9.945698411588296332e-07
6.016137576994356778e-08,-1.086315756956538326e-08
1.019811049127607305e-07,-1.516730756311900910e-08
2.111521414758361295e-07,-2.595278296462811175e-06
2.185542273645360498e-08,-1.399439967185219135e-08
1.695679519895699652e-07,-4.237683043714380599e-08
4.324693208932091889e-07,-4.491165399973636858e-08
2.580497259775223097e-07,-2.125519428195778610e-08
6.469892258408887751e-07,-2.363511800310066083e-07
2.232441597250052498e-08,-7.747236258150251792e-09
4.993393636700098792e-08,-2.409505293436531485e-08
5.622728325877813823e-07,-1.658785764863107812e-07
1.180913479513970988e-06,-3.521970389165031624e-06
7.240708246335510737e-08,-1.120719077154658038e-08
3.575040832534873212e-07,-5.505900986760796165e-07
1.111709982928045806e-06,-3.779213798533988241e-06
1.382287933107093702e-07,-3.536408872445927832e-06
5.916437325535710847e-07,-3.898432063168702461e-06
