Size 674,2
2.999999999999999864e-07,-1.948986859210139688e-07
0.000000000000000000e+00,0.000000000000000000e+00
1.153184461005348473e-06,-3.733402250555604084e-06
-2.124575719712221002e-07,-3.731615984169440838e-06
-1.061239394658401209e-08,-1.060480453839324504e-06
9.644917463127273270e-08,-2.230007125543081284e-08
3.957060099226642306e-08,-2.391588739137700381e-08
0.000000000000000000e+00,0.000000000000000000e+00
2.999999999999999864e-07,-1.804867063520952237e-07
2.999999999999999864e-07,-1.692457658541689882e-07
2.999999999999999864e-07,-1.622618576101813178e-07
2.999999999999999864e-07,-1.594647339273066995e-07
2.999999999999999864e-07,-1.595115797561369821e-07
2.999999999999999864e-07,-1.604176357133001830e-07
2.999999999999999864e-07,-1.600099977385702498e-07
2.999999999999999864e-07,-1.563920756279260867e-07
2.999999999999999864e-07,-1.481036180844370662e-07
2.999999999999999864e-07,-1.352513888540358211e-07
2.999999999999999864e-07,-1.181848709445960425e-07
2.999999999999999864e-07,-9.785725148780257979e-08
2.999999999999999864e-07,-7.578565044166042434e-08
2.999999999999999864e-07,-5.304147684045497325e-08
2.999999999999999864e-07,-3.017362542443031528e-08
2.999999999999999864e-07,-7.437775889917017268e-09
2.999999999999999864e-07,1.538000454428883738e-08
2.999999999999999864e-07,3.953919022875118870e-08
2.999999999999999864e-07,6.610511836748398675e-08
1.153116227687263809e-06,-3.595767777284491103e-06
1.153005488493850718e-06,-3.454408367614627309e-06
1.152717405944858395e-06,-3.308913878154601234e-06
1.151923759636952297e-06,-3.159185998611904221e-06
1.150333332667024915e-06,-3.005214683288845483e-06
1.147682777987798314e-06,-2.847182234117478559e-06
1.143653316728333997e-06,-2.685055002917886365e-06
1.137828927513054358e-06,-2.519060473565482400e-06
1.129836926892270519e-06,-2.349570117131992551e-06
1.119384449342356160e-06,-2.177508206432408862e-06
1.105513149037372992e-06,-2.002957179448226034e-06
1.087852088927130759e-06,-1.827287165775913717e-06
1.065910352718049417e-06,-1.651629520503531368e-06
1.039108351300592133e-06,-1.477458986368988222e-06
1.006891508553242484e-06,-1.306596532333864210e-06
9.691453737433428963e-07,-1.141720668210781208e-06
9.248748055033949718e-07,-9.850342549004822610e-07
8.743362887773086501e-07,-8.388664952849471092e-07
8.193638785934234328e-07,-7.067949898608127805e-07
7.604835037491611946e-07,-5.897349329763710910e-07
7.010553592533527478e-07,-4.895974704704255529e-07
6.396846682655225550e-07,-4.057408036440688514e-07
5.792668694243918783e-07,-3.383936466468486668e-07
5.204144010511676351e-07,-2.853084644120249284e-07
4.632912507913994489e-07,-2.455569462828236352e-07
4.089794456630706246e-07,-2.178975982804708276e-07
3.535403206962041965e-07,-2.017267204778137808e-07
-7.524150609653555195e-08,-3.731446114670172637e-06
6.167794121888673625e-08,-3.731083163641623396e-06
1.982794847642604975e-07,-3.730695940499581526e-06
3.344821627997844658e-07,-3.730414354106364550e-06
4.704012916792255574e-07,-3.730426425688556400e-06
6.063917882025506643e-07,-3.730752988135995016e-06
7.425333277963662595e-07,-3.731351065218732087e-06
8.790416598340851996e-07,-3.732114927424839391e-06
1.015960619315270608e-06,-3.732868049654714445e-06
-2.124848518456633764e-07,-3.599085554902449537e-06
-2.125017599717075731e-07,-3.463101541213183276e-06
-2.123896196379689955e-07,-3.323295325595731290e-06
-2.118253184845093786e-07,-3.179579397553808065e-06
-2.105851777060552811e-07,-3.031966724978660529e-06
-2.084321577260412890e-07,-2.880433303887806343e-06
-2.050584865608948134e-07,-2.725061891295652511e-06
-2.001511270384425250e-07,-2.566210844204659299e-06
-1.933171540533970754e-07,-2.403962405403336420e-06
-1.844013052408309281e-07,-2.239071600788623016e-06
-1.727635640532793826e-07,-2.071600984204723593e-06
-1.579784457580376172e-07,-1.902275428257141623e-06
-1.396517089861080925e-07,-1.732339982791854998e-06
-1.169551773632843686e-07,-1.562327536438596621e-06
-8.927861560305435265e-08,-1.392687537745201400e-06
-5.504746100311521635e-08,-1.225319509126738028e-06
3.424493451171304346e-08,-8.952985505117902878e-07
7.465399398672872027e-08,-7.429471834918783497e-07
1.067268673823268569e-07,-6.070051406987670096e-07
1.387113734974809327e-07,-4.947915693092576842e-07
1.696951274391744295e-07,-3.995665469602231657e-07
1.976715250953060253e-07,-3.251989141825532868e-07
2.277243112628038549e-07,-2.643514186965383438e-07
2.509952927574619981e-07,-2.165983578655852349e-07
2.712114192422524456e-07,-1.765343445934973397e-07
2.822421479312099939e-07,-1.432966453049018429e-07
2.848868685989315173e-07,-1.155447319952050530e-07
2.773208719749578260e-07,-9.356144831006258808e-08
2.602310671584866416e-07,-7.691545835725332896e-08
2.348655329064985809e-07,-6.427329471715863313e-08
2.040841622167680611e-07,-5.432476255263438627e-08
1.720899837772302779e-07,-4.566360920502914460e-08
1.414439955584553478e-07,-3.710598820669850306e-08
1.157001545635015985e-07,-2.891716127817736105e-08
8.269004665972742937e-08,-1.705153970381865938e-08
7.287771594735880944e-08,-1.373466733160514851e-08
6.497237765874623043e-08,-1.157448738929919270e-08
5.873393879621514781e-08,-1.048701856811449937e-08
5.385482516978047704e-08,-9.716970544517102760e-09
4.964761854942601502e-08,-9.405171485658136326e-09
4.639755197361815210e-08,-9.462114790450235388e-09
4.389653124946914152e-08,-9.662316722816317191e-09
4.202074647140938536e-08,-1.022906375847820567e-08
4.067803137881781243e-08,-1.106321721730230325e-08
3.982841255812218174e-08,-1.210375006386328001e-08
3.938108628317785265e-08,-1.344162572461494321e-08
3.923847737977587774e-08,-1.511404527575582437e-08
3.927789287091714030e-08,-1.708053851396133240e-08
3.940761902314916449e-08,-1.927366899580006797e-08
3.952205892741332340e-08,-2.158905983936797198e-08
6.745899027325981569e-09,-8.038488702025688413e-09
1.210256795889629572e-08,-1.315092061748424658e-08
1.714173023862844680e-08,-1.675285381885326686e-08
2.157286618338960222e-08,-1.932703471700639111e-08
2.557376444417845481e-08,-2.113684920747266778e-08
2.907037414444811682e-08,-2.236363600904291122e-08
3.213680989699979851e-08,-2.313036348681542699e-08
3.481404419346937676e-08,-2.358039813104435927e-08
3.722700014813544786e-08,-2.382665044215044720e-08
0.000000000000000000e+00,0.000000000000000000e+00
0.000000000000000000e+00,0.000000000000000000e+00
0.000000000000000000e+00,0.000000000000000000e+00
0.000000000000000000e+00,0.000000000000000000e+00
0.000000000000000000e+00,0.000000000000000000e+00
0.000000000000000000e+00,0.000000000000000000e+00
0.000000000000000000e+00,0.000000000000000000e+00
0.000000000000000000e+00,0.000000000000000000e+00
0.000000000000000000e+00,0.000000000000000000e+00
0.000000000000000000e+00,0.000000000000000000e+00
0.000000000000000000e+00,0.000000000000000000e+00
0.000000000000000000e+00,0.000000000000000000e+00
0.000000000000000000e+00,0.000000000000000000e+00
0.000000000000000000e+00,0.000000000000000000e+00
0.000000000000000000e+00,0.000000000000000000e+00
0.000000000000000000e+00,0.000000000000000000e+00
0.000000000000000000e+00,0.000000000000000000e+00
0.000000000000000000e+00,0.000000000000000000e+00
0.000000000000000000e+00,0.000000000000000000e+00
0.000000000000000000e+00,0.000000000000000000e+00
0.000000000000000000e+00,0.000000000000000000e+00
0.000000000000000000e+00,0.000000000000000000e+00
0.000000000000000000e+00,0.000000000000000000e+00
0.000000000000000000e+00,0.000000000000000000e+00
0.000000000000000000e+00,0.000000000000000000e+00
0.000000000000000000e+00,0.000000000000000000e+00
0.000000000000000000e+00,0.000000000000000000e+00
-9.113497809384810205e-08,-2.956745600394254268e-06
3.825019300824767929e-08,-1.278088516563100312e-08
2.316653071442607542e-08,-1.723545426449565386e-08
5.266433619408397539e-07,-3.606790692899646440e-06
-7.253895471100814179e-08,-2.500182001085760436e-06
4.236109556370686363e-08,-1.024811712594690496e-08
2.106823525802160467e-07,-5.799078601273562762e-08
1.790382858881248909e-07,-4.074612268601063424e-07
1.011896657966491749e-06,-2.769877084066029429e-06
5.905958381457182423e-09,-2.766843297011679496e-09
8.930854519113534010e-09,-3.450890924915000727e-09
9.745262871421892069e-07,-2.080006429314867046e-06
5.975084274055288320e-09,-1.641932881111346142e-06
6.164126484227215290e-08,-1.247755216767732083e-08
5.064558375426578349e-07,-2.952111206930435692e-07
5.208122512691597298e-08,-1.422210152157247250e-08
6.390479072697615437e-07,-5.279281814185783864e-07
3.220691610264497936e-08,-1.236998381610143034e-08
8.838835775629418054e-08,-2.144712203275227186e-08
9.024128756670163887e-08,-1.141382582261607942e-06
2.970769680230018913e-07,-1.630394184600362885e-07
2.849997316520750808e-07,-2.093388358126334996e-08
9.031140991497374105e-07,-1.558627495827537313e-06
1.398142590630346008e-08,-5.340290427251975749e-09
1.549034334137216260e-07,-7.858753721113458564e-07
1.253268038818692365e-07,-3.697897342017130009e-08
2.647942228986375229e-07,-8.258797562939533571e-08
2.106369834048031865e-07,-2.752249547510071742e-07
1.958672726870371687e-08,-7.910826624446844708e-09
8.180877472582053631e-07,-1.053361420528350532e-06
4.988414308379482158e-09,-3.162327244884532006e-09
1.028269709147828940e-06,-3.233563820426893480e-06
2.568381421806603211e-07,-1.917379500594104906e-07
2.809408855711668702e-07,-1.294156184551221742e-07
7.441170646769343973e-07,-7.629908372978069876e-07
2.640431923878383729e-08,-1.077708363746602717e-08
7.195681785775655638e-09,-2.982101433842482900e-09
9.900944204271510256e-07,-2.438339123457034153e-06
-4.628057717549626347e-08,-2.146294242235188617e-06
4.708791108742277269e-08,-1.014520718674707507e-08
2.915300756915950673e-07,-6.561923712900997314e-08
2.862229889102580450e-07,-1.640150505906858102e-07
-1.026357848685471910e-07,-3.250484972440335752e-06
3.744568448985729359e-08,-1.597821901741985745e-08
2.879003160772631280e-07,-3.630520912658109296e-06
3.028563746467664087e-08,-2.025500702200940400e-08
3.164654664308276301e-07,-1.681361242740163139e-07
2.657109224906339592e-07,1.358259289393375272e-08
2.923426802152002246e-07,-1.112522647419828101e-07
2.858246646641891120e-07,-1.552729468321818982e-07
1.363538771811741982e-08,-1.157198391637082496e-08
8.106888993180630869e-07,-3.619407095780911894e-06
4.096266985473817896e-07,-2.163424850413003786e-07
8.204505683835065684e-08,-1.307888253622969005e-08
3.581807476217084770e-08,-2.139109068789009922e-08
-1.241757352863676992e-08,-3.625823443360626918e-06
1.011968997852581320e-06,-3.522828320455642098e-06
4.219466302967688465e-09,-3.568999588155302462e-09
1.757370453099882094e-07,-4.858437577953005007e-07
2.209725766871064564e-07,-4.086066821632386926e-07
2.160899338588264184e-07,-3.424574170405819949e-07
2.618259368483273567e-07,-3.461828371043369507e-07
2.510348505778599150e-07,-2.917710487711486565e-07
2.837896033793127006e-07,-4.158666541882251367e-07
2.948825110839756476e-07,-2.940734738302457444e-07
2.775056200504657414e-07,-2.498993751616659163e-07
3.185492767866674216e-07,-2.517245639658570209e-07
3.494156759813824800e-07,-2.981792810407326230e-07
2.418222832199168588e-07,-2.515316335966064098e-07
2.694041064493381495e-07,-2.162896040111754410e-07
2.496008433355960939e-07,-2.154551220930393547e-07
3.668465780742882376e-07,-2.555888840300733251e-07
3.339267175350886878e-07,-2.191018666407754904e-07
2.696450056055807745e-07,-1.914414863476816564e-07
2.583333285151214588e-07,-1.912654880483992599e-07
2.414668686746865961e-07,-2.114708874841035378e-07
2.555171538311734168e-07,-1.881634866817713978e-07
4.111531479929504194e-07,-3.044069186077097182e-07
3.934848979795004063e-07,-3.574745527796121746e-07
4.672824029720547099e-07,-3.658263476130615074e-07
4.597576350341086728e-07,-4.301557003320192874e-07
2.884669343839264551e-07,-1.916081029604662003e-07
3.738843188532466256e-07,-2.238748379194223439e-07
2.416285134451632273e-07,-2.072990807622319340e-07
2.584746221822112348e-07,-1.807847156761783408e-07
3.429296577936276133e-07,-1.954901286161414008e-07
1.771253332421835641e-07,-5.114054956726908173e-08
1.899558190213777242e-07,-5.318697249781480512e-08
1.624586656780242398e-07,-4.860265968783492032e-08
1.696548664898182784e-07,-4.798438874817447401e-08
1.983287558500661590e-07,-5.174315560488568486e-08
1.764837190730581472e-07,-4.523008851571703261e-08
2.062941737021725253e-07,-4.774530589435806403e-08
1.856165577978843583e-07,-4.031915612325801303e-08
1.418316447167788425e-07,-4.390930360273860026e-08
2.165899267803255082e-07,-4.119621634935939733e-08
2.334668406124874436e-07,-5.096448428304612550e-08
1.510189013759517575e-07,-3.800343360476050265e-08
1.966733068946917873e-07,-3.194262864773856610e-08
2.438917399356474735e-07,-4.274127274499359403e-08
2.555304192129948490e-07,-5.621481937797325508e-08
1.355617303253923189e-07,-4.380365909273989719e-08
1.155771252587519358e-07,-3.888465280591860528e-08
1.118130207776712488e-07,-3.813992744495665360e-08
9.151560428860019546e-08,-3.276378071654975589e-08
9.006673263887251171e-08,-3.197140888066304037e-08
1.189460064409283811e-07,-3.796640077078759324e-08
2.491513506530527718e-07,-6.309818404003660643e-08
2.648699821651102295e-07,-7.016376665202071427e-08
2.649090999607742471e-07,-4.730669799532224504e-08
7.043831110063255832e-08,-2.639822242544417553e-08
7.076244548908209936e-08,-2.566608410127375062e-08
8.680986846519530425e-08,-2.934853068330527963e-08
6.966371180355215683e-08,-2.390451838329003179e-08
8.151559587212333380e-08,-2.564509984919804698e-08
6.701834825259657055e-08,-2.126413139883220284e-08
5.418354862568263688e-08,-1.880593636200591962e-08
5.351805987294868009e-08,-1.726569693897844607e-08
6.345120214839410588e-08,-1.841370427827883138e-08
5.184194178785802084e-08,-1.554451515348991275e-08
3.987409514500845135e-08,-1.408147917986805282e-08
5.935728716610704099e-08,-1.584246641486468736e-08
4.950821746438159342e-08,-1.389338191760847664e-08
4.111901965546779251e-08,-1.284253056403921839e-08
4.030407376047373210e-08,-1.196538741794734207e-08
4.698705226078067148e-08,-1.253190090697945801e-08
3.918058052034692141e-08,-1.122313139885302922e-08
4.460723474211378070e-08,-1.154698758534536398e-08
3.792466048031949033e-08,-1.067150443605154407e-08
3.178663463035231196e-08,-9.825550445468093720e-09
3.151841019362368135e-08,-9.665780112784411916e-09
3.676236143582899203e-08,-1.036667503032640507e-08
3.125037037484084261e-08,-9.693203280991860814e-09
3.578717196179464179e-08,-1.030538041210828052e-08
3.095941508724319193e-08,-9.878835035801993881e-09
2.595172312745425601e-08,-8.860538430252025726e-09
2.633497192450577147e-08,-9.292695408670346456e-09
3.084873112609792466e-08,-1.031290602616219009e-08
2.681566866370832940e-08,-9.981385354793566004e-09
3.099286129621418172e-08,-1.105243473099516221e-08
2.740401992044320285e-08,-1.095770796272691815e-08
2.285768774721537670e-08,-9.491800942974665859e-09
2.389088491511715255e-08,-1.072802968030228989e-08
2.815532082096911060e-08,-1.230779738298733998e-08
1.901904751622631241e-08,-8.827554127128974563e-09
2.045911060361624201e-08,-1.034914556395754767e-08
3.449475206430967209e-08,-1.099311541166926186e-08
2.099452744373407987e-08,-7.863888566106076903e-09
3.127250092060166065e-08,-1.025795175898991829e-08
1.773961924604362550e-08,-7.710851580164936205e-09
2.531509692521294300e-08,-8.408207880041063239e-09
1.362520293612297378e-08,-6.613452580841019409e-09
6.932392947259755931e-08,-1.768904836723659618e-08
1.958938835646688625e-08,-7.192428885359469165e-09
4.055061561767727999e-08,-1.056292357209964014e-08
5.132991639549938659e-08,-1.222945380202928969e-08
3.426792515015194116e-08,-1.178005511923796744e-08
3.724793644065739286e-08,-1.139505445965729605e-08
6.761335176025612983e-08,-2.529085572990569921e-08
2.425830898823319081e-08,-8.224022837978277665e-09
1.474804934131557546e-08,-5.907394872746336609e-09
2.525132806102262679e-07,-3.256072261243344819e-08
4.764735268669782537e-08,-1.122234051091113814e-08
3.785415317464097694e-08,-1.080091782899483826e-08
9.687876853921861557e-08,-3.011030975970648962e-08
4.830992886725524744e-08,-1.883626621839116602e-08
2.784103647244670811e-07,-1.036050203097907465e-07
2.791296824741606231e-07,-1.120783154569284399e-07
2.777268676726606834e-07,-1.359142459838617998e-07
2.806817215561171443e-07,-1.165394434001391727e-07
2.790435681256364945e-07,-1.357921236508066730e-07
2.715245236966588519e-07,-1.560467190216623191e-07
2.754396390944471358e-07,-1.515545030665885488e-07
2.842353005790313589e-07,-1.339384220676841134e-07
2.290037860945932465e-07,-2.365973579534166150e-07
2.410652105571032201e-07,-6.777589278296582642e-08
2.774247571684204872e-07,-9.714224500363698670e-08
2.828220552421296394e-07,-9.845426958379146466e-08
1.712725629560468557e-07,-6.491770129551697334e-07
2.557920422905467917e-07,-6.849734007167646504e-07
2.605656547462489116e-07,-8.248724151536572024e-07
3.531082826829055221e-07,-7.317378625386130441e-07
3.760567649104855696e-07,-8.670086070589374081e-07
4.586084166188787729e-07,-7.801855431861264165e-07
4.905451743308393948e-07,-9.244319607290847636e-07
3.800906344827942557e-07,-1.023981831112116576e-06
5.320549922189489703e-07,-1.080476295979519651e-06
4.315126128163412142e-07,-1.188837685191752341e-06
5.688494803463054844e-07,-1.243405209813355737e-06
4.633638241363324834e-07,-1.354516644363977612e-06
3.264729063296291623e-07,-1.306075137788887942e-06
3.518894730867712766e-07,-1.472174171234773680e-06
4.958013714190248461e-07,-1.523728153346504526e-06
3.819781636782856571e-07,-1.641331716214042180e-06
5.298880197639964572e-07,-1.694102991245769951e-06
4.153793480667848108e-07,-1.811563689400795283e-06
5.653815675112004418e-07,-1.864826777392827158e-06
4.516546722108452459e-07,-1.981968077032316813e-06
6.017235880302884256e-07,-2.035025733853521284e-06
4.880930206471691921e-07,-2.150992463940200332e-06
6.387986600823190416e-07,-2.203003170025535269e-06
5.233499160226162537e-07,-2.317927464767462212e-06
3.740850905992418890e-07,-2.267986175852789876e-06
4.093334818983975557e-07,-2.432052904866711027e-06
5.574859643128129418e-07,-2.481421007493670013e-06
4.446603243973018859e-07,-2.593467312821588751e-06
5.911865427145215691e-07,-2.642249106938005476e-06
4.781832091328859218e-07,-2.751378009116508312e-06
3.334150870053185689e-07,-2.704821757177585080e-06
3.671347370149498243e-07,-2.860841815112504987e-06
5.105600149080722970e-07,-2.906146141456950549e-06
4.018136093764709255e-07,-3.012429992335913474e-06
5.419676061388301556e-07,-3.057703357036143073e-06
4.344789042974564824e-07,-3.160756934542053371e-06
5.733044463025380528e-07,-3.205425905444461585e-06
2.948924709141463079e-07,-3.117105861272699887e-06
6.453593472528709034e-07,-2.955933196492133844e-06
3.276047543093176739e-07,-3.262001259283838492e-06
2.998154934247646858e-07,-1.932353443007464595e-06
4.314414318143809458e-07,-6.513512545582178090e-07
2.236700631984836231e-07,-2.815490190831871661e-06
2.620715862695205364e-07,-2.384735499733962449e-06
1.889520121027126717e-07,-2.659694078965326218e-06
6.765896514518590995e-07,-1.751003245600559980e-06
1.869139755705729778e-07,-3.219700137189492526e-06
7.061218607329725460e-07,-2.531795141190667225e-06
7.544115844960216657e-07,-2.710064859521407866e-06
1.562588898075823522e-07,-3.075754877585308614e-06
2.223984881030459263e-07,-3.358661145159480744e-06
3.621308591308863567e-07,-3.404377659563253961e-06
2.268590979880500508e-07,-2.223135225275278221e-06
1.933268259552228196e-07,-1.421027649993767914e-06
6.433986978458370317e-08,-2.765875529447838306e-06
5.452588400006532487e-07,-7.061183300212813881e-07
4.986081049441950846e-07,-5.866270521356964840e-07
3.994968900829768217e-07,-5.384151374845463238e-07
2.513298033014265621e-07,-5.731517948360121121e-07
6.030848947280499540e-07,-9.559022388724993058e-07
1.093533311955579603e-07,-2.338971493135611036e-06
8.836656741518348662e-08,-3.325944649955835883e-06
1.184079946731829573e-07,-3.452446576237911380e-06
-1.751816105459419519e-08,-3.418677731811365011e-06
1.492292661490662624e-07,-4.430286759195067953e-08
5.320231619200259326e-08,-1.127090225449604419e-08
1.938240811904949355e-07,-3.283502454720205853e-07
2.147985493389511345e-07,-2.729240017202608542e-07
6.011775488792003335e-07,-6.149575850051626890e-07
8.610985445365250820e-07,-2.569865013437143736e-06
7.493561878307270007e-07,-2.090900439362857658e-06
7.932579210784863109e-07,-2.258279089271185963e-06
1.121912637487234741e-08,-5.172102627295024982e-09
8.779798132962470809e-09,-4.464139214896364786e-09
2.708764615079116347e-07,-8.854948477471434933e-08
2.697635394936603057e-07,-1.705857675051938141e-07
3.028840851872829467e-08,-1.040541303619171324e-08
3.746976582385086107e-07,-2.031243618832187495e-07
2.831364204089325415e-07,-1.474558369120844235e-07
1.525474399311234670e-07,-9.491722646247021798e-07
2.313356421114919552e-07,-1.049379908604420504e-06
2.724857750653242926e-07,-1.606457822605158335e-07
5.384403819009177439e-07,-4.391156992649471342e-07
5.453135315029734063e-07,-3.809186587391979252e-07
2.771602118263197618e-07,-7.937670917975894660e-08
1.975080513150883656e-07,-1.235505801848929499e-06
3.743752243258789668e-07,-4.348088363676177254e-07
4.997229049651890042e-08,-2.586412253554606896e-06
6.370553961310757709e-08,-1.463420398761371088e-08
2.199058842126103917e-07,-5.906187255851487941e-08
7.243245524071722701e-08,-1.605873033959408540e-08
9.820544193845818613e-09,-5.334445340613559402e-09
4.160203073777324809e-07,-2.335521016154103534e-07
3.634531386773717613e-07,-1.916028340542957171e-07
3.544358725416253288e-08,-1.341479964285925865e-08
2.188690431826801282e-08,-8.283889199491023541e-09
2.532508670957087836e-07,-1.901008354297664648e-07
1.236848785968398952e-07,-2.923838130292876360e-06
1.965576061744200375e-08,-7.100759339425881802e-09
2.632957667149744779e-08,-9.622224665313640717e-09
2.239996401056176021e-08,-7.770595207680394061e-09
2.393783370931493971e-07,-1.594035685373692794e-06
2.686789154857275787e-07,-1.764273491879578143e-06
1.300571753233616145e-07,-1.904970208771493600e-06
1.919642428316073807e-07,-2.069757351878676032e-06
2.509441001951509771e-08,-1.239741107393263760e-08
2.910861154432478053e-08,-1.409831698229563668e-08
3.176250625525156477e-08,-1.357392485098257941e-08
2.643571437200731230e-08,-1.455335984124143059e-08
3.244966179232320553e-08,-1.543451492898800338e-08
3.514792080889569159e-08,-1.456852595016190892e-08
3.431666807067875405e-08,-1.288475623209478076e-08
8.382549552534827157e-07,-1.217569035790646821e-06
9.320061201944299541e-07,-1.732441432916111105e-06
1.012337798654848508e-06,-2.924306691124962690e-06
8.782146345252939957e-07,-2.838088850936693908e-06
8.785099003540534764e-07,-3.000625974694317251e-06
2.756223583884207815e-07,-1.744426141871746922e-07
3.063504151735717782e-07,-1.638424549292814592e-07
2.779222249978901610e-07,-1.175580354107263274e-09
2.435516715681988136e-07,-6.586626312030958705e-09
2.133487329710790372e-07,-4.412145200808610852e-10
1.938911259106476651e-07,-1.743347917832986499e-08
2.401948879435682085e-07,2.127324410814706202e-08
4.379647527568859090e-08,-1.403990757786362506e-08
9.032961274405552312e-08,-2.418272343434514790e-08
8.327621614286917963e-08,-2.601324467776028274e-08
1.073688215265565884e-07,-2.313380827021868950e-08
1.336767237747222086e-07,-3.061791365111346423e-08
2.322985683079083636e-07,-2.273218518606299348e-08
6.049936586998125870e-07,-1.412255498284564685e-06
7.151604637960448377e-07,-1.309948763351449759e-06
6.851143622528484595e-07,-1.113490299779902701e-06
8.744933575186187842e-07,-1.389399920883427533e-06
2.891605757839376197e-07,-4.314899483887105311e-08
3.249722648061928679e-07,-3.529750054463310025e-07
2.929898884907911613e-07,-8.818473370714164713e-08
2.851904812704016886e-07,-1.618994571778238233e-07
4.008026413179623913e-08,-1.084168448816442757e-08
-9.768389357908625253e-09,-1.814348473639757113e-06
4.675316124923034660e-07,-3.306724391943625302e-06
6.041776641069183724e-07,-3.350142317045115511e-06
7.106999186522832891e-07,-3.250843166084588900e-06
7.384912244393163219e-07,-3.390203340716102832e-06
8.382399571204815131e-07,-3.284251437127867209e-06
8.854553434027059695e-07,-3.420016819668444941e-06
6.314001191187189839e-07,-3.488155295774488017e-06
7.994316979599808938e-07,-3.136175208466108252e-06
4.990524127153540257e-07,-3.453432698221874001e-06
3.895653201684007154e-07,-3.540266781642155476e-06
2.207299435428791822e-08,-1.237475924328870169e-08
1.715868849603611737e-08,-9.823157812626826378e-09
1.918681278333438678e-08,-1.245023849678772738e-08
1.340240968700440171e-08,-8.780499545819402183e-09
2.413596079368128239e-08,-1.520687031652774209e-08
2.835685240821725490e-08,-1.732138126037744069e-08
3.028614065479049080e-08,-1.627536409309157984e-08
3.331257981932939473e-08,-1.762584107490443121e-08
1.125402570409220243e-08,-6.649096461449403728e-09
7.628253973222627116e-09,-5.243771979935575977e-09
9.583409231481741241e-07,-1.906513488350310477e-06
1.025279411009239343e-06,-3.081130863596825625e-06
3.746233549823432107e-08,-1.802025085766051630e-08
7.521877421282770807e-07,-1.479785539990068604e-06
9.558713831590997699e-07,-2.267758719194867961e-06
8.107141161098959471e-09,-3.246906881039388905e-09
1.442079101165196069e-08,-5.494371699000346073e-09
7.554720063853494920e-09,-3.288937127569569500e-09
7.868033992570644139e-07,-8.991585260666226479e-07
6.530705548994370314e-07,-8.255528663274144425e-07
2.288114194992052412e-08,-9.273970097424703453e-09
1.116726172186173579e-08,-4.232030586799077647e-09
2.798242881723222529e-07,-5.863176456130644269e-08
3.441261014492639091e-08,-1.370927971241387204e-08
3.844095982000942987e-08,-1.376238415751127173e-08
6.810607800141375712e-08,-2.393090488679480480e-08
2.902376222396772235e-07,-1.635814239933685694e-07
3.878435141422569460e-08,-1.049964069402010390e-08
4.283407693142858639e-08,-1.037140454217627904e-08
-8.200791962264027388e-08,-2.806714573525853283e-06
-3.384383880903779861e-08,-2.323734643511095734e-06
-3.169037620711064839e-08,-1.983753571300156073e-06
3.450208918902205810e-08,-1.473500909970115273e-06
1.029231831675181381e-06,-3.381288857780898151e-06
7.534032146774366178e-08,-2.148659292000709692e-08
3.765778366820116322e-08,-1.419419296926968427e-08
-9.189875104212567942e-08,-3.105779425651292726e-06
3.599256136697192147e-08,-3.190206970319090491e-06
6.431234101862100682e-08,-1.385784317596014986e-08
1.286842671132838326e-07,-1.932613961817277620e-08
5.520219130727866332e-08,-1.373722108065577111e-08
4.233830216843137857e-08,-1.086117001892226444e-08
1.045520892537003180e-07,-3.497107792324904861e-08
1.858380609860681501e-08,-1.424095118809778677e-08
6.735096344653789557e-07,-2.368465232096331304e-06
6.231824343107513354e-07,-2.798905347524390497e-06
7.077590178456242392e-07,-1.923014895068786256e-06
2.613378121195432821e-07,-2.967584641107393456e-06
4.157362740965055069e-07,-2.614461019586914705e-07
3.122486762997127566e-08,-1.210178735271725587e-08
3.017594383179873351e-07,-1.736474982936460731e-07
1.717447304413199219e-08,-6.244319366943234373e-09
3.390472963399859426e-07,-2.101038983972567825e-06
2.988779282445984336e-07,-2.545877122182118297e-06
3.314623649904321219e-08,-2.108851645377476592e-08
1.344565408120807115e-07,-3.595708705961526671e-06
1.521840052137932795e-08,-7.935906884499089436e-09
3.892931159817305328e-08,-1.168136313197898987e-08
8.908412022654301563e-08,-3.132462196276102649e-08
1.040226597866214176e-07,-2.898194202841624718e-08
2.502237228716183186e-07,-7.010844688635327355e-08
2.194087330212831789e-08,-8.578568689657042891e-09
1.468116289243877069e-07,-4.198886567132623226e-08
2.553879190856932919e-08,-8.564949908236070113e-09
3.186743435894455417e-08,-1.005611488344746520e-08
4.135147130773609470e-08,-1.369907678709379913e-08
5.335633242820431601e-08,-1.975956197363646241e-08
8.247575724679606780e-07,-2.417202586026764735e-06
1.299199182006843481e-07,-1.070018590017339813e-08
6.714755052276658609e-07,-3.103190110543452221e-06
3.491374708099685680e-08,-1.048615370151410589e-08
6.395267313273769207e-07,-1.581619653798129350e-06
2.252657049928877974e-07,-2.394686501585513719e-07
1.276760098616517209e-07,-4.118857899724644204e-08
1.605142910900932307e-07,-2.493416680997596941e-06
2.706958477030216546e-07,-1.737112018036116039e-07
3.360804813519795387e-07,-6.078921805959559101e-07
1.036947027222055636e-08,-7.895798624923873685e-09
2.724786653734249469e-07,-1.625015383191603203e-07
1.647244722167865732e-08,-6.814996287577977070e-09
2.862094951686441947e-07,-1.737087049481199194e-07
2.984862782325621264e-07,-2.170381261792180845e-07
1.569647514044045248e-07,-2.765719943080029656e-08
1.004970751106336943e-06,-2.606695622467720968e-06
2.847586243805909630e-07,-1.161122107190300514e-07
3.524326281288048366e-08,-1.657493201728477206e-08
4.775880971257094394e-07,-3.102492164708193763e-07
1.200867582780445513e-07,-3.527801966824175164e-08
4.497291680843666162e-08,-1.061751096886873751e-08
3.107587535094076668e-07,-5.035339431228893591e-07
2.270984588404144503e-07,-5.700574096092727794e-08
6.742762133612623584e-07,-3.618765494497010516e-06
2.687116047327377728e-08,-1.887887344097718670e-08
2.857988464374846567e-07,-8.039731473899520777e-08
3.763418464340222032e-08,-2.027355206036613188e-08
-9.791942437898564313e-08,-3.524113126275609096e-06
9.409988188095274096e-07,-3.629745474753293241e-06
8.372551067947276463e-09,-7.713695985427163255e-09
5.380317272802081064e-07,-5.152914459540235362e-07
3.558623017312328964e-08,-1.887069349929386298e-08
5.043270059519588675e-08,-1.023338413740934881e-08
3.144548599318313318e-07,-1.918643001774558175e-07
2.348962801557612305e-08,-3.022178173532370336e-06
6.276564574531173195e-08,-1.312289648072224224e-06
7.867759862526220766e-08,-1.944143113438688931e-08
2.922798644390792783e-07,-1.307868918642827932e-07
7.859141013719011195e-07,-1.651987538135493217e-06
1.257721259878541067e-07,-1.715142474313401786e-06
3.137991503573217003e-07,-1.158021585168797171e-06
2.689725983385673872e-07,-6.229532053429445910e-08
2.590778093909587052e-07,-3.484730529464712725e-06
8.160342043220709231e-07,-1.823631854468555261e-06
7.026154303118758571e-07,-6.438144137295788719e-07
5.738508348465538852e-08,-1.265304534076850846e-08
2.644979302619376610e-07,-1.699852068214880243e-07
3.282928496498851240e-07,-1.764368443187916197e-07
3.212205538549309022e-07,-1.755369199028556638e-07
-7.395968519114763958e-08,-2.658274101026648921e-06
6.132854485724560598e-07,-4.447867463323290916e-07
7.561627127248616864e-07,-2.886025276385699184e-06
9.280063434091744111e-08,-2.194385814062128285e-06
3.152465438828172441e-08,-1.858313271037832014e-08
4.443741977472509863e-09,-2.513446777610259461e-09
3.665981558812989153e-08,-1.229815408363125025e-08
4.615506120129938529e-07,-2.524950308244351555e-07
8.749049718295688077e-08,-2.487612430054041906e-08
5.883634931439650159e-08,-2.191311112110328301e-08
4.985019827749826044e-08,-1.951259471655676337e-08
2.745712397949984932e-07,-3.607085800070580370e-08
1.164476128833286600e-07,-3.150477053437616828e-08
3.635115169031608683e-08,-1.412972849457218072e-08
2.322222175515332675e-07,-2.370346868991524765e-07
2.314801079220436141e-07,-4.828000133440941146e-07
4.462126249027984591e-08,-9.934048912879555032e-09
1.275703162879187559e-08,-4.946789837032653899e-09
4.972788609914297844e-09,-2.503628245479952015e-09
3.415976854077929032e-07,-1.815644075556067002e-07
1.144793083665290113e-08,-4.961686402814588065e-09
2.232280087845424246e-07,-2.931946681659052590e-07
8.430152816053439233e-07,-1.992330011352494125e-06
2.631234386105542859e-07,-1.740331902330017520e-07
1.670138948806950641e-08,-6.080262353863809213e-09
7.644084804141250941e-07,-3.512578395379241346e-06
9.109972112918807104e-09,-3.456797015488629996e-09
2.622840858604484522e-07,-1.735868361801069170e-08
1.281398997807184058e-08,-5.081022754403808608e-09
8.982682083023857004e-07,-2.702841279294016685e-06
2.882673890237911749e-07,-1.001804512921446241e-07
7.500936515184452273e-07,-3.016445313136962666e-06
3.396202497135191901e-07,-1.879728208326435191e-07
5.500287274623772306e-07,-8.353806521626442914e-07
-1.213794386474721885e-07,-3.390567810716287168e-06
9.686824694836292625e-08,-3.161481232166683835e-08
2.615893860415240412e-07,-7.556159247004840152e-08
3.644884247230632604e-08,-1.337755172976312322e-08
2.926121984451223818e-07,-1.434185158890814987e-07
1.476156740535312631e-07,-1.054484895254967310e-09
7.896087765589132556e-08,-1.727653810643685131e-08
1.195279280363720053e-07,-1.557956303612320057e-06
2.860914650974490858e-07,-9.368951582833095354e-07
1.053938013780395930e-06,-3.639625035787345212e-06
5.723111014477744561e-08,-1.130082337504226656e-08
9.258188315743704036e-07,-3.168827011834657257e-06
1.517499862012213267e-07,-1.363942793238586930e-08
3.830762378957435998e-09,-3.909219177324013165e-09
2.440762971270670785e-07,-2.114654075350690075e-07
4.580446905305045271e-07,-5.017376583332692617e-07
-1.145316741412018661e-07,-3.634996856673482628e-06
3.786656835163582716e-08,-2.215729061923779027e-08
8.647639119364166500e-07,-2.154469637149077112e-06
3.155836567775492497e-09,-2.316270444204986914e-09
5.484762900881825756e-07,-3.427264283950549080e-07
1.515474230068034741e-07,-4.675322872362781890e-08
6.764566586907237210e-08,-2.059408925034749746e-06
7.356072211621246223e-09,-2.880212595467532988e-06
2.082094836964733705e-08,-7.359859056789454591e-09
2.290842449654081046e-07,-3.368448203316782550e-08
2.656033478998758595e-08,-3.517029783803562894e-06
6.445383599546103165e-07,-7.139133605466961645e-07
7.129167927414134614e-07,-9.669202864423255918e-07
4.027173669744742519e-08,-1.054503111560644419e-08
6.715418049759011182e-08,-1.354996684047540477e-08
5.051876766401010377e-08,-2.447284018829390202e-06
1.521647923297590183e-08,-1.113337192920921710e-08
1.117893934004975912e-07,-3.490533205249690558e-08
2.713810506462867568e-07,-8.347968801214018927e-08
1.669871096509192866e-07,-3.444243884292111081e-08
4.539427557105332058e-07,-2.660163457797603981e-07
1.529374858555552773e-08,-6.048873701670842344e-09
3.392323212481452664e-08,-1.953039269949236716e-08
3.758323869446806233e-07,-2.009007498905037067e-07
9.466434876779482914e-07,-3.303211102910785964e-06
4.816183973035244125e-08,-1.067283183056769522e-08
1.861319192859087312e-07,-5.568882819164946951e-07
8.826188838243555685e-07,-3.541003012888804355e-06
-1.694689159030361813e-08,-3.317152510025037950e-06
4.020150493407848956e-07,-3.651545735069543620e-06
