Size 979,2
0.000000000000000000e+00,0.000000000000000000e+00
0.000000000000000000e+00,0.000000000000000000e+00
0.000000000000000000e+00,0.000000000000000000e+00
0.000000000000000000e+00,0.000000000000000000e+00
0.000000000000000000e+00,0.000000000000000000e+00
0.000000000000000000e+00,0.000000000000000000e+00
0.000000000000000000e+00,0.000000000000000000e+00
0.000000000000000000e+00,0.000000000000000000e+00
0.000000000000000000e+00,0.000000000000000000e+00
0.000000000000000000e+00,0.000000000000000000e+00
0.000000000000000000e+00,0.000000000000000000e+00
-1.127199775650683417e-06,-1.549176501349363522e-05
-1.111044760719380195e-06,-1.536215910945526567e-05
0.000000000000000000e+00,0.000000000000000000e+00
0.000000000000000000e+00,0.000000000000000000e+00
0.000000000000000000e+00,-1.126782994248318198e-04
0.000000000000000000e+00,-1.139171038395920632e-04
-1.056068824723288768e-06,-1.074438554718507011e-04
-1.918074886216019555e-05,-7.754226100838520390e-05
0.000000000000000000e+00,0.000000000000000000e+00
-1.469371082233962983e-06,-8.356020528626768011e-06
-3.554909685380007914e-07,-1.076152186137480679e-05
-2.703529954906448558e-06,-1.353888171941682867e-05
-2.717444664196824454e-06,-1.658657837963704434e-05
-1.373553624079343248e-06,-1.178265479528610940e-05
-2.166641406589924774e-06,-1.531296838005826892e-05
2.859667059711229805e-07,-1.852225311500490767e-05
-1.980464429359695042e-06,-2.220449925326587127e-05
-1.986909088540683917e-06,-6.873719317724686259e-06
-2.045585539493448896e-06,-1.485633525807707763e-05
-1.012686151061986412e-06,-1.581795294157036433e-05
1.920393744365208031e-06,-5.012864185946310690e-05
2.255696352962855978e-06,-7.776639554067948476e-06
8.251868117011381580e-06,-5.395826355080280497e-05
-3.619849828276677346e-06,-8.595696452653702729e-06
8.558759969132978307e-06,-3.068472533868374163e-05
-9.918316410615584156e-06,-3.258037238851271584e-05
-3.707545157660897335e-06,-6.687500259745702517e-05
8.510791474200795822e-07,-1.232429549613615850e-05
1.092910518530695687e-05,-6.815471105956173389e-05
-1.122994384833555641e-06,-1.035497614788683039e-04
-3.321417349989031897e-06,-6.919448136534684952e-05
-1.728005218877016867e-05,-9.386811141316728289e-05
1.069710974113620301e-05,-7.648994051685767859e-05
9.080265750039698497e-06,-3.205574228523457768e-05
3.232532201702503072e-06,-5.312291181706896970e-05
-9.901538733174541923e-06,-3.941616623703099367e-05
7.362485577431873204e-06,-6.027868785873560916e-05
-5.127988923736457474e-06,-1.065478095056726704e-05
-8.159419346344698204e-06,-1.841891254921297505e-05
-1.055122663576664448e-05,-2.790779827597138294e-05
-1.207079859871969161e-05,-3.863063300651001675e-05
-1.275961247052731899e-05,-4.988667379359902989e-05
-1.272347384971575018e-05,-6.073017405032843336e-05
-1.259300300205515545e-05,-7.093250229005037752e-05
-1.272145826693224372e-05,-8.098840445001547546e-05
-1.273298568132654893e-05,-9.139546184568173590e-05
-1.180888152958427988e-05,-1.019480253371550835e-04
-1.002303989605760702e-05,-1.112616816971090172e-04
-7.547497395297153690e-06,-1.186788877331254176e-04
-4.507612060022248131e-06,-1.236563960356085060e-04
-1.037917609121539780e-06,-1.258018598527823023e-04
2.709913791666468219e-06,-1.248246328845858803e-04
6.603574694534414763e-06,-1.205436580947177053e-04
1.051265045231833658e-05,-1.129035776863128617e-04
1.432717393627096682e-05,-1.019275391330157394e-04
1.788644373203825307e-05,-8.749345787373763363e-05
2.073418054558901283e-05,-6.947478190321209137e-05
2.137890833957169161e-05,-4.867001563821627384e-05
1.823645981602436039e-05,-2.763107361664030062e-05
1.063843853223176863e-05,-1.071351748818679693e-05
0.000000000000000000e+00,0.000000000000000000e+00
0.000000000000000000e+00,0.000000000000000000e+00
0.000000000000000000e+00,0.000000000000000000e+00
0.000000000000000000e+00,0.000000000000000000e+00
0.000000000000000000e+00,0.000000000000000000e+00
0.000000000000000000e+00,0.000000000000000000e+00
0.000000000000000000e+00,0.000000000000000000e+00
0.000000000000000000e+00,0.000000000000000000e+00
0.000000000000000000e+00,0.000000000000000000e+00
0.000000000000000000e+00,0.000000000000000000e+00
0.000000000000000000e+00,0.000000000000000000e+00
0.000000000000000000e+00,0.000000000000000000e+00
0.000000000000000000e+00,0.000000000000000000e+00
0.000000000000000000e+00,0.000000000000000000e+00
0.000000000000000000e+00,0.000000000000000000e+00
0.000000000000000000e+00,0.000000000000000000e+00
0.000000000000000000e+00,0.000000000000000000e+00
0.000000000000000000e+00,0.000000000000000000e+00
0.000000000000000000e+00,0.000000000000000000e+00
0.000000000000000000e+00,0.000000000000000000e+00
-4.066688081975082122e-06,-8.503062257098291976e-06
-6.375845652493646584e-06,-1.531478992416161365e-05
-7.981647051987507911e-06,-2.339488901909778605e-05
-8.778559582156470099e-06,-3.214531787269011583e-05
-8.843846710413360722e-06,-4.093533949854249239e-05
-8.300680014664671541e-06,-4.906389478132140502e-05
-7.523714168413308246e-06,-5.627491039226528068e-05
-6.668973323344438236e-06,-6.264348556003933636e-05
-5.595573156861578916e-06,-6.819483236629504826e-05
-4.059466440255465213e-06,-7.265667552362392654e-05
-2.206085244926443328e-06,-7.542683979526095277e-05
-1.875268142317708155e-07,-7.632294529522057791e-05
1.869394395679446149e-06,-7.523951736437603358e-05
3.827191242401862671e-06,-7.222095520790338524e-05
5.538517940058080054e-06,-6.740955359086615937e-05
6.865329864466467883e-06,-6.106080066470225107e-05
7.661396205167163360e-06,-5.356061185699119534e-05
7.754792670244366196e-06,-4.566933737837676770e-05
7.451480333482650657e-06,-3.789232795146021417e-05
7.023494600420901331e-06,-3.031050284034053592e-05
6.378580145072214306e-06,-2.280201457913698981e-05
5.104694454245403248e-06,-1.553631604206613906e-05
3.186792239427805040e-06,-9.045892765763385886e-06
0.000000000000000000e+00,0.000000000000000000e+00
0.000000000000000000e+00,0.000000000000000000e+00
0.000000000000000000e+00,0.000000000000000000e+00
0.000000000000000000e+00,0.000000000000000000e+00
0.000000000000000000e+00,0.000000000000000000e+00
0.000000000000000000e+00,0.000000000000000000e+00
0.000000000000000000e+00,0.000000000000000000e+00
0.000000000000000000e+00,0.000000000000000000e+00
0.000000000000000000e+00,0.000000000000000000e+00
0.000000000000000000e+00,0.000000000000000000e+00
0.000000000000000000e+00,0.000000000000000000e+00
0.000000000000000000e+00,0.000000000000000000e+00
0.000000000000000000e+00,0.000000000000000000e+00
0.000000000000000000e+00,0.000000000000000000e+00
0.000000000000000000e+00,0.000000000000000000e+00
0.000000000000000000e+00,0.000000000000000000e+00
0.000000000000000000e+00,0.000000000000000000e+00
0.000000000000000000e+00,0.000000000000000000e+00
0.000000000000000000e+00,0.000000000000000000e+00
0.000000000000000000e+00,0.000000000000000000e+00
-2.175774973571719864e-06,-2.225964295221277747e-06
-3.221957870308496265e-06,-5.188244131205624698e-06
-3.552513200719262156e-06,-8.491706962627355799e-06
-3.307901873132838522e-06,-1.153053728395816177e-05
-2.621830530448353633e-06,-1.388805369412989845e-05
-1.632393628832177471e-06,-1.521180656269481908e-05
-5.702638838107102978e-07,-1.536138345062857373e-05
4.334982728453893219e-07,-1.435691245923612156e-05
1.182959755338315505e-06,-1.230736635819966964e-05
1.454377159073623940e-06,-9.506367542653811544e-06
1.228323761100664639e-06,-6.267000506718804253e-06
0.000000000000000000e+00,0.000000000000000000e+00
0.000000000000000000e+00,0.000000000000000000e+00
2.628517117868086539e-07,-1.482003556340115727e-05
1.428021711441482477e-06,-1.318989731717454557e-05
2.278719516732647875e-06,-1.075297619335811594e-05
2.690128050298931250e-06,-7.793734569245320176e-06
2.571067433862457588e-06,-4.712493212784412363e-06
1.788306452330330353e-06,-1.994934785923392998e-06
-1.161452503615145596e-06,-1.558737867908733957e-05
-1.574957305831100450e-06,-1.570422275765682047e-05
-1.913015177332587528e-06,-1.572573115255678904e-05
-2.106639872330098145e-06,-1.564838712281325036e-05
-2.066146528841510518e-06,-1.552766616511669020e-05
-1.709524029040996317e-06,-1.372222806409810911e-05
-2.239992902501337653e-06,-1.105680238491329880e-05
-2.482639551431539742e-06,-7.028247408527902194e-06
-1.929855074531369836e-06,-2.731966924856563057e-06
0.000000000000000000e+00,0.000000000000000000e+00
0.000000000000000000e+00,0.000000000000000000e+00
1.980046536322911333e-06,-1.123049920548487658e-04
3.817647615939086073e-06,-1.113909225967855515e-04
5.491284915410549951e-06,-1.100016557831623036e-04
6.942445733818700964e-06,-1.082941869264470488e-04
8.226269656298559161e-06,-1.064371974668968355e-04
9.432101959773346044e-06,-1.044795887192259302e-04
1.073224946450171900e-05,-1.024935593635537223e-04
1.213681462804449688e-05,-1.003157868308560217e-04
1.365671689055288647e-05,-9.783164229410587379e-05
1.525506427959613202e-05,-9.495888322873314636e-05
1.685817159972656518e-05,-9.165170230820407211e-05
1.838357299109625472e-05,-8.792380221401328128e-05
1.974331538886251486e-05,-8.383214415553740776e-05
2.097490070322167215e-05,-7.942018720878286767e-05
2.197614547345126915e-05,-7.480608265130634651e-05
2.277776738216707672e-05,-7.000770093078399119e-05
2.334955691038742757e-05,-6.503030959280844026e-05
2.364477751861665200e-05,-6.004466127541581677e-05
2.359972136145130112e-05,-5.500520679065840134e-05
2.327872958791944692e-05,-5.005407643866334726e-05
2.260412152504349956e-05,-4.535301318364462361e-05
2.159568723148415866e-05,-4.095494523857210113e-05
2.032605432546081504e-05,-3.699508443134915379e-05
1.884092686733149444e-05,-3.351230374345442033e-05
1.724899646097424185e-05,-3.055856368675025238e-05
1.558091828822906358e-05,-2.812541063292233135e-05
1.384487128528274057e-05,-2.620722380618713303e-05
1.213561147631006152e-05,-2.478835051093210466e-05
1.036759812156389516e-05,-2.387222797805281882e-05
8.708740157663341175e-06,-2.347236296129782244e-05
7.035030577177667536e-06,-2.362641197451311487e-05
5.530129158224371297e-06,-2.429063143400108366e-05
4.132109602427258347e-06,-2.547838860748698862e-05
2.935557896463546881e-06,-2.718432804833139488e-05
1.988857399506174896e-06,-2.932473449809874815e-05
1.149499180951589589e-06,-3.186734586168556903e-05
4.619990089402648935e-07,-3.489410621409894624e-05
4.917125047746800989e-08,-3.839254010949562200e-05
-4.165749556096211052e-08,-4.230728088204039808e-05
3.020099302564444658e-07,-4.638856116122312462e-05
1.092657175108264060e-06,-5.027138016330481461e-05
2.357991500223329761e-06,-5.357520365785537196e-05
3.856343954761012328e-06,-5.594758677439481812e-05
5.770835913787999008e-06,-5.716786012357338175e-05
7.665607428304400961e-06,-5.706759756911892399e-05
9.407461261359712984e-06,-5.569074293837008221e-05
1.091518564805556932e-05,-5.331458563911926939e-05
1.216096205254439326e-05,-5.008010969407221375e-05
1.301146855279738254e-05,-4.618471345612943832e-05
1.336575461445972026e-05,-4.186429515272949121e-05
1.316058490491604339e-05,-3.754846037899237511e-05
1.256146785748802026e-05,-3.359014860963257702e-05
1.162922754742853139e-05,-3.005600767254389995e-05
1.055116588471331884e-05,-2.707727716395793094e-05
9.369209567936578401e-06,-2.459687675394546557e-05
8.160481573723061220e-06,-2.260331210120217896e-05
7.031280600275739565e-06,-2.101137091400701032e-05
5.967064439017885391e-06,-1.976531986278993588e-05
5.006773624681724412e-06,-1.881724082789046964e-05
4.157676566113891132e-06,-1.811830573483536557e-05
3.418242097366198044e-06,-1.761679543036964791e-05
2.805154546141633566e-06,-1.726639736867277387e-05
2.340086287241612935e-06,-1.704552110654035176e-05
2.033580935072962868e-06,-1.686460507024088626e-05
1.907551890736473897e-06,-1.666139124886901161e-05
1.982290501606104393e-06,-1.633664868378654049e-05
2.235452385996773118e-06,-1.577487666397737193e-05
2.644799784925677551e-06,-1.479185892620314992e-05
3.114344977634614847e-06,-1.328375787277989484e-05
3.509470399438569424e-06,-1.115059088508315183e-05
3.662322395973249002e-06,-8.403428819196296834e-06
3.328563287958781270e-06,-5.356686737542203108e-06
2.279781866333526677e-06,-2.433865387909581265e-06
0.000000000000000000e+00,-1.131004582165268129e-04
0.000000000000000000e+00,-1.135706029809154953e-04
-4.828181682949368754e-07,-1.132347592642080856e-04
-9.231257280554484143e-07,-1.112924054947883997e-04
-2.548888400951124361e-05,-8.540481621079006090e-05
-2.656736187066280065e-05,-9.336415266279178701e-05
-2.095440144679741801e-05,-9.819593200575413912e-05
-1.381582816934860566e-05,-1.022282295555813691e-04
-6.374966706106991363e-06,-1.054760533785190166e-04
-9.799227683180152757e-06,-8.837910098194531820e-06
-1.634860195078503790e-05,-2.151449884717498786e-05
-2.004863673969272913e-05,-3.830242793756320009e-05
-2.111199975410085389e-05,-5.701083471606517989e-05
0.000000000000000000e+00,0.000000000000000000e+00
-4.890571122230499990e-07,-6.119693223186140274e-06
-1.167004429362912411e-06,-8.714543952534053786e-06
-3.163716475232323807e-06,-6.351333358565580583e-06
-3.849033107682937086e-06,-8.295997933372926456e-06
-3.766013362836408194e-06,-1.083210067586045930e-05
-3.138008569808062149e-06,-1.309029446593381612e-05
-2.698321528301155598e-06,-9.928444592326331796e-06
-3.330998546103376112e-06,-1.225994727899070742e-05
-2.749415690388832851e-06,-1.372605712114891809e-05
-2.067696341808688488e-06,-1.472749313324320899e-05
-1.412128546523149570e-06,-1.534819720228539471e-05
-1.005567732934567875e-06,-1.570645595728034302e-05
-1.833929222086498629e-06,-1.521419245013071697e-05
-2.052527106353137890e-06,-1.563395906727145247e-05
-1.949807993471409026e-06,-1.587688890216358849e-05
-1.704322202938820824e-06,-1.599002412215930514e-05
-1.374688559541308525e-06,-1.597126824110007458e-05
-2.037590986822730778e-07,-4.352182531724973499e-05
-1.459278629438879353e-06,-3.781036666603271296e-05
-2.173429603267138670e-06,-3.264142472589726238e-05
-2.587871061241669705e-06,-2.810343001501377559e-05
-2.587371839797792818e-06,-2.383417197945115316e-05
-2.288140898424729083e-06,-1.963441170720251860e-05
-7.959313829668852419e-07,-1.558438505101800571e-05
6.065321209871746341e-07,-1.144738242705445296e-05
1.155225958329781800e-06,-5.257549059502363465e-05
2.606366413575503589e-06,-5.442518630610579817e-05
5.317757611700505362e-06,-5.571740611555459885e-05
8.361195539216336137e-06,-5.649178851644407942e-05
1.070751638934868664e-05,-5.671536031792699954e-05
1.074266764547324739e-05,-5.561819871052600184e-05
9.570034169733625004e-06,-4.636037969559511830e-05
1.032694940852785129e-05,-3.829472514685941216e-05
1.048452178416700058e-05,-2.991992017375900319e-05
9.938161589355476317e-06,-2.168939434829975104e-05
8.474232595303049625e-06,-1.436455736038348483e-05
5.784115067649478547e-06,-8.670638163407951493e-06
-2.707474605726435797e-06,-1.210909624608793130e-05
-1.301255804004957385e-06,-1.526221876383972279e-05
1.423180057590731535e-06,-1.779285895866718914e-05
3.878815328186230087e-06,-2.025622026674611041e-05
6.244309469097251262e-06,-2.274391287565047075e-05
8.025912277302017282e-06,-2.594144674394345174e-05
-6.339134661919443524e-06,-8.859531986358800014e-06
-8.461763254650887149e-06,-1.304508031398270464e-05
-9.631095979253153500e-06,-1.893934009617612171e-05
-1.008537266863613147e-05,-2.545952568620346170e-05
-1.222031500440988213e-05,-3.513103564043525731e-05
-9.953592582374155910e-06,-3.671113892417970405e-05
-4.607680418956433034e-06,-3.651622813309553830e-05
1.462974440883768597e-06,-3.545793290191902780e-05
6.410759023371351741e-06,-3.352575415851123610e-05
-5.154924632346544862e-06,-5.781464506787149321e-05
-5.252589365842975420e-06,-5.012849364793163959e-05
-4.890156029856150248e-06,-4.287310879821462661e-05
-4.062884149227396673e-06,-3.555145221403410125e-05
-2.948300095532387978e-06,-2.787001057166494489e-05
-1.849024325583823430e-06,-1.981402788116877234e-05
1.372280584872595824e-07,-7.074534141915394961e-05
7.063264876288119798e-06,-7.262546189709873827e-05
1.200886912715073951e-05,-7.183758766361969484e-05
1.206504664698197092e-05,-5.715151391665110575e-05
1.246455209053670687e-05,-4.642192192624067286e-05
1.216987236855952103e-05,-3.581759881173069630e-05
1.108734323324949794e-05,-2.580125656297257717e-05
8.931832737932110880e-06,-1.727571202954303954e-05
5.307895364078390518e-06,-1.115640798778777271e-05
-3.133283528381472719e-07,-1.036432117546726178e-04
-4.167546617960057135e-07,-1.013663412460438784e-04
-8.954213145065702335e-07,-9.800528365094568917e-05
-1.584227274345466044e-06,-9.365350633086911116e-05
-2.295342504277967298e-06,-8.852565310317517570e-05
-2.963320113235422724e-06,-8.266405267749880371e-05
-3.396015746211695893e-06,-7.624364174037033873e-05
-7.878264673904337786e-06,-9.935050688375059223e-05
-1.532734914420433924e-05,-9.579815469478465803e-05
-2.237752279660444160e-05,-9.280286345468532528e-05
-2.725033084779233706e-05,-9.058916538437056904e-05
-2.685300958180804248e-05,-9.152698598139160236e-05
1.163333107850469309e-05,-7.079827932080691726e-05
5.619404717366902483e-06,-6.779361127443366485e-05
-1.650615998589549683e-06,-6.736818120707471845e-05
-1.382078594422004447e-05,-1.065205852814373188e-04
-1.014833669983702285e-05,-1.160898190344997465e-04
-6.422300724015892021e-06,-1.224218831566624107e-04
-2.747776735350149200e-06,-1.255179732962999849e-04
7.238064880492802575e-07,-1.254860177825858534e-04
3.929685130365521711e-06,-1.225210012026091400e-04
6.721625242909879433e-06,-1.169039196958892039e-04
8.881157203975679104e-06,-1.090806239461670238e-04
1.038938942932929728e-05,-9.955900375028255524e-05
1.107460883986153183e-05,-8.883234718788955491e-05
9.736222182959099907e-06,-3.682855558527300569e-05
9.756000113063388712e-06,-4.215101233169765791e-05
9.363823451790783686e-06,-4.782911988057350497e-05
8.627551435235732979e-06,-5.295227808636996861e-05
7.625865105812697683e-06,-5.654539707024825823e-05
6.415197852259673457e-06,-5.771965321415420885e-05
4.923555864364881202e-06,-5.652420051852537767e-05
8.212360641258097062e-06,-3.096505670913007354e-05
3.894702423824905226e-06,-3.072757558476033393e-05
-2.523411013184728870e-06,-3.131175963753683234e-05
-8.979955290993546583e-06,-3.265189570276825186e-05
-1.207262740065031178e-05,-3.558640643114897747e-05
1.075350005701533229e-05,-5.755463717232797970e-05
1.046345818138911813e-05,-5.527987889930547027e-05
7.643568760359845154e-06,-5.410593922625493447e-05
4.433216124317469441e-06,-5.325583784090179800e-05
1.776644163012333507e-06,-5.276487795074922871e-05
7.587863968965739287e-07,-5.267264422349491660e-05
-9.969143552208359509e-06,-4.840015768265583639e-05
-9.264387547050853753e-06,-5.632553033973921301e-05
-8.016516305874941403e-06,-6.332957344757664481e-05
-6.332631410771918443e-06,-6.907893072502766559e-05
-4.344469713278209886e-06,-7.326561492896011213e-05
-2.138368663350710680e-06,-7.567624984735661512e-05
1.580478362874608279e-07,-7.618510371242944910e-05
2.341296264366016841e-06,-7.481121886582587971e-05
4.379222166704083938e-06,-7.165888075071764863e-05
6.080128012451567662e-06,-6.688078785851370926e-05
1.685435950357194978e-05,-3.483237736278893353e-05
3.236557817100781079e-06,-1.763660842146423313e-05
9.120292177325210306e-06,-2.314408278190990158e-05
6.378694423581411258e-06,-2.160920297293929422e-05
1.307715120975030630e-05,-2.667297188631201403e-05
1.938075568231413230e-05,-4.740942299082782923e-05
-1.516811329136922603e-06,-3.660656898285140261e-05
-4.180923339229232872e-07,-3.170050626948716905e-06
-1.909025197110085891e-07,-2.366375916045258876e-06
1.939816149541360600e-05,-6.320781922764945597e-05
-1.365008619235993211e-06,-1.519674974697814978e-05
5.505903033088132481e-06,-2.099252913809382309e-05
-1.840839271030965051e-06,-2.412427444920208804e-05
-2.176355764835095792e-06,-1.625876048209361121e-05
-8.110921598599264718e-08,-3.757521156463969183e-06
4.042380021527287526e-08,-2.566249473714395940e-06
-7.225818816060398942e-07,-5.122707676217933182e-05
1.261313951910991553e-06,-2.158337800262356314e-05
1.767038276729580349e-05,-7.802293159975246559e-05
1.869912950853359066e-06,-1.685343236213246128e-05
8.124846225187782952e-06,-2.781965778271348991e-05
5.639790056452935745e-06,-2.453504429732194261e-05
1.637065926018038598e-07,-2.174820425038069256e-06
1.297862896810095772e-07,-1.624892738993709639e-06
1.042716573508828512e-07,-8.628632871321440724e-07
7.797863561430034736e-08,-7.141217478502081321e-07
9.525620749300504418e-08,-6.628329445448891068e-05
4.567336185486883597e-06,-1.901096960518597237e-05
1.531049564547226361e-05,-8.616416992659662157e-05
1.331298793871155885e-05,-9.380511249237651202e-05
1.046973789988125588e-05,-9.953768546272414447e-05
-1.296216088515354055e-07,-1.354809708925197776e-06
-2.121183266483695870e-07,-1.768237641065048454e-06
-8.461494236310693916e-08,-5.955803306265565935e-07
-1.083601774569823143e-07,-7.035742399370283625e-07
6.970420883827791585e-06,-1.054772366446485451e-04
1.507602363864062302e-06,-1.651310085599090293e-05
4.488050938240385381e-06,-2.811282993448323649e-05
4.914191628910175881e-06,-1.094906021300164035e-04
8.993460573387755986e-06,-3.562276191941639899e-05
1.418975042241470438e-06,-7.813850843282885475e-05
-6.158731029738360539e-07,-1.591328017427086678e-05
7.373138014000638466e-06,-2.594030823505251177e-05
4.954674103002818658e-07,-3.270889880727662481e-05
2.550698627873613462e-06,-9.052725406196712515e-05
-4.357216402280800389e-07,-5.070690319052394637e-06
-5.160258793934787554e-07,-5.529098274008835842e-06
-4.933550591743582797e-07,-4.380761191090271676e-06
-6.308812672075908203e-07,-5.921472488112957048e-06
-4.535492700543718725e-07,-4.810379669206172454e-06
-1.119664719792914273e-08,-3.881485358898462730e-06
-7.129724705648218427e-08,-4.062364434175710002e-06
-1.923397792400384231e-07,-3.213552354147067567e-06
-1.722139608532938408e-07,-4.260730250494192867e-06
-1.731551370804650446e-07,-3.502421435667648795e-06
1.240557659219355134e-06,-1.063278730270880679e-04
4.396765390551984494e-09,-4.920193968496023826e-07
5.404495475451590472e-09,-5.675072777027586721e-07
2.229732050112470749e-06,-9.957123014054045378e-05
-4.090899675394980532e-07,-3.993417065868053898e-06
-1.155697274650344343e-06,-6.111728590512398204e-06
1.001948046193004272e-05,-4.408239379666195531e-05
3.337094477245761495e-06,-3.279232773967367091e-05
1.465229570070074057e-06,-1.547632967341454631e-05
-3.562037088274244827e-07,-4.482352456671215980e-06
-9.776072305394451491e-07,-6.622441111294442265e-06
7.039979051015747895e-07,-1.123778412241311102e-04
-2.030152221235490790e-07,-5.012098289607942527e-06
-8.666349442066146421e-07,-7.040694069423054596e-06
-1.569403351528763855e-06,-8.771678427438076128e-06
-3.586693117755572999e-07,-5.823430612087387215e-06
-2.824044032603375267e-08,-3.414076549776650450e-06
-2.331018662420182593e-07,-4.879183414914297517e-06
9.032483792793975642e-06,-5.203330151371748458e-05
-3.682370600934457512e-06,-6.924997085394653076e-06
-2.119114637093005714e-06,-5.417148462378349307e-06
2.280389201878559845e-06,-1.122898043863457485e-04
8.761282025847079422e-08,-3.845525310515699154e-07
1.053226818855742074e-07,-4.418011160177389053e-07
-4.452630140862887716e-06,-1.319299267680532912e-05
-1.596847524046405044e-06,-1.421708246738912338e-05
-4.713615294213566507e-06,-2.894565555838771371e-05
-6.811539935158695483e-06,-6.706633078641453360e-05
-1.145977445675412470e-07,-1.063792421809326871e-06
2.248002366773276831e-07,-1.395780419311772347e-06
-4.658828638704834000e-06,-1.561370952722386789e-05
-2.238990882380112212e-06,-9.580438419060727524e-06
2.974418159632144679e-06,-4.092570970914619338e-05
1.571927617645291781e-06,-1.249092918377945476e-05
2.423710515318418642e-06,-8.559263165072359108e-06
2.722492032208725099e-06,-6.138605599286837184e-06
5.479786574152657607e-06,-3.736725563946629100e-05
5.444090284237575177e-07,-5.944994128606922530e-06
3.879796616558496368e-06,-1.983064588064625640e-05
3.962220000112415320e-06,-1.666468122707325783e-05
4.158836402936372490e-06,-3.375723753448680605e-05
2.129228929521202608e-07,-1.208632573732162973e-05
4.329600139773910068e-06,-4.054509407539913523e-05
-7.501276500690013748e-07,-1.549686535289475765e-05
3.176004758529773646e-06,-5.034753603803521877e-05
3.379008390995145032e-06,-6.256101307853544654e-05
2.315429620310667306e-06,-6.351251922267980930e-05
2.991933619575908901e-06,-8.199282173175544554e-05
4.676328359971464287e-06,-4.390402761838608538e-05
2.800536586942628728e-06,-1.038904159746128244e-04
1.142284363949481986e-06,-7.349151052036334770e-05
-5.182758668255660961e-06,-1.008472828672734195e-04
1.346334383961144832e-06,-1.202369883087216505e-04
-5.447110897098370537e-07,-7.656258709747183755e-05
-7.635726213272488293e-07,-1.264636457646089399e-04
-1.937781527127127269e-06,-7.172921836761004958e-05
-2.825362336414387410e-06,-1.202844109118815903e-04
-3.056706510236512773e-06,-6.017387920114415423e-05
-3.705643784781956831e-06,-4.408464334422249292e-05
-2.016210327962484380e-07,-2.564727283895732850e-06
-1.312823488421799140e-07,-2.842155703743813099e-06
-5.195032094240869970e-08,-3.341268210813291151e-06
-2.605073498837540358e-08,-2.672664652677859655e-06
-4.018578638155962759e-07,-3.466304805392053563e-06
-2.825536395127916990e-07,-3.825233281423496302e-06
-2.114835679232369618e-07,-4.577022939202588959e-06
-9.697778260427900871e-08,-3.562602391374251644e-06
7.484439156790735775e-06,-5.692013932166950724e-05
3.531437221962713931e-06,-4.811434885595924378e-05
7.416917272605910681e-06,-3.298217199983062814e-05
-4.467545972234321506e-07,-1.523931807498430233e-05
1.509373533798607571e-06,-7.026418044889155042e-06
-4.265195424389626123e-07,-1.589672659480205412e-05
-7.375921905803270272e-07,-6.337463459216565572e-06
-2.414915765242720750e-07,-4.428883248527180886e-06
7.619518745492574414e-06,-3.026926878861770374e-05
6.607003033000297209e-06,-2.660374285435320485e-05
-1.833274827708436060e-06,-2.975812605623965381e-05
4.645750012316045029e-07,-3.178705647363985726e-05
1.528723798076121799e-06,-3.731704786254816213e-05
3.366540888381315982e-06,-3.323329827629317593e-05
4.789828665508759730e-06,-3.808164810325756098e-05
6.445840240418802356e-06,-3.436422877765713587e-05
4.902124645230533966e-06,-3.003313288777989038e-05
7.844700782044476131e-06,-3.104381200020304597e-05
6.282913037428584466e-06,-2.751767351510126929e-05
8.141859804321827852e-06,-3.923570934077627505e-05
6.017055756468617139e-06,-4.364906693344482489e-05
9.836669085698753655e-06,-4.430730302591225235e-05
8.131037778751531024e-06,-4.926595190439507374e-05
8.938031637674544118e-06,-2.830195497167943102e-05
7.401162509314869910e-06,-2.551821636657886758e-05
1.150561567546234934e-05,-3.999044763828184452e-05
1.182720522363944722e-05,-4.953947900036252824e-05
9.783343351091520449e-06,-5.468062179659373818e-05
6.277392184502981557e-06,-5.421183084286143567e-05
7.442820915254345229e-06,-6.018615081274422657e-05
1.371749709893494799e-05,-5.471718840597191309e-05
3.761750506974372870e-06,-2.663325598346640569e-05
1.076940230615583656e-05,-3.193743252581620468e-05
9.631430305946949742e-06,-2.620947465009164696e-05
8.155344344263868131e-06,-2.401813259620658004e-05
6.251706588548856570e-06,-2.343632454543799986e-05
7.088522204998692135e-06,-2.250271061441866329e-05
5.504287542151375681e-06,-2.192442892365315525e-05
6.424206292168812608e-06,-2.156659363079076061e-05
7.532842096021871588e-06,-2.213213543332590813e-05
6.967529529010623978e-06,-2.179826738898961571e-05
7.514217106626766258e-06,-2.230681080544241182e-05
5.087728046181021843e-06,-2.086982455299879561e-05
7.062018835494269274e-06,-2.255937934998186609e-05
1.001883445290222280e-05,-2.458090747154269241e-05
6.775040403603844345e-06,-2.205150288975156928e-05
7.087914179614906338e-06,-2.299842249499375215e-05
5.545403114924175155e-06,-4.934371816081105746e-05
5.329771840915681272e-06,-5.571120096061653115e-05
-2.077311981221231186e-06,-6.685200894521518214e-06
-1.041093776015050663e-06,-5.253664865685265868e-06
-2.418896840750891544e-06,-2.081606911382082208e-05
-1.443654496166237777e-06,-2.130989686982667818e-05
-2.781846614613587694e-07,-2.385696225665519599e-05
1.274003501362942600e-07,-2.139000871832970148e-05
1.669369592306682335e-06,-2.343422943144197053e-05
1.901865126111604926e-06,-2.121225005455227612e-05
4.425335821893487127e-07,-1.960435941377328679e-05
1.990324954809824400e-06,-1.954271961004054565e-05
6.828210191083328270e-07,-1.833078011583005743e-05
1.969737083539571331e-06,-1.836248210694131115e-05
7.893744039120519549e-07,-1.742869315394285327e-05
3.704554246985067884e-06,-2.306502018552104732e-05
3.566508611299265286e-06,-2.582527438576892172e-05
1.838975145615939527e-06,-1.755439247465573609e-05
7.781171244236107906e-07,-1.683497190226309150e-05
-1.391072886503555385e-07,-1.659594987186983249e-05
-1.121847910149769367e-07,-1.617498624061146736e-05
7.012699797411774486e-07,-1.650049262126432854e-05
-8.924772772080823031e-07,-1.575921411614972302e-05
-9.911020563693410878e-08,-1.603444808747434756e-05
5.978822618706362088e-07,-1.637670866342034860e-05
1.442438708726623789e-06,-1.675923525631206428e-05
-2.218834837578408194e-06,-1.904255265770872529e-05
-6.183826475035757274e-07,-1.823947830707749738e-05
3.257188030294935932e-06,-1.939293026641177465e-05
-1.319222043389651490e-06,-1.615067213444455014e-05
-1.778973800734864260e-06,-1.486747568821620036e-05
-9.049512592001478781e-07,-1.562635036565682858e-05
3.500706196690511241e-06,-1.941083523240067331e-05
-2.075041965263542985e-06,-1.446101043723743156e-05
-1.241770106278500935e-06,-1.536697191970843283e-05
2.716836629434484036e-06,-3.763864009091673389e-05
3.870760852860992196e-06,-3.245286075953948484e-05
6.221722286256688918e-06,-3.910675715364804163e-05
-6.997363619556737363e-07,-2.593716871236119903e-05
-7.131540065764067973e-06,-8.481238333507097528e-05
5.079104526208456614e-07,-1.598895641511597544e-05
3.761921740970641860e-07,-1.626104107233154283e-05
5.581444213828292997e-06,-3.059708714237703282e-05
-4.849182435801088194e-06,-3.555087934305331874e-05
6.782307523626697367e-06,-2.364407227273477284e-05
2.009118294229135580e-06,-2.889184813390436701e-05
-4.103422464799206639e-07,-6.151021660416640543e-06
-1.132716333199997006e-06,-8.806152242672006126e-06
1.264602176050756954e-06,-1.664785157093608297e-05
5.415936840789067215e-07,-1.638091304692149841e-05
2.013279281037141520e-06,-1.694605570074105735e-05
3.084995316497717889e-06,-5.728527836522286494e-05
3.797181367686899358e-06,-7.230283395048176410e-05
7.816134776924239528e-06,-2.276105626484335452e-05
-1.048067230886044583e-07,-2.201365010851542685e-06
8.661759374440912643e-09,-2.117847186242697530e-06
-5.510336525736801729e-08,-1.761360000085828092e-06
1.992356720888606179e-08,-1.680858198483091536e-06
-6.310794957267651262e-08,-1.386782399241863271e-06
9.389317744467587869e-09,-1.303357468343741818e-06
8.195518395862602792e-08,-1.622823538215525831e-06
-1.874253966716672226e-07,-2.880422648811241548e-06
-1.036957062718390281e-08,-2.737255580770114568e-06
-9.319694009844778542e-08,-2.236544645097296719e-06
1.931699454814057833e-08,-2.106508989491348956e-06
-9.189508284034888751e-08,-1.712263678881963377e-06
1.017693941481759033e-08,-1.585539231162468554e-06
1.069119761655411715e-07,-2.058954646635315490e-06
5.918684340147291536e-06,-2.514822068145420702e-05
4.111138585076506565e-06,-2.272075871679802951e-05
7.153018829541325592e-06,-2.341865351953163047e-05
3.827935712559720715e-07,-1.135363222766686681e-04
1.182316488493905951e-06,-1.129480277438442128e-04
2.322858010649673599e-06,-1.109287796768137178e-04
-1.177386158146423114e-06,-6.807199563461309414e-06
-5.396660868453818724e-07,-5.805109293460637960e-06
-2.147947398321423590e-06,-8.952391541887806315e-06
-1.362090685827274249e-06,-7.827880620478651171e-06
6.812821641146571705e-06,-3.697770406567554759e-05
-5.980697804132297918e-07,-2.775490746056644351e-05
-4.742698945117565647e-07,-1.361290093986941309e-05
5.574577264380932356e-08,-1.119720463565987435e-05
1.202353865736820448e-05,-2.931554339161542228e-05
-1.077743325349437466e-07,-1.043213385042735121e-06
-1.577098198785576401e-07,-1.305788732038563770e-06
-6.427044875978909929e-08,-1.054277973828118748e-06
7.040517293883862088e-09,-9.451726477860706684e-07
-8.511708496010931198e-08,-1.266331941196832654e-06
8.487192435676935375e-09,-1.119461679561850767e-06
-5.254866448468463135e-07,-9.192405514611037454e-06
9.917592588993213397e-07,-5.992898494258282030e-06
8.539420676963484699e-06,-2.306727211830306084e-05
9.771374742119813886e-06,-2.353946003980904870e-05
8.406694254120550608e-06,-2.263510313041584114e-05
-2.022678793543913386e-07,-7.937347619698309478e-06
-7.250064143892167414e-07,-6.623453980478130318e-06
-1.901894108836655277e-06,-1.203204934527732951e-05
-2.095375444150392556e-06,-9.778955345098476050e-06
9.295968424425026561e-07,-7.162497794573382387e-05
5.299704234665050627e-06,-7.368635302749856333e-05
5.820369513232342883e-06,-7.969707311814422238e-05
9.524498155300065033e-06,-7.552945491851229920e-05
9.945316919373777383e-06,-8.096547817150234793e-05
9.230335471953508359e-06,-7.003236721094171764e-05
1.337845825401884932e-05,-7.153042533389476060e-05
1.265704582819166399e-05,-6.634384600494235506e-05
6.492201950565640925e-06,-8.489775383977365497e-05
1.044214817632945664e-05,-8.595542450663088297e-05
4.991757693262488689e-06,-6.694767627965051988e-05
5.175395883016961440e-08,-5.933354455390954957e-05
-1.732474473871148056e-07,-1.370959605902670461e-05
1.156768270234607770e-06,-1.660802853903479054e-05
3.480722172935963724e-06,-2.094616482937293133e-05
7.344344142292228447e-06,-8.989201377235642350e-05
5.227393031329835419e-06,-9.360012358606284986e-05
8.444771613380721261e-06,-9.326539489949672477e-05
5.907282665823284129e-06,-9.699020283385556486e-05
-5.913617961190165724e-07,-4.324014532192682766e-05
1.098263634982158144e-06,-1.096522966684130478e-04
2.878656866653267474e-06,-1.081112686757765686e-04
3.180009594074974607e-06,-1.056742655123075932e-04
1.400920219103530143e-05,-8.229219522869852740e-05
1.150439356841638603e-05,-8.984450986380516327e-05
6.374708980215373477e-06,-5.757096629467472082e-05
-8.563300641904202721e-08,-8.398162621290690855e-07
-6.966494587622766605e-08,-7.174454210222434243e-07
-9.279421351003252014e-08,-4.023855966224875348e-07
-1.116439995328265917e-07,-4.642849767117032579e-07
-2.063089374528364315e-06,-2.209651351580442646e-05
-7.874301954484815224e-07,-8.034333696040930894e-06
-4.700282282127020550e-07,-1.218800135027514770e-05
1.338971269196155972e-05,-4.479115467847887938e-05
1.507837330240816257e-05,-4.042289073454631608e-05
1.265313014359116780e-05,-3.599725093975895008e-05
9.535166592802510072e-06,-3.525339564940795995e-05
2.051430424022535096e-06,-1.026857073581220650e-04
4.988909489991943988e-06,-1.005500209161385361e-04
4.779538519815575212e-06,-1.029640441632686084e-04
8.427007538820539432e-06,-9.862788990715533365e-05
7.327556596002975247e-06,-1.013001072793721219e-04
6.724235141510888162e-06,-1.035425814663607164e-04
3.231949456910370436e-06,-1.842456770228250381e-05
2.787093692699646200e-06,-4.642423601675417646e-05
-4.454917515961315178e-07,-5.526162725099465297e-06
-1.353421223794740145e-06,-8.037109657067102242e-06
1.049982822574765061e-06,-1.041296102513155773e-04
-1.412404828430025881e-06,-1.045339176788314539e-05
-1.984365965170870793e-06,-2.860789039022275634e-05
-3.416335494091150927e-06,-3.414439149674425403e-05
1.666026167810389502e-05,-6.756260929776900534e-05
1.646933049187467860e-06,-1.703530932415674146e-05
-2.683416625887889650e-06,-1.743633012719487851e-05
1.401789189414193106e-06,-5.291798720114878321e-06
8.948902704391771218e-08,-1.200163053515803551e-06
6.922894351572218641e-08,-1.001957200373105798e-06
4.715574366783388355e-06,-1.069105700623839534e-04
-1.599856649288160504e-06,-7.119030167671828882e-05
-4.667146799746022364e-06,-9.773848702319682790e-05
5.609859154926727018e-06,-2.278547434085167160e-05
1.877720994297094862e-06,-8.422270957358022594e-05
-2.144553032280776873e-07,-1.600917111668653017e-05
8.882446216804018984e-08,-2.021199918423882114e-06
1.020276145141694285e-07,-2.647552192394246904e-06
1.199977277502354233e-05,-6.061746323157724150e-05
1.645466789377701602e-05,-5.927550400220051995e-05
1.812310946963998983e-05,-5.481019184781601349e-05
1.578060993111146093e-05,-5.005007440292066353e-05
4.347001533258057908e-07,-1.007905693838413881e-05
-5.030427041616720123e-07,-7.651491771724249673e-05
-3.248263872595241936e-06,-1.164112885689136043e-04
-4.016580679827897321e-06,-1.122803507494040922e-04
6.384077439823880575e-06,-5.446313322076597207e-05
-3.494347607530294454e-06,-5.257802685050593975e-05
2.661477775106560671e-07,-1.248562168446431381e-04
-1.779274629552240739e-06,-1.249844598124912455e-04
-1.330311953930596608e-06,-7.508363290970486903e-05
-2.558353567104311847e-06,-6.667401258734120925e-05
3.964086563651849817e-06,-5.177001055934196894e-05
3.758427166610338863e-06,-4.244905797629984023e-05
-2.478677776048661662e-07,-1.430122580223947630e-05
1.791738278756693450e-05,-3.862908410775399746e-05
1.543419980886057331e-05,-3.150069835074978674e-05
1.876508193217495658e-05,-4.285436470178363824e-05
3.860780670159752876e-06,-1.822603349309659978e-05
2.706021839514100435e-06,-1.761319546828772381e-05
7.019270735318847031e-06,-2.345386292864317437e-05
5.415174957043861853e-06,-2.009262420471076381e-05
3.075975608078969724e-07,-1.881547294093745899e-05
-5.562407849192213252e-07,-1.096637889680666700e-05
-2.188724024025294111e-07,-9.363794930132988471e-06
2.315276279313289660e-06,-1.717855094926733206e-05
6.847493027424628088e-06,-2.342554710334530387e-05
4.874802778409894511e-06,-2.600585131128406308e-05
1.452938051279715435e-06,-1.617339912535338566e-05
3.530051749167560560e-06,-3.040974966979466943e-05
1.843218932469107568e-05,-7.260552364448421940e-05
1.005088919092264477e-05,-3.961448353865824131e-05
9.057786686880584030e-06,-3.146500859971285174e-05
6.255654931637763481e-06,-2.996947710273675699e-05
-4.564595444030856015e-06,-2.213180078816003111e-05
-6.581477980343895126e-06,-4.746602627348905646e-05
-5.672143979519612205e-06,-2.851365221304975179e-05
-4.428357640619213588e-06,-1.005271728307796136e-05
-2.397660554859616669e-06,-6.931675793376401769e-06
-1.909729524273663278e-06,-1.216750153700168807e-05
9.308132827526353521e-06,-1.019269215046299942e-04
1.184525494808167468e-05,-9.686789299549705310e-05
6.558713029521318419e-06,-5.809635395569703517e-05
-9.334497723850446119e-07,-1.560571497630474429e-05
5.864031889926342386e-06,-4.466775952338011379e-05
5.641525848455586689e-06,-2.674610024016030993e-05
-8.397934473242670174e-07,-1.558793154958580996e-05
-5.388512255731467837e-07,-1.341296807986878061e-05
8.656022532030761910e-07,-2.592119333692314952e-05
6.108048268522830215e-06,-2.117920260397442145e-05
5.301886026222882884e-07,-2.378413951778003089e-05
3.695623916410929318e-06,-1.110948230607391828e-04
5.960550449329656205e-06,-1.076507149557067399e-04
1.153423157008176959e-05,-2.488221518349732956e-05
1.416508237911911808e-05,-2.873847571417784643e-05
8.999465771683166386e-06,-4.870617888739294009e-05
4.846177986029635832e-06,-1.872771544738375599e-05
1.314081885682676666e-06,-1.776645742688822289e-05
3.509189961164871267e-06,-1.985788837531101095e-05
-7.131670039370837268e-07,-1.358905967283287424e-05
3.570017881991742257e-06,-3.676973192164229210e-05
4.565288411228347098e-06,-9.339912419146726840e-05
-1.618384656190463900e-06,-1.447764321601675193e-05
1.536210324143141766e-06,-1.424484294167844141e-05
1.615621864890009013e-06,-1.670629650865749669e-05
-2.581687822274391524e-06,-1.338490813913246615e-05
1.366155127362542070e-05,-7.680657458402987412e-05
1.265142034236591315e-06,-4.030102736142150444e-05
7.108789346183960913e-08,-3.355961936797958953e-07
8.377261596563688097e-08,-3.835312810559304675e-07
-2.062792345574295585e-06,-1.597861664959332491e-05
4.187977813211534043e-06,-5.233355438271899350e-05
1.380250216864580229e-05,-3.317943957669637449e-05
3.654507737491827479e-06,-6.021023993094978371e-05
9.158687766327484073e-06,-6.472997123744422560e-05
-1.036951669838818101e-06,-1.949535353060180540e-05
2.128049748526507461e-06,-2.874054900041294998e-05
-1.685016209309724369e-06,-6.208127956854708007e-06
-1.354258430169559135e-06,-4.678310429507323809e-06
6.144443386026802275e-06,-2.502026101877493077e-05
-9.494515868326928956e-07,-3.378035402523509542e-06
4.054335294581249045e-06,-1.089212260700729091e-04
-2.150245359401424664e-06,-6.011987279372378714e-05
-4.626187800176406961e-06,-7.658891778018200457e-05
1.122662460226890876e-07,-1.868251696028676593e-06
7.602120880262765831e-08,-2.837587644681940102e-06
1.098213516885902635e-07,-2.613118143395084413e-06
1.529335706653067070e-08,-3.917596354823997559e-06
6.921396564710632004e-06,-3.312818200579702892e-05
-7.169883315493614265e-07,-1.502938080006072238e-05
-3.597130773884492843e-07,-2.359470796407204280e-06
-1.925806151121586787e-07,-1.750456497188786562e-06
5.850072448783189651e-06,-7.749687388273409792e-05
1.072406547241193082e-06,-3.308741021587081730e-05
5.082362329838079671e-06,-2.479687214811664988e-05
6.485866216407098937e-07,-2.839451298416163621e-06
-1.761163526641180444e-06,-1.794472472689201338e-05
1.288007303019545194e-06,-3.526893858583015759e-06
-2.788195047832841412e-07,-4.475652101898478317e-06
-3.698574620232338585e-07,-1.725510745147407608e-05
-2.159991857942436035e-06,-5.361329344427726945e-05
-4.293901848125864453e-06,-6.694275819898590555e-05
8.341526220708192729e-06,-5.489701417420265062e-05
3.551427046719209809e-06,-2.108550582138404454e-05
-8.259132590108752200e-08,-3.851933252634181026e-07
-7.013561690791505187e-08,-3.360002170904683969e-07
-2.645341014196716329e-07,-1.862714623739157977e-06
-1.528617014607251585e-07,-1.398374147027931073e-06
-1.194228067638980053e-06,-1.505341418499382920e-05
-2.375911293519316088e-06,-4.607152715504761388e-05
-4.375939071865399016e-06,-5.660403380964014155e-05
-8.612978351401940092e-08,-7.760476942056132943e-07
-1.185007906912501178e-07,-9.436842345999485099e-07
9.878709066639046999e-06,-9.555263610386265387e-05
8.656041971394021624e-06,-1.036295512442211343e-04
-2.288056023671766572e-06,-3.742445325443860614e-05
-1.358428597132721236e-06,-1.323506263444353812e-05
-4.015689430570510073e-06,-4.522748252757749103e-05
3.799655169341484850e-06,-1.070286955146325332e-04
1.835899857103992650e-06,-4.858940915663900837e-05
3.118665033735434234e-06,-5.290249797701533912e-05
2.590863048282537838e-06,-1.167716052878992403e-04
1.789122292508653157e-06,-5.663329179607706543e-05
1.459594388138554539e-05,-9.033331587283188247e-05
4.845305267533284907e-06,-2.037306005052607474e-05
1.464992541989473816e-07,-1.481355991890570693e-06
1.078154486685787226e-07,-1.149613400436108129e-06
1.552764747428834467e-06,-6.378646341042204428e-05
1.316709223808593669e-06,-1.231516021902970585e-04
3.951694824026230565e-06,-2.473956727709103576e-05
3.948928660902594703e-06,-2.940709558685659418e-05
4.256822893757015457e-07,-9.071936657775343262e-06
9.902846734038947252e-08,-1.600567415740136368e-06
7.458247397104126500e-08,-1.299867939366933714e-06
3.113162164025100789e-08,-1.261641624665919988e-04
1.175158824163983585e-06,-6.965144782913832984e-05
7.852062986608869253e-06,-2.512910192494411423e-05
-1.430569703729846587e-06,-6.896302956428994733e-06
-1.521486268640538295e-06,-1.946457683478554639e-05
-2.615868398783255333e-06,-2.314206484231590014e-05
6.628850803409083367e-07,-7.389069435618414829e-05
-1.232625017699243562e-06,-1.258961538770873032e-04
9.986429645606214147e-08,-6.416143092812521548e-07
7.864054184252988038e-08,-5.459526434263380401e-07
6.548342901655130096e-08,-7.622496370102069794e-05
-2.346909178429999213e-06,-1.224745150707459490e-04
-4.250968753246311951e-08,-6.773414035767418210e-06
2.688594699767167814e-07,-5.173605709850211188e-06
4.147239106337296200e-06,-1.092617893341679634e-05
3.966324446755988331e-06,-1.340444075933248339e-05
2.984053749391182774e-07,-7.597154954600129689e-05
1.991532695505228500e-06,-1.129192098678144729e-04
2.574107053341564887e-06,-4.449556955422068763e-05
1.169848449538201448e-05,-2.678218179609309106e-05
-4.052414285619865899e-06,-1.078839118598311973e-04
-1.081423751966215148e-06,-7.478459006405750514e-05
1.682326114298123664e-06,-6.922065253084395216e-05
2.741016102125014715e-06,-9.327826640391784360e-05
9.332539198975214818e-08,-8.081546234558487618e-07
7.605672212333342485e-08,-6.922091197775914487e-07
-1.971715978896219566e-06,-6.610309884433012806e-05
-4.870622134744748252e-06,-8.686228531873297785e-05
8.816879829806564853e-08,-8.960681517533140116e-07
1.210807488860560296e-07,-1.115937835752802762e-06
-2.445524513654442229e-06,-1.760777719957211759e-05
2.706078016175464250e-06,-1.725679221114364187e-05
7.923522675213099742e-06,-2.315579936469393523e-05
1.598519313838726829e-06,-1.024259325637915490e-05
-1.567680651771447537e-07,-4.104431997384884954e-06
-5.277105784689443171e-07,-5.743521263247533406e-06
9.864120401411172159e-07,-1.131034682124564678e-04
-1.819590730967986239e-06,-1.515317259503874396e-05
7.155130479816100606e-06,-4.576573852434150759e-05
1.058817713579285955e-05,-2.392371972541098085e-05
2.691722146423596592e-06,-2.404231219527120603e-05
6.577936918000332496e-06,-5.762258639366319167e-05
-2.448328570670149775e-05,-8.696765248043624016e-05
1.746268230656087693e-05,-8.191206767884002832e-05
-1.202839729509812531e-05,-3.574921082580012898e-05
-8.799237844837243389e-07,-6.818085965849452718e-06
-2.680051737524180855e-07,-4.799105856262577243e-06
-1.319448738090556929e-06,-1.715875716685149574e-05
-2.844230649864905684e-07,-5.083044446676492976e-06
-5.562256377980697716e-08,-3.632498179593910082e-06
7.468194941110113532e-06,-2.326138587417691720e-05
1.212595656718819222e-06,-2.586685940347634407e-05
4.656664151467789939e-06,-2.051432142947264857e-05
-1.001104219639833008e-06,-7.166753001008565001e-06
-1.606129908640452868e-06,-9.817060020642089747e-06
1.040113393383378534e-06,-1.651609479854479985e-05
-1.766375636903502163e-06,-8.881098472148822782e-06
6.401181226213986029e-06,-5.046151908900754676e-05
2.020929711884167178e-05,-5.847198384567610759e-05
1.999931867609530612e-06,-1.985001327435685517e-05
5.022550115110771136e-06,-1.049836067347088554e-04
-1.401451286060904156e-06,-1.514754996761178301e-05
-2.764758987212969250e-05,-9.021532244083919547e-05
4.092406548389083334e-06,-2.862191885844296598e-05
1.999194684017900395e-06,-9.635148700618863119e-05
1.263707482250768956e-05,-7.184157280181514046e-05
1.008023686208943456e-05,-5.674373500460134649e-05
1.994639397947191214e-05,-5.143714570021152129e-05
6.571640082861220989e-06,-5.762751780915603597e-05
-2.995612849381899290e-06,-1.115052476121939397e-05
3.436598201158312563e-06,-1.105624524823653541e-04
-4.295510238474477653e-07,-5.748762484591035648e-06
-1.316466602627686345e-06,-8.260484020255862389e-06
5.472357037108736173e-07,-1.509782373515388208e-05
-2.867381826918866421e-07,-1.608248694434823964e-05
5.381219207829530006e-06,-3.386116509234650456e-05
-4.810080448436601571e-07,-1.239680744573434945e-06
-2.132162974875980977e-06,-1.484307414919015673e-05
1.592073643035116218e-05,-6.385256041148822267e-05
-1.400217876334402465e-06,-4.250670581716491328e-06
-8.365828085543456482e-07,-3.362767679409382015e-06
-1.997836215049580580e-06,-1.144676128550814215e-05
1.645225963332532123e-05,-4.502831286866437640e-05
1.109876688953051283e-05,-5.636698725011135536e-05
1.665677557351457292e-08,-3.431900152282797026e-06
5.347093367819542298e-08,-2.550125705506989363e-06
6.880857839484171712e-08,-1.708867413892115337e-07
7.948836260180489808e-08,-1.928883492005528861e-07
-8.659255013161903160e-07,-7.217453545475041780e-06
-1.775350223834551322e-07,-5.221892895179225490e-06
6.751784418414030027e-06,-5.629794771197301227e-05
6.471242635619828799e-06,-2.200413579952528907e-05
6.240454693939119493e-06,-2.824063166064434002e-05
-7.371224952196938472e-08,-1.862149002623829986e-07
-8.548245166721786366e-08,-2.114232336850262476e-07
2.399306504784314743e-06,-1.119453823226210850e-04
5.403292434330936494e-06,-4.837207517809255541e-05
1.125048760380806788e-05,-9.279466017329781647e-05
-5.578767698290272857e-08,-1.616233948271490777e-05
9.859277526198314756e-06,-7.107948566877590876e-05
1.526438152380598818e-05,-3.641144674852075312e-05
-2.847643636220377176e-06,-4.888680683900014654e-06
-6.910714738719855882e-07,-1.567737313701896622e-05
2.350267752054835311e-06,-1.705424070256733395e-05
6.496243733436803758e-06,-2.382509300496188934e-05
4.528328077537972552e-07,-1.636314987998443299e-05
-1.156680478818631925e-05,-3.531192862924584138e-05
-2.046698115883204081e-06,-1.550627758465580264e-05
6.820764276605555281e-06,-2.484572183078242273e-05
-1.531194766312932212e-07,-2.136422224448829348e-06
-2.789351413390694969e-07,-2.836804408071333720e-06
7.574605937593471849e-07,-1.228690095763587443e-06
-2.646490248203692342e-07,-5.344897968542960505e-06
4.355933987518116633e-07,-3.627851313811639592e-06
-6.710226871063728747e-07,-1.051283132993564572e-06
2.033986671508443005e-05,-6.763893719459451856e-05
5.472691999373066785e-06,-3.549624789398591744e-05
6.338370914666762636e-06,-5.398436838862319208e-05
7.612030157004994262e-06,-4.251383720419734356e-05
4.640754681574241786e-07,-9.402869362244522568e-07
5.548992346902389641e-06,-2.728902709290644931e-05
6.762210918515673058e-06,-5.183305178130965792e-05
3.094663198162163087e-06,-1.040590816088805565e-04
7.800915376681341455e-08,-1.174906175348617187e-05
5.470888960993026886e-06,-5.696543690995708038e-05
1.070250375536508156e-06,-1.128085799045319817e-04
-9.066926076561924093e-07,-7.808542668047458466e-06
-2.365196806423971632e-06,-1.132847849135952488e-05
-1.884710512780634191e-06,-9.191241830032611292e-06
-7.628683032498248897e-07,-6.370539418322265418e-06
5.654850692492852180e-06,-4.041941344484402144e-05
-1.061061941002278333e-07,-1.422753164216027171e-06
-1.675950203710263772e-07,-1.822093953756812793e-06
1.149581360669941514e-05,-2.560618026097542251e-05
7.191079744882678489e-06,-2.807711948179147089e-05
9.713810490602451129e-07,-1.633854982692060416e-05
-6.917458308950063501e-07,-1.239090054301314445e-05
4.226770475977344379e-06,-1.937213099278987789e-05
2.951630306898673865e-06,-4.138437521548364492e-05
1.571796801386621911e-06,-2.580396330748618142e-05
