Size 979,2
0.000000000000000000e+00,0.000000000000000000e+00
0.000000000000000000e+00,0.000000000000000000e+00
0.000000000000000000e+00,0.000000000000000000e+00
0.000000000000000000e+00,0.000000000000000000e+00
0.000000000000000000e+00,0.000000000000000000e+00
0.000000000000000000e+00,0.000000000000000000e+00
0.000000000000000000e+00,0.000000000000000000e+00
0.000000000000000000e+00,0.000000000000000000e+00
0.000000000000000000e+00,0.000000000000000000e+00
0.000000000000000000e+00,0.000000000000000000e+00
0.000000000000000000e+00,0.000000000000000000e+00
-1.126220033299303800e-06,-1.548786083362421086e-05
-1.099850073271061441e-06,-1.535821427157360602e-05
0.000000000000000000e+00,0.000000000000000000e+00
0.000000000000000000e+00,0.000000000000000000e+00
0.000000000000000000e+00,-1.127829578595395207e-04
0.000000000000000000e+00,-1.140258366220955693e-04
-1.033847617486589083e-06,-1.075608506082910312e-04
-1.920147521205094158e-05,-7.762589410243767962e-05
0.000000000000000000e+00,0.000000000000000000e+00
-1.464682781971358365e-06,-8.354831831587330093e-06
-3.506369003186120780e-07,-1.076002873440452488e-05
-2.693693978209452302e-06,-1.353623050115865064e-05
-2.707254429359596057e-06,-1.658435605325791785e-05
-1.375261087108135581e-06,-1.176559139013583355e-05
-2.175233643818841689e-06,-1.532939970325762212e-05
2.769962824045415243e-07,-1.849557795451216172e-05
-1.997331834765432322e-06,-2.222231451923123118e-05
-1.984217170138692136e-06,-6.870926222514123777e-06
-2.044317200582735148e-06,-1.485285817700626713e-05
-1.000811011819252848e-06,-1.581373621268651296e-05
1.949252736501849008e-06,-5.012097073367826299e-05
2.258372193302852058e-06,-7.777630871707886338e-06
8.249088837510480063e-06,-5.394707199638450488e-05
-3.616325133885252355e-06,-8.579654916638023048e-06
8.609831645821632595e-06,-3.059316178335253975e-05
-9.904523661256212178e-06,-3.251445828226751610e-05
-3.689682554844513490e-06,-6.703709945023152638e-05
8.540425830475375959e-07,-1.234184231843455980e-05
1.094436646773387040e-05,-6.831599072337914786e-05
-1.096934634728943946e-06,-1.036677482467188253e-04
-3.297326935633192014e-06,-6.936373043551165621e-05
-1.729958641544372910e-05,-9.396898509828642348e-05
1.070893803103369716e-05,-7.665968197815856903e-05
9.135785858670175856e-06,-3.196258950631063178e-05
3.263743842497739630e-06,-5.311436721700674835e-05
-9.890068795734759539e-06,-3.934013075448272750e-05
7.358825144048637802e-06,-6.026334673717445654e-05
-5.144925042788107050e-06,-1.068094664016370889e-05
-8.183890814801238572e-06,-1.847073877019328260e-05
-1.057859618635317733e-05,-2.798819251406478248e-05
-1.209717335969386187e-05,-3.873876942573197744e-05
-1.278217337329801167e-05,-5.001900223377537646e-05
-1.274065981608453619e-05,-6.088112067832992738e-05
-1.260496178638872766e-05,-7.109642483718048853e-05
-1.272905211547328290e-05,-8.116092573999719435e-05
-1.273685972228639474e-05,-9.157346594744975780e-05
-1.180919139360088174e-05,-1.021287644579575162e-04
-1.001998702758453939e-05,-1.114421943150824653e-04
-7.541293067297942629e-06,-1.188564281696137526e-04
-4.498459950442942314e-06,-1.238283580677855262e-04
-1.026023973339507360e-06,-1.259658363662312266e-04
2.724328706698272000e-06,-1.249783963287672852e-04
6.620292609350561247e-06,-1.206851590343563634e-04
1.053145623705995326e-05,-1.130309666584016875e-04
1.434788081463198098e-05,-1.020392713777424520e-04
1.790918124376582221e-05,-8.758761164597675983e-05
2.075870784294126732e-05,-6.954866237283274929e-05
2.140323429280139206e-05,-4.872120421021689565e-05
1.825665567779079853e-05,-2.765967789771475968e-05
1.064997334386779634e-05,-1.072440815458485667e-05
0.000000000000000000e+00,0.000000000000000000e+00
0.000000000000000000e+00,0.000000000000000000e+00
0.000000000000000000e+00,0.000000000000000000e+00
0.000000000000000000e+00,0.000000000000000000e+00
0.000000000000000000e+00,0.000000000000000000e+00
0.000000000000000000e+00,0.000000000000000000e+00
0.000000000000000000e+00,0.000000000000000000e+00
0.000000000000000000e+00,0.000000000000000000e+00
0.000000000000000000e+00,0.000000000000000000e+00
0.000000000000000000e+00,0.000000000000000000e+00
0.000000000000000000e+00,0.000000000000000000e+00
0.000000000000000000e+00,0.000000000000000000e+00
0.000000000000000000e+00,0.000000000000000000e+00
0.000000000000000000e+00,0.000000000000000000e+00
0.000000000000000000e+00,0.000000000000000000e+00
0.000000000000000000e+00,0.000000000000000000e+00
0.000000000000000000e+00,0.000000000000000000e+00
0.000000000000000000e+00,0.000000000000000000e+00
0.000000000000000000e+00,0.000000000000000000e+00
0.000000000000000000e+00,0.000000000000000000e+00
-4.065255050903325974e-06,-8.504194948524407125e-06
-6.373198674044190007e-06,-1.531575288530372404e-05
-7.977775772664665775e-06,-2.339480316708927323e-05
-8.773486910469348681e-06,-3.214334556790273724e-05
-8.837565112528124580e-06,-4.093062645050512041e-05
-8.293194927120895723e-06,-4.905568312988478304e-05
-7.514863271885772106e-06,-5.626235248590654266e-05
-6.658489620358042422e-06,-6.262538343575683693e-05
-5.583469935842202197e-06,-6.816967338965214895e-05
-4.046326210462734641e-06,-7.262301346478447581e-05
-2.192553328421172394e-06,-7.538410774444151061e-05
-1.742224581969921004e-07,-7.627113075034248056e-05
1.881850553607040376e-06,-7.517912291254199436e-05
3.838175183259756442e-06,-7.215299930497684434e-05
5.547411133665114062e-06,-6.733556617013393311e-05
6.871509179195141706e-06,-6.098282596735225288e-05
7.664212730007647484e-06,-5.348122356537806841e-05
7.753553650956178199e-06,-4.559198968252154734e-05
7.446138491338539299e-06,-3.782095220073115324e-05
7.014565555839860511e-06,-3.024900508698308890e-05
6.367525387091032640e-06,-2.275355524712672302e-05
5.093761479569876108e-06,-1.550256571854085846e-05
3.178748049743403412e-06,-9.026936424654050800e-06
0.000000000000000000e+00,0.000000000000000000e+00
0.000000000000000000e+00,0.000000000000000000e+00
0.000000000000000000e+00,0.000000000000000000e+00
0.000000000000000000e+00,0.000000000000000000e+00
0.000000000000000000e+00,0.000000000000000000e+00
0.000000000000000000e+00,0.000000000000000000e+00
0.000000000000000000e+00,0.000000000000000000e+00
0.000000000000000000e+00,0.000000000000000000e+00
0.000000000000000000e+00,0.000000000000000000e+00
0.000000000000000000e+00,0.000000000000000000e+00
0.000000000000000000e+00,0.000000000000000000e+00
0.000000000000000000e+00,0.000000000000000000e+00
0.000000000000000000e+00,0.000000000000000000e+00
0.000000000000000000e+00,0.000000000000000000e+00
0.000000000000000000e+00,0.000000000000000000e+00
0.000000000000000000e+00,0.000000000000000000e+00
0.000000000000000000e+00,0.000000000000000000e+00
0.000000000000000000e+00,0.000000000000000000e+00
0.000000000000000000e+00,0.000000000000000000e+00
0.000000000000000000e+00,0.000000000000000000e+00
-2.175215412210496951e-06,-2.225554251397402536e-06
-3.221015810321158598e-06,-5.187260129606977855e-06
-3.551307162872751544e-06,-8.490002488399785735e-06
-3.306556955046756697e-06,-1.152807880255332658e-05
-2.620471735804765797e-06,-1.388491111412264456e-05
-1.631148514122977485e-06,-1.520820468419736035e-05
-5.691593378911106091e-07,-1.535760863327277723e-05
4.344871886725711975e-07,-1.435319754315035189e-05
1.183839345637534275e-06,-1.230387836981161579e-05
1.455077140287390158e-06,-9.503264865410605207e-06
1.228699727298287046e-06,-6.264623143823824995e-06
0.000000000000000000e+00,0.000000000000000000e+00
0.000000000000000000e+00,0.000000000000000000e+00
2.633299763255013499e-07,-1.481662153863254275e-05
1.428136415566996861e-06,-1.318705276316168947e-05
2.278581218129334662e-06,-1.075080795341658689e-05
2.689847028755228533e-06,-7.792279978859016688e-06
2.570753027204408092e-06,-4.711698471728329952e-06
1.788077134540884258e-06,-1.994651885619282721e-06
-1.149878761437687470e-06,-1.558285588098919341e-05
-1.564998237490114765e-06,-1.569932631585853019e-05
-1.905512725442102818e-06,-1.572069496197692114e-05
-2.101916784042491035e-06,-1.564343209650397907e-05
-2.063816069405684519e-06,-1.552311748085263900e-05
-1.699986518144550023e-06,-1.371942401859762492e-05
-2.232568952412610127e-06,-1.105510900726314476e-05
-2.477726278306879869e-06,-7.027416562614874332e-06
-1.927609749562467229e-06,-2.731568392568925281e-06
0.000000000000000000e+00,0.000000000000000000e+00
0.000000000000000000e+00,0.000000000000000000e+00
1.980515240037774857e-06,-1.124102265873461518e-04
3.818642716348518171e-06,-1.114976815122135315e-04
5.492810911285946079e-06,-1.101109801586284834e-04
6.944531209938895562e-06,-1.084071754888276464e-04
8.229088707925466000e-06,-1.065550321829960808e-04
9.436068416686621796e-06,-1.046033852702859038e-04
1.073786692605334171e-05,-1.026243730963429630e-04
1.214501984493915303e-05,-1.004540538104018105e-04
1.366846847763133217e-05,-9.797738543869059498e-05
1.527132728736502906e-05,-9.511165037699378802e-05
1.687982957733292691e-05,-9.181060152100577903e-05
1.841136172866584042e-05,-8.808764504109644938e-05
1.977766161219473843e-05,-8.399939579709324040e-05
2.101630118955901446e-05,-7.958946812562599075e-05
2.202460541985615239e-05,-7.497603030388886919e-05
2.283330684182664923e-05,-7.017756651453915329e-05
2.341294746977449394e-05,-6.520238350893414021e-05
2.371699124252492865e-05,-6.021623468300098606e-05
2.368094477170592024e-05,-5.516865674263602689e-05
2.336806259727060891e-05,-5.020467211564228513e-05
2.270048089879962252e-05,-4.548745278970060384e-05
2.169796953472207044e-05,-4.107006809703451979e-05
2.043317658750088718e-05,-3.708725131848761953e-05
1.895103132120779573e-05,-3.357519448430272948e-05
1.735963631066043708e-05,-3.059050969098457142e-05
1.568994353364287404e-05,-2.812700339278377212e-05
1.395004140064116719e-05,-2.618118628966003758e-05
1.223600426583072158e-05,-2.474171883709703381e-05
1.046229094992999545e-05,-2.380875659225945454e-05
8.798002365894463706e-06,-2.339545969979532191e-05
7.117972275828801183e-06,-2.353920741307255978e-05
5.606942081321224670e-06,-2.419692094370532582e-05
4.202780187568017794e-06,-2.538494605930431453e-05
3.001159760905451425e-06,-2.709332659274607188e-05
2.049840727530215395e-06,-2.923358130391615886e-05
1.205497817587906044e-06,-3.177642555914780517e-05
5.126202072233164284e-07,-3.480490318276500814e-05
9.444788627751705384e-08,-3.830712719200382089e-05
-1.740535981209814046e-09,-4.222800378776574474e-05
3.368916166189885764e-07,-4.631763364998236229e-05
1.123389630179753081e-06,-5.021045482948145283e-05
2.385461405430088538e-06,-5.352524446021067353e-05
3.881474957203517158e-06,-5.590864539097986299e-05
5.794647711034477979e-06,-5.713921514591609348e-05
7.688855294422755856e-06,-5.704766083910033114e-05
9.430551664879006712e-06,-5.567753922423740058e-05
1.093829935948110355e-05,-5.330610095177621592e-05
1.218387177761877275e-05,-5.007471866556462836e-05
1.303380440332995536e-05,-4.618159497874632191e-05
1.338765492868530020e-05,-4.186294131950574806e-05
1.318213430201431876e-05,-3.754833621413597970e-05
1.258262515447514568e-05,-3.359069571086026107e-05
1.165003249099208497e-05,-3.005679493507523251e-05
1.057153421295695785e-05,-2.707794117105341382e-05
9.389084728896143178e-06,-2.459718430245515884e-05
8.179784999416245036e-06,-2.260310780381466283e-05
7.049921669334811564e-06,-2.101057623012521393e-05
5.984968990381018117e-06,-1.976389752910514180e-05
5.023870533030536412e-06,-1.881519380562655805e-05
4.173895611541261075e-06,-1.811567997353146587e-05
3.433509540285298608e-06,-1.761366857797665129e-05
2.819395506332318194e-06,-1.726288044265524301e-05
2.353216930442015652e-06,-1.704174751250734585e-05
2.045573650745999570e-06,-1.686074303039123077e-05
1.918342928492642188e-06,-1.665763218655264924e-05
1.991839289278992154e-06,-1.633319510094376683e-05
2.243751564803609029e-06,-1.577191434846386456e-05
2.651852305672706436e-06,-1.478956349623257361e-05
3.120177063920195542e-06,-1.328223472212553285e-05
3.514126880564646608e-06,-1.114986581631565217e-05
3.665838895057054310e-06,-8.403396505244970619e-06
3.330958738754934199e-06,-5.357139208147384426e-06
2.281081282618154620e-06,-2.434453392521145558e-06
0.000000000000000000e+00,-1.132054043784303698e-04
0.000000000000000000e+00,-1.136761464297564772e-04
-4.754549604946634083e-07,-1.133445284107413554e-04
-9.083387337499989201e-07,-1.114049460273728052e-04
-2.551385826844192040e-05,-8.549942767657838546e-05
-2.658681611730336151e-05,-9.346888418615791798e-05
-2.096028045852523490e-05,-9.830639244190829244e-05
-1.380766675711656144e-05,-1.023429928919954320e-04
-6.355038553758839579e-06,-1.055936629161901392e-04
-9.809288204533819886e-06,-8.846707572983418254e-06
-1.636560433547800251e-05,-2.153643030201381360e-05
-2.006974252479759924e-05,-3.834221213731213137e-05
-2.113452667807079273e-05,-5.707102548655157930e-05
0.000000000000000000e+00,0.000000000000000000e+00
-4.852792488718635463e-07,-6.118926344474064686e-06
-1.167091062312164243e-06,-8.715421102863413842e-06
-3.161318893667579219e-06,-6.348927776611566537e-06
-3.846865766012883453e-06,-8.293210440793097522e-06
-3.764146553808812157e-06,-1.082889468727504990e-05
-3.136451669097243906e-06,-1.308683409048319799e-05
-2.692994694484514185e-06,-9.923915979804021057e-06
-3.322343726792617380e-06,-1.225448601942534643e-05
-2.738451464448576185e-06,-1.372034001253731158e-05
-2.055494940310750042e-06,-1.472188864105623982e-05
-1.399410102435494481e-06,-1.534285358294157586e-05
-9.929182112020958627e-07,-1.570154848099504521e-05
-1.831808615463347981e-06,-1.521120341228123806e-05
-2.048292221165375549e-06,-1.563119638352505249e-05
-1.943068424901956147e-06,-1.587404526168716368e-05
-1.695191267462044473e-06,-1.598691600609777473e-05
-1.363711965217186932e-06,-1.596770396991400014e-05
-1.780308566261651307e-07,-4.351842155479884608e-05
-1.436752837967871163e-06,-3.780908864476002670e-05
-2.153983542415320854e-06,-3.264132325769197797e-05
-2.571098687646257170e-06,-2.810391707082833624e-05
-2.573146683276636746e-06,-2.383504914440130816e-05
-2.276356210025280651e-06,-1.963568585836033718e-05
-7.873226074809669257e-07,-1.558598388607963098e-05
6.116910347918189843e-07,-1.144897190922659449e-05
1.182214815979727586e-06,-5.256523620887270179e-05
2.628197365053543242e-06,-5.441296555562484126e-05
5.332589321831420542e-06,-5.570381243489112291e-05
8.368410066651789402e-06,-5.647736375073724211e-05
1.070785749485619761e-05,-5.670069240145065095e-05
1.073885041536769110e-05,-5.560484750487263485e-05
9.568071587926068195e-06,-4.635348932393602015e-05
1.032582729237126279e-05,-3.829101972847756248e-05
1.048422253134270447e-05,-2.991858321011192187e-05
9.938641115384305814e-06,-2.168966096693998561e-05
8.475478149698851982e-06,-1.436565160473024292e-05
5.786124259487306079e-06,-8.671863934596031430e-06
-2.708785932475668727e-06,-1.208603935023307785e-05
-1.303877000269394087e-06,-1.522589810453648536e-05
1.425011563719026607e-06,-1.774063830004284932e-05
3.892442004951980015e-06,-2.018749120206622983e-05
6.272239809691442044e-06,-2.266178626560667810e-05
8.067098651005969568e-06,-2.585103791899291407e-05
-6.328525453122115424e-06,-8.839286812341173256e-06
-8.446726530456146140e-06,-1.301464304862997754e-05
-9.614471439710029038e-06,-1.889718314284406594e-05
-1.006919685076267131e-05,-2.540572969886983472e-05
-1.220005825502644370e-05,-3.506218605319797154e-05
-9.923806108530695250e-06,-3.663794307307155501e-05
-4.569812136457899912e-06,-3.643878226819563374e-05
1.507388776443865706e-06,-3.537602354330254931e-05
6.459756766394705968e-06,-3.343913407700733911e-05
-5.149233007755899569e-06,-5.796123286739921496e-05
-5.257596216688825934e-06,-5.025417041153620428e-05
-4.903579253124926312e-06,-4.297393049230238693e-05
-4.081556615930134375e-06,-3.562496317090592998e-05
-2.967661284493474339e-06,-2.791682613866075839e-05
-1.861096367919093335e-06,-1.984035562697258906e-05
1.535187699068523154e-07,-7.090945113367946677e-05
7.080310745327446115e-06,-7.279024072876476162e-05
1.202548683813785821e-05,-7.200137909358546588e-05
1.208646406758852486e-05,-5.729854299311909531e-05
1.249107231671263051e-05,-4.654933166173489805e-05
1.219963824902613287e-05,-3.592096117750132804e-05
1.111744043936014942e-05,-2.587794153623980512e-05
8.958205933098904942e-06,-1.732629503358073988e-05
5.325054416801154128e-06,-1.118441860910770963e-05
-2.791152849388014690e-07,-1.037751281836779885e-04
-3.775625697111430833e-07,-1.015097708300871854e-04
-8.532462177447908649e-07,-9.815935750083003926e-05
-1.541143593398940665e-06,-9.381682691104752711e-05
-2.253235947571296552e-06,-8.869601688315529372e-05
-2.924558656644262867e-06,-8.283857117629249704e-05
-3.363241881879489165e-06,-7.641840713988101231e-05
-7.860437851588940666e-06,-9.946045713024441069e-05
-1.532147647387466937e-05,-9.590179207300195672e-05
-2.238556942977483057e-05,-9.290156102363568023e-05
-2.727096229935449092e-05,-9.068455246433299011e-05
-2.687957525789446556e-05,-9.162374339480617593e-05
1.165048175079750329e-05,-7.096453270635472925e-05
5.636118693260173863e-06,-6.795880116513854628e-05
-1.634444276798797031e-06,-6.753410693996428360e-05
-1.383864091978958362e-05,-1.066382576188278319e-04
-1.016418157583497437e-05,-1.162224892399548495e-04
-6.435931575301762636e-06,-1.225678002839982979e-04
-2.758986605759376238e-06,-1.256752712060137881e-04
7.152067243898711450e-07,-1.256526729109145939e-04
3.923936228006808820e-06,-1.226948185311584766e-04
6.718970336702287225e-06,-1.170825088661221199e-04
8.881736391741508311e-06,-1.092614474554905705e-04
1.039349189547111255e-05,-9.973936346295153718e-05
1.108240814631446827e-05,-8.900928742127628781e-05
9.795004648364972257e-06,-3.673860605170505678e-05
9.814875700757218004e-06,-4.206860422849184361e-05
9.420539128508725773e-06,-4.775879086642571933e-05
8.680655049298088315e-06,-5.289666895970464349e-05
7.673960800706410045e-06,-5.650534267135015956e-05
6.457838070028965624e-06,-5.769337236819922077e-05
4.960467203552368733e-06,-5.650861205065275575e-05
8.263752260810068023e-06,-3.087424833194944858e-05
3.942176373692622949e-06,-3.063950809401492327e-05
-2.482439222804825213e-06,-3.122671829894672581e-05
-8.947388885319013257e-06,-3.257016678510010955e-05
-1.205006866538025277e-05,-3.550786110979799355e-05
1.075009267838948916e-05,-5.754266959087508889e-05
1.046445927956554920e-05,-5.527075059224102131e-05
7.652189426618085608e-06,-5.409811024117786320e-05
4.449771883127508862e-06,-5.324872676239892125e-05
1.800207386249376709e-06,-5.275785760988118534e-05
7.870127030227856783e-07,-5.266503828333269911e-05
-9.962115944746046406e-06,-4.832137424286855426e-05
-9.261094435474124549e-06,-5.624639872235947413e-05
-8.016366573547410075e-06,-6.325278381294911268e-05
-6.335044285253814204e-06,-6.900678042663132888e-05
-4.348845392953973499e-06,-7.319991159698435604e-05
-2.144135350396954422e-06,-7.561831979051180004e-05
1.514859246864737224e-07,-7.613579306585529843e-05
2.334550898440647323e-06,-7.477087012945028070e-05
4.372890714407569463e-06,-7.162735796719170661e-05
6.074777087087281080e-06,-6.685753793035661779e-05
1.694258066351383480e-05,-3.490724487717671243e-05
3.251910435538577002e-06,-1.763346967933109464e-05
9.199910064384082727e-06,-2.307789872637770086e-05
6.397311838040049933e-06,-2.160859117854333782e-05
1.316408257066554171e-05,-2.666325269289973880e-05
1.946136386797321972e-05,-4.754866334049855060e-05
-1.520091065229249626e-06,-3.668452913141816146e-05
-4.190359431623611540e-07,-3.167736551363116987e-06
-1.906756240259456702e-07,-2.365814503929489973e-06
1.946230520139061656e-05,-6.337877204933658646e-05
-1.352166382522728353e-06,-1.519151993109110658e-05
5.532019018881402042e-06,-2.092724414165117190e-05
-1.824405753572275221e-06,-2.412428520979268437e-05
-2.164436415123614760e-06,-1.625607359546910985e-05
-8.216714189931829836e-08,-3.760458270245769008e-06
4.062874470094603230e-08,-2.566217240851766968e-06
-7.079779302746918577e-07,-5.135792928238323173e-05
1.260709188646137415e-06,-2.157593305910079367e-05
1.771488309594068322e-05,-7.819426365721768497e-05
1.882600563568620855e-06,-1.684929492902277026e-05
8.145329286181796462e-06,-2.782024186550594694e-05
5.710970801289474673e-06,-2.444335169806586227e-05
1.633769650498964873e-07,-2.175393238853993645e-06
1.297841668466862057e-07,-1.624824782623463044e-06
1.042558563634594002e-07,-8.629185628675867563e-07
7.796802263813805319e-08,-7.140853586244413772e-07
1.246269534635808241e-07,-6.644818841066656948e-05
4.584365420419325379e-06,-1.900902547211214176e-05
1.534455237950370059e-05,-8.633182578878065587e-05
1.333618237082976078e-05,-9.396216687318851830e-05
1.048551513630191016e-05,-9.968051068084366286e-05
-1.295992373054087744e-07,-1.354629257623961585e-06
-2.123608544429696222e-07,-1.768216851687014553e-06
-8.460952843413258541e-08,-5.955441403033955358e-07
-1.083800139543129151e-07,-7.036177311362861964e-07
6.979663426187280208e-06,-1.055991979196766226e-04
1.518085448145778885e-06,-1.650917062998623553e-05
4.550628774717113001e-06,-2.802042583071302317e-05
4.919122438074269035e-06,-1.096018515459642724e-04
9.015588590547666972e-06,-3.562280395670176770e-05
1.457293515180568247e-06,-7.831427228527970056e-05
-6.036076289287441657e-07,-1.590835122630093293e-05
7.424902555152126169e-06,-2.585023294368695137e-05
5.167940011532504076e-07,-3.270865522105447523e-05
2.589123717421757474e-06,-9.069518095803723561e-05
-4.382524691703888364e-07,-5.064642431382504877e-06
-5.191270286987145493e-07,-5.525763413686424326e-06
-4.951549372178375500e-07,-4.379236916701334824e-06
-6.342006163023046947e-07,-5.920546843945135551e-06
-4.554969859852446806e-07,-4.810133242034619085e-06
-1.043405829282192819e-08,-3.880567223201009347e-06
-7.071944874922378639e-08,-4.061614430693295025e-06
-1.920973079092783593e-07,-3.212962016696428213e-06
-1.717333518794832520e-07,-4.260084894789737660e-06
-1.729767929695823499e-07,-3.501917248140533966e-06
1.260723250983209917e-06,-1.064456715804877422e-04
4.394652296642643287e-09,-4.919967180926328642e-07
5.400910781574677961e-09,-5.675347329535379833e-07
2.263034296776920300e-06,-9.971998423072015718e-05
-4.082780056657279435e-07,-3.993305960665649283e-06
-1.158898637335244484e-06,-6.118074671179687923e-06
1.004308399817698013e-05,-4.408002706456936763e-05
3.392700943279325491e-06,-3.270054251888036709e-05
1.473568741981860229e-06,-1.547331194611935591e-05
-3.555476857921130753e-07,-4.482014552353067776e-06
-9.811083469656622516e-07,-6.627125848648695310e-06
7.126231937587006722e-07,-1.124871511068109515e-04
-2.019847891223911728e-07,-5.011364579661389944e-06
-8.713117252875465053e-07,-7.038986130994582009e-06
-1.573600322264573030e-06,-8.779563668183744846e-06
-3.571434495581222890e-07,-5.822925217271269154e-06
-2.802445807082528565e-08,-3.413872395459044386e-06
-2.349442331796427320e-07,-4.881710532977708823e-06
9.058387023192165940e-06,-5.202632255082567512e-05
-3.678336801486014784e-06,-6.911201503696393272e-06
-2.117021023693284125e-06,-5.414913151052502048e-06
2.282254882707303182e-06,-1.123958446941965847e-04
8.760663723232695459e-08,-3.845365980811720889e-07
1.053250894349768066e-07,-4.418187551227794955e-07
-4.457053368683281466e-06,-1.320624830062702139e-05
-1.595555282679366177e-06,-1.421348962905266419e-05
-4.706461742823460111e-06,-2.888550743694808410e-05
-6.818169821196750407e-06,-6.713765095131100653e-05
-1.144967604152793552e-07,-1.063637510553615210e-06
2.258260264665313362e-07,-1.395945792976237168e-06
-4.651306429032875222e-06,-1.557857241571892240e-05
-2.237300071600493522e-06,-9.577352436293602614e-06
3.021247674010473891e-06,-4.084284850741641451e-05
1.577921098616309692e-06,-1.248944143514365411e-05
2.428261164465610041e-06,-8.575480899591436258e-06
2.724389186566627843e-06,-6.139786191715158020e-06
5.486494139324765060e-06,-3.740609288550082555e-05
5.445643009452578869e-07,-5.943922895914380222e-06
3.890250018924918054e-06,-1.988895663528893564e-05
3.963841220910093791e-06,-1.666568828408546797e-05
4.160088211039714727e-06,-3.375504785218084059e-05
2.133563145232486961e-07,-1.208378860275910943e-05
4.340266650476903813e-06,-4.065945456791537086e-05
-7.492369548346918553e-07,-1.549314659033419322e-05
3.177063281794266751e-06,-5.033887482536571130e-05
3.386072311229030196e-06,-6.271585781418909165e-05
2.316082628974592537e-06,-6.349405983219274738e-05
2.996334761030863978e-06,-8.216678727719776466e-05
4.701808696505966470e-06,-4.390104143776646546e-05
2.802411051355239278e-06,-1.040718634452162999e-04
1.142207872846513099e-06,-7.345645017905513537e-05
-5.187955352663047183e-06,-1.009568296335152212e-04
1.345799095715062984e-06,-1.204141824898068380e-04
-5.445589177216786250e-07,-7.650909808827621207e-05
-7.655434142768073573e-07,-1.266263356743941139e-04
-1.936184307851450353e-06,-7.165975974399476625e-05
-2.828840212068805855e-06,-1.204243074542588271e-04
-3.053508901448456579e-06,-6.009506059730062818e-05
-3.700102197095623006e-06,-4.400656700959925110e-05
-2.015267268681393016e-07,-2.564311108014352351e-06
-1.312362573946798231e-07,-2.841799447251234897e-06
-5.186997007880470712e-08,-3.340928059624912843e-06
-2.604658780888883243e-08,-2.672412109130015547e-06
-4.028776424424723177e-07,-3.465839491673871167e-06
-2.835705288121575836e-07,-3.825306349404039464e-06
-2.129862087909687222e-07,-4.577694903494204823e-06
-9.774020781296351876e-08,-3.563021321733271942e-06
7.512902300419432054e-06,-5.690330869200161453e-05
3.572424258589908470e-06,-4.804623393110763965e-05
7.474179507561401408e-06,-3.288914922375645576e-05
-4.371951449833445148e-07,-1.523582675762917550e-05
1.512823810325212920e-06,-7.026331118766205230e-06
-4.155913336110798454e-07,-1.589251676783562197e-05
-7.410584797639869069e-07,-6.339657429820074532e-06
-2.409932444356175084e-07,-4.428443638799759122e-06
7.676508401012128226e-06,-3.017599427192826645e-05
6.665732318863854284e-06,-2.651230783359447078e-05
-1.844933007753214618e-06,-2.980990660633234043e-05
4.668595649410557149e-07,-3.184511641336471754e-05
1.540308679490876907e-06,-3.739897592852201334e-05
3.383096951866286334e-06,-3.329717019278846121e-05
4.815362983370542784e-06,-3.816832242360621708e-05
6.476585069045584674e-06,-3.443365179453500524e-05
4.924252478713784713e-06,-3.007841278555246960e-05
7.881727820072772811e-06,-3.109274337627775678e-05
6.312119288752889228e-06,-2.754260428394172776e-05
8.181407330233685636e-06,-3.933000505029937601e-05
6.050299518305660798e-06,-4.375958255168576992e-05
9.884037456843013848e-06,-4.442452588229146924e-05
8.173820027239974074e-06,-4.939814466591328562e-05
8.982787406412453426e-06,-2.832755236079741252e-05
7.438780408080400276e-06,-2.552113128514083129e-05
1.155944933374295371e-05,-4.009142002314257500e-05
1.188177308168218718e-05,-4.967707438736061612e-05
9.832267092023377610e-06,-5.482987454223721174e-05
6.316274623084089984e-06,-5.435613792993315355e-05
7.486743342969439932e-06,-6.034510319575222198e-05
1.377662643116977103e-05,-5.487080033810988054e-05
3.777193049172585192e-06,-2.665760811220284167e-05
1.082212840424729658e-05,-3.199078503554990269e-05
9.684815216500774495e-06,-2.621103908930758316e-05
8.202299249453300206e-06,-2.399840674982749050e-05
6.283541741403780360e-06,-2.342094192806561470e-05
7.130159454300344782e-06,-2.246705010721987701e-05
5.531632396143865050e-06,-2.189440510627770024e-05
6.461788710972502700e-06,-2.151888809226479047e-05
7.584105724876022605e-06,-2.207824120644935308e-05
7.014781585338341127e-06,-2.173487583273893338e-05
7.573483272910823722e-06,-2.223727972656342603e-05
5.111482209987035047e-06,-2.082793130230911402e-05
7.117289345784671226e-06,-2.248281614172860347e-05
1.008288251962230946e-05,-2.455658457403140694e-05
6.819935084524688971e-06,-2.197969573086561959e-05
7.152878213304243442e-06,-2.291708146489108462e-05
5.572978047774091904e-06,-4.933769169980570783e-05
5.365230758659671672e-06,-5.566828987261890577e-05
-2.077210146017505157e-06,-6.674507870705128848e-06
-1.039282199957730051e-06,-5.251975775818100600e-06
-2.404664082816734127e-06,-2.081591180433156520e-05
-1.427742532066449548e-06,-2.130914882906164942e-05
-2.604228499275623384e-07,-2.385661823138918132e-05
1.443750056732435040e-07,-2.138906830564868200e-05
1.687748195456100957e-06,-2.343380091597231424e-05
1.919396809779299918e-06,-2.121125576930614614e-05
4.587753875230779219e-07,-1.960271699370001733e-05
2.007058753635286996e-06,-1.954102619425675318e-05
6.984209977697076205e-07,-1.832843027184986198e-05
1.985745032698391564e-06,-1.836006518995762286e-05
8.044131591002730962e-07,-1.742563396063548310e-05
3.723256591699401217e-06,-2.306464877645687190e-05
3.586174773827399081e-06,-2.582533332085730200e-05
1.854276379347950069e-06,-1.755128674758812577e-05
7.925922926612817269e-07,-1.683126277869592690e-05
-1.249297249299867474e-07,-1.659234750957422715e-05
-9.839785759406292074e-08,-1.617075000932773448e-05
7.151485182594573807e-07,-1.649623804402647578e-05
-8.790891118104119776e-07,-1.575515563477922811e-05
-8.574660763297032811e-08,-1.602974228877717571e-05
6.110971848131459269e-07,-1.637210600868712425e-05
1.456235678559530233e-06,-1.675506305679875008e-05
-2.204798680952969160e-06,-1.904124040094729362e-05
-6.034831755345374834e-07,-1.823721318527622034e-05
3.274147853221254714e-06,-1.939118122264593357e-05
-1.306034940256998878e-06,-1.614738943163905593e-05
-1.766543263255791740e-06,-1.486352395582101786e-05
-8.921812922413037128e-07,-1.562114952904473670e-05
3.511866727409392516e-06,-1.935974509177162891e-05
-2.062812851885233391e-06,-1.445603890372831741e-05
-1.240723648026979118e-06,-1.536322410207836760e-05
2.740371951175017816e-06,-3.763767363855138621e-05
3.892629475058039642e-06,-3.245290516842297678e-05
6.245324679344315930e-06,-3.910572722924016457e-05
-7.070904164792415414e-07,-2.597047886652563984e-05
-7.138873377080060543e-06,-8.490326161386130830e-05
5.177522142682960168e-07,-1.598514177878594344e-05
3.871543221545901606e-07,-1.625670146450961139e-05
5.640131527432739095e-06,-3.050375824629437827e-05
-4.842386651813698356e-06,-3.548054512886861917e-05
6.843338403201924876e-06,-2.355905914606299227e-05
2.029533942960361186e-06,-2.889194047189214110e-05
-4.076859802120566526e-07,-6.150273013702642257e-06
-1.137989341982416056e-06,-8.800424258279011130e-06
1.277568533623513390e-06,-1.664343992809449560e-05
5.540833820950517958e-07,-1.637622914406919143e-05
2.026949024554522383e-06,-1.694203200826867697e-05
3.085521333135656696e-06,-5.727229207759745600e-05
3.803360876883863038e-06,-7.246899661782403189e-05
7.886672297147565851e-06,-2.268569026817440681e-05
-1.048010837561487967e-07,-2.201117916341874531e-06
8.644983200530444714e-09,-2.117668316670838569e-06
-5.510949890815348213e-08,-1.761197025564286655e-06
1.990765046574715700e-08,-1.680733174571166084e-06
-6.310949411986343863e-08,-1.386674500625701578e-06
9.380015592513350695e-09,-1.303273743369492734e-06
8.193405171028766771e-08,-1.622717867979881442e-06
-1.878846563962598409e-07,-2.880525997507887689e-06
-1.070910081281184400e-08,-2.737518837247144396e-06
-9.340729422722456045e-08,-2.236670885341934347e-06
1.917597200276274367e-08,-2.106673070102715897e-06
-9.198719907368384176e-08,-1.712369744402217246e-06
1.012247323014129342e-08,-1.585643686762631812e-06
1.067504909501578358e-07,-2.059169476072519083e-06
5.938368175021852643e-06,-2.514839442083697797e-05
4.128064121288178497e-06,-2.270923230528498589e-05
7.196341825980651151e-06,-2.333634861118814627e-05
3.867578900037803868e-07,-1.136438179149204807e-04
1.186743486643187683e-06,-1.130550400354405602e-04
2.331609356384373703e-06,-1.110389436490112158e-04
-1.174735534880801923e-06,-6.805350067264271229e-06
-5.377343783150510833e-07,-5.803913949951727193e-06
-2.148437259316699051e-06,-8.938247283853407638e-06
-1.364799945878614522e-06,-7.818254274384370110e-06
6.868390180318675520e-06,-3.688820245040964343e-05
-5.791120160923188187e-07,-2.775491677555411157e-05
-4.774460136877289397e-07,-1.364992197756878850e-05
5.767381324240523956e-08,-1.119858891301321428e-05
1.208819933843384655e-05,-2.934449066645434151e-05
-1.077638502093152315e-07,-1.043115459873410484e-06
-1.578024387960765037e-07,-1.305862670371205802e-06
-6.426965614534111483e-08,-1.054209672726404169e-06
7.035468644165985600e-09,-9.451206553943681929e-07
-8.515524542552878489e-08,-1.266408859436395728e-06
8.468589202036483272e-09,-1.119525274889965264e-06
-5.269347661579919715e-07,-9.203217733356602658e-06
9.936268360134903181e-07,-5.993142269392306878e-06
8.596086373169176375e-06,-2.302637216656976807e-05
9.844123064615151886e-06,-2.349218677845349407e-05
8.471550812669561122e-06,-2.257516187363320070e-05
-1.995701961007655566e-07,-7.936732154498606927e-06
-7.226047995559993251e-07,-6.622577537364822238e-06
-1.906552222753895318e-06,-1.204549230078734734e-05
-2.101130142706124312e-06,-9.785577730358628097e-06
9.648530885157610539e-07,-7.179790047039444735e-05
5.341154465821940539e-06,-7.386093455875038878e-05
5.861168264577628152e-06,-7.987229693035005564e-05
9.569249159505100068e-06,-7.570404082055813457e-05
9.986679999303129803e-06,-8.113913325039583515e-05
9.277351300420212462e-06,-7.020485597293105195e-05
1.342892701474647259e-05,-7.170350669194506209e-05
1.271008288552750770e-05,-6.651433203193708114e-05
6.531067674298655641e-06,-8.507035089496222638e-05
1.047922090875046231e-05,-8.612561698918620213e-05
5.032334352269224521e-06,-6.711630833123241190e-05
7.437447731295957406e-08,-5.948497650507976117e-05
-1.655262086906461107e-07,-1.370721851485029895e-05
1.168853232885928606e-06,-1.660360380797313041e-05
3.498512676554440104e-06,-2.094514391478089350e-05
7.379633342751599935e-06,-9.005905965990746624e-05
5.261599393301087569e-06,-9.376216532890998732e-05
8.475585342097697824e-06,-9.342659878102248260e-05
5.936928311988733684e-06,-9.714446342303225215e-05
-5.834946143009589067e-07,-4.334418241247052863e-05
1.112909279182775373e-06,-1.097655453284313004e-04
2.892419887878120190e-06,-1.082264539959393703e-04
3.197489851716265475e-06,-1.057956793840627869e-04
1.404895205544211215e-05,-8.246353554119393756e-05
1.153636395648553570e-05,-9.000971040464137492e-05
6.411201873950094875e-06,-5.754002471692611190e-05
-8.564890179377729890e-08,-8.398628964076846613e-07
-6.966287417802415645e-08,-7.174068504363648764e-07
-9.278940123392443726e-08,-4.023655076537626103e-07
-1.116551029839173914e-07,-4.643109095415323253e-07
-2.080290632778029532e-06,-2.212503041565988169e-05
-7.861587970532904661e-07,-8.031473668898315581e-06
-4.705756339412155035e-07,-1.216117599553246776e-05
1.345032990761943854e-05,-4.491460397444566261e-05
1.514830276102824647e-05,-4.052978611056822622e-05
1.271381588063232126e-05,-3.607805368818174440e-05
9.580305894415107115e-06,-3.532836035249577915e-05
2.079112464748098260e-06,-1.028217961368951215e-04
5.014360666042705757e-06,-1.006933458594055881e-04
4.799623744183468517e-06,-1.030967906031521764e-04
8.449421920369224039e-06,-9.877550839917802379e-05
7.346272381465262438e-06,-1.014386468371438518e-04
6.738838133794817509e-06,-1.036721665417469793e-04
3.248251968028797987e-06,-1.842217350942854269e-05
2.810428849771409165e-06,-4.654180245200232815e-05
-4.441610723291026334e-07,-5.525490193769690554e-06
-1.358688010223219790e-06,-8.040040907990386864e-06
1.073561384462902318e-06,-1.042537750809601675e-04
-1.411616612062590311e-06,-1.045125507447937795e-05
-1.981371612539148473e-06,-2.860694789934016660e-05
-3.423576486179576669e-06,-3.424251076213100320e-05
1.671710883215066795e-05,-6.773435942192222313e-05
1.661505230865704956e-06,-1.703159296623634402e-05
-2.671730964743844706e-06,-1.743571081339199069e-05
1.403480667534598336e-06,-5.296976968648115467e-06
8.946774386984828092e-08,-1.200234820903486273e-06
6.921767576674759485e-08,-1.001902561628137152e-06
4.727424897567705878e-06,-1.070288281589947021e-04
-1.593411309592694903e-06,-7.116050588923945159e-05
-4.666850156350975070e-06,-9.791900274299927744e-05
5.628755122877929161e-06,-2.278517969898530919e-05
1.917160268638650470e-06,-8.439669887278342553e-05
-2.016930552367153670e-07,-1.600420738800670525e-05
8.880636331532710049e-08,-2.021064607398371933e-06
1.016339279508973005e-07,-2.647959083983035745e-06
1.205379292695252631e-05,-6.078094021789912625e-05
1.651775572349267339e-05,-5.944046089708472560e-05
1.819266249356931933e-05,-5.496854446167215796e-05
1.584721357239711210e-05,-5.019404759532612546e-05
4.384481517714885948e-07,-1.007896202877585622e-05
-4.964309091128998776e-07,-7.646663099380800839e-05
-3.245752653784311427e-06,-1.165908310232348930e-04
-4.020952424369875910e-06,-1.124060429735624739e-04
6.414649454514924453e-06,-5.445327428283449744e-05
-3.490066793938430320e-06,-5.249810147416413187e-05
2.647569549841006243e-07,-1.250272461286706341e-04
-1.782033081484120499e-06,-1.251367254791741607e-04
-1.329514115563005644e-06,-7.502148805746539897e-05
-2.556045643703703371e-06,-6.659884591655039119e-05
3.973099774588869530e-06,-5.190761621348966834e-05
3.759558942920116118e-06,-4.244402033442788290e-05
-2.472142092578332522e-07,-1.429801552046287441e-05
1.800443048028606036e-05,-3.872942735248746475e-05
1.552089371947197407e-05,-3.154645732469900382e-05
1.884957048893050847e-05,-4.297585826928200753e-05
3.877011879549064438e-06,-1.822347350655561499e-05
2.721395393215650797e-06,-1.761005814132251187e-05
7.071646562345193355e-06,-2.337126017493995915e-05
5.433000882064027996e-06,-2.009133873758083976e-05
3.065505709426630780e-07,-1.877428169377823815e-05
-5.550376881936997094e-07,-1.096304982638329767e-05
-2.137531219448211115e-07,-9.362950521706975577e-06
2.329817004527729873e-06,-1.717488410134518150e-05
6.921228593005175129e-06,-2.333891158424018376e-05
4.942201089857828293e-06,-2.591372662022417507e-05
1.462425141147426511e-06,-1.616980308322096721e-05
3.589017425007663811e-06,-3.031753300274785207e-05
1.848402539553279842e-05,-7.277724743409698610e-05
1.007359355089935343e-05,-3.961366015420448981e-05
9.079036547105232338e-06,-3.146558951812328671e-05
6.276710877708874190e-06,-2.996990454615559588e-05
-4.557217597585943040e-06,-2.208381504851521940e-05
-6.587901265116823518e-06,-4.751570211175225707e-05
-5.677707414034290302e-06,-2.854297438323634344e-05
-4.421858310812527083e-06,-1.003005122918932787e-05
-2.395722740591360394e-06,-6.929086576614498558e-06
-1.908260568241375285e-06,-1.216406829835168397e-05
9.320395310646867925e-06,-1.020614706281888426e-04
1.186454512278706774e-05,-9.701830273123639907e-05
6.567023694432563372e-06,-5.815766596126444558e-05
-9.324175795395849616e-07,-1.560194911525844419e-05
5.913805370943901991e-06,-4.459082387632023250e-05
5.704584049074380963e-06,-2.665388675869978847e-05
-8.265741807651368173e-07,-1.558319170253413973e-05
-5.376995851357399223e-07,-1.340937204947198162e-05
8.646163708599533066e-07,-2.586644487120029199e-05
6.142618269666003745e-06,-2.111953142683433026e-05
5.276579756561298935e-07,-2.379920768289110454e-05
3.699030885360627014e-06,-1.112029952029005544e-04
5.967293108732218066e-06,-1.077662922612631215e-04
1.161779601239642021e-05,-2.484877974595379267e-05
1.425120907279234586e-05,-2.875502812330213710e-05
9.024681235072301862e-06,-4.870149078947946455e-05
4.851832624539277547e-06,-1.874679955730148084e-05
1.311619742948992320e-06,-1.773086921881623893e-05
3.519739467790459262e-06,-1.981933426699774268e-05
-7.057162836845802455e-07,-1.358899042951179737e-05
3.621595826031525802e-06,-3.668094791092576563e-05
4.572324349485076668e-06,-9.349984829205000114e-05
-1.622670953786339358e-06,-1.445216800576181738e-05
1.543352131401597392e-06,-1.424256943616640248e-05
1.627144017975529921e-06,-1.670216737043701558e-05
-2.570775709117370702e-06,-1.338088819296451008e-05
1.370721724242615360e-05,-7.697991753607597606e-05
1.266454171493366362e-06,-4.022643040028745599e-05
7.108318681140397710e-08,-3.355823914056144678e-07
8.377492621902922419e-08,-3.835470266286848751e-07
-2.070775379762958453e-06,-1.599982063230241786e-05
4.225564066374639840e-06,-5.227741618851307678e-05
1.387278353360985087e-05,-3.324121856404507264e-05
3.688885167031996283e-06,-6.036637676774551302e-05
9.206551046115313112e-06,-6.489730132867522680e-05
-1.021577521819495456e-06,-1.949381008566200419e-05
2.136135630483938767e-06,-2.878217769954885533e-05
-1.684056729806346725e-06,-6.195574102163789802e-06
-1.352852620569626132e-06,-4.676348796706465284e-06
6.208784602765010093e-06,-2.493004113889668190e-05
-9.490673889221841609e-07,-3.377449246733122444e-06
4.063326425399895429e-06,-1.090344146372792503e-04
-2.145024055295067228e-06,-6.010460105492617999e-05
-4.628355813589751910e-06,-7.675884642596647936e-05
1.123195308544878215e-07,-1.868208243269605403e-06
7.608049390092080482e-08,-2.837408339200164478e-06
1.092659029280916138e-07,-2.614406487435981236e-06
1.421542755423205127e-08,-3.918856830656977570e-06
6.943246490959423789e-06,-3.312841281698952105e-05
-7.159068219255730900e-07,-1.502561944661810048e-05
-3.603045694411036512e-07,-2.358552309813945158e-06
-1.924678349339307257e-07,-1.750085354535655593e-06
5.857993526883873891e-06,-7.757947580545145928e-05
1.072354057944144629e-06,-3.302102902803737377e-05
5.105235307917294452e-06,-2.480167289708801043e-05
6.486078600206328245e-07,-2.838999055001163304e-06
-1.747439408406222608e-06,-1.794254119292769005e-05
1.289911820284425430e-06,-3.527225243183739303e-06
-2.760538898789979185e-07,-4.475543352098322204e-06
-3.554085691949129498e-07,-1.725220369221963990e-05
-2.155478602770789434e-06,-5.360281551111263881e-05
-4.297260681983788444e-06,-6.710301935133505303e-05
8.368673125729333319e-06,-5.488633071104356809e-05
3.563701771720991944e-06,-2.105989104581006607e-05
-8.259818295316488644e-08,-3.852128863639251976e-07
-7.013275043201932432e-08,-3.359847667809026487e-07
-2.649006009704998072e-07,-1.862478644359596605e-06
-1.528157162661718572e-07,-1.398138658031558172e-06
-1.193215273936408574e-06,-1.504990902690109316e-05
-2.371862701230295356e-06,-4.606496498735309118e-05
-4.381240430321598922e-06,-5.674944564992396797e-05
-8.612279015959526344e-08,-7.759885820975559016e-07
-1.185409945807579434e-07,-9.437451490728933749e-07
9.904232490604796652e-06,-9.570795577059374240e-05
8.665292124111314192e-06,-1.037575573774523417e-04
-2.284548369692990601e-06,-3.742115117626040676e-05
-1.357509131674919990e-06,-1.323216708592162611e-05
-4.022341721468346169e-06,-4.535146677143979822e-05
3.806827430070279909e-06,-1.071466941360841359e-04
1.838585643102931416e-06,-4.851007421862583475e-05
3.146986473009530876e-06,-5.304025786871760403e-05
2.597504278954548711e-06,-1.169047930593685868e-04
1.792931788564821397e-06,-5.655357519180273523e-05
1.462390239636341576e-05,-9.049603163926955537e-05
4.866391132107859613e-06,-2.032186362439734862e-05
1.463767656558930630e-07,-1.481578678428929945e-06
1.078017519369151187e-07,-1.149556282522421537e-06
1.557546231801690857e-06,-6.370927673223724622e-05
1.322732211193205158e-06,-1.232982617797347277e-04
3.953188247638893173e-06,-2.473942867640340716e-05
3.959359647343751800e-06,-2.949340094039928285e-05
4.259640775264634848e-07,-9.070165655885111767e-06
9.896459331042970610e-08,-1.600689108831858420e-06
7.456583229186066712e-08,-1.299788920044387353e-06
3.643995521888133022e-08,-1.263223671669333329e-04
1.180742382850441813e-06,-6.957915985693277768e-05
7.871891575442180425e-06,-2.512941743564230270e-05
-1.429932639010145957e-06,-6.894996217371086182e-06
-1.519003552950662509e-06,-1.946525234303459815e-05
-2.623079079433526234e-06,-2.320963683282731432e-05
6.690777413315280778e-07,-7.382523152910711701e-05
-1.228152791452780518e-06,-1.260638772360141244e-04
9.986172268075111051e-08,-6.416454141310459684e-07
7.863254513999496248e-08,-5.459272376807040006e-07
7.198910566613702490e-08,-7.616777395010005747e-05
-2.343419923629473635e-06,-1.226494750200576964e-04
-4.523600124379630434e-08,-6.787547327199973539e-06
2.702935758647072609e-07,-5.174617823518437038e-06
4.148986909687164215e-06,-1.092750229502503866e-05
3.977060528225417882e-06,-1.344111407307804102e-05
2.985734893842341658e-07,-7.592742646099335689e-05
1.992235481888942890e-06,-1.130999585964236975e-04
2.616620910295928648e-06,-4.441955587258291781e-05
1.176897647631426458e-05,-2.678171222716082376e-05
-4.050979501272123646e-06,-1.080654054571085102e-04
-1.074825559697176018e-06,-7.474572256826901562e-05
1.682761309346350236e-06,-6.919438708099507989e-05
2.744043443022775494e-06,-9.345752443051993507e-05
9.332198938167567309e-08,-8.081942646076754079e-07
7.604896933676195788e-08,-6.921761068835503948e-07
-1.965751971481105648e-06,-6.608142884068173549e-05
-4.871550749517809916e-06,-8.703887677765902316e-05
8.815543442004458844e-08,-8.960211009030203087e-07
1.210349036935478942e-07,-1.116041445152015184e-06
-2.433156771575657406e-06,-1.760575673706981514e-05
2.720511110813609771e-06,-1.725320029566467284e-05
8.002756330559021035e-06,-2.307646969610219645e-05
1.603353576942842454e-06,-1.024183352871584237e-05
-1.564498491254987138e-07,-4.103942306126202557e-06
-5.305726768069663152e-07,-5.744198173313377662e-06
9.879966539781381242e-07,-1.132090067556316103e-04
-1.818009734724789099e-06,-1.514950098496267215e-05
7.180438169870816543e-06,-4.576223920340848457e-05
1.067422379111757815e-05,-2.387142730081080893e-05
2.700787515658104543e-06,-2.404973961738174031e-05
6.607503821203079581e-06,-5.759783808836756939e-05
-2.450891517988116095e-05,-8.706162947564722416e-05
1.750173654153095918e-05,-8.208185623878469723e-05
-1.201081590508809211e-05,-3.567720745026575752e-05
-8.841982427039937707e-07,-6.818802602921128592e-06
-2.672512223801702508e-07,-4.798480081349299388e-06
-1.305749923653590727e-06,-1.715607582320958816e-05
-2.865045029629556566e-07,-5.084465419345306751e-06
-5.543453086883446572e-08,-3.632178478288810489e-06
7.487495859470624428e-06,-2.326131244569228394e-05
1.231700737003103130e-06,-2.586673376255257581e-05
4.674499881654962913e-06,-2.051319055865658713e-05
-9.979266695746164345e-07,-7.165415480390149594e-06
-1.608526786600094791e-06,-9.803182794167478382e-06
1.051334666605679555e-06,-1.651180001411452339e-05
-1.761902647842640646e-06,-8.878563863370451440e-06
6.448258760642571965e-06,-5.039865469220118930e-05
2.027927639661657253e-05,-5.863897231710264930e-05
2.001476008968674102e-06,-1.982219582087479213e-05
5.037617558834011731e-06,-1.051077550263617393e-04
-1.388579717064220492e-06,-1.514292622807876576e-05
-2.767198062102262281e-05,-9.031312663162001278e-05
4.113060608418959325e-06,-2.862217397726826560e-05
2.035994061066020312e-06,-9.650908266052377808e-05
1.265326614393767749e-05,-7.200635147059843567e-05
1.007602320622259970e-05,-5.673062157880651976e-05
2.002392590260036677e-05,-5.158898936918742138e-05
6.606491510787982143e-06,-5.760628449713620731e-05
-2.987986678934568909e-06,-1.114699734329283322e-05
3.442869146811271842e-06,-1.106723754338716676e-04
-4.276493978207930619e-07,-5.748002759604574229e-06
-1.322354773816923873e-06,-8.259950268825011913e-06
5.557397521184226431e-07,-1.509478382632025921e-05
-2.751434077577677827e-07,-1.607790143218905431e-05
5.437124196942510606e-06,-3.376926150561505602e-05
-4.799349102703951053e-07,-1.239645538582991364e-06
-2.120450478114606521e-06,-1.483987127570210655e-05
1.597987463430816942e-05,-6.402219628982592364e-05
-1.400414801395476695e-06,-4.243408895173654116e-06
-8.353343457659465245e-07,-3.361590316323401999e-06
-1.999339485501741706e-06,-1.142694879493386186e-05
1.652454961045058182e-05,-4.515608743904985574e-05
1.109662609159673606e-05,-5.635454043705277164e-05
1.588062837280688311e-08,-3.432607264932337270e-06
5.348005768466331041e-08,-2.549940409861598397e-06
6.880515398000612062e-08,-1.708804683206101058e-07
7.949106584791886871e-08,-1.928949346380903868e-07
-8.703505716725893853e-07,-7.212428827964570029e-06
-1.761634121412913685e-07,-5.221038769396635876e-06
6.783430240388076335e-06,-5.628344615113509575e-05
6.508565695116663967e-06,-2.193195970834161283e-05
6.300273242360724838e-06,-2.814772380111312731e-05
-7.370891535444808147e-08,-1.862068553908591956e-07
-8.548811187240945538e-08,-2.114340151910181726e-07
2.403946188692658458e-06,-1.120530142809087777e-04
5.436667385293771918e-06,-4.849830994934090778e-05
1.127851984089694655e-05,-9.295504995240005215e-05
-4.364629412730398329e-08,-1.615754577946968489e-05
9.876450038456455506e-06,-7.124453208560898253e-05
1.533938785537619331e-05,-3.649630503600263251e-05
-2.850502966415226166e-06,-4.893476116971850876e-06
-6.780301951615545509e-07,-1.567234635871523599e-05
2.363848154934436274e-06,-1.705039727570026989e-05
6.563682344058868633e-06,-2.373755077598854442e-05
4.645629215611513670e-07,-1.635857482530030961e-05
-1.154102287284802152e-05,-3.523695842615492030e-05
-2.043579997158647976e-06,-1.550257795039066883e-05
6.878166206868684039e-06,-2.475771150417333127e-05
-1.530854184731725409e-07,-2.136129376203111741e-06
-2.795299142561649661e-07,-2.836717251895547911e-06
7.582551853415753190e-07,-1.228964399721550665e-06
-2.666756122038071060e-07,-5.352370353340661531e-06
4.368997899266859968e-07,-3.628230221131892439e-06
-6.708124139208547548e-07,-1.051110426078544839e-06
2.039892848136830764e-05,-6.781036705977134768e-05
5.495375735335344267e-06,-3.549593466352542062e-05
6.381916699482931975e-06,-5.393314159482774796e-05
7.636186758951727359e-06,-4.251178845071128189e-05
4.640491678291461777e-07,-9.401601149379023896e-07
5.569294211536824546e-06,-2.728936807674804170e-05
6.790660025475925147e-06,-5.182582892566405013e-05
3.115202026018144068e-06,-1.041860604091549681e-04
8.430493143021666375e-08,-1.174752118031915686e-05
5.500920199389488018e-06,-5.693149737886361438e-05
1.070977073750566425e-06,-1.129136872346194940e-04
-9.031663393107564446e-07,-7.807391540345906452e-06
-2.370919352972923996e-06,-1.133780996789695235e-05
-1.890213045100196921e-06,-9.193680214352719100e-06
-7.599205176897613892e-07,-6.369648433251997177e-06
5.706820181923784699e-06,-4.033502824390967879e-05
-1.060979895463326656e-07,-1.422596783334171250e-06
-1.677952809512679859e-07,-1.822156923018738712e-06
1.157154063811763796e-05,-2.558812731553037809e-05
7.246573465110071919e-06,-2.798512659566109901e-05
9.817784771455738632e-07,-1.633451873534410453e-05
-6.934903573312187569e-07,-1.240646380576826611e-05
4.243930534797120840e-06,-1.937039669305281911e-05
2.971993457293644266e-06,-4.148341867040481156e-05
1.575762242143120884e-06,-2.582875348259197732e-05
