Size 979,2
0.000000000000000000e+00,0.000000000000000000e+00
0.000000000000000000e+00,0.000000000000000000e+00
0.000000000000000000e+00,0.000000000000000000e+00
0.000000000000000000e+00,0.000000000000000000e+00
0.000000000000000000e+00,0.000000000000000000e+00
0.000000000000000000e+00,0.000000000000000000e+00
0.000000000000000000e+00,0.000000000000000000e+00
0.000000000000000000e+00,0.000000000000000000e+00
0.000000000000000000e+00,0.000000000000000000e+00
0.000000000000000000e+00,0.000000000000000000e+00
0.000000000000000000e+00,0.000000000000000000e+00
-1.183579331090088594e-06,-1.765220651626243757e-05
-1.439969982896919307e-06,-1.920929087603115258e-05
0.000000000000000000e+00,0.000000000000000000e+00
0.000000000000000000e+00,0.000000000000000000e+00
0.000000000000000000e+00,-1.126564702140023786e-04
0.000000000000000000e+00,-1.138882389976575253e-04
-1.086955242046984480e-06,-1.074060282660274933e-04
-1.917537081190497713e-05,-7.751144321957086439e-05
0.000000000000000000e+00,0.000000000000000000e+00
-1.306363936623757117e-06,-9.067917083378006517e-06
-1.340189395732993422e-07,-1.103470868002918169e-05
-2.202092827008624892e-06,-1.465932676479878900e-05
-2.253993853452700123e-06,-1.711405625908190217e-05
-1.399338164967754881e-06,-1.173619969809806686e-05
-2.204263762387474647e-06,-1.526931995858006960e-05
2.180526033880638993e-07,-1.844572371242665716e-05
-2.055816249327156994e-06,-2.212799426653099129e-05
-2.051688714274893655e-06,-7.385452155624683447e-06
-2.236158456402084785e-06,-1.694501595434935750e-05
-1.097091305300978502e-06,-1.924822163521619121e-05
1.615622907246357436e-06,-4.991419993793482353e-05
2.390750474131038289e-06,-8.025740812425846986e-06
8.267745895253452367e-06,-5.384931437305755329e-05
-3.623777922354189468e-06,-8.573428330212433328e-06
8.421065361566685119e-06,-3.061377391926707776e-05
-9.884507520775535046e-06,-3.251817299461935121e-05
-3.800886032175815713e-06,-6.676985082124601417e-05
8.273324942452451864e-07,-1.227706197523703325e-05
1.090485857589937255e-05,-6.805846265097601963e-05
-1.159060559686664008e-06,-1.035108176653855712e-04
-3.413746361590618671e-06,-6.908776209010160732e-05
-1.727489401173829082e-05,-9.383007284960376488e-05
1.067523518076841136e-05,-7.638169896392093465e-05
8.920370972152788137e-06,-3.200174907885399990e-05
2.900471210886496186e-06,-5.287447404733367721e-05
-9.863009159632035795e-06,-3.934418764926553947e-05
7.383412392139187378e-06,-6.011445607415520171e-05
-5.129025270526490181e-06,-1.061978332784577736e-05
-8.161813260306269928e-06,-1.837083382254588268e-05
-1.055387132626525624e-05,-2.784830991635946703e-05
-1.207355131461820118e-05,-3.855986581985154562e-05
-1.276282642041742772e-05,-4.980499446305653263e-05
-1.272758850184705711e-05,-6.063829858478894436e-05
-1.259871889892780253e-05,-7.083164335385375209e-05
-1.272973198085501267e-05,-8.088076093675543104e-05
-1.274439147013405660e-05,-9.128432256714903259e-05
-1.182303461822129258e-05,-1.018371696246233422e-04
-1.003939002026534977e-05,-1.111539438633326368e-04
-7.565520949243214817e-06,-1.185765615478165315e-04
-4.526798695951599629e-06,-1.235613776475378396e-04
-1.057754550293991100e-06,-1.257155994259692949e-04
2.689947983109941871e-06,-1.247481523870120994e-04
6.584003305066737309e-06,-1.204775507577308632e-04
1.049400613447265650e-05,-1.128479883475884486e-04
1.431000875852462680e-05,-1.018819157173784802e-04
1.787081866106806746e-05,-8.745708301853964716e-05
2.071999581791837621e-05,-6.944731209408978975e-05
2.136651325400112689e-05,-4.865140452956351872e-05
1.822699916189686047e-05,-2.762081838764585224e-05
1.063329898503552915e-05,-1.070956171349507747e-05
0.000000000000000000e+00,0.000000000000000000e+00
0.000000000000000000e+00,0.000000000000000000e+00
0.000000000000000000e+00,0.000000000000000000e+00
0.000000000000000000e+00,0.000000000000000000e+00
0.000000000000000000e+00,0.000000000000000000e+00
0.000000000000000000e+00,0.000000000000000000e+00
0.000000000000000000e+00,0.000000000000000000e+00
0.000000000000000000e+00,0.000000000000000000e+00
0.000000000000000000e+00,0.000000000000000000e+00
0.000000000000000000e+00,0.000000000000000000e+00
0.000000000000000000e+00,0.000000000000000000e+00
0.000000000000000000e+00,0.000000000000000000e+00
0.000000000000000000e+00,0.000000000000000000e+00
0.000000000000000000e+00,0.000000000000000000e+00
0.000000000000000000e+00,0.000000000000000000e+00
0.000000000000000000e+00,0.000000000000000000e+00
0.000000000000000000e+00,0.000000000000000000e+00
0.000000000000000000e+00,0.000000000000000000e+00
0.000000000000000000e+00,0.000000000000000000e+00
0.000000000000000000e+00,0.000000000000000000e+00
-4.003761474828971141e-06,-8.657177684946294023e-06
-6.271189496254802969e-06,-1.546682504612141909e-05
-7.851900184930497858e-06,-2.350990345353239211e-05
-8.636542780400740594e-06,-3.220672148222836781e-05
-8.699226682094045735e-06,-4.093434927103585161e-05
-8.162852518806631318e-06,-4.900000028022159088e-05
-7.400254666030242239e-06,-5.615562898765571537e-05
-6.564324292481544595e-06,-6.248206274280247892e-05
-5.510271613641291016e-06,-6.800640542884315242e-05
-3.991595228565357312e-06,-7.245481906188742710e-05
-2.153465709255511960e-06,-7.522187411134384407e-05
-1.481424296735976823e-07,-7.612322060086129790e-05
1.897504836073821685e-06,-7.505187045737876726e-05
3.845997807326724630e-06,-7.205051623091337989e-05
5.550021092238921816e-06,-6.725980869343066231e-05
6.871535396402360399e-06,-6.093358777812085382e-05
7.664341404264615095e-06,-5.345604822055126121e-05
7.756569222932947435e-06,-4.558491550957356308e-05
7.452373254157037122e-06,-3.782472752268026511e-05
7.022873698841042109e-06,-3.025734113383093932e-05
6.376228140337135257e-06,-2.276223065081594467e-05
5.101497072141499985e-06,-1.550900256168521191e-05
3.183826655938068804e-06,-9.029310423783755673e-06
0.000000000000000000e+00,0.000000000000000000e+00
0.000000000000000000e+00,0.000000000000000000e+00
0.000000000000000000e+00,0.000000000000000000e+00
0.000000000000000000e+00,0.000000000000000000e+00
0.000000000000000000e+00,0.000000000000000000e+00
0.000000000000000000e+00,0.000000000000000000e+00
0.000000000000000000e+00,0.000000000000000000e+00
0.000000000000000000e+00,0.000000000000000000e+00
0.000000000000000000e+00,0.000000000000000000e+00
0.000000000000000000e+00,0.000000000000000000e+00
0.000000000000000000e+00,0.000000000000000000e+00
0.000000000000000000e+00,0.000000000000000000e+00
0.000000000000000000e+00,0.000000000000000000e+00
0.000000000000000000e+00,0.000000000000000000e+00
0.000000000000000000e+00,0.000000000000000000e+00
0.000000000000000000e+00,0.000000000000000000e+00
0.000000000000000000e+00,0.000000000000000000e+00
0.000000000000000000e+00,0.000000000000000000e+00
0.000000000000000000e+00,0.000000000000000000e+00
0.000000000000000000e+00,0.000000000000000000e+00
-2.412839507794620517e-06,-2.434753490547492049e-06
-3.596093442393369196e-06,-5.722286117331570809e-06
-3.991942277488966496e-06,-9.434047994518955955e-06
-3.738801373441667012e-06,-1.289548385223984405e-05
-2.970781944234095913e-06,-1.563049784499806645e-05
-1.823053757867164623e-06,-1.720631158095123323e-05
-5.578574848242479984e-07,-1.741468251751005476e-05
6.500816869795793990e-07,-1.624336944400584781e-05
1.535090118604857620e-06,-1.382476357496047816e-05
1.820533393691853636e-06,-1.054890194872838798e-05
1.489480013389889175e-06,-6.846694731007858423e-06
0.000000000000000000e+00,0.000000000000000000e+00
0.000000000000000000e+00,0.000000000000000000e+00
4.149798604583426527e-07,-1.675435780410275175e-05
1.719299318386578489e-06,-1.482314514669191546e-05
2.645765829121951321e-06,-1.201293845396003079e-05
3.068314410647269425e-06,-8.653231713290659947e-06
2.896983336717818570e-06,-5.198008749053988515e-06
1.995230748525880955e-06,-2.184819573661758451e-06
-1.225052975337263658e-06,-1.907912247148261300e-05
-1.558554380698699158e-06,-1.886382321832298284e-05
-1.924103206749145069e-06,-1.857803471445318230e-05
-2.196603510670654102e-06,-1.821697415623147725e-05
-2.235792826176455457e-06,-1.784247055194660957e-05
-2.407307840365949865e-06,-1.796671593078144236e-05
-3.279540434921038675e-06,-1.507448617280229825e-05
-3.706409720449424562e-06,-9.929703168547300638e-06
-2.910560746251200581e-06,-4.037610634507513692e-06
0.000000000000000000e+00,0.000000000000000000e+00
0.000000000000000000e+00,0.000000000000000000e+00
1.977142260637099299e-06,-1.122826348083961773e-04
3.811742439731049326e-06,-1.113672015596093955e-04
5.482311488157802416e-06,-1.099757364361479066e-04
6.930337093229319917e-06,-1.082653240830417285e-04
8.210972374723899536e-06,-1.064046555115057732e-04
9.413520522121014185e-06,-1.044425935785137750e-04
1.071037758027156085e-05,-1.024513845274791792e-04
1.211136214497094761e-05,-1.002678088240484212e-04
1.362737290018688312e-05,-9.777736708378819395e-05
1.522146897417891388e-05,-9.489800165396036010e-05
1.681995150777905798e-05,-9.158414455727252026e-05
1.834036944633863118e-05,-8.784969691481641588e-05
1.969483814763919169e-05,-8.375183800159184319e-05
2.092081965190497922e-05,-7.933409059731409804e-05
2.191629203136777844e-05,-7.471482495091228586e-05
2.271200160215958278e-05,-6.991199741978070860e-05
2.327775117013168888e-05,-6.493088594336481609e-05
2.356705958786086002e-05,-5.994223532595328673e-05
2.351620106712717437e-05,-5.490042232942669241e-05
2.318960528597334534e-05,-4.994743087364207152e-05
2.250970818813887304e-05,-4.524472878222863224e-05
2.149634918868908125e-05,-4.084479570218742521e-05
2.022206574541379301e-05,-3.688193246729371563e-05
1.873172350685182216e-05,-3.339193476826948895e-05
1.713341222762843633e-05,-3.043159653955206345e-05
1.545834852818832479e-05,-2.799720757679223813e-05
1.371513944044733939e-05,-2.608025428951931302e-05
1.199881935270633157e-05,-2.466430611331052138e-05
1.022335232974212156e-05,-2.375238368898700082e-05
8.556984927896908407e-06,-2.335815829083529935e-05
6.875014147579102873e-06,-2.351938080780804997e-05
5.361672365838262209e-06,-2.419313788423455811e-05
3.955206041882671908e-06,-2.539572542597137147e-05
2.751222343234232420e-06,-2.711693720116684780e-05
1.797473824720311170e-06,-2.926786624629756217e-05
9.519529266224200034e-07,-3.181864701646704808e-05
2.591600880597719925e-07,-3.484983638968396324e-05
-1.589820391325947192e-07,-3.834730998437728904e-05
-2.549934643918628008e-07,-4.225385656756610697e-05
8.301062697744443727e-08,-4.631850477237279824e-05
8.647325591746940933e-07,-5.017646814641546802e-05
2.117299169411726930e-06,-5.344819541497671520e-05
3.597144715940338219e-06,-5.578504302630235133e-05
5.486488816285868527e-06,-5.697067118153938830e-05
7.349184258071715046e-06,-5.684377471836431423e-05
9.053678445178251177e-06,-5.545400185480199178e-05
1.052043841338924341e-05,-5.308098120801548641e-05
1.172208060370661692e-05,-4.986769238203915577e-05
1.252782176836745720e-05,-4.601107919761691321e-05
1.283199878657040698e-05,-4.174828951243397205e-05
1.257569392803520580e-05,-3.750954634460849338e-05
1.192843667914162790e-05,-3.364660526505421160e-05
1.094633876961789110e-05,-3.022265295448310496e-05
9.818823712285939216e-06,-2.736892590022564720e-05
8.583281434868586377e-06,-2.502715520937040359e-05
7.315325040953700931e-06,-2.318726413050170102e-05
6.121540748645581164e-06,-2.176824349370942686e-05
4.984840413230243106e-06,-2.072106127791834438e-05
3.946055395399367019e-06,-2.000655458319537081e-05
3.016812611782603566e-06,-1.959190998073639581e-05
2.205351605503035275e-06,-1.946288743292747797e-05
1.545293267154752372e-06,-1.951712733869558742e-05
1.060611348129173516e-06,-1.967751350359163602e-05
7.578263427290954900e-07,-1.988302633814987452e-05
6.725798435473050095e-07,-2.008258536061252261e-05
8.535961393707828928e-07,-2.019705291684421235e-05
1.298764527005751276e-06,-2.002327182177558609e-05
1.994786177378398085e-06,-1.924939196053558014e-05
2.839513091752491189e-06,-1.773025001199357169e-05
3.660531974703423259e-06,-1.526528271832758022e-05
4.209887004988048684e-06,-1.178998822816861700e-05
4.099916716087111820e-06,-7.711460938345234703e-06
2.976134223965881756e-06,-3.622330780806300703e-06
0.000000000000000000e+00,-1.130777213702980922e-04
0.000000000000000000e+00,-1.135465217618230509e-04
-4.930431620889830960e-07,-1.132049089705098590e-04
-9.436733423671990849e-07,-1.112598778875432726e-04
-2.548293242485359352e-05,-8.536891067251653584e-05
-2.656769868813203049e-05,-9.332424424329884732e-05
-2.096541451595789122e-05,-9.815463441289101797e-05
-1.383744140171396874e-05,-1.021864589209890202e-04
-6.405279948706841374e-06,-1.054347685360022742e-04
-9.796379646748656838e-06,-8.835252086991108987e-06
-1.634379152963629474e-05,-2.150731326473413250e-05
-2.004274848677665668e-05,-3.828875440576065650e-05
-2.110584879623622392e-05,-5.698941557553797738e-05
0.000000000000000000e+00,0.000000000000000000e+00
-3.856694593171827977e-07,-6.402322657195684955e-06
-1.190608590754097669e-06,-8.690037152971464527e-06
-3.440982279765214171e-06,-6.915049785174650927e-06
-4.260209887724673390e-06,-9.168519614590862836e-06
-4.203945041116380539e-06,-1.211044314362506080e-05
-3.506139063331591075e-06,-1.477420024204010507e-05
-2.581474281641135290e-06,-1.067372586097523919e-05
-3.023131968088674435e-06,-1.337129773352323970e-05
-2.323573330178552113e-06,-1.525707348769124333e-05
-1.671108397680147176e-06,-1.674326479114315633e-05
-1.120994992864194878e-06,-1.786296058855236171e-05
-8.821255794637842366e-07,-1.871825723527148759e-05
-1.911900183724129938e-06,-1.752449553057289092e-05
-2.089237494585310038e-06,-1.820873587745649343e-05
-1.909603928903942717e-06,-1.869487964879271125e-05
-1.618226775580336848e-06,-1.903270964967011621e-05
-1.315718160904875531e-06,-1.921813332728660730e-05
-4.429371468263028660e-07,-4.334806995601801462e-05
-1.599546706098086748e-06,-3.771199450473350037e-05
-2.183590715940352294e-06,-3.264163702310812662e-05
-2.450417468702328931e-06,-2.822028311106377149e-05
-2.302962885628615926e-06,-2.407276571424287238e-05
-1.888947238760650274e-06,-1.998148502224165947e-05
-3.733531312702096712e-07,-1.599554976046484541e-05
9.027206776307555715e-07,-1.184042209501799221e-05
8.839725769543833298e-07,-5.237802298940286757e-05
2.375892485424998506e-06,-5.424420381481306045e-05
5.133302037155306163e-06,-5.555233061896776981e-05
8.226801803826499628e-06,-5.634207865389087881e-05
1.062625285228367629e-05,-5.658057752468632136e-05
1.071718994013169499e-05,-5.549851969571629405e-05
9.582293476631011786e-06,-4.631370092467232272e-05
1.034396380082489781e-05,-3.830918626544409721e-05
1.051429291508566986e-05,-2.999116097506891512e-05
9.987824178698286913e-06,-2.180654333952448631e-05
8.549031116092123747e-06,-1.451150960242788186e-05
5.886584922403719449e-06,-8.835024225563684549e-06
-2.730616030827090484e-06,-1.207898361515690465e-05
-1.349997455922689054e-06,-1.522003906541193977e-05
1.349390853694895360e-06,-1.773774524800730083e-05
3.789385825577798677e-06,-2.019048562122053805e-05
6.140426798703447011e-06,-2.267308484915219426e-05
7.905997573342048604e-06,-2.587012952835269545e-05
-6.331408695085252118e-06,-8.838733320616265943e-06
-8.444996135413909100e-06,-1.301766646329675535e-05
-9.607557195389294623e-06,-1.890262333938426935e-05
-1.005625753825200553e-05,-2.541190362042649862e-05
-1.218807660451350830e-05,-3.505828999224692657e-05
-9.945941210290125007e-06,-3.663084792049214075e-05
-4.636486838872996518e-06,-3.643450465986592258e-05
1.393759311776818148e-06,-3.537727640824325521e-05
6.303397361550869286e-06,-3.344864299592341459e-05
-5.251106482497086379e-06,-5.770259139812673640e-05
-5.347948179525287098e-06,-5.001302996022239679e-05
-4.981896786960324970e-06,-4.275745370326845400e-05
-4.146912651606396282e-06,-3.543982288623317051e-05
-3.019204804314426987e-06,-2.776962819469110821e-05
-1.894780037576250654e-06,-1.973607683328372888e-05
5.647070304665706076e-08,-7.064614101590063115e-05
7.002494313213764322e-06,-7.252986574437775399e-05
1.197032660881857385e-05,-7.174372504518764643e-05
1.203892582233011152e-05,-5.706345302091700921e-05
1.243693442650254341e-05,-4.634359050124073245e-05
1.214122256698046670e-05,-3.574980319972930105e-05
1.105820921295564313e-05,-2.574450776218717115e-05
8.903214725730083633e-06,-1.722972603488886681e-05
5.281530754204477699e-06,-1.111906314646099590e-05
-3.605119699807282960e-07,-1.035960284297782414e-04
-4.732768365704356857e-07,-1.013107682795505102e-04
-9.603998152135986420e-07,-9.794078428373306452e-05
-1.656746371915494306e-06,-9.357983711239039888e-05
-2.374476455128219741e-06,-8.844308151740897298e-05
-3.048101057738324745e-06,-8.257299170004449328e-05
-3.485299226064348940e-06,-7.614475770133772941e-05
-7.907844888664087495e-06,-9.931497604297447545e-05
-1.534805280787089902e-05,-9.576480328847786303e-05
-2.238770278990213480e-05,-9.277080218630357031e-05
-2.725040398154450407e-05,-9.055737179876234414e-05
-2.684673496058616855e-05,-9.149275180878136478e-05
1.159284604068789613e-05,-7.068594218272615732e-05
5.554824536742167532e-06,-6.768059816484204238e-05
-1.735315070953439516e-06,-6.725658592153406360e-05
-1.381549775184103352e-05,-1.064720755168548473e-04
-1.014351913595782148e-05,-1.160310061299986634e-04
-6.418433336259632585e-06,-1.223527429593525382e-04
-2.745345738706781127e-06,-1.254388043640408830e-04
7.243169163345456678e-07,-1.253975195296352333e-04
3.927762509280853424e-06,-1.224242792201306513e-04
6.716742200782092815e-06,-1.168005052283114641e-04
8.872865160514686899e-06,-1.089724475758638219e-04
1.037713232790574100e-05,-9.944838443181008934e-05
1.105795981922140751e-05,-8.872189812134509597e-05
9.542895628915838661e-06,-3.677403104419490158e-05
9.527357358219645960e-06,-4.208832150916641133e-05
9.099797764024574582e-06,-4.774094064658793152e-05
8.328012608125812057e-06,-5.282377594167289960e-05
7.297566516158128662e-06,-5.636665238792965720e-05
6.067371948825366710e-06,-5.749421473996692647e-05
4.572398706665814284e-06,-5.626944568988142371e-05
8.088801349245130574e-06,-3.091704523762330134e-05
3.809896239069477194e-06,-3.068204703503514335e-05
-2.564312252159844574e-06,-3.126562843464384132e-05
-8.978423086753734361e-06,-3.260230702000162971e-05
-1.204251696713082396e-05,-3.552713401427612410e-05
1.072068266842685117e-05,-5.738038977387386485e-05
1.037289304087950521e-05,-5.509303924774568102e-05
7.497856880415561244e-06,-5.390599275439092095e-05
4.235707897497889470e-06,-5.304334776300976179e-05
1.532015750552536391e-06,-5.254045848923282819e-05
4.730538240122594971e-07,-5.243693279691339813e-05
-9.922285715016713461e-06,-4.830633054264029118e-05
-9.211573112085988995e-06,-5.620982779778477690e-05
-7.959626028372617380e-06,-6.319146538993108595e-05
-6.273540721228051724e-06,-6.891914786923444391e-05
-4.285042527677601214e-06,-7.308642490924168735e-05
-2.080566148735492318e-06,-7.548147768722792621e-05
2.122068911147677405e-07,-7.598020417522102917e-05
2.390079950031931133e-06,-7.460319003594588635e-05
4.420528115741311261e-06,-7.145624806972662735e-05
6.112429173899641283e-06,-6.669338262434195276e-05
1.674457420669529841e-05,-3.471574811753938919e-05
2.323135078398608009e-06,-1.927583366397183731e-05
8.978096705628501700e-06,-2.303039377040671116e-05
5.645393634451996021e-06,-2.225296696898451809e-05
1.295211874537028952e-05,-2.654856833025984124e-05
1.928723596149089971e-05,-4.730060869948236348e-05
-1.610859331956758940e-06,-3.649451777343967632e-05
-4.184549452717609751e-07,-3.162199344731110277e-06
-1.820641184585437340e-07,-2.498692179130266897e-06
1.932136982790013272e-05,-6.310564992305511150e-05
-1.124778570970092003e-06,-1.721663657722087364e-05
5.402676602388175292e-06,-2.091760880379172521e-05
-1.715820954335786877e-06,-2.440410439046442127e-05
-1.802323125375497556e-06,-1.714789458470545352e-05
-8.291720527644789308e-08,-3.746084039324807309e-06
6.458847332461819475e-08,-2.653553258540870295e-06
-8.182610533365828661e-07,-5.111250039724513924e-05
1.175644329228937750e-06,-2.149670741307131344e-05
1.761003298899056329e-05,-7.793352113742492177e-05
9.246729635555407288e-07,-1.955162805320139155e-05
7.540909417898245242e-06,-2.804860366867356782e-05
5.476811224323467348e-06,-2.444670958421419103e-05
1.629457787113703215e-07,-2.169244166278991304e-06
1.423330392640580650e-07,-1.680576525046965143e-06
1.040279645807913529e-07,-8.614213776187240696e-07
8.121189432970306048e-08,-7.304121987837205362e-07
4.240284311078458780e-09,-6.617665778949123633e-05
3.752898479718334110e-06,-2.006131988268766668e-05
1.525884365450609338e-05,-8.608524987538965310e-05
1.327200452133831336e-05,-9.373992532646089931e-05
1.043696823319179668e-05,-9.948563808198488713e-05
-1.331685042881850074e-07,-1.399187626256430637e-06
-2.115910049995427050e-07,-1.764772280174198101e-06
-8.696649402731987441e-08,-6.066665625454290668e-07
-1.081390213043542075e-07,-7.026245549807827089e-07
6.948393954066190675e-06,-1.054408210392942982e-04
5.898551444719040543e-07,-2.008510073077577978e-05
4.310287587471720292e-06,-2.804945254719356189e-05
4.901118078473087494e-06,-1.094623976787121618e-04
8.494259437987481450e-06,-3.560736277128988893e-05
1.337793862680947042e-06,-7.804281555323042694e-05
-7.563710213653650021e-07,-1.885370644280979217e-05
7.236334583824654603e-06,-2.586658397091362065e-05
3.172487241656848215e-07,-3.272385261772805929e-05
2.483139842337759783e-06,-9.044945731721075314e-05
-4.392375268671780707e-07,-5.056243421458209077e-06
-5.192484178568729513e-07,-5.514252750561909585e-06
-4.940036973003522917e-07,-4.370091909564649177e-06
-6.333966742296127905e-07,-5.906216459496799199e-06
-4.539971464582475631e-07,-4.798757631351480398e-06
5.026911064719180922e-08,-4.143692694062967365e-06
-1.271490454658198074e-08,-4.292787351632317897e-06
-1.710454595891047227e-07,-3.369791690228965331e-06
-1.192873668304740675e-07,-4.462587364147174264e-06
-1.502856855788590823e-07,-3.650659966318077266e-06
1.210623355846825230e-06,-1.062907597898605984e-04
4.480308048639660960e-09,-5.000165713476457760e-07
5.408008493512151719e-09,-5.668154150198345803e-07
2.176634652431424337e-06,-9.951252736177873602e-05
-3.687524509860678039e-07,-4.116727653722584485e-06
-1.159333634769007124e-06,-6.093311757721221390e-06
9.562412582476786618e-06,-4.392388701334983469e-05
3.141008995839826173e-06,-3.274411802994025623e-05
7.485854487314569559e-07,-1.976177331103109511e-05
-3.077379105728020240e-07,-4.634737202613484706e-06
-9.805882528597021580e-07,-6.604023329976900916e-06
6.910953565172387929e-07,-1.123492357271668220e-04
-1.117718070749349977e-07,-5.271936179302232718e-06
-8.729623902613857820e-07,-7.021175130348465118e-06
-1.577428160797607099e-06,-8.747122861574497019e-06
-2.831883923048059975e-07,-6.004350730616665665e-06
4.056446122050134548e-09,-3.536384960500941431e-06
-2.347205957335285615e-07,-4.865633770235445458e-06
8.637709249582901282e-06,-5.179887712971053279e-05
-3.679170573447212799e-06,-6.908997806026901901e-06
-2.225538136336954759e-06,-5.833510131099642138e-06
2.275070073182606119e-06,-1.122661671461164045e-04
8.953144607085527155e-08,-3.907824570740950292e-07
1.051640078741554056e-07,-4.412605974894777519e-07
-4.452067858623181820e-06,-1.318870025031464425e-05
-1.696487476391752178e-06,-1.611614839242722812e-05
-4.692535075795715283e-06,-2.889266708130070418e-05
-6.812025967127390394e-06,-6.704045842964062487e-05
-1.232054137409990466e-07,-1.153792876792311298e-06
1.573953734060307926e-07,-2.084627283670891483e-06
-4.645677992067501797e-06,-1.558403260603342488e-05
-2.409042220978165490e-06,-1.064283744882340611e-05
2.756216468146372368e-06,-4.087398578012947490e-05
1.188689774676583779e-06,-1.680125308620175292e-05
2.401656748610981418e-06,-8.525439478265345769e-06
2.841167368871104569e-06,-6.312928620010482245e-06
5.474894080611351537e-06,-3.735358755768342830e-05
6.341179866963279086e-07,-6.568725386484760207e-06
3.858634866520442294e-06,-1.978072622842421617e-05
4.048092575455252367e-06,-1.680824804736939337e-05
4.222100564690135045e-06,-3.380627577586712976e-05
2.957400781839430959e-07,-1.353462929679465449e-05
4.309588944416900213e-06,-4.047224818732853252e-05
-7.824533744000180645e-07,-1.757318442517527514e-05
3.232465490946060348e-06,-5.027055065840401843e-05
3.360872995865032672e-06,-6.246811569380709961e-05
2.365556093114844674e-06,-6.333822138182314731e-05
2.976005447908503325e-06,-8.188310661211185436e-05
4.333068902400014826e-06,-4.373168635580594236e-05
2.788605200579418485e-06,-1.037798070747295541e-04
1.193171968128751365e-06,-7.328461456962882825e-05
-5.185198661042505003e-06,-1.008039205935381042e-04
1.337975145279872906e-06,-1.201359044316704672e-04
-4.951106172161325326e-07,-7.636130349113476659e-05
-7.697175561165882236e-07,-1.263792958768171102e-04
-1.893542341818985697e-06,-7.155975922668763299e-05
-2.829493818064984361e-06,-1.202201900592717851e-04
-3.019434143112583940e-06,-6.004804103643262571e-05
-3.677205063001144310e-06,-4.400304949976475939e-05
-1.965646387807530135e-07,-2.670290732808848622e-06
-1.231952615253772739e-07,-2.949004325818386685e-06
-3.087231681165870889e-08,-3.468272648993556297e-06
-1.643357026095653622e-08,-2.765411923399228200e-06
-4.014746514662255603e-07,-3.458508549466765547e-06
-2.822847426810069788e-07,-3.816527468963064513e-06
-2.119496385153917278e-07,-4.565734171284821331e-06
-9.699310694609845431e-08,-3.554441777779773069e-06
7.144424244460045626e-06,-5.668046252540430831e-05
3.290988614415096025e-06,-4.803277105399742132e-05
7.231793261458082999e-06,-3.292992903639821591e-05
-1.075938607331686364e-06,-1.935185650064940780e-05
1.517232755405856871e-06,-9.935323250340176730e-06
-8.771406108371799099e-07,-1.956822437960844635e-05
-7.401094355131859653e-07,-6.320488024201442704e-06
-1.898483410956982984e-07,-4.602110616933295549e-06
7.454719866709095143e-06,-3.020643942707749435e-05
6.453345834891590839e-06,-2.653077514766813779e-05
-1.920667339821738308e-06,-2.965590355362624679e-05
3.677046086032774356e-07,-3.168061208930069382e-05
1.429663076465801357e-06,-3.720456075609587977e-05
3.264423889474881164e-06,-3.312343142862738928e-05
4.687722760617640759e-06,-3.796834054004978565e-05
6.340188799498130344e-06,-3.425165397277833658e-05
4.796785996912573804e-06,-2.992450391646714436e-05
7.734945437680916888e-06,-3.093091722740866004e-05
6.173616070525775075e-06,-2.740842365930371339e-05
8.038347042711164569e-06,-3.912188846200485398e-05
5.917374079962973097e-06,-4.353499371159451684e-05
9.736996582622623215e-06,-4.419418460613302373e-05
8.035077240900866943e-06,-4.915334952303897215e-05
8.823693148022111827e-06,-2.818748777047516707e-05
7.287126810429158270e-06,-2.540782967735946812e-05
1.140182935875781393e-05,-3.987686511550314936e-05
1.173254155094389716e-05,-4.942830038333652631e-05
9.692077225759886594e-06,-5.457042679246911052e-05
6.184204289894072719e-06,-5.410022317867581711e-05
7.354256790529412745e-06,-6.007774714601903164e-05
1.362844584445021633e-05,-5.460858336410141301e-05
3.658943228053042821e-06,-2.652996506478856692e-05
1.065700456138218944e-05,-3.182150060255070401e-05
9.512289232815908166e-06,-2.609332598086204694e-05
8.035737440954562365e-06,-2.390715292345893346e-05
6.139611740771499918e-06,-2.333185473069736315e-05
6.970046729243496317e-06,-2.239867137828774693e-05
5.395232482372716005e-06,-2.182711427741499427e-05
6.307984486954829162e-06,-2.147077750554572421e-05
7.406906019729701197e-06,-2.202962556903726761e-05
6.843198346240908567e-06,-2.170456781521424124e-05
7.379692633814588730e-06,-2.220728547972800144e-05
4.982558395947137323e-06,-2.078148449953863989e-05
6.928117512861100255e-06,-2.246923074188648898e-05
9.893468949234421591e-06,-2.446382751619661472e-05
6.652391991468451886e-06,-2.196641415886466667e-05
6.943730978229734435e-06,-2.290334981618057051e-05
5.184329946826116804e-06,-4.912722345589767153e-05
5.048280168870928242e-06,-5.555404691260811998e-05
-2.080625616731502519e-06,-6.665764283518022394e-06
-1.036709539148582224e-06,-5.637559942833603861e-06
-2.137998320794979332e-06,-2.120279514984131354e-05
-1.324613680639807246e-06,-2.175109679219848884e-05
-3.171352150997874159e-07,-2.419085365110367305e-05
7.049745129806220616e-08,-2.188984121662686415e-05
1.460218303593936135e-06,-2.382708565886296857e-05
1.657669668430332660e-06,-2.177927521835645909e-05
3.606124556452282040e-07,-2.029367038469675355e-05
1.705994965465103147e-06,-2.031595100009740465e-05
5.681886648464125803e-07,-1.924221666605240537e-05
1.640518421613673906e-06,-1.937726631177086461e-05
6.374977554799873595e-07,-1.860263182866898348e-05
3.313753769464436474e-06,-2.351404033711123722e-05
3.223281536822359785e-06,-2.610714068439214076e-05
1.458067044271526103e-06,-1.885910757054644777e-05
5.784073087141510320e-07,-1.831915412511389142e-05
-1.229377481019497569e-07,-1.791785655675114073e-05
-1.437675373371730935e-07,-1.782267584485969746e-05
4.363600456475172769e-07,-1.834970547477118453e-05
-7.190618852270867175e-07,-1.720823344847979762e-05
-2.029653675241789006e-07,-1.805181765174582382e-05
2.511468304572856235e-07,-1.863655536000680111e-05
9.185203465264658968e-07,-1.881663849663575865e-05
-1.955271689245493703e-06,-1.957858126218297611e-05
-5.425232335658005305e-07,-1.905323902626163902e-05
2.775690243675133358e-06,-2.025341763615541948e-05
-1.062675587232767900e-06,-1.728485176294234239e-05
-1.412577710651023030e-06,-1.621632796295372910e-05
-8.427700362319121618e-07,-1.812724163380591161e-05
3.410847816654013877e-06,-1.934139095622078319e-05
-1.679400457949482251e-06,-1.606744041074277372e-05
-1.317967032705636013e-06,-1.748337442762709222e-05
2.426055380226310981e-06,-3.755096788488457608e-05
3.537590325706894492e-06,-3.249194161842777252e-05
5.828207523624776401e-06,-3.900864625206828103e-05
-7.894162357922486942e-07,-2.584451343629314422e-05
-7.132209393951992783e-06,-8.477849968688338990e-05
-1.577260468472878517e-07,-1.991193038067265637e-05
-1.960505542274033951e-07,-1.975243230390060010e-05
5.399327295935746662e-06,-3.054092586665655188e-05
-4.823208968340917385e-06,-3.548577083744942971e-05
6.638254641576794425e-06,-2.355757051712914973e-05
1.770446441199857035e-06,-2.903229366810178134e-05
-2.517376147934359615e-07,-6.554875950075999100e-06
-1.150282556160638589e-06,-8.777337149659445418e-06
6.535630902137834094e-07,-1.913300499014814789e-05
9.599060494971050139e-08,-1.907218686242065107e-05
1.212668507883299142e-06,-1.919357753029385261e-05
3.136972009576207073e-06,-5.715110344270800803e-05
3.780281879395388263e-06,-7.220044262096278335e-05
7.672511359129463942e-06,-2.265636370137269023e-05
-1.041056034949649420e-07,-2.273925916936465587e-06
1.339774459858243072e-08,-2.182959600150597467e-06
-5.540982711746144590e-08,-1.811492284329806999e-06
2.228105934604605122e-08,-1.725899830662797440e-06
-6.480356433358764318e-08,-1.420888913877047071e-06
1.022699500753889722e-08,-1.333273825993961855e-06
8.790881260671865182e-08,-1.669336959589680592e-06
-1.869829952102945466e-07,-2.874455887743234070e-06
-1.035609378780811912e-08,-2.731561857357157209e-06
-9.290692818051904259e-08,-2.232330825442994109e-06
1.931623820891171855e-08,-2.102593595085107489e-06
-9.162805964886091437e-08,-1.709363237977478395e-06
1.019383028549343647e-08,-1.582945642314898359e-06
1.066229610078645739e-07,-2.054778896571995737e-06
5.400318924445268518e-06,-2.549182743143966315e-05
4.009032247846757501e-06,-2.262374987746603022e-05
7.031526835094028677e-06,-2.334214651208733147e-05
3.767752699199175982e-07,-1.135094720592449925e-04
1.174798692177357560e-06,-1.129223121749923728e-04
2.308065781248480334e-06,-1.109001059641446569e-04
-1.130384850883842146e-06,-7.336954170251991239e-06
-4.577605772245220368e-07,-6.228946451753488990e-06
-2.157972156864974514e-06,-8.923402280443573146e-06
-1.371388034328577754e-06,-7.802365012208757798e-06
6.606397140059034145e-06,-3.692752756797029469e-05
-6.558517399622411756e-07,-2.791547611581921096e-05
-4.889302758273315065e-07,-1.357120426790433652e-05
1.576149563268725006e-07,-1.136084849579589839e-05
1.190608922317140199e-05,-2.919602188978626147e-05
-1.115034740529540264e-07,-1.070303047338336389e-06
-1.572956072558975058e-07,-1.303536284299010047e-06
-6.608331934297951161e-08,-1.076439181615613292e-06
7.360173943897673810e-09,-9.636558702749473065e-07
-8.490899933970947792e-08,-1.264431977217735509e-06
8.496127177480943820e-09,-1.117861120563387572e-06
-5.392961636168162970e-07,-9.161245339114349330e-06
1.085427530882439493e-06,-6.180923406111621123e-06
8.413134539150327176e-06,-2.295669636635714773e-05
9.638556619578589362e-06,-2.342346515704182055e-05
8.272386823355197275e-06,-2.252671566952644603e-05
-8.350580929416776841e-08,-8.157896994574762850e-06
-6.110454678839860598e-07,-6.848201356177911833e-06
-1.919489689341487872e-06,-1.199729060523975946e-05
-2.109050826625882790e-06,-9.753272375904685951e-06
8.433575688857989668e-07,-7.152207661342646985e-05
5.219979302860014240e-06,-7.358700844080651052e-05
5.746675350648225969e-06,-7.960469121341376853e-05
9.451426180473772992e-06,-7.543370053730615043e-05
9.878640833122541903e-06,-8.087637467542946529e-05
9.151524202867226089e-06,-6.993128187402008827e-05
1.330543432867831725e-05,-7.143231039915728107e-05
1.257802416234561049e-05,-6.624119998416074678e-05
6.424940365672304330e-06,-8.481266758071824498e-05
1.038244851124767265e-05,-8.587373496614767083e-05
4.906006095355965488e-06,-6.684259683080327936e-05
-4.130483720138236373e-08,-5.922311339080379804e-05
-8.718764689261930946e-07,-1.806781753372226331e-05
4.595629813275443396e-07,-1.952199065774284188e-05
3.052143622897414912e-06,-2.158467100309492375e-05
7.284934449625278283e-06,-8.981540221194008410e-05
5.169561774847469228e-06,-9.352945363285743868e-05
8.392827663575838838e-06,-9.319585949092322116e-05
5.857236436059234754e-06,-9.692745502395222164e-05
-6.880490725819927834e-07,-4.312478071864595046e-05
1.076618508690463145e-06,-1.096196714115405636e-04
2.855987377680105313e-06,-1.080779644836545787e-04
3.150750093885593367e-06,-1.056362887446041980e-04
1.394982975599943734e-05,-8.220669130367368052e-05
1.145232976880433996e-05,-8.977000379759918723e-05
6.059761968661415086e-06,-5.736920344444529683e-05
-8.547225312898078124e-08,-8.387143077375086529e-07
-7.128803580056048864e-08,-7.302351235959977364e-07
-9.474239710756863127e-08,-4.087585407464285809e-07
-1.114679890983655680e-07,-4.637356153727764180e-07
-2.133167168144074885e-06,-2.201669121910499488e-05
-7.410117240964661965e-07,-8.846953326341882456e-06
-4.654648157294897980e-07,-1.216538100094863130e-05
1.329107166125239730e-05,-4.467928267503860614e-05
1.497539000186307602e-05,-4.031025324393066646e-05
1.254465298136562934e-05,-3.588225950477855962e-05
9.427393378516670674e-06,-3.513912990188069861e-05
2.007896016637647489e-06,-1.026369305663692394e-04
4.945779377650806949e-06,-1.004965298325477167e-04
4.744251401503056085e-06,-1.029186573404000275e-04
8.386696590594018504e-06,-9.857144930186622202e-05
7.292494859364040512e-06,-1.012509789201387379e-04
6.695106188543169689e-06,-1.035002101580185868e-04
2.643915312390485009e-06,-1.953823457144712722e-05
2.689716186344532248e-06,-4.630958106349493408e-05
-3.523354725139070947e-07,-5.748169807779754532e-06
-1.360688677559131380e-06,-8.015517357046519816e-06
1.013614629107597687e-06,-1.040885792723987086e-04
-1.567960595626431429e-06,-1.165922393929538730e-05
-1.882705276342698590e-06,-2.869248510831429657e-05
-3.428027418608538727e-06,-3.407797673533426765e-05
1.658607336783208362e-05,-6.746244435745886784e-05
1.203057287896009801e-06,-1.869002977896572006e-05
-2.264910948905526946e-06,-1.788800402905000436e-05
1.400546184242971407e-06,-5.290126652002110894e-06
8.932034931581818373e-08,-1.198299145060779907e-06
7.173946522918818702e-08,-1.023293896919468979e-06
4.692873115811383433e-06,-1.068760429716060484e-04
-1.536321961931909197e-06,-7.098971357175567370e-05
-4.680143337694325043e-06,-9.762676781582477203e-05
5.036888586852794359e-06,-2.328748119820440006e-05
1.802257538233271824e-06,-8.413493423484274365e-05
-3.926486004608853066e-07,-1.849561588159089263e-05
9.910996581843798598e-08,-2.086669837662644914e-06
1.016025555910472693e-07,-2.641508302823329023e-06
1.191487789836992568e-05,-6.051094885541541732e-05
1.637169046666971616e-05,-5.917003012462505499e-05
1.803667326398771382e-05,-5.470337729333735470e-05
1.568817947179413548e-05,-4.994063250497194088e-05
6.164388809092418460e-07,-1.035907122018158422e-05
-4.552522924921128078e-07,-7.630975277182045456e-05
-3.261521957638479410e-06,-1.163063709334646292e-04
-4.019781536195143659e-06,-1.122265791970813883e-04
6.024091339455961732e-06,-5.421055012512061925e-05
-3.461154586401814437e-06,-5.247471322740101407e-05
2.590590940214181685e-07,-1.247629313621802997e-04
-1.784335060414704924e-06,-1.249099252858871959e-04
-1.282929627679641698e-06,-7.489605689110027920e-05
-2.517301899466614174e-06,-6.652561710196236216e-05
3.944921773358977873e-06,-5.168648343878443297e-05
3.816650417276880933e-06,-4.243481105990695994e-05
-2.144003876579860081e-07,-1.611698038825829044e-05
1.781334169136707181e-05,-3.851651290289053066e-05
1.531889616945177261e-05,-3.137906053579717200e-05
1.866638594131635098e-05,-4.274396692143860802e-05
3.008424578862696570e-06,-1.952642086344575015e-05
2.066109958764261652e-06,-1.907763731861681971e-05
6.885849748200909267e-06,-2.337206150967528203e-05
4.639953575363906833e-06,-2.092896475364515980e-05
3.142532422000686058e-07,-1.878172757691504226e-05
-4.811957788905977361e-07,-1.224907166124808470e-05
-8.246976229036807863e-07,-1.298779455273773278e-05
1.609216424514852941e-06,-1.901458472349702600e-05
6.693088982945576311e-06,-2.332595256565805030e-05
4.704739828501216591e-06,-2.593043181308188780e-05
6.272650527588577462e-07,-2.012117386450282142e-05
3.341720407652898643e-06,-3.035529273300654283e-05
1.836558957659920239e-05,-7.251044411459437919e-05
9.559438714928424286e-06,-3.952357309916022435e-05
8.503273800946524810e-06,-3.156381509878441647e-05
5.800891804772731361e-06,-3.010096109796678572e-05
-4.547594976563931532e-06,-2.209126833409606142e-05
-6.581512448644141296e-06,-4.744853106408702400e-05
-5.671853485064554497e-06,-2.850366547399126228e-05
-4.419703901750718392e-06,-1.003223370696242630e-05
-2.560189463674938790e-06,-7.590648070871094506e-06
-2.048480653076465869e-06,-1.366837365300861634e-05
9.279996520049823495e-06,-1.018814215435532607e-04
1.180833773997473998e-05,-9.680927132247768325e-05
6.552174466628387533e-06,-5.807421151847001609e-05
-9.837711574856280122e-07,-1.770560844467200298e-05
5.625788194829928539e-06,-4.460174429689407120e-05
5.476169844673602591e-06,-2.667470750465698149e-05
-7.192867015430707021e-07,-1.739653787271333257e-05
-4.687785574181194968e-07,-1.513530503536551707e-05
8.746185253749280456e-07,-2.587503079523351558e-05
5.995191362225694902e-06,-2.109386113278494861e-05
4.410726349300383024e-07,-2.369485673686670243e-05
3.686357604628683021e-06,-1.110692474106754870e-04
5.943384405393610914e-06,-1.076190902387170664e-04
1.140353074519629755e-05,-2.476043777349558526e-05
1.404503716088246297e-05,-2.861415869585691546e-05
8.585271154401208973e-06,-4.849638363683377170e-05
4.842629122559131098e-06,-1.872115301786524388e-05
1.238840188194652606e-06,-1.770155272868477076e-05
3.416006678302598570e-06,-1.977816682259708023e-05
-3.171304789730791476e-07,-1.399510830721293880e-05
3.362635277193969870e-06,-3.672356428947638632e-05
4.556885740630654029e-06,-9.336007198149464509e-05
-1.659874665496006488e-06,-1.442957719057796482e-05
9.833608106494240905e-07,-1.868072714948477712e-05
6.596158644126259112e-07,-1.986783550153431229e-05
-2.105154375545088111e-06,-1.463057245067585856e-05
1.359479157126570563e-05,-7.671394439577468554e-05
1.280315590032018543e-06,-4.022786761262354976e-05
7.242882261817882850e-08,-3.407569847315203711e-07
8.366228506423061412e-08,-3.830842681525579233e-07
-2.095352064708808236e-06,-1.592627155578297664e-05
3.930484302716184902e-06,-5.221944615920231847e-05
1.368990017001496155e-05,-3.306192607943489258e-05
3.563351425363012834e-06,-6.010069782529050989e-05
9.075090266704801499e-06,-6.462488138682049904e-05
-9.370079778722473359e-07,-2.010836038841872430e-05
2.028538367817099740e-06,-2.863760246722363851e-05
-1.681491993376627252e-06,-6.195463311508752358e-06
-1.376022166427917423e-06,-5.058068449681126418e-06
5.988703375113201723e-06,-2.493990729872487880e-05
-1.052226073387446941e-06,-3.705425955016540805e-06
4.036812379877671137e-06,-1.088906390002317658e-04
-2.068280519270973376e-06,-5.997053792271689869e-05
-4.637951867160248779e-06,-7.648335872910279841e-05
1.292185730225022774e-07,-1.934550112408047909e-06
9.832005643888572857e-08,-2.940350203186902621e-06
1.087150008427375284e-07,-2.605618100084528486e-06
1.429684556848250059e-08,-3.907269513620392872e-06
6.468640349501215582e-06,-3.316674738477664658e-05
-7.002141966578119498e-07,-1.704953178339855164e-05
-3.594010195920733230e-07,-2.354175334329909952e-06
-1.925365259208375183e-07,-1.831995970871865398e-06
5.842570254823322444e-06,-7.746620618585158859e-05
1.084589398302518915e-06,-3.302827140625808674e-05
4.975570524418981108e-06,-2.469300341965252322e-05
7.366518569054092186e-07,-3.112099734228603514e-06
-1.520965570464487210e-06,-1.867185494676185505e-05
1.464989807688003708e-06,-5.149845374023836217e-06
-7.035359285784988441e-07,-6.471626140235767772e-06
-3.095934843231714917e-07,-1.829689538089544328e-05
-2.069903328071918260e-06,-5.351157110539013484e-05
-4.305426485653656743e-06,-6.684510117984210733e-05
7.973474310008205380e-06,-5.465083386328847739e-05
3.455099484641344121e-06,-2.099615889191974299e-05
-8.247149834912312269e-08,-3.847507191090289313e-07
-7.145591088293873263e-08,-3.411252225866236959e-07
-2.640202321342748381e-07,-1.858855790329634980e-06
-1.555963028564626435e-07,-1.451527514211145048e-06
-1.307878273882513111e-06,-1.701209492992263896e-05
-2.278631663074523931e-06,-4.603028172957400086e-05
-4.387364124850220760e-06,-5.651602640315452335e-05
-8.903246241337578969e-08,-7.932260603998467379e-07
-1.182108197867447592e-07,-9.422300742919974472e-07
9.834266734687162936e-06,-9.548919761593813301e-05
8.632079169596483187e-06,-1.035890068610796980e-04
-2.187293065143270906e-06,-3.744906663646996943e-05
-1.503528779712253259e-06,-1.486261972175440193e-05
-4.027148924770621225e-06,-4.515005427830679732e-05
3.789647393981790777e-06,-1.069798411430530845e-04
1.852974940134402557e-06,-4.849756826405697199e-05
3.024061992248143981e-06,-5.278953599543594776e-05
2.579873592254185680e-06,-1.167123157242772920e-04
1.809653837467605336e-06,-5.651936562743640704e-05
1.455037332519097646e-05,-9.026153992512387899e-05
4.744086494911229951e-06,-2.029354290633360157e-05
1.460133838801563410e-07,-1.478017146910839747e-06
1.151494490157785382e-07,-1.185121295340921602e-06
1.577356753498950963e-06,-6.364956074494595994e-05
1.304881968888732393e-06,-1.230817190498544175e-04
4.025738879016514977e-06,-2.484508666066321053e-05
3.928673709229224474e-06,-2.934583417774326981e-05
5.168596506302131971e-07,-1.009117988295297699e-05
9.881118051779386281e-08,-1.597717297521517687e-06
7.835448449902387258e-08,-1.332179552917913589e-06
1.864145695229646568e-08,-1.260840033800883584e-04
1.204436067042718126e-06,-6.949222619024866484e-05
7.199715904508107070e-06,-2.549740384161817977e-05
-1.589775612478151002e-06,-7.632608311067629400e-06
-1.420102301278930226e-06,-1.960059537844423402e-05
-2.627923733532242766e-06,-2.308772580621013771e-05
6.976293107828861023e-07,-7.371140474104349567e-05
-1.245583932241182398e-06,-1.258063787665336349e-04
9.967357471739529539e-08,-6.407012465518838204e-07
8.103609122221166668e-08,-5.564045587206463106e-07
1.065597998583931097e-07,-7.602965340523337549e-05
-2.360083853125511061e-06,-1.223762589795718053e-04
-5.519913546738621265e-08,-6.747179586634566404e-06
3.598264083249755257e-07,-5.306760003257176592e-06
4.245495837988715604e-06,-1.108689706134556395e-05
3.943626076641023486e-06,-1.336344449751279775e-05
3.490359107830305494e-07,-7.576329547527727449e-05
1.981331323133801774e-06,-1.128121236612059124e-04
2.347774409510133234e-06,-4.443274032443471507e-05
1.157624462810989735e-05,-2.666123754680369730e-05
-4.065611672148342228e-06,-1.077742896987960006e-04
-1.026037174161672081e-06,-7.457703790957402698e-05
1.733480612041827101e-06,-6.902498238690650491e-05
2.727076053725618359e-06,-9.316669421161594936e-05
9.318060151817024911e-08,-8.070716375782854824e-07
7.795468564924360168e-08,-7.046781945215102391e-07
-1.899672226608753941e-06,-6.592034758013927756e-05
-4.883209572067608151e-06,-8.675152499080063891e-05
9.285539626535407499e-08,-9.200628377465158277e-07
1.207475784061098355e-07,-1.113765746406972941e-06
-2.084250904964509948e-06,-1.822145851489331738e-05
1.724573012757646100e-06,-1.928966281437150118e-05
7.773109896300804759e-06,-2.304748979129943537e-05
1.404176810590266119e-06,-1.411334401263670623e-05
-1.147504665994417110e-07,-4.274935887679127074e-06
-5.293212584169504744e-07,-5.728766684606407782e-06
9.830416839369303114e-07,-1.130797958297068823e-04
-1.951436743833978105e-06,-1.735458289349580684e-05
6.761472358151437923e-06,-4.558027810518389524e-05
1.045076114686112529e-05,-2.380429640124263519e-05
2.594241233541677617e-06,-2.394575546585162476e-05
6.264125504206695586e-06,-5.740580746598355902e-05
-2.447629613666305753e-05,-8.693291007542692508e-05
1.740764944708391842e-05,-8.182772887991394549e-05
-1.199175074604138937e-05,-3.568167351986800998e-05
-8.840984036625441547e-07,-6.800036209393431202e-06
-1.968037240815118578e-07,-5.009568980195860266e-06
-1.107398990911657874e-06,-1.807752421806332641e-05
-2.856868307950241726e-07,-5.069711278012201056e-06
-2.260202587782568608e-08,-3.771416702628130655e-06
6.749411487107263143e-06,-2.376348944843315427e-05
1.037611426267390695e-06,-2.612607767133823681e-05
4.052599563041295571e-06,-2.124551912622445383e-05
-8.841966625595273113e-07,-7.740912133482567102e-06
-1.622382952563823578e-06,-9.781931074258617961e-06
3.107266847634311317e-07,-1.982644011971062081e-05
-1.628967801143004121e-06,-9.616504200835878529e-06
6.134796789662848394e-06,-5.036072342038741540e-05
2.012783662354349635e-05,-5.836753004484488734e-05
1.915609480028006726e-06,-1.976835657002076768e-05
4.994578680599303084e-06,-1.049446303774023400e-04
-1.125719867784002729e-06,-1.676821521862515411e-05
-2.764377930690048796e-05,-9.017989743363069631e-05
3.733526454340230638e-06,-2.878923310425930582e-05
1.938850589437999036e-06,-9.628477168096432909e-05
1.260558384617825905e-05,-7.173931034102688266e-05
1.007142353206051295e-05,-5.660257387729200526e-05
1.985736949699398567e-05,-5.132977453178816190e-05
6.234634120493605578e-06,-5.739221966099093003e-05
-2.702086510025780206e-06,-1.207984117971716028e-05
3.423697133241171894e-06,-1.105347806643468695e-04
-3.005846444351090925e-07,-6.037787815350404379e-06
-1.328274170538245982e-06,-8.236982889077689175e-06
-1.207430271836090324e-07,-1.937152065131622747e-05
-6.442546017715921458e-07,-1.933775129024230973e-05
5.185293904316685342e-06,-3.381220472527355915e-05
-7.859521133260791060e-07,-1.854691553397184299e-06
-1.718122372569791398e-06,-1.600983875423693479e-05
1.584198648305453145e-05,-6.374951816301874740e-05
-1.400230312163982408e-06,-4.239596174010177019e-06
-8.318532232654163637e-07,-3.608336771225175149e-06
-2.017932791610839746e-06,-1.140883183831736251e-05
1.635496382520282846e-05,-4.491770454533969590e-05
1.104287217686452211e-05,-5.621480644005056926e-05
1.617268684723643149e-08,-3.423498783063837329e-06
6.825020689775387423e-08,-2.639284642254785668e-06
6.995493402251040900e-08,-1.732757295100956739e-07
7.939118691428042725e-08,-1.926818329957417611e-07
-8.743357872488136484e-07,-7.195687910175581424e-06
-7.417427726140073213e-08,-5.546874205152890842e-06
6.401482914496885721e-06,-5.604892296307139731e-05
6.356981249470685550e-06,-2.192517508693281726e-05
6.074153498145908931e-06,-2.817435868950826926e-05
-7.493841249485882092e-08,-1.888138871370766649e-07
-8.537421760761240148e-08,-2.111984683078894750e-07
2.390033338930583437e-06,-1.119196402688658496e-04
5.306571722840544526e-06,-4.825850827162712935e-05
1.120323731744639261e-05,-9.272590519172327133e-05
-3.870057575208609774e-07,-1.907510166242419242e-05
9.809226278272769876e-06,-7.097654848272693469e-05
1.515638439593222296e-05,-3.629658440980515521e-05
-2.847118195296106476e-06,-4.887220306456811806e-06
-6.550462711706110753e-07,-1.782501916771948438e-05
1.285938321157254032e-06,-1.944913872900866773e-05
6.343840467479939542e-06,-2.373499627939696657e-05
-6.215796639017401647e-08,-1.946401103123061171e-05
-1.154494120341440564e-05,-3.524482630774509074e-05
-2.146652814004303628e-06,-1.793388414345609602e-05
6.676674915442665048e-06,-2.476671097309560574e-05
-1.528840831607022847e-07,-2.213615302264408213e-06
-2.783931955607734936e-07,-2.830776618590778542e-06
9.079546457053890694e-07,-1.840647751190695812e-06
-2.751113608520549955e-07,-5.325560509829763736e-06
5.117587782624166160e-07,-3.739604912342625018e-06
-7.440214972611946186e-07,-1.142285005678098982e-06
2.026895897427188558e-05,-6.754029731829264659e-05
5.086990464201495468e-06,-3.546875982759384213e-05
6.053361793213266943e-06,-5.384931489804187905e-05
7.197148235184929149e-06,-4.236907120203083722e-05
5.217700622785296914e-07,-1.022480467337132382e-06
5.095441820261549410e-06,-2.752170955682029869e-05
6.389797118860821933e-06,-5.159593136386994144e-05
3.060414560873737187e-06,-1.040171815771457112e-04
-5.387951719261652928e-07,-1.589083466973952906e-05
5.182864143249729046e-06,-5.678084235557959820e-05
1.067979301902203132e-06,-1.127858910557350008e-04
-7.680691298664273929e-07,-8.047181329219051338e-06
-2.386412059355265891e-06,-1.129908494508669708e-05
-1.902331705582132610e-06,-9.166324215215608084e-06
-6.250302777069410875e-07,-6.642980023392552153e-06
5.434003479721197310e-06,-4.036531836899889255e-05
-1.088355641772098301e-07,-1.464698297925950156e-06
-1.671435889438030390e-07,-1.818680509428445541e-06
1.136977922038480154e-05,-2.548506624613278333e-05
7.040555717041059250e-06,-2.800652168625228491e-05
2.320123030894753069e-07,-1.999896980427420365e-05
-7.128019071177870378e-07,-1.234971261951463841e-05
3.566263335647553870e-06,-2.029648503292220236e-05
2.852275545179628061e-06,-4.127018911010193672e-05
1.475929030678143032e-06,-2.570701068355403705e-05
