Size 979,2
0.000000000000000000e+00,0.000000000000000000e+00
0.000000000000000000e+00,0.000000000000000000e+00
0.000000000000000000e+00,0.000000000000000000e+00
0.000000000000000000e+00,0.000000000000000000e+00
0.000000000000000000e+00,0.000000000000000000e+00
0.000000000000000000e+00,0.000000000000000000e+00
0.000000000000000000e+00,0.000000000000000000e+00
0.000000000000000000e+00,0.000000000000000000e+00
0.000000000000000000e+00,0.000000000000000000e+00
0.000000000000000000e+00,0.000000000000000000e+00
0.000000000000000000e+00,0.000000000000000000e+00
-1.196537925600153902e-06,-1.561114561041494406e-05
-1.641549959942733630e-06,-1.534751308314177991e-05
0.000000000000000000e+00,0.000000000000000000e+00
0.000000000000000000e+00,0.000000000000000000e+00
0.000000000000000000e+00,-1.119515555975972662e-04
0.000000000000000000e+00,-1.131669003253798621e-04
-1.151938991353829614e-06,-1.066767106541788480e-04
-1.902444169582262704e-05,-7.701334264209987656e-05
0.000000000000000000e+00,0.000000000000000000e+00
-1.892585971936022789e-06,-8.494264971377379669e-06
-7.594989579988664815e-07,-1.129630199978800227e-05
-3.678300839745653878e-06,-1.385409335193766904e-05
-3.824062428414012789e-06,-1.735147896886009479e-05
-1.015352465721696097e-06,-1.295456826733335977e-05
-1.711225982541322280e-06,-1.565180300081391702e-05
1.473504547063891308e-06,-2.027091531924300820e-05
-1.053505577934344003e-06,-2.282445791542750396e-05
-2.219959996724992936e-06,-7.135672067193891484e-06
-2.126727079819630986e-06,-1.497580405892566550e-05
-1.625153746830177468e-06,-1.583891079689232621e-05
-5.225963560533624379e-07,-5.628488189540674320e-05
2.270656665971922824e-06,-7.998863481799758094e-06
8.944793361258415620e-06,-5.962202228567567783e-05
-3.850594308811162083e-06,-9.374414576689588073e-06
9.714996993782262612e-06,-3.798799140809165626e-05
-1.107696987523533379e-05,-3.806560740089488944e-05
-3.528509114419323235e-06,-6.627580910719711987e-05
1.119170185696720563e-06,-1.264915780577656414e-05
1.095365079064278223e-05,-6.768313542040165387e-05
-1.233643834372811082e-06,-1.027873182055374847e-04
-3.206195367008458185e-06,-6.853108354921066611e-05
-1.713102583326603354e-05,-9.324411215071090879e-05
1.073003128040991878e-05,-7.593212675919658143e-05
9.924381630713587852e-06,-4.073790536880035639e-05
8.410972322305453204e-07,-6.054289011096826716e-05
-1.093061454797193933e-05,-4.566559166695959129e-05
7.956929493401021126e-06,-6.643127458717369238e-05
-4.990916174331685771e-06,-1.086253471969696414e-05
-7.934140942236016892e-06,-1.859696894124510241e-05
-1.026909315652286139e-05,-2.798697223010845848e-05
-1.175909546602732789e-05,-3.857499806839434991e-05
-1.244112041841698113e-05,-4.967852429596008240e-05
-1.242094147161768113e-05,-6.037528218520421661e-05
-1.231941351205610412e-05,-7.045343355459842956e-05
-1.247843415726442501e-05,-8.041149833164874588e-05
-1.251671588785499472e-05,-9.074061146067505007e-05
-1.161934943292545426e-05,-1.012277251123666605e-04
-9.860649411035679428e-06,-1.104909798809813762e-04
-7.412713798441463892e-06,-1.178731705963616640e-04
-4.400984213122377727e-06,-1.228317171211248016e-04
-9.599950509170897293e-07,-1.249745754173203999e-04
2.758673305816163669e-06,-1.240114908451025891e-04
6.622684050722063911e-06,-1.197618130688658908e-04
1.050154396740043577e-05,-1.121704856806050459e-04
1.428492516141282895e-05,-1.012612948535965811e-04
1.781184539138450668e-05,-8.691597110490164235e-05
2.062972017543007595e-05,-6.901260703092861157e-05
2.125956485366806167e-05,-4.834598570193323529e-05
1.812951453560459911e-05,-2.744899387043979995e-05
1.057490804267682625e-05,-1.064492038411120502e-05
0.000000000000000000e+00,0.000000000000000000e+00
0.000000000000000000e+00,0.000000000000000000e+00
0.000000000000000000e+00,0.000000000000000000e+00
0.000000000000000000e+00,0.000000000000000000e+00
0.000000000000000000e+00,0.000000000000000000e+00
0.000000000000000000e+00,0.000000000000000000e+00
0.000000000000000000e+00,0.000000000000000000e+00
0.000000000000000000e+00,0.000000000000000000e+00
0.000000000000000000e+00,0.000000000000000000e+00
0.000000000000000000e+00,0.000000000000000000e+00
0.000000000000000000e+00,0.000000000000000000e+00
0.000000000000000000e+00,0.000000000000000000e+00
0.000000000000000000e+00,0.000000000000000000e+00
0.000000000000000000e+00,0.000000000000000000e+00
0.000000000000000000e+00,0.000000000000000000e+00
0.000000000000000000e+00,0.000000000000000000e+00
0.000000000000000000e+00,0.000000000000000000e+00
0.000000000000000000e+00,0.000000000000000000e+00
0.000000000000000000e+00,0.000000000000000000e+00
0.000000000000000000e+00,0.000000000000000000e+00
-4.567605009620148360e-06,-8.983414734420903925e-06
-7.197898024948351400e-06,-1.644741783940175734e-05
-9.033140744277780597e-06,-2.539706770692805405e-05
-9.950968420698580577e-06,-3.514143766453584636e-05
-1.002850273841025128e-05,-4.496299838965191089e-05
-9.385275365544481306e-06,-5.403191366907098865e-05
-8.460164525594312062e-06,-6.201855796111666920e-05
-7.471937723447840006e-06,-6.900546824852820239e-05
-6.294979942065792602e-06,-7.507265333334369926e-05
-4.646119806155841708e-06,-7.998763060147815861e-05
-2.668780836956442196e-06,-8.311316576696848603e-05
-5.158041210105326626e-07,-8.425813063316801171e-05
1.686400522227940431e-06,-8.330676382350521002e-05
3.800351264612918433e-06,-8.029556141502220779e-05
5.677966504667287617e-06,-7.535828713698945703e-05
7.181313124658132667e-06,-6.874179089951150271e-05
8.164948310812553277e-06,-6.082417230996237909e-05
8.458804775027994728e-06,-5.235903190758116229e-05
8.375474047485273737e-06,-4.381512442449025555e-05
8.163638244864873466e-06,-3.521741994749385808e-05
7.616405265383276879e-06,-2.645316692387493572e-05
6.198897890600440298e-06,-1.785063897382763214e-05
3.891906255734870844e-06,-1.019524811831384654e-05
0.000000000000000000e+00,0.000000000000000000e+00
0.000000000000000000e+00,0.000000000000000000e+00
0.000000000000000000e+00,0.000000000000000000e+00
0.000000000000000000e+00,0.000000000000000000e+00
0.000000000000000000e+00,0.000000000000000000e+00
0.000000000000000000e+00,0.000000000000000000e+00
0.000000000000000000e+00,0.000000000000000000e+00
0.000000000000000000e+00,0.000000000000000000e+00
0.000000000000000000e+00,0.000000000000000000e+00
0.000000000000000000e+00,0.000000000000000000e+00
0.000000000000000000e+00,0.000000000000000000e+00
0.000000000000000000e+00,0.000000000000000000e+00
0.000000000000000000e+00,0.000000000000000000e+00
0.000000000000000000e+00,0.000000000000000000e+00
0.000000000000000000e+00,0.000000000000000000e+00
0.000000000000000000e+00,0.000000000000000000e+00
0.000000000000000000e+00,0.000000000000000000e+00
0.000000000000000000e+00,0.000000000000000000e+00
0.000000000000000000e+00,0.000000000000000000e+00
0.000000000000000000e+00,0.000000000000000000e+00
-2.199474199641218314e-06,-2.238600230661569401e-06
-3.265361339622301711e-06,-5.215494618248507649e-06
-3.613697550678477228e-06,-8.538288427750386175e-06
-3.384512077155476319e-06,-1.159922251061405354e-05
-2.711594334501233436e-06,-1.397962475115284927e-05
-1.733248254587254194e-06,-1.532407238314598342e-05
-6.830768056817912222e-07,-1.549385013267966512e-05
3.096935961326043154e-07,-1.451375613483062271e-05
1.057470822483135175e-06,-1.249182157829771653e-05
1.346259054737760028e-06,-9.710337704483092952e-06
1.164235127650789872e-06,-6.453875780151269043e-06
0.000000000000000000e+00,0.000000000000000000e+00
0.000000000000000000e+00,0.000000000000000000e+00
2.112965139935277418e-07,-1.491766223788782652e-05
1.390782358256080554e-06,-1.326563263843120723e-05
2.253444242832404340e-06,-1.080686892160598775e-05
2.674730039381568655e-06,-7.827042447502821743e-06
2.563381269922315137e-06,-4.728237024585015531e-06
1.785695147938024807e-06,-1.998335571276924254e-06
-1.754110786983577856e-06,-1.562945895338957724e-05
-2.085766882453204913e-06,-1.579230786224170542e-05
-2.295735992094770713e-06,-1.584618385297384424e-05
-2.345241194435547881e-06,-1.578836056388357531e-05
-2.186576927919502763e-06,-1.566715292165884711e-05
-2.110172834234994110e-06,-1.364749170681499771e-05
-2.518845633318530307e-06,-1.096047012269248942e-05
-2.643784078443900795e-06,-6.954217345096660834e-06
-1.989412088973964410e-06,-2.705704582868541747e-06
0.000000000000000000e+00,0.000000000000000000e+00
0.000000000000000000e+00,0.000000000000000000e+00
1.970843881591979555e-06,-1.115765362233454204e-04
3.799156963392372589e-06,-1.106578335304789402e-04
5.463581414083768388e-06,-1.092604609962030243e-04
6.905289211978296497e-06,-1.075406594288971925e-04
8.178200387257799272e-06,-1.056667033979996644e-04
9.370068717603308745e-06,-1.036885513571249686e-04
1.065169901429039851e-05,-1.016784954427623212e-04
1.203142129348992530e-05,-9.947784831903622963e-05
1.351983265274880846e-05,-9.697502928175470011e-05
1.508002053201076831e-05,-9.409104773261792491e-05
1.663893024628691449e-05,-9.078267214043712495e-05
1.811502683986983999e-05,-8.706516316637400138e-05
1.942260976107385229e-05,-8.299816482833711660e-05
2.059709497847166088e-05,-7.862392214463800237e-05
2.154006535144548090e-05,-7.406174025668858330e-05
2.228067151558523040e-05,-6.933060434555847582e-05
2.278675416091616252e-05,-6.443433309063105929e-05
2.301554322159162297e-05,-5.954512288216111832e-05
2.289965746736138521e-05,-5.461628215796131589e-05
2.250532526214046926e-05,-4.978915674274272772e-05
2.175186211150218079e-05,-4.522550022412987392e-05
2.065650632131889677e-05,-4.097774719946470649e-05
1.928916029190938893e-05,-3.718401889615015609e-05
1.769046362809580626e-05,-3.388024473242648416e-05
1.596613516615313105e-05,-3.113270107432820872e-05
1.414382173729443922e-05,-2.894820712080823087e-05
1.222413638337125617e-05,-2.732500416525309331e-05
1.030710536193668570e-05,-2.626317143942053048e-05
8.288118479099240192e-06,-2.577763284672089983e-05
6.362789469134669881e-06,-2.591695365697619342e-05
4.376879296287544646e-06,-2.674705980327664613e-05
2.573622882280896042e-06,-2.828000233190913778e-05
8.779699126314450806e-07,-3.049425496575793821e-05
-5.881220968814728118e-07,-3.335539409896680720e-05
-1.747452459342839358e-06,-3.683817436677893861e-05
-2.742761546038544526e-06,-4.088843649116909493e-05
-3.460818977155883375e-06,-4.553339731054901617e-05
-3.717650294037805094e-06,-5.068412686527462433e-05
-3.405271269751506791e-06,-5.617183193916868632e-05
-2.374833030173437484e-06,-6.152247649774494583e-05
-7.354338760910786402e-07,-6.615383844132891316e-05
1.530950551321149069e-06,-6.951406603757694916e-05
3.939825742923268826e-06,-7.119316233652369361e-05
6.728462857631791162e-06,-7.098716750104298694e-05
9.176716542373875078e-06,-6.900649360315702857e-05
1.115996596539066597e-05,-6.557556111072934029e-05
1.264215782481730056e-05,-6.129230031640615147e-05
1.373065931834468874e-05,-5.647622132236879714e-05
1.441540980916537088e-05,-5.125969083333609160e-05
1.454029193012544356e-05,-4.582261544717654164e-05
1.408450472342309113e-05,-4.059416341039021801e-05
1.326031510493942356e-05,-3.591887284296107287e-05
1.209591722177852004e-05,-3.182759027583022059e-05
1.082087873163271249e-05,-2.843358017478276204e-05
9.462855246896193184e-06,-2.564452275032682809e-05
8.108626319355592091e-06,-2.342548314128148191e-05
6.870734562354099517e-06,-2.166247242406445120e-05
5.725294387434165500e-06,-2.029052000068717377e-05
4.709750301286414262e-06,-1.924458796531233981e-05
3.825889069474360606e-06,-1.846736645439339182e-05
3.068436496680049257e-06,-1.790019537514389735e-05
2.450565742901419151e-06,-1.749008631957617519e-05
1.990639263052329976e-06,-1.721327307526767243e-05
1.696673739783870040e-06,-1.697577855408728768e-05
1.587444768192198569e-06,-1.671786915842415322e-05
1.681700423447786168e-06,-1.634096800635328654e-05
1.956783612822653965e-06,-1.573057960711282398e-05
2.388762330492292841e-06,-1.470645281299773627e-05
2.881821307791000430e-06,-1.316853092709428436e-05
3.302620397077313488e-06,-1.102207143210610742e-05
3.486563681825237168e-06,-8.281879828816594342e-06
3.193755106838394284e-06,-5.259489729106893557e-06
2.198457169693377526e-06,-2.375221482897360613e-06
0.000000000000000000e+00,-1.123707620537447023e-04
0.000000000000000000e+00,-1.128363283493239962e-04
-5.150702696333814749e-07,-1.124816494611341196e-04
-9.872891073634076656e-07,-1.105321834970009106e-04
-2.531029541477886822e-05,-8.480906370727499071e-05
-2.641839359113638789e-05,-9.270382438485922890e-05
-2.088072974837544625e-05,-9.749502265817343403e-05
-1.382130781967002234e-05,-1.014942867282840340e-04
-6.449096220318795313e-06,-1.047167490380269755e-04
-9.727177132914295270e-06,-8.777025257842725387e-06
-1.622648142732024373e-05,-2.136811977383279185e-05
-1.989564613351811406e-05,-3.804278607601536868e-05
-2.094647617752845749e-05,-5.662438701975596329e-05
0.000000000000000000e+00,0.000000000000000000e+00
-7.674989437239938290e-07,-6.310315125531997763e-06
-9.445702062209096336e-07,-9.145123137855533220e-06
-3.348569215480860854e-06,-6.547021447527305682e-06
-3.999730979911237032e-06,-8.487885304350341857e-06
-3.884552273565274240e-06,-1.101699762150738744e-05
-3.232147606442573066e-06,-1.325233687348147341e-05
-3.207915313932058313e-06,-1.035355496939385072e-05
-4.158277575560924839e-06,-1.271160835860176653e-05
-3.720620566575920427e-06,-1.410633708771671471e-05
-3.023379133429276446e-06,-1.499434916908428540e-05
-2.277610123932493907e-06,-1.551253168982487816e-05
-1.751156258379842393e-06,-1.578876716643777970e-05
-1.952041429814910014e-06,-1.528602535267032696e-05
-2.272905032610780126e-06,-1.566761515294494449e-05
-2.299099203619139905e-06,-1.589090621863207555e-05
-2.178428202616815105e-06,-1.599510189889387246e-05
-1.944179674758205996e-06,-1.597855700976001387e-05
-2.514113324105709969e-06,-4.797687958255704736e-05
-3.575072067048557306e-06,-4.106043925308440929e-05
-4.052876057334372664e-06,-3.499621509071948835e-05
-4.266374546060762888e-06,-2.981580761286499611e-05
-4.046604667477180696e-06,-2.504685416779766716e-05
-3.527655687414093652e-06,-2.044182489579312765e-05
-1.666580994016226548e-06,-1.607661501420106189e-05
1.940220721899404002e-07,-1.171740740608293618e-05
-1.864287314424369671e-06,-5.903198839611056723e-05
-2.055150539675240239e-07,-6.106093435475105566e-05
3.220196819988768768e-06,-6.241607655326214933e-05
7.244961985369242566e-06,-6.314664783048781684e-05
1.059357531769569169e-05,-6.321937369004333837e-05
1.130494048690469437e-05,-6.175138979750563278e-05
1.046977256115977074e-05,-5.104214180287844371e-05
1.132030093005946472e-05,-4.201079550161709300e-05
1.147632647746577234e-05,-3.266183636556394785e-05
1.083543827552378366e-05,-2.351110364562582317e-05
9.177409707999726899e-06,-1.540739897859092191e-05
6.179054174261489922e-06,-9.136459165856229711e-06
-2.391857607656689378e-06,-1.318115246677625937e-05
-4.705367912665555341e-07,-1.692642124209854554e-05
2.622511193367133020e-06,-2.019819889608236572e-05
5.192926563944235675e-06,-2.358814157479990634e-05
7.608950419944280107e-06,-2.713526657096675397e-05
9.341782293127494661e-06,-3.164344885117851685e-05
-7.117304671873702761e-06,-9.933618512209730741e-06
-9.634641002131122734e-06,-1.492988493232379863e-05
-1.099700572383198840e-05,-2.191283847251521063e-05
-1.145455137559042082e-05,-2.962448025274857279e-05
-1.336343829382666321e-05,-4.128476978892593486e-05
-1.058762481865157427e-05,-4.345720172830873411e-05
-4.375502240177402949e-06,-4.361695591289384792e-05
2.499947650408794023e-06,-4.277390499067817292e-05
7.862123243666042553e-06,-4.091054771772504250e-05
-4.834074596161307873e-06,-5.734459173697471925e-05
-4.780301287366964220e-06,-4.983006383118880427e-05
-4.263390782973588497e-06,-4.278838472541180425e-05
-3.303879995153401264e-06,-3.571604902999732855e-05
-2.150863871756248317e-06,-2.826783778489265717e-05
-1.271894424727413628e-06,-2.029350357432038621e-05
2.851839114296519726e-07,-7.014249228070519354e-05
7.141515857317676709e-06,-7.204065889126689973e-05
1.203449622184131239e-05,-7.129779140556078700e-05
1.206974773703574530e-05,-5.683643249371226681e-05
1.247127497489802135e-05,-4.625523950280763160e-05
1.219784908793420640e-05,-3.579146139534813997e-05
1.115432818586086769e-05,-2.589376140192814081e-05
9.053560281794955920e-06,-1.745007718868072719e-05
5.497090594884617317e-06,-1.137607729260924583e-05
-4.547219439159349403e-07,-1.028168691305934493e-04
-5.682486386323856453e-07,-1.004995524564755195e-04
-1.041799060443652885e-06,-9.711160636885744107e-05
-1.709733886101621943e-06,-9.275035840590292898e-05
-2.386388619825786015e-06,-8.763465452621768421e-05
-3.003039850045993692e-06,-8.181117337412818454e-05
-3.366990201271560500e-06,-7.545966575727822872e-05
-7.938068869841223899e-06,-9.863915949520761126e-05
-1.531769430985645397e-05,-9.512892605896037883e-05
-2.228946617821007150e-05,-9.216850577258646655e-05
-2.709257103138049998e-05,-8.998096699544515925e-05
-2.666283809997648684e-05,-9.091904601297774475e-05
1.165047146850181444e-05,-7.026887470252982061e-05
5.702435551893855792e-06,-6.725113714558508728e-05
-1.496784435301790409e-06,-6.678323524817726231e-05
-1.368401470365045550e-05,-1.058207837693240729e-04
-1.002399483179218298e-05,-1.153308695412256531e-04
-6.309985811166600399e-06,-1.216210628675757488e-04
-2.647080538466338598e-06,-1.246921140866682045e-04
8.134594294842113867e-07,-1.246514862499094062e-04
4.008506219888451629e-06,-1.216938073645075941e-04
6.789880310289121921e-06,-1.160998591237498711e-04
8.939744998168299626e-06,-1.083149577278341930e-04
1.043839434739102579e-05,-9.884664069586228527e-05
1.111493564648766822e-05,-8.818845013541057071e-05
1.031686633942871073e-05,-4.815667506475721806e-05
9.818265327766364693e-06,-5.584056902792984469e-05
8.779220399020821485e-06,-6.323835207431240568e-05
7.260909469527281985e-06,-6.901430029025431916e-05
5.608548643680779140e-06,-7.179535193432364274e-05
3.946800795221215866e-06,-7.081385542696971174e-05
2.322546901841755915e-06,-6.681443694930560976e-05
9.539107582140180189e-06,-3.874076631873095655e-05
5.065595020147037698e-06,-3.778798537933265032e-05
-2.119227573370759386e-06,-3.783586372487319848e-05
-9.557138711353564122e-06,-3.880830458900915087e-05
-1.332067231847903097e-05,-4.163670099294779686e-05
1.134966393756237301e-05,-6.339298175454090919e-05
1.030056547134064690e-05,-6.099857361892706455e-05
6.394890518492221940e-06,-5.993118195293499088e-05
2.190669137755930115e-06,-5.930109613765191669e-05
-1.118129536435980913e-06,-5.915320003464240214e-05
-2.168594813950573839e-06,-5.953609647948138021e-05
-1.080521151144976374e-05,-5.532256548048820319e-05
-9.912760672319891145e-06,-6.375789420801262846e-05
-8.487576610155339406e-06,-7.111947653804903311e-05
-6.636159091312727983e-06,-7.708393033625839650e-05
-4.491338191657755638e-06,-8.135209367624161218e-05
-2.136539821603722447e-06,-8.371846485084667212e-05
2.999869214846733934e-07,-8.406423416343971017e-05
2.610246684826423318e-06,-8.241793131637453133e-05
4.768210528921773873e-06,-7.889190229270360698e-05
6.578034189160620095e-06,-7.364090737506579680e-05
1.592895197053299921e-05,-3.508500049998841095e-05
2.827346838086821182e-06,-1.794648892813240364e-05
7.449235794831778527e-06,-2.523825783414823201e-05
6.123189584362588970e-06,-2.232883184834434420e-05
1.183244642749704863e-05,-2.760112245531419134e-05
1.868509317241711317e-05,-4.719702190827563133e-05
-9.713258571662643182e-07,-3.672119867658985839e-05
-4.006744921901545454e-07,-3.367258937843695161e-06
-2.171903968849467592e-07,-2.434338687770508153e-06
1.889570754707036953e-05,-6.263053049670140593e-05
-2.240344584692231655e-06,-1.546299222664079099e-05
6.627467888642310220e-06,-2.421208598345277416e-05
-3.359752083914882759e-06,-2.538504026482017311e-05
-3.262085013027866350e-06,-1.681476588448036662e-05
-3.718526041910545884e-08,-3.875469886570793292e-06
2.289082621803042025e-08,-2.636108086368217879e-06
-4.821398153758266314e-07,-5.088723932500567072e-05
2.150414754033279644e-06,-2.280637022004457072e-05
1.731644724558757160e-05,-7.723030288763415392e-05
1.465077813755326220e-06,-1.700457713396292628e-05
8.020057099259837524e-06,-2.927443625228982104e-05
3.351500736447916671e-06,-2.895157843685799021e-05
1.835102985511135457e-07,-2.254407762253138294e-06
1.307491927073791412e-07,-1.657849615400576616e-06
1.089899574210624220e-07,-8.863471346475142030e-07
7.982838582611975558e-08,-7.237011897252897756e-07
1.439905930007049313e-07,-6.565972204607687561e-05
4.191344246414090472e-06,-1.947369031806094172e-05
1.504218600126891951e-05,-8.530247755393887549e-05
1.312079440017011114e-05,-9.292531488088653783e-05
1.033911570392941763e-05,-9.868202229210140740e-05
-1.355042340316967359e-07,-1.385294979127669671e-06
-2.162044643529740451e-07,-1.831879436232146461e-06
-8.614832324927853260e-08,-6.030580682537338358e-07
-1.117036307767616779e-07,-7.193948204221366565e-07
6.896444751688355692e-06,-1.046895377233386345e-04
1.151480699073712492e-06,-1.655027227671930417e-05
2.208043053801759964e-06,-3.489556849647055154e-05
4.871783885357881138e-06,-1.087411988180006587e-04
9.011939261789695668e-06,-3.828909329330273552e-05
1.338467759279530207e-06,-7.732301086420519738e-05
-1.254510918664551157e-06,-1.601650100152138395e-05
7.856823457109644775e-06,-3.153908886253314686e-05
-1.131993399723726135e-06,-3.504469725214110030e-05
2.412860183245288774e-06,-8.962487610472295646e-05
-3.412290533023020336e-07,-5.465152215934135654e-06
-4.178092262033457754e-07,-5.873922978565611248e-06
-4.535245673181960766e-07,-4.610826758094993733e-06
-5.363020555477447555e-07,-6.216729708569776937e-06
-4.106588841915097298e-07,-5.024813982109290808e-06
-8.501328983248020434e-08,-3.984270450270410477e-06
-1.341149238185118578e-07,-4.167285826032268503e-06
-2.248892285100728675e-07,-3.300186158240396579e-06
-2.305203973257801341e-07,-4.374694883413420673e-06
-2.015180055154107967e-07,-3.593808879612869340e-06
1.147063282484122736e-06,-1.055575414948902065e-04
4.550703034608289022e-09,-4.970992311762999958e-07
5.515961462039998137e-09,-5.789751028362155762e-07
2.090406544705642342e-06,-9.868834624194628867e-05
-4.813558228356900134e-07,-4.120482743232100957e-06
-1.065671877997356274e-06,-6.267449540358804051e-06
1.036816378341263688e-05,-4.853366273687043260e-05
6.988170499044641062e-07,-4.227644441104795315e-05
1.158674048820970278e-06,-1.542067004033569966e-05
-4.248131922355679511e-07,-4.622183861227936762e-06
-8.790620925829275481e-07,-6.825817807973606614e-06
6.620729994673528358e-07,-1.116290453983562284e-04
-3.103123795042129630e-07,-5.144355249423961179e-06
-7.059403391531206796e-07,-7.427227229548371885e-06
-1.404669909029121077e-06,-9.002657887439686782e-06
-4.703359041767316042e-07,-6.033412890091236963e-06
-5.376300108075471835e-08,-3.505947437945460073e-06
-1.745589252035911857e-07,-5.048319724112813342e-06
9.400104766905926866e-06,-5.915341805985340574e-05
-3.953864790271996601e-06,-7.611400891384429754e-06
-2.301751399332619800e-06,-5.617570179868125487e-06
2.263188927417284803e-06,-1.115571996743756287e-04
8.884032405261892165e-08,-3.883312225216769212e-07
1.080804477029930416e-07,-4.507699650343545822e-07
-4.413794035982708625e-06,-1.310421506125103784e-05
-1.699665548117361890e-06,-1.436676791290893993e-05
-5.190859360220063074e-06,-3.375164005527938265e-05
-6.738874066048066284e-06,-6.661303349835385145e-05
-1.227212287912484004e-07,-1.067029986478088102e-06
1.824237132808848180e-07,-1.367964183603208010e-06
-5.163016197206592759e-06,-1.797242614460522287e-05
-2.375120387540525899e-06,-9.779286645534866003e-06
5.640704027188331577e-07,-5.425046873903921198e-05
1.333940888196553927e-06,-1.237572950259721119e-05
2.639834175772396744e-06,-8.800729025478381355e-06
2.790218423543832425e-06,-6.352649598226024484e-06
5.461971613508236511e-06,-3.711724909910164020e-05
5.208318478085157806e-07,-5.969866620097253618e-06
4.034622694892136430e-06,-1.999121354307889246e-05
4.195887016686785585e-06,-1.793952009949624876e-05
4.440939411612567492e-06,-3.693854956572201572e-05
1.664053455908090485e-07,-1.215296401652560963e-05
4.445532077300464862e-06,-4.046119852991774990e-05
-8.232992899790971185e-07,-1.560845305009961646e-05
3.337178919045879829e-06,-5.551646479194258607e-05
3.491680209024677517e-06,-6.217153550204178281e-05
2.428929345243229520e-06,-6.995739159570797607e-05
3.093240030200759546e-06,-8.139662197999909853e-05
3.383481119457142513e-06,-4.833268643262803477e-05
2.896143442769565362e-06,-1.031533531742484115e-04
1.187825249048456307e-06,-8.090964577920048049e-05
-5.103504123618211397e-06,-1.001836982503155312e-04
1.437830683953403392e-06,-1.194193088131910593e-04
-5.912779502252972243e-07,-8.455342484042695922e-05
-6.765740626196399055e-07,-1.256303216079247278e-04
-2.081052434365477252e-06,-7.981768168127768089e-05
-2.743568006087588781e-06,-1.195011160807895727e-04
-3.297943779921235469e-06,-6.783333029878308817e-05
-4.070624391195821845e-06,-5.071185778368998080e-05
-2.189792674712448288e-07,-2.631232539021970641e-06
-1.437533641227320834e-07,-2.910551161095283056e-06
-6.804377835699900183e-08,-3.422895057164321051e-06
-3.175786918755033312e-08,-2.731838744568144576e-06
-3.896415937263944338e-07,-3.619407981522854874e-06
-2.662794035635695907e-07,-3.978887180126379655e-06
-1.736819598901311647e-07,-4.758470183230509212e-06
-7.984868625609224735e-08,-3.695318317629297055e-06
7.688324600825195614e-06,-6.794581377040529661e-05
1.703353390027911196e-06,-6.366787002780174094e-05
6.961402153308883734e-06,-4.236756928720320994e-05
-8.473312452711353202e-07,-1.519617335597220609e-05
1.359905552386408295e-06,-6.924380259352617066e-06
-9.168158043542230368e-07,-1.590987993377431588e-05
-6.401710661590094685e-07,-6.581474188387214729e-06
-3.008795038547095824e-07,-4.554134678277452371e-06
7.581242329656371827e-06,-3.796990940682868628e-05
6.073215961510965342e-06,-3.246077743597825584e-05
-1.111529071987774002e-06,-3.010843718210241306e-05
9.742497019608116069e-07,-3.206814518053912509e-05
1.853162605813933949e-06,-3.739018312062077147e-05
3.622087570735041245e-06,-3.345878294824137318e-05
4.875555518811072334e-06,-3.811828152379820040e-05
6.424840659586306981e-06,-3.454751932903893992e-05
5.062285951149427808e-06,-3.042807178464723759e-05
7.686214452591061820e-06,-3.140590678932018802e-05
6.312666794990226584e-06,-2.811894393934304885e-05
7.976767910634743059e-06,-3.923030925017494933e-05
5.981999894150642590e-06,-4.349984863468727390e-05
9.568807344327815448e-06,-4.414065282608629453e-05
7.959682171435543510e-06,-4.896251505615235373e-05
8.603423132976836644e-06,-2.888189613261040532e-05
7.265354504835729356e-06,-2.637407294807733596e-05
1.110407121786817849e-05,-3.996855506634123222e-05
1.147467063636880091e-05,-4.923397795906517759e-05
9.533670940244751783e-06,-5.425043824108851661e-05
6.179924472274939008e-06,-5.379291737563362429e-05
7.276915272639145727e-06,-5.964439269115228727e-05
1.331378441596298521e-05,-5.429405383065757495e-05
4.106118928484942886e-06,-2.725625805892363388e-05
1.029940975760653377e-05,-3.227341654422306519e-05
9.086190431382169458e-06,-2.704022116974216680e-05
7.807241672852516584e-06,-2.519254889410194582e-05
6.369108557055908569e-06,-2.462665019969311215e-05
7.014339603065715038e-06,-2.408528966582775249e-05
5.917684198143192365e-06,-2.350960471766257992e-05
6.672511671014655097e-06,-2.362041967520367452e-05
7.189363067292919351e-06,-2.419045813378864056e-05
6.977964588673593439e-06,-2.443884683099737320e-05
6.828275221685642808e-06,-2.496796537678165072e-05
5.826803572210151936e-06,-2.290513434472889255e-05
6.743495923248884148e-06,-2.593434879532659145e-05
9.172664103584132750e-06,-2.574733581329669802e-05
7.136183205493536796e-06,-2.539689534836700620e-05
5.974548413890951077e-06,-2.637623731427729871e-05
4.318315768493258029e-06,-5.529631806583326111e-05
4.506262742066224536e-06,-7.134336087614827088e-05
-2.121698807592103096e-06,-7.262313004037297471e-06
-1.202708423115212255e-06,-5.421093057338566882e-06
-3.826060379852250718e-06,-2.177984490497270943e-05
-2.807122835668166819e-06,-2.226624753406099760e-05
-1.633974145318707225e-06,-2.502658562521975261e-05
-1.047183774906407961e-06,-2.226737645967564672e-05
6.168860761210884091e-07,-2.447344602636544310e-05
9.957509864154820843e-07,-2.199086104226508377e-05
-5.802613466273968224e-07,-2.027900185111215244e-05
1.195912388417452671e-06,-2.013964543185873090e-05
-2.169802896290979518e-07,-1.886012909857011369e-05
1.258285853891373128e-06,-1.883334922145983586e-05
-1.788667937229321845e-08,-1.785223247552928305e-05
2.991124752904430486e-06,-2.399413966187428045e-05
2.720480364232641373e-06,-2.709439829360330747e-05
1.188962530724277749e-06,-1.793214659291495169e-05
4.470295759017318007e-08,-1.717761812533486778e-05
-1.009411627050864285e-06,-1.698477292051764684e-05
-9.085330202036854766e-07,-1.649165611896160629e-05
3.370159727111148338e-08,-1.677470882891506402e-05
-1.805136219526928263e-06,-1.611787703982132011e-05
-8.236337428179063883e-07,-1.628773302541942846e-05
-7.372160227884246422e-09,-1.658617655753790753e-05
8.948660349756160741e-07,-1.699708783363612988e-05
-3.523945791706252291e-06,-1.984710470853874326e-05
-1.687324541263543825e-06,-1.884074314115486429e-05
2.661098073137918481e-06,-1.993067888387791681e-05
-2.330455891692893857e-06,-1.659665321103324568e-05
-2.776638660187563876e-06,-1.523351358845880268e-05
-1.660953346006622972e-06,-1.580206120033127347e-05
4.730377870539439748e-06,-2.194104246035532264e-05
-3.054662721902058677e-06,-1.480180255892572025e-05
-1.326185861799933640e-06,-1.549319966191264295e-05
1.256890618443279492e-06,-4.077740082829628057e-05
2.839893323612318144e-06,-3.466051532279573738e-05
5.515703042815653131e-06,-4.246306208567993671e-05
3.582007722772809065e-08,-2.643164801416452282e-05
-7.048250085198770697e-06,-8.424430870200963538e-05
1.201454156578851877e-07,-1.597867694038020408e-05
-7.673699601281864547e-08,-1.630274183860056598e-05
4.126471159653105912e-06,-3.876012449321475665e-05
-5.355103256356298203e-06,-4.133146172123480783e-05
6.018747588605496325e-06,-2.772971996190842813e-05
7.780654402194809611e-07,-3.061700947266619708e-05
-6.530033192452493967e-07,-6.282083318013152100e-06
-8.461450069462386432e-07,-9.451085774968607888e-06
7.650662247991560727e-07,-1.682408427221037176e-05
-1.402093636379813802e-09,-1.652711428187439904e-05
1.560216325473547680e-06,-1.715841267274542301e-05
3.271772564487900465e-06,-6.318322447015740852e-05
3.897146834998339061e-06,-7.179303152945527063e-05
6.397334220344068780e-06,-2.544128786134686651e-05
-1.103416528013764598e-07,-2.248928464966692122e-06
7.746994093730223669e-09,-2.159188542501249275e-06
-5.719547263846853605e-08,-1.794280743546483468e-06
2.039007261346274754e-08,-1.709359057209582125e-06
-6.469774750428827498e-08,-1.409187577209310238e-06
9.788765296130694405e-09,-1.322291776146775405e-06
8.392067032792467116e-08,-1.650973981857933528e-06
-1.846096387963221903e-07,-2.984512720168563317e-06
-2.297635846035220608e-09,-2.830533942930875161e-06
-9.294051139161862684e-08,-2.308351296548159208e-06
2.313931416228570302e-08,-2.171091203715846831e-06
-9.408171579484566593e-08,-1.761077584301275817e-06
1.150714575223796962e-08,-1.628444575773605952e-06
1.160693737878733820e-07,-2.125765797132469557e-06
5.495396487861929295e-06,-2.628048216674818769e-05
4.643272791434154525e-06,-2.393383038786899702e-05
7.978376168581007507e-06,-2.786357689473827621e-05
3.632210938746620373e-07,-1.127927839267148566e-04
1.157533501589329536e-06,-1.122084440820216375e-04
2.273993375200659944e-06,-1.101800433613511364e-04
-1.414289648847613470e-06,-6.994096732164695483e-06
-7.161262031267775238e-07,-5.942778238934951713e-06
-2.111905763603336379e-06,-9.776297439689822388e-06
-1.248858290519288707e-06,-8.486288873276041412e-06
5.869876421871853796e-06,-4.848518479245201857e-05
-2.161235973626386475e-06,-2.940853013418573652e-05
-2.827295785070860634e-07,-1.382904989535081681e-05
-1.253431252743404088e-07,-1.190781347217362429e-05
1.128389158922336974e-05,-2.986198311911336773e-05
-1.110653562114979362e-07,-1.061853996780025586e-06
-1.627609878120361034e-07,-1.344454925387184342e-06
-6.545630930049767978e-08,-1.068789774910114248e-06
7.335433901726882810e-09,-9.568814262610230104e-07
-8.765032471531088481e-08,-1.298041812773836334e-06
8.968553183727126237e-09,-1.145970674886441414e-06
-3.327563401471585622e-07,-9.422299225177657988e-06
9.606461883290418120e-07,-6.174484902258160818e-06
7.908311035747823004e-06,-2.462758572042871152e-05
8.575648798865853899e-06,-2.512315733420037909e-05
7.423989864081315227e-06,-2.469737367332122259e-05
-3.821143416190730306e-07,-8.264845633157035556e-06
-9.354003382771446608e-07,-6.879637803076724428e-06
-1.638598120118121317e-06,-1.230116606888511068e-05
-1.854047014418783919e-06,-1.008796287300776657e-05
8.980171867120208719e-07,-7.089928723145219169e-05
5.156159724684119587e-06,-7.292480697372190324e-05
5.656418660395877040e-06,-7.886476537718965503e-05
9.291600949925162481e-06,-7.474652418552309109e-05
9.715091788528969346e-06,-8.012666091845200439e-05
8.998783697540181471e-06,-6.932324108522285738e-05
1.305779064091565159e-05,-7.080535432468010781e-05
1.233498450677042472e-05,-6.569631302565638272e-05
6.316022723318069042e-06,-8.402408840063429996e-05
1.021972919995619209e-05,-8.508247072556372184e-05
4.879154035082524763e-06,-6.628996541808480523e-05
1.848962326036582375e-07,-5.882503090296509635e-05
-4.790886079629119909e-07,-1.361669233928242943e-05
7.034689708705782476e-07,-1.672632551331462527e-05
2.829455462299707556e-06,-2.164389069954997323e-05
7.164015439677391023e-06,-8.899765449242544064e-05
5.069485170398616785e-06,-9.269795398922241376e-05
8.267456813451273719e-06,-9.236913560840633616e-05
5.755944021459145794e-06,-9.609794211824745469e-05
-2.386745245131310294e-07,-4.312387366304671347e-05
1.028132679240139994e-06,-1.088935327600139502e-04
2.805504664322878001e-06,-1.073469047762654093e-04
3.089728790570174165e-06,-1.048876569083435450e-04
1.372948472429860587e-05,-8.145114626604922962e-05
1.129017287220352484e-05,-8.895914815270154600e-05
5.372452975845807298e-06,-7.175403035276579683e-05
-8.795266327351042137e-08,-8.581186785742259549e-07
-7.061931917858851696e-08,-7.257809508590484634e-07
-9.402784088484631310e-08,-4.066390851821962673e-07
-1.144298703226410348e-07,-4.733845490545088518e-07
-1.256029929087780101e-06,-2.258685325123048406e-05
-9.131767015902702344e-07,-8.241255551381233854e-06
-2.885656654896868401e-07,-1.389100920621390738e-05
1.292527798203192521e-05,-4.462121810066216272e-05
1.445231831685290759e-05,-4.040657509465946090e-05
1.210342357446522204e-05,-3.614139927589283722e-05
9.240564993745908703e-06,-3.540935695693465203e-05
1.928163021488845189e-06,-1.018427981702000370e-04
4.857868406339158408e-06,-9.968490367818630740e-05
4.669931884430191940e-06,-1.021349381162974212e-04
8.282527396041284136e-06,-9.775502754573763811e-05
7.207103192165245680e-06,-1.004530723294180713e-04
6.626358771666056986e-06,-1.027263016372842745e-04
2.707950759368895924e-06,-1.885413962577328400e-05
2.914069241662004840e-06,-4.620286159395404894e-05
-5.755764113621405991e-07,-5.700991419137014809e-06
-1.171401040907501023e-06,-8.352157300410402663e-06
9.443831752546306701e-07,-1.033352632422491514e-04
-1.466900694558317601e-06,-1.050983488555939407e-05
-2.387546252219118183e-06,-3.119356186449049175e-05
-3.207421212756502767e-06,-3.414724353711986326e-05
1.625098350744420220e-05,-6.690361103191001238e-05
1.049401580044169672e-06,-1.733880994009392491e-05
-3.918831900491118765e-06,-1.818387310151195881e-05
1.397443078532078721e-06,-5.257219958358994601e-06
9.314931723330475087e-08,-1.230836227861969262e-06
7.079535676145237849e-08,-1.015036171540318554e-06
4.642011281506957195e-06,-1.061349680464081544e-04
-1.890842931813995645e-06,-7.835868085490122370e-05
-4.516912828147021474e-06,-9.703921372129675391e-05
5.206419035409644136e-06,-2.364316168330986168e-05
1.763711931324860560e-06,-8.335164527522854984e-05
-8.706868281125212906e-07,-1.618677297677655725e-05
8.941758196924652942e-08,-2.061009854426183572e-06
1.184999864370896980e-07,-2.741363402894093817e-06
1.167892609280945464e-05,-6.006949976621607892e-05
1.599334148296088028e-05,-5.876486619509551724e-05
1.757030621615076322e-05,-5.440186129669052689e-05
1.526017488191364432e-05,-4.974523244433108203e-05
2.033988659807919901e-07,-1.047523768276442626e-05
-7.020379790853884711e-07,-8.438694999469280344e-05
-3.129075404574622879e-06,-1.156123632162520007e-04
-3.936219859374708572e-06,-1.115475745999960368e-04
5.330483323448259789e-06,-6.283429785228224174e-05
-3.796223381285686609e-06,-5.980627727369248027e-05
3.557561103303945463e-07,-1.240223516766496064e-04
-1.694935025802018825e-06,-1.241678483792642523e-04
-1.427966898986511022e-06,-8.318729428533442477e-05
-2.749259310525940202e-06,-7.461701380232512143e-05
4.074952937050393177e-06,-5.153163081875364283e-05
3.995004375107135441e-06,-4.665935502584775190e-05
-3.077553457435391260e-07,-1.439101472752176859e-05
1.707850224433124593e-05,-3.871132064135698083e-05
1.443093135272233995e-05,-3.194360489711221292e-05
1.800069006160553086e-05,-4.278112877612890276e-05
3.458388210805848940e-06,-1.860707052678740959e-05
2.197805479923568326e-06,-1.795250183538024457e-05
7.111393462532325909e-06,-2.766782470450047563e-05
5.088487459158286741e-06,-2.066042379178503608e-05
5.874203400056041464e-07,-2.175988157188533237e-05
-6.771880073997447728e-07,-1.116375766883402582e-05
-4.153087701476131360e-07,-9.256875623763748885e-06
1.830198550947683435e-06,-1.745142878986632797e-05
4.870468248010508516e-06,-2.684168493282156604e-05
2.496954029406510149e-06,-3.147644562686497310e-05
1.116869247352279087e-06,-1.616513141712616595e-05
8.555771212168726492e-07,-3.853495573706360814e-05
1.802565730756780206e-05,-7.187807750627665706e-05
1.032880538569288359e-05,-4.304786407671892481e-05
9.092003923251821502e-06,-3.344465438393387453e-05
5.776913183494035121e-06,-3.174943083558524280e-05
-5.051108402869263748e-06,-2.570225479414464748e-05
-6.516014311451401527e-06,-4.714592144793682937e-05
-5.618925879188132016e-06,-2.832173314176355115e-05
-4.859425982668010020e-06,-1.137678085483909569e-05
-2.559883576741269845e-06,-7.129864968235267738e-06
-2.026669077363300017e-06,-1.234885806041236820e-05
9.203692263467070126e-06,-1.010961098653655665e-04
1.168591690557210047e-05,-9.599520964952715446e-05
6.541238039550024836e-06,-5.770650386814950782e-05
-1.024962362266887568e-06,-1.572769015717543150e-05
4.446759123286491515e-06,-5.931292211556999467e-05
4.107932908550898826e-06,-3.269542658206060060e-05
-1.682983067321269758e-06,-1.588433318097160797e-05
-6.540936460955343515e-07,-1.358309620885754148e-05
1.185720837812711832e-06,-3.016213607076511237e-05
6.763485911852445434e-06,-2.391327389195635914e-05
1.282787857533326377e-06,-2.451986205070230958e-05
3.665649512479374625e-06,-1.103554957186574575e-04
5.904402783918131405e-06,-1.068861136356734684e-04
1.017573372258355824e-05,-2.613930948270685160e-05
1.305960111145419154e-05,-2.940945434240462339e-05
9.136788620424229817e-06,-5.447616328022521513e-05
4.825416802225393945e-06,-1.860365372569382504e-05
2.543381086276230014e-06,-1.969492764219614933e-05
4.584897176716210251e-06,-2.189493770111679448e-05
-1.454932102244688569e-06,-1.410293022873027884e-05
1.214190021567981402e-06,-4.827339169221114677e-05
4.578631361434257095e-06,-9.278215595327990602e-05
-8.970700559551938264e-07,-1.589747033467512762e-05
1.262471928974711313e-06,-1.415151057293602876e-05
1.236245561416706660e-06,-1.679502245020112294e-05
-3.581674113040955268e-06,-1.374125995811870728e-05
1.335921431302694207e-05,-7.601628078345690860e-05
1.435761886314925896e-06,-4.654525200348570159e-05
7.198317792020583089e-08,-3.387864967652990056e-07
8.569301521220114233e-08,-3.909492666951344505e-07
-1.635844714225801900e-06,-1.631388292869160632e-05
2.859971595956249079e-06,-6.844474060479733494e-05
1.306137099267725347e-05,-3.348158664106413638e-05
3.632349259277562112e-06,-5.967434966039992985e-05
8.931247302017029591e-06,-6.410671377658896724e-05
-2.245372110916548914e-06,-2.024853903595034938e-05
2.579372053413921685e-06,-2.916982385521359761e-05
-1.675423492103184460e-06,-6.883192267360717048e-06
-1.488340550442323075e-06,-4.846195578450976565e-06
4.832091191012729838e-06,-2.993685406745491087e-05
-9.726637484561501313e-07,-3.392769202612662136e-06
3.996883381666051199e-06,-1.081638118895155386e-04
-2.505818060284808136e-06,-6.625722822572343478e-05
-4.447833982756944035e-06,-7.604450686115475156e-05
1.081285947144304270e-07,-1.911862556985142916e-06
6.709337965137327540e-08,-2.904938495565733634e-06
1.379083443696692362e-07,-2.706143098447914066e-06
5.324583513787350115e-08,-4.062950432179808658e-06
6.512247231552073210e-06,-3.539061856119304846e-05
-8.209263086519679107e-07,-1.517197568532433692e-05
-3.565131564594585905e-07,-2.479177066361452192e-06
-2.084150702382449501e-07,-1.799874028599532603e-06
5.846192186301835383e-06,-7.697952747880516453e-05
1.328057943019604417e-06,-3.846431784439976255e-05
5.333707918724851401e-06,-2.567494712798547792e-05
6.369938342189233675e-07,-2.848451928185395632e-06
-2.934624859540691094e-06,-1.861346329107318841e-05
1.198587707012362904e-06,-3.460824462088274785e-06
-3.817466051777181070e-07,-4.411316333255566222e-06
-1.333867193570411628e-06,-1.773619337976566562e-05
-2.549201916227352800e-06,-5.910102774638671978e-05
-4.101901911088984524e-06,-6.650300357595979677e-05
8.661648152673312817e-06,-6.376588103975704331e-05
4.375523472265600193e-06,-2.269592401765604229e-05
-8.448656136345474686e-08,-3.925242104620628741e-07
-7.093299668461745277e-08,-3.393502981096331688e-07
-2.667130223168015863e-07,-1.939509612120442953e-06
-1.617202158390514424e-07,-1.434060941286812176e-06
-1.275138989849397606e-06,-1.515668618285479276e-05
-2.821028314187454507e-06,-5.071216249552679139e-05
-4.168993588250398454e-06,-5.630030785714305744e-05
-8.823015015950013358e-08,-7.877970988346400693e-07
-1.225655097983466907e-07,-9.681866368897963742e-07
9.708708024073617532e-06,-9.466622068592524079e-05
8.571340280333570043e-06,-1.028213878191893029e-04
-2.728179513122714847e-06,-4.103700465429118072e-05
-1.426584537866460654e-06,-1.331525353164024035e-05
-3.804626426194174999e-06,-4.508200440963566085e-05
3.826298293628810743e-06,-1.063296509887524786e-04
1.968377476015682078e-06,-5.554682907987249727e-05
3.176025748504657968e-06,-5.251787219307039708e-05
2.632845042265726235e-06,-1.160127461177579226e-04
1.860971267059174050e-06,-6.410333749224692370e-05
1.436674125532058531e-05,-8.945652925352017893e-05
5.851468236120588884e-06,-2.285888675939244110e-05
1.576491893076757002e-07,-1.532448672962453350e-06
1.101751026027049354e-07,-1.169988900197612141e-06
1.564504186626594480e-06,-7.161273906664611724e-05
1.374203070126169398e-06,-1.223506430239844204e-04
4.200864216188599176e-06,-2.689022649049372684e-05
4.083559704629487468e-06,-2.946540571469333391e-05
3.910084668100088189e-07,-9.115840121892714482e-06
1.046491338513605236e-07,-1.647014303629670285e-06
7.653722563922875418e-08,-1.319536766444423567e-06
1.041815392522494240e-07,-1.253384384461741000e-04
1.129480584618560448e-06,-7.768972512180235960e-05
7.733657866611186373e-06,-2.624102990741988879e-05
-1.470574903586669065e-06,-6.929726926989473780e-06
-1.866961496353173945e-06,-2.103067159288030393e-05
-2.413143077348367829e-06,-2.327654680357344076e-05
5.611620811121190069e-07,-8.200284034981079352e-05
-1.143817520264083470e-06,-1.250626327510382546e-04
1.033248115658801165e-07,-6.566720345269766609e-07
8.012909237049171343e-08,-5.522070422045816538e-07
-8.806611514762367758e-08,-8.427726598146209505e-05
-2.242533684279718576e-06,-1.216502659725177349e-04
1.240958429836198266e-07,-6.960526339070049241e-06
1.356969080333093171e-07,-5.385621597911947054e-06
4.383493195415294777e-06,-1.161357453284992854e-05
4.143837856759820032e-06,-1.361481082685039118e-05
2.925372138816433481e-07,-8.372525573484953176e-05
2.086232302583030248e-06,-1.121348247220066506e-04
2.559408939699943488e-07,-5.908484129677094861e-05
1.077531321025007827e-05,-2.761613976112562037e-05
-3.917698606237547016e-06,-1.071272257917342877e-04
-1.327076398133614053e-06,-8.235596689187630389e-05
1.749819149814095083e-06,-7.619677353008929318e-05
2.841549439843334914e-06,-9.260480480395803782e-05
9.605500356747813360e-08,-8.260753878649004634e-07
7.733053286912929966e-08,-6.999097856569758926e-07
-2.299292716976232573e-06,-7.278420947766400155e-05
-4.706099822818571922e-06,-8.623396416276167314e-05
9.042105101897333871e-08,-9.099333099406208585e-07
1.280290009307535393e-07,-1.150528247210063231e-06
-3.645427360967488661e-06,-1.834292480863990073e-05
2.301054696849902975e-06,-1.750481636422355334e-05
5.911511742158139032e-06,-2.586738535800716030e-05
1.399116609422258714e-06,-1.012306965406775580e-05
-1.997926195746622127e-07,-4.213743046526097745e-06
-4.509785946378320758e-07,-5.987731986313853719e-06
9.753457478115287535e-07,-1.123706901370280476e-04
-1.909893601652926557e-06,-1.526291879405093315e-05
6.586361298267551616e-06,-5.066271777871674339e-05
8.958803644534962056e-06,-2.556357623628948125e-05
3.253361518108269880e-06,-2.491855886396164679e-05
6.628059487188928382e-06,-7.068640329288695381e-05
-2.429996157687994168e-05,-8.637818222887584760e-05
1.714180120782950336e-05,-8.108432353039881290e-05
-1.329681148397603326e-05,-4.172665674370051246e-05
-7.489017498188429836e-07,-7.120920776014139372e-06
-3.524980244690880559e-07,-4.934876193894972791e-06
-2.394961859902529454e-06,-1.770633695828871098e-05
-2.250436015124088974e-07,-5.279811509550850906e-06
-8.228792919535770291e-08,-3.726047874147426303e-06
7.323034016881179981e-06,-2.415916918250818598e-05
-1.764131852837219200e-08,-2.722366562723705133e-05
4.203286943156329058e-06,-2.113937515943972676e-05
-1.289481855242747608e-06,-7.315700253557084325e-06
-1.403245234626678747e-06,-1.073710213665749005e-05
6.207425104915892139e-07,-1.658375974081509007e-05
-2.182936173989827163e-06,-9.127395107210587840e-06
5.081482506243477327e-06,-6.642441574265820837e-05
1.964042428304356897e-05,-5.799173094260884955e-05
3.076449794230292896e-06,-2.159783132727628854e-05
4.932882321362339895e-06,-1.041865732388592481e-04
-2.331359618641021065e-06,-1.547945194194858863e-05
-2.747042090466326157e-05,-8.959771122679564099e-05
3.237455720646551067e-06,-3.025353396689602520e-05
1.856315545842842544e-06,-9.545052044846405882e-05
1.264868177059010865e-05,-7.131722672543814212e-05
1.079425060543542110e-05,-6.268246450970600269e-05
1.929514463662003728e-05,-5.111815705888849890e-05
5.460247450277043098e-06,-6.976474392293520780e-05
-3.741635098785610292e-06,-1.149500271740466794e-05
3.394284199927874423e-06,-1.098160318189629717e-04
-6.133030505525646617e-07,-5.910469030380937914e-06
-1.075556690141436438e-06,-8.696010582936637915e-06
2.146960896555848507e-07,-1.503605051710457457e-05
-8.276730947991215339e-07,-1.614448810060365306e-05
3.810132630566250998e-06,-4.383148737441195416e-05
-5.156254964068307045e-07,-1.222010565294544279e-06
-3.159088637513196225e-06,-1.522955362604945822e-05
1.550454563705480114e-05,-6.325441814051005159e-05
-1.392969066208768487e-06,-4.629920978093428578e-06
-9.527040589450007821e-07,-3.475245516333023425e-06
-1.748399381943775800e-06,-1.257357968184561890e-05
1.583752619045137699e-05,-4.486935238081973462e-05
1.140656869288732262e-05,-6.243252662511280886e-05
4.157473619356919881e-08,-3.559055692508259305e-06
4.910717696792097411e-08,-2.606209429519719440e-06
6.953584927698495150e-08,-1.723463557792947870e-07
8.113470178403070834e-08,-1.963262979490300070e-07
-6.951395692277870527e-07,-7.713858025652244643e-06
-3.107091695610279422e-07,-5.346937483993594339e-06
5.926024803395809147e-06,-6.642853487041051690e-05
7.308829503286781842e-06,-2.560521246757439727e-05
5.285866363866333154e-06,-3.500964475379884293e-05
-7.449698636545040383e-08,-1.879404006287734108e-07
-8.723711040374020404e-08,-2.151351919399228469e-07
2.368724544544829343e-06,-1.112058297741470880e-04
5.377576540037393968e-06,-4.809531415113122181e-05
1.105618671031202363e-05,-9.190676278030246015e-05
-6.271500837820999153e-07,-1.627432881140814514e-05
9.902973215428192755e-06,-7.052923783202764692e-05
1.452268427542573116e-05,-3.656434109387844748e-05
-2.824225810513545302e-06,-4.855698721709458560e-06
-1.464142772830584445e-06,-1.591493986740284184e-05
1.960963149208809284e-06,-1.725092031231656445e-05
4.992304906387215445e-06,-2.784064625548655824e-05
-4.272381808299076037e-08,-1.645311999145080307e-05
-1.257158514333130089e-05,-4.160221404884081880e-05
-2.208602593457368887e-06,-1.559823823027455301e-05
6.490233791108262243e-06,-2.976586766212182167e-05
-1.626016658448933336e-07,-2.187107647067956701e-06
-2.759870091485276255e-07,-2.947934974063344722e-06
7.168490522866256979e-07,-1.199708115760681782e-06
-1.197544587972527633e-07,-5.491930536971383852e-06
3.654498677049421917e-07,-3.737034678460004299e-06
-6.817807356194904372e-07,-1.056088707720588660e-06
1.985909357155498850e-05,-6.699004410965426397e-05
4.688822208144949350e-06,-3.819648910739520831e-05
5.034887513854888946e-06,-7.002791285241561834e-05
7.224442880518503949e-06,-4.659351222869008647e-05
4.600173948785031683e-07,-9.420050043481092446e-07
5.002776885469900518e-06,-2.870704794321837327e-05
5.956770442784524044e-06,-5.881020084180970991e-05
2.992308934025296781e-06,-1.032517459255915491e-04
-1.684127510365697846e-07,-1.164155338466901706e-05
5.310619609111418616e-06,-7.161444426752808917e-05
1.062929044484741209e-06,-1.120790580770627669e-04
-1.211282162620968998e-06,-8.153613532561292861e-06
-2.071956803505284722e-06,-1.164870296182426640e-05
-1.611626243896353945e-06,-9.593897059352909693e-06
-1.028055349649588586e-06,-6.588658838655411322e-06
4.185357144606529966e-06,-5.346653247551047436e-05
-1.100877737205868597e-07,-1.451391826420938722e-06
-1.707909885974762027e-07,-1.882100284139924254e-06
1.040329398992123568e-05,-2.665566220692301258e-05
7.256726741214314404e-06,-3.458628042836857293e-05
5.821319151160863390e-07,-1.636299432917494613e-05
-4.183804388736837989e-07,-1.267663497331240483e-05
3.776388648687639844e-06,-1.988276461586519471e-05
3.125744644008210867e-06,-4.131460938522709845e-05
2.152881822254090916e-06,-2.641893206705792094e-05
