Size 979,2
0.000000000000000000e+00,0.000000000000000000e+00
0.000000000000000000e+00,0.000000000000000000e+00
0.000000000000000000e+00,0.000000000000000000e+00
0.000000000000000000e+00,0.000000000000000000e+00
0.000000000000000000e+00,0.000000000000000000e+00
0.000000000000000000e+00,0.000000000000000000e+00
0.000000000000000000e+00,0.000000000000000000e+00
0.000000000000000000e+00,0.000000000000000000e+00
0.000000000000000000e+00,0.000000000000000000e+00
0.000000000000000000e+00,0.000000000000000000e+00
0.000000000000000000e+00,0.000000000000000000e+00
-4.403015103950674489e-06,-9.157624678669788070e-05
-2.398938166316466860e-05,-1.378275999017681880e-04
0.000000000000000000e+00,0.000000000000000000e+00
0.000000000000000000e+00,0.000000000000000000e+00
0.000000000000000000e+00,-3.890599862225211595e-04
0.000000000000000000e+00,-3.949445877886398012e-04
2.341973542266027696e-05,-3.950250177082384874e-04
-6.448966796184107020e-05,-2.733142668517075935e-04
0.000000000000000000e+00,0.000000000000000000e+00
1.720056319204001003e-06,-4.797829626262093572e-05
7.962255085940528869e-06,-3.962251680530954012e-05
8.858301093142240554e-06,-8.045331657218717620e-05
1.403125890856027274e-05,-6.890262922515937472e-05
-1.011599860019877852e-05,-1.780479447332948136e-05
-1.897619374311225427e-05,-4.515368907079204329e-05
-1.525248086166322765e-05,-2.957044732727726023e-05
-2.742569131926587709e-05,-6.226915946344954841e-05
-5.340570687041293095e-06,-3.623210925726686360e-05
-9.904189570880666128e-06,-8.740124983965399605e-05
-1.860014885669294770e-05,-1.369920572840383583e-04
1.400830953327683996e-05,-8.191726624779263404e-05
8.493007627601991896e-06,-3.098606697239519056e-05
1.154139053919573135e-05,-7.950440058428715287e-05
-9.108136654452239641e-06,-1.357877114200357961e-05
2.890332777516450434e-05,-1.350380759231218141e-05
-9.952773555527503872e-06,-2.524786149168736500e-05
-3.303112620350993911e-05,-2.914462295251441177e-04
-2.711108305172474252e-06,-3.515250235877325765e-05
3.417122300086376216e-05,-2.740152647956015813e-04
2.701932872014431558e-05,-3.915391366139333207e-04
-2.730911134291020873e-05,-3.105380926045208539e-04
-5.747810432801472727e-05,-3.253568215478103653e-04
3.085426957387212883e-05,-3.003081048104242813e-04
3.256870761897549045e-05,-1.241754020117963763e-05
1.496711225113487295e-05,-8.075302784420680289e-05
-1.044074396338501222e-05,-2.991218629991271617e-05
9.579857847173104359e-06,-8.592541217127986903e-05
-2.326178204664394503e-05,-3.333907203388519806e-05
-3.758764190016643421e-05,-6.404631145796315598e-05
-4.840324999986308672e-05,-1.038482730671390900e-04
-5.458662885067893625e-05,-1.495759961074572507e-04
-5.603693915052337102e-05,-1.974305608905612222e-04
-5.272081303839181647e-05,-2.417914009599698327e-04
-4.760213973522328651e-05,-2.798160855787447257e-04
-4.331255724559997965e-05,-3.124281540025168591e-04
-3.992052000641823267e-05,-3.422519643400409400e-04
-3.506696166585304182e-05,-3.704676556351811580e-04
-2.870483837024507127e-05,-3.941976182167710634e-04
-2.102998403270353871e-05,-4.122473136777525808e-04
-1.214983383301975485e-05,-4.234933640744533031e-04
-2.196561394369815218e-06,-4.270500643002227517e-04
8.651236306722945641e-06,-4.221141487879934455e-04
2.027255755726158895e-05,-4.079843747353753959e-04
3.256779843958790532e-05,-3.841069111448806796e-04
4.555314690258246074e-05,-3.497277077646287319e-04
5.880826917191806169e-05,-3.031394953021991157e-04
7.032095278615185970e-05,-2.426616681557667438e-04
7.397443269816540441e-05,-1.706639332363436607e-04
6.360557257463101701e-05,-9.679419810258988301e-05
3.717924988361539097e-05,-3.736920627109202505e-05
0.000000000000000000e+00,0.000000000000000000e+00
0.000000000000000000e+00,0.000000000000000000e+00
0.000000000000000000e+00,0.000000000000000000e+00
0.000000000000000000e+00,0.000000000000000000e+00
0.000000000000000000e+00,0.000000000000000000e+00
0.000000000000000000e+00,0.000000000000000000e+00
0.000000000000000000e+00,0.000000000000000000e+00
0.000000000000000000e+00,0.000000000000000000e+00
0.000000000000000000e+00,0.000000000000000000e+00
0.000000000000000000e+00,0.000000000000000000e+00
0.000000000000000000e+00,0.000000000000000000e+00
0.000000000000000000e+00,0.000000000000000000e+00
0.000000000000000000e+00,0.000000000000000000e+00
0.000000000000000000e+00,0.000000000000000000e+00
0.000000000000000000e+00,0.000000000000000000e+00
0.000000000000000000e+00,0.000000000000000000e+00
0.000000000000000000e+00,0.000000000000000000e+00
0.000000000000000000e+00,0.000000000000000000e+00
0.000000000000000000e+00,0.000000000000000000e+00
0.000000000000000000e+00,0.000000000000000000e+00
-3.192745583656679462e-06,-2.336626354081832837e-05
-4.611911067567261633e-06,-3.370442127586910976e-05
-5.895808291775796688e-06,-4.420828460676565273e-05
-6.483742580255261158e-06,-5.504810105483215108e-05
-6.199099307412564970e-06,-6.549552350411784484e-05
-5.123553137517548249e-06,-7.463637794187933912e-05
-3.640780942829393960e-06,-8.205024453230579692e-05
-1.916862151000252251e-06,-8.761594312081654454e-05
3.434745286781892561e-08,-9.120486455187151612e-05
2.170456219172304200e-06,-9.255677940194223660e-05
4.298631457274252212e-06,-9.149243078419230519e-05
6.278067428580126177e-06,-8.812006269609022548e-05
7.983070483204025283e-06,-8.258934749251489738e-05
9.274329068519689725e-06,-7.520906102143347545e-05
1.000466687326256043e-05,-6.638067354514153376e-05
1.003341010513946404e-05,-5.661926022674562328e-05
9.199834704470826748e-06,-4.657922786700982972e-05
7.299128523716351376e-06,-3.749391797392962643e-05
4.975425130310634233e-06,-3.014384961162716839e-05
2.860962538260685466e-06,-2.457047816557290592e-05
1.361924113643078160e-06,-2.012825170230039809e-05
3.614547044020852311e-07,-1.602827614880297856e-05
7.422456385209159436e-08,-1.160650975994529311e-05
0.000000000000000000e+00,0.000000000000000000e+00
0.000000000000000000e+00,0.000000000000000000e+00
0.000000000000000000e+00,0.000000000000000000e+00
0.000000000000000000e+00,0.000000000000000000e+00
0.000000000000000000e+00,0.000000000000000000e+00
0.000000000000000000e+00,0.000000000000000000e+00
0.000000000000000000e+00,0.000000000000000000e+00
0.000000000000000000e+00,0.000000000000000000e+00
0.000000000000000000e+00,0.000000000000000000e+00
0.000000000000000000e+00,0.000000000000000000e+00
0.000000000000000000e+00,0.000000000000000000e+00
0.000000000000000000e+00,0.000000000000000000e+00
0.000000000000000000e+00,0.000000000000000000e+00
0.000000000000000000e+00,0.000000000000000000e+00
0.000000000000000000e+00,0.000000000000000000e+00
0.000000000000000000e+00,0.000000000000000000e+00
0.000000000000000000e+00,0.000000000000000000e+00
0.000000000000000000e+00,0.000000000000000000e+00
0.000000000000000000e+00,0.000000000000000000e+00
0.000000000000000000e+00,0.000000000000000000e+00
-1.069694506593257938e-05,-9.598278737071549212e-06
-1.676530070460575332e-05,-2.395017056044841392e-05
-1.962052543867167655e-05,-4.155767173936796921e-05
-1.932590186886543846e-05,-5.942322312947950286e-05
-1.602696049741197839e-05,-7.505037287114255324e-05
-9.761658224524705715e-06,-8.520854508771067391e-05
-2.027974815605822227e-06,-8.751732619013705768e-05
5.497148994239860160e-06,-8.122446680174441472e-05
1.049202444375393675e-05,-6.750895768833987715e-05
1.139492912745522202e-05,-4.983202193472769542e-05
8.605719442833647758e-06,-3.150647258125453782e-05
0.000000000000000000e+00,0.000000000000000000e+00
0.000000000000000000e+00,0.000000000000000000e+00
4.500609591486680895e-06,-8.264563257974081928e-05
1.070100675875836963e-05,-7.036068380830601027e-05
1.437309383735318400e-05,-5.480232799870325222e-05
1.535304845226339443e-05,-3.779708560491752055e-05
1.358924606430257168e-05,-2.161535694932790951e-05
8.826965443734082422e-06,-8.561075457672074360e-06
-2.193401692099318165e-05,-1.307836220346922395e-04
-2.215997118450042038e-05,-1.231596059380510007e-04
-2.027082328730605613e-05,-1.151363669089097252e-04
-1.689249092571469893e-05,-1.067155355440410500e-04
-1.278904621332235586e-05,-9.817664949803193921e-05
-3.273981895950684438e-05,-1.276344836630786408e-04
-3.635293188639235958e-05,-1.004403903153989325e-04
-3.300072345438061298e-05,-6.045231770138087882e-05
-2.120858572641879067e-05,-2.195883164285574886e-05
0.000000000000000000e+00,0.000000000000000000e+00
0.000000000000000000e+00,0.000000000000000000e+00
2.172022022684337154e-06,-3.893844016721721918e-04
4.211567008408204035e-06,-3.903745786623818190e-04
6.018674682605943579e-06,-3.923563049918516073e-04
7.655655527426401849e-06,-3.958075052205203403e-04
9.663317879635854543e-06,-4.010759126578409888e-04
1.274174256606215099e-05,-4.078481279198833877e-04
1.745278116935976685e-05,-4.162345902507947736e-04
2.453590869476128736e-05,-4.247212007573442083e-04
3.431667433718530201e-05,-4.341295841041007027e-04
4.684420482000873932e-05,-4.397777525292148062e-04
6.106786031027622806e-05,-4.370697736561753640e-04
7.542671912640556530e-05,-4.277319997157900651e-04
8.853222519037993250e-05,-4.125511454455852507e-04
1.009374688993717903e-04,-3.922844862064442601e-04
1.110217353135745485e-04,-3.680635096271204143e-04
1.192521550638187217e-04,-3.403274289052369249e-04
1.256786501326586172e-04,-3.088968310079136508e-04
1.289801885294343347e-04,-2.735326739779858304e-04
1.287836628239075122e-04,-2.375319001064315821e-04
1.266445975768529665e-04,-2.060464932850936386e-04
1.225877068001853117e-04,-1.773769111284257489e-04
1.170257488531172506e-04,-1.512138249218883976e-04
1.104976807446782477e-04,-1.279315410871534548e-04
1.033137585700342933e-04,-1.073726088539570667e-04
9.603927763306597132e-05,-8.952890251788968767e-05
8.880496220113068761e-05,-7.417408650091641335e-05
8.167356069470240723e-05,-6.102375833045569644e-05
7.499399534141010086e-05,-4.977805925316909977e-05
6.841804279775707263e-05,-4.029311486425239572e-05
6.245704022255269385e-05,-3.233686634042190353e-05
5.658201023580639873e-05,-2.589944827469755465e-05
5.117742428275713607e-05,-2.073905645963162645e-05
4.586977679851631645e-05,-1.697868671914343271e-05
4.082474731161559898e-05,-1.473824191346944565e-05
3.614878519417110287e-05,-1.392978571077340891e-05
3.138880116608927246e-05,-1.452970009792903571e-05
2.670413657501866274e-05,-1.686167451278152568e-05
2.240217151043770829e-05,-2.108368443378013006e-05
1.837625485840074576e-05,-2.723644865687498940e-05
1.490399617152704564e-05,-3.501197207647255998e-05
1.233229291745149747e-05,-4.376923690981691256e-05
1.063026938711975660e-05,-5.281695728210694045e-05
9.631650049331747234e-06,-6.135114869608902734e-05
9.423143193330010727e-06,-6.877243454894008319e-05
9.551658742820727502e-06,-7.457008864626751756e-05
9.706210445334615295e-06,-7.865120839548748793e-05
9.703898370441870172e-06,-8.125300377050834958e-05
9.299358696145850126e-06,-8.276410556275727516e-05
8.382368168956761125e-06,-8.375438905186124105e-05
7.001917550581737319e-06,-8.458915029373759186e-05
5.099222933459929886e-06,-8.561427262631538676e-05
2.788098611809608678e-06,-8.719456582917955057e-05
-1.456708628320251483e-07,-8.977109673524088921e-05
-3.387556109824818980e-06,-9.420413573364461472e-05
-6.648541147684871276e-06,-1.026530957535848381e-04
-8.931963021028262734e-06,-1.116555985720684308e-04
-1.076277192862369950e-05,-1.176698569507204825e-04
-1.266858050505891372e-05,-1.229013464697024233e-04
-1.460310239634805241e-05,-1.279496018418222597e-04
-1.636069595033646926e-05,-1.330715802771361702e-04
-1.770490843701655155e-05,-1.383343290287920532e-04
-1.831612013866842150e-05,-1.436115235206992624e-04
-1.776618530932819076e-05,-1.487788538749270002e-04
-1.615706439114695001e-05,-1.531434791246323102e-04
-1.288395267475381599e-05,-1.559773762271401412e-04
-7.766271269804821421e-06,-1.562038566596665116e-04
-1.106497823085664418e-06,-1.527603743838514428e-04
7.094069690414592488e-06,-1.432199888530060286e-04
1.546945142462241490e-05,-1.243759289371142705e-04
2.201197778445032358e-05,-9.876954429109478220e-05
2.537095938562542987e-05,-7.097068686637927773e-05
2.404692280781925402e-05,-4.258706719464075869e-05
1.646079008134610267e-05,-1.756930288408582768e-05
0.000000000000000000e+00,-3.897487560175203793e-04
0.000000000000000000e+00,-3.908903350348380003e-04
7.727952254638935774e-06,-3.954315324886287274e-04
1.541317311480917626e-05,-3.963982571521784118e-04
-7.942204666801346089e-05,-3.050758233876363140e-04
-7.395932380750167370e-05,-3.367662337149113639e-04
-4.602146427756329943e-05,-3.572339793818278477e-04
-1.512979444730654318e-05,-3.743584301301721307e-04
1.268624781466539159e-05,-3.881234790769242196e-04
-3.421464127300184429e-05,-3.077475585382238296e-05
-5.705507233538745107e-05,-7.526302719181496271e-05
-6.971389655069631496e-05,-1.342919213811799356e-04
-7.274910343316873186e-05,-2.001491622673781884e-04
0.000000000000000000e+00,0.000000000000000000e+00
2.634660020293092645e-06,-2.535180671504661307e-05
-8.718308599427469140e-06,-2.024280744313459139e-05
-1.344794441924885818e-05,-3.211347146220174643e-05
-1.875566072266362944e-05,-4.294966833595157524e-05
-1.952698011083574500e-05,-5.831351450375839323e-05
-1.660066271226492775e-05,-7.329923540373215591e-05
-3.709450046676701048e-06,-5.497031300955615803e-05
-8.186788012622733372e-07,-7.532889673641608773e-05
3.191241772518613236e-06,-9.440069449848728785e-05
1.037372479435288773e-06,-1.125798351537745946e-04
-4.152100130290947206e-06,-1.269335715709369553e-04
-1.149206708937564132e-05,-1.360983752545812033e-04
-9.153299973854931424e-06,-9.335019495019935426e-05
-1.383222017394027826e-05,-1.019000923164455139e-04
-1.716716030103588670e-05,-1.104935567875714258e-04
-1.940901038471049673e-05,-1.192039697857475057e-04
-2.006842748702929746e-05,-1.280398257739592881e-04
1.302383433269118244e-05,-8.261891372351682576e-05
1.337015652802265069e-05,-8.335446170119766138e-05
1.430839168901763513e-05,-8.373000481799798317e-05
1.538068365463526473e-05,-8.291801130567077668e-05
1.628121128876781201e-05,-7.961528098556397469e-05
1.700784275807336101e-05,-7.292646125293109939e-05
1.847207755583347844e-05,-6.316084897172527534e-05
1.386016532538921353e-05,-4.928411855219292194e-05
1.561738202106286813e-05,-8.240723640016300736e-05
1.696355920224540886e-05,-8.264367910523293267e-05
1.786582791514249196e-05,-8.265268769462296166e-05
1.807600985347001380e-05,-8.244772114255148187e-05
1.724449143165369827e-05,-8.198889856203576086e-05
1.451477868490156969e-05,-8.070880202997834691e-05
1.417090587146397155e-05,-7.143117546073433531e-05
1.604158265233537341e-05,-6.218425241249312817e-05
1.712237711997295145e-05,-5.206153550132214047e-05
1.725958080290164150e-05,-4.160970331358877891e-05
1.602958677480135024e-05,-3.193605622327567621e-05
1.277347133668869959e-05,-2.464671357502863614e-05
-1.333775217655315038e-05,-1.912193844961983485e-05
-1.434288797548245179e-05,-1.973553234223709806e-05
-8.146995626467529262e-06,-1.711845612861972887e-05
2.020758447548740053e-06,-1.355449838040676390e-05
1.311608718197227827e-05,-1.079089175365055893e-05
2.265050714892676787e-05,-1.024483429474181773e-05
-9.514523450930042456e-06,-1.154274753307263222e-05
-9.953796798295459411e-06,-1.391118928510849464e-05
-9.944328891017969489e-06,-1.743764931111799123e-05
-9.877445749392509469e-06,-2.116663164115619523e-05
-1.037064182124949043e-05,-2.703957083002950863e-05
-4.251703809179715869e-06,-2.725134233606280466e-05
5.281534121085982062e-06,-2.538290205757371304e-05
1.545289965204386519e-05,-2.248309647416302384e-05
2.401651716315821310e-05,-1.853645221462984097e-05
-4.160859704429679940e-05,-2.461058044138087191e-04
-4.396677002982784361e-05,-2.042869188691277067e-04
-4.334157966195636459e-05,-1.649406219280211573e-04
-3.948138325378197872e-05,-1.269972309333775137e-04
-3.276435434944776742e-05,-9.070781756092400044e-05
-2.131220094606189576e-05,-5.866367348843785418e-05
-2.165509265192982799e-05,-3.007831340245254153e-04
6.536728123602842748e-06,-3.019583086867732571e-04
3.018504490211569314e-05,-2.932856686344780341e-04
4.276608968915051917e-05,-2.279685812825777867e-04
4.644559954326554503e-05,-1.828302862631576108e-04
4.594341720607540919e-05,-1.376701599868216980e-04
4.124436767257748994e-05,-9.519258548416145726e-05
3.167671507637330388e-05,-5.962225813299496576e-05
1.612617173174194318e-05,-3.457679041741220196e-05
3.501747360984943855e-05,-4.170941624024180803e-04
3.447974554238179059e-05,-4.307118728732539452e-04
2.808440885512439910e-05,-4.368161971320139191e-04
1.706500963210076758e-05,-4.326549832768133053e-04
4.212100423126879848e-06,-4.181170590058830468e-04
-9.209349359523741726e-06,-3.925470236399454505e-04
-2.068140429680506354e-05,-3.571679647800077057e-04
5.914246936176898661e-06,-3.683767836854564930e-04
-2.218251164752895621e-05,-3.488319201755292736e-04
-5.275559946559902621e-05,-3.322830091950698932e-04
-7.804896250661769739e-05,-3.194664205272258555e-04
-8.550286105273958916e-05,-3.186907439216489458e-04
3.089556037436777314e-05,-2.845635152202446614e-04
2.243221631791067978e-06,-2.828840727711133649e-04
-2.617482206658565202e-05,-2.916374805089485753e-04
-4.563881232421534566e-05,-3.643947953198030517e-04
-3.410724670243815189e-05,-3.941237108048302722e-04
-2.310850009422814032e-05,-4.141480996200317668e-04
-1.273515362983440526e-05,-4.249215695857963679e-04
-3.194536860320615479e-06,-4.270652579922107296e-04
5.563044230647153151e-06,-4.212534425226120466e-04
1.335653938574945303e-05,-4.082110923261263570e-04
1.979944507576585907e-05,-3.889272661646244237e-04
2.509151306081464555e-05,-3.643900223321136153e-04
2.890692269309908443e-05,-3.353514659582033453e-04
3.554742011908219965e-05,-1.706138401607538622e-05
3.586293257960189044e-05,-2.486326345394022173e-05
3.415186645871753094e-05,-3.602065914311934213e-05
3.110530088878387392e-05,-4.859327295871932812e-05
2.699111824114921185e-05,-6.076594905638493121e-05
2.268019511212749728e-05,-7.045751158741535433e-05
1.850728439615272297e-05,-7.708946140139241461e-05
2.775094471722228435e-05,-1.248283710547354856e-05
1.983442574441683973e-05,-1.367189430028899281e-05
9.068468517268858965e-06,-1.589369137525994480e-05
-2.019309275185305992e-06,-1.907097676317859829e-05
-9.328306063168799884e-06,-2.413130934539115728e-05
1.492348817681349872e-05,-8.450304544298647828e-05
1.748335082296181850e-05,-8.329887890722536105e-05
1.803451851674726318e-05,-8.271519684933320365e-05
1.764903787974752246e-05,-8.213321569638137756e-05
1.655566458320574484e-05,-8.156106195696760598e-05
1.505017212507394758e-05,-8.101386457111247480e-05
-1.178604946377327572e-05,-4.007297183478950752e-05
-1.202165145908334277e-05,-4.987705260886167452e-05
-1.142756490117159884e-05,-5.970293766561979635e-05
-1.010532273778121451e-05,-6.902542845302092980e-05
-8.178457484322455343e-06,-7.728858022677108526e-05
-5.737447532922586124e-06,-8.403384470351857143e-05
-2.898622144314701056e-06,-8.888754250315617205e-05
1.256163816326867968e-07,-9.161775237734988908e-05
3.319436750785141567e-06,-9.208817356065739936e-05
6.459405330795250437e-06,-9.023710935726704020e-05
9.025932133236349978e-05,-1.156834548449208524e-04
-1.327975727276866833e-05,-1.319770796299184906e-04
5.758619364286072584e-05,-3.460403727275327985e-05
-5.058239249781489205e-06,-1.105332192325873591e-04
7.357889078561472430e-05,-6.567898621282972083e-05
1.025593091414945401e-04,-1.899544360638177225e-04
-2.560753418579586862e-05,-1.320384177550054596e-04
-1.876322093755726109e-06,-6.160213914176766651e-06
-2.415553336273287589e-07,-1.053875728907547590e-05
1.004676553592840109e-04,-2.935230814612844563e-04
-3.435566038368616906e-06,-1.148264808543626226e-04
1.181866110513679314e-05,-1.734023674154894828e-05
1.492748723144519519e-05,-8.203546306988534402e-05
9.949623570409037450e-06,-8.314241830457649472e-05
-1.129240561416402233e-06,-9.644480209480552540e-06
9.663631782112396603e-07,-9.748548760895450814e-06
-1.824448395977438581e-05,-2.107359696153573319e-04
-9.686137555021345511e-06,-4.717460633634217070e-05
8.630424756297410045e-05,-3.827202674963983177e-04
-1.453284451019313950e-05,-1.465664971501601428e-04
2.563191710059912414e-06,-9.122619898356468910e-05
4.498486390327563239e-05,-1.736972154138124191e-05
1.822367885635616630e-07,-4.668028031150805497e-06
8.022823191302885461e-07,-5.628461003151749845e-06
2.147405428189079692e-07,-1.518014779572358635e-06
2.929705581075915227e-07,-1.846242131216756626e-06
-8.363652630087029641e-06,-2.944513950232006093e-04
-9.346612124433933229e-06,-1.210762806900176063e-04
6.884017245754009515e-05,-4.196621469985067454e-04
5.070930047974206580e-05,-4.388918318111462852e-04
3.332965859923490748e-05,-4.309431388086533031e-04
-4.965881393741635704e-07,-4.429991626390626026e-06
-6.542254297675492197e-07,-3.602417962674170628e-06
-2.537550519015846330e-07,-1.378736146661170697e-06
-2.165803320941999744e-07,-1.189824910388488875e-06
1.708387578782785059e-05,-4.061881876136340277e-04
-1.180228362467012456e-05,-1.538290198533240566e-04
3.697262915653361145e-05,-1.267191392671440927e-05
9.773373188612927476e-06,-3.943092053288745850e-04
6.599131663483036879e-06,-8.547379527984249551e-05
9.775884277985230929e-06,-3.706160364999457426e-04
-1.469562265425926045e-05,-1.373645094058197806e-04
2.900317314181971557e-05,-1.123145546676420496e-05
1.271088946184973787e-05,-8.434143970464454576e-05
2.565512829520921466e-05,-4.273701440724851663e-04
-3.617765160416636602e-06,-8.757391517962716300e-06
-3.926081407563040148e-06,-1.090619232256310472e-05
-2.586570195166401236e-06,-9.090866856479980232e-06
-4.169496252664734533e-06,-1.286265710878052514e-05
-2.467221082972341195e-06,-1.046780185599413168e-05
2.166667891994483633e-06,-1.927753583148697421e-05
1.850893677314193713e-06,-1.832954040766674638e-05
1.613762908927021795e-07,-1.331401044576742160e-05
1.329130737614987548e-06,-1.766742314859478922e-05
2.640899896100406369e-07,-1.359003962862328462e-05
2.301085502191771995e-05,-3.969989177645543181e-04
1.005536677870290585e-08,-1.052106099819529628e-06
1.018374720360020523e-08,-9.038058113323434778e-07
3.092122260967330717e-05,-4.358780045575245000e-04
2.342747171068224526e-07,-1.521402550939475085e-05
-5.867473091939216442e-06,-1.697159392623983108e-05
8.937624215907720370e-06,-8.378223343110541028e-05
3.137702560126605605e-05,-1.407793264676686252e-05
-6.528634120439306596e-06,-1.474897778246291383e-04
6.305064949489207273e-07,-1.709282930823970023e-05
-5.334657610416437083e-06,-1.736187723402852294e-05
1.048509539617022527e-05,-3.940530815895198114e-04
2.709344043925032653e-06,-2.188574834682080900e-05
-6.369024065836398316e-06,-1.513797132653971088e-05
-8.905151931225465878e-06,-2.443434356326485676e-05
1.127540281269273584e-06,-2.219133416419648145e-05
1.040952015698199270e-06,-1.286849350157484542e-05
-1.932504544022086059e-06,-1.192862800417927364e-05
1.123998568843532298e-05,-8.191320437558504547e-05
-8.101400964342961688e-06,-1.065705908756718547e-05
-7.998442447781159905e-06,-2.727639764858092421e-05
4.056256981517512713e-06,-3.902743625210352966e-04
2.206590084893260037e-07,-8.175993568456855383e-07
1.835734455985974410e-07,-6.944746710394138204e-07
-1.547806274785551572e-05,-4.608531789423029110e-05
-6.567214777202295309e-06,-8.117661121571712794e-05
-6.205405844543066217e-06,-2.320437129888166896e-05
-2.294637162436190223e-05,-2.356594932214441703e-04
-5.483206452816953513e-07,-4.206497196777459223e-06
-2.421081287435895524e-07,-9.984474728458740857e-06
-7.074432714527149537e-06,-1.570977343089737243e-05
-9.770765875535577762e-06,-5.031837588984057024e-05
2.459044676487922516e-05,-2.401743558971125022e-05
-6.892063250592249658e-08,-1.143601591745549618e-04
3.958409471571826252e-06,-2.403501700827346472e-05
9.893082056167985596e-06,-2.167583438815817395e-05
1.904990830606586590e-05,-1.311324006692714738e-04
3.206426139666397635e-06,-2.773795121044148718e-05
1.096038321227233782e-05,-7.005607072181217667e-05
1.002440544933354026e-05,-3.520340626281681250e-05
9.123828714487006226e-06,-5.693727397685582425e-05
2.231418075996892092e-06,-6.279349052369552150e-05
1.310828351576972504e-05,-1.579468173376982634e-04
-3.135354929966946939e-06,-8.840685434202858004e-05
6.927784914408387716e-06,-7.599966356053047226e-05
7.852502296126599723e-06,-2.507635991911983785e-04
4.877626567194412719e-06,-8.850323860221909439e-05
6.128282685857852973e-06,-3.164486656840678085e-04
1.180836730056446261e-05,-8.305465592391118195e-05
4.359699349288916185e-06,-3.759032494162704288e-04
2.156907550819282152e-06,-9.271191700064449956e-05
-1.811056396840271380e-05,-3.468915873972607108e-04
1.827541615158990732e-07,-4.162765274643563554e-04
-6.642686429076897201e-07,-8.739503862329963974e-05
-5.186855602129474002e-06,-4.286135824669948268e-04
-2.504710539556018403e-06,-7.369349956835664006e-05
-1.077173865155199978e-05,-4.071571792823150187e-04
-3.972552830489612230e-06,-5.494941458829406637e-05
-4.627302565535868224e-06,-3.506348101741399654e-05
-4.264364414035948470e-07,-9.669979275967403160e-06
-1.162597081276362545e-07,-1.022919972265178919e-05
5.571923999419034917e-07,-1.232364026755501718e-05
2.440161556591784162e-07,-9.204499560215763664e-06
-1.668421601780022997e-06,-7.330480480631616243e-06
-1.307998316260255365e-06,-8.155275055352991149e-06
-1.483707598785845734e-06,-1.013190935063032186e-05
-6.666040271591224415e-07,-7.547186490257904001e-06
1.303992662497214510e-05,-7.652495897410853843e-05
2.058122967229490346e-05,-3.775379260812755764e-05
3.344106359407110393e-05,-1.311972944147932864e-05
-2.220341064802520471e-05,-1.407919880854953420e-04
5.795759175358329967e-06,-5.855131121492616008e-05
-1.998873568098638467e-05,-1.431605894415055927e-04
-4.500533971735957314e-06,-1.527439074917713157e-05
1.082176933445428222e-06,-1.725308185319308641e-05
3.300034499735558980e-05,-1.200854473529485180e-05
3.383411503952247893e-05,-1.210410865200739917e-05
-2.826267762178673741e-05,-9.859107326790005304e-05
-1.440437099243619519e-05,-1.065788770786751992e-04
-7.499846899382488468e-06,-1.350462165820324404e-04
3.451035399342010149e-06,-1.123814263990559228e-04
1.233685753417486985e-05,-1.382257246781384461e-04
2.290334964407021801e-05,-1.168989448969181329e-04
1.343770909876356195e-05,-9.352589094047209710e-05
3.264335758442732491e-05,-9.709079451477056440e-05
2.298736187926617568e-05,-7.738693313131628313e-05
3.322022761624073294e-05,-1.437488665829868132e-04
1.997782948359645930e-05,-1.690676405068055655e-04
4.347712789343076060e-05,-1.725132121124581383e-04
3.310492845078922560e-05,-2.012713401931681689e-04
4.110558003321113210e-05,-7.981022174763198538e-05
3.138190355170578940e-05,-6.336194673041254961e-05
5.447450299161964897e-05,-1.471931237023370819e-04
5.548345766792960661e-05,-2.033017466596454589e-04
4.354359815408153625e-05,-2.338409194041705778e-04
2.284501879391193484e-05,-2.294762454640631344e-04
3.142676643415004634e-05,-2.658245616453202664e-04
6.674927081918594562e-05,-2.352907931754124270e-04
6.436478768104300433e-06,-7.500023764033417564e-05
5.196720070642532157e-05,-1.006517760648111378e-04
4.760685780654628574e-05,-6.564002170047992927e-05
3.819166663896440893e-05,-5.131081178926660146e-05
2.331786610632141136e-05,-5.007813078822079977e-05
3.029560855813140871e-05,-3.992210262676345976e-05
1.702294974196946395e-05,-3.918681639373390688e-05
2.414862543696970435e-05,-3.093697887787943951e-05
3.589306005755315881e-05,-3.180060479660258360e-05
2.994276340693029744e-05,-2.436686600778945974e-05
3.963549766975560775e-05,-2.522705602695208429e-05
1.222100268404494057e-05,-3.024162948324509467e-05
3.412165381938660539e-05,-1.910963446319447552e-05
5.328944579819685763e-05,-5.297611341610636998e-05
2.605805686114623739e-05,-1.831804508513554196e-05
4.177526756503273066e-05,-2.042084222504591805e-05
1.258708731479940480e-05,-8.228400605586659675e-05
1.737218097820103873e-05,-5.853385390394527074e-05
-6.878658001565207618e-06,-1.086384730675380124e-05
-1.698143143231809840e-06,-2.753442032095301136e-05
1.534607077472427202e-05,-7.750259171769729202e-05
1.295972372814962528e-05,-8.335380327344174046e-05
1.244058203957371798e-05,-8.591306368482756891e-05
1.008956971059728058e-05,-8.950473585319599235e-05
9.344188310818016550e-06,-9.082944890072966525e-05
6.473607274611882276e-06,-9.612489369591062718e-05
7.095214316392374570e-06,-9.475557076383846471e-05
3.004665709042590322e-06,-1.025114918223006403e-04
3.722811516861731102e-06,-1.011034824323484618e-04
-6.303079660881271252e-07,-1.093194081035281454e-04
1.449717751885148724e-07,-1.079799813078114487e-04
5.425611724880377196e-06,-9.626372978464124296e-05
8.129418402148298620e-06,-9.037868747198283181e-05
-4.160500348488022490e-06,-1.163983487491446135e-04
-3.557022312318132062e-06,-1.152987545845220028e-04
6.296275313549357076e-07,-1.062454657930962426e-04
-3.418318163445352857e-06,-1.138679405217469495e-04
-7.308339719578557974e-06,-1.232928914118641076e-04
1.125163594626094897e-06,-1.038468440974824709e-04
-7.560817169374655818e-06,-1.224249862463743822e-04
-1.073130098864017125e-05,-1.315880765269952183e-04
-1.052235081484711080e-05,-1.318588704275829807e-04
1.271166090591533826e-05,-7.962825368533892078e-05
7.400211560947931833e-06,-9.295078843976120186e-05
-1.483162554985860537e-06,-1.097373207827837145e-04
6.005112141156911373e-06,-9.426635269393710676e-05
5.152437764521731831e-06,-9.444599801598099558e-05
-9.747918962952243174e-06,-1.282355350372620345e-04
4.636247975370350903e-07,-2.092776434646071882e-05
2.679002411548680473e-06,-9.952898632094196653e-05
-5.109959642396400537e-06,-8.947946124735238005e-05
1.162564908430428969e-05,-8.372273892246040569e-05
1.004528523080098843e-05,-8.543889422616213008e-05
9.803252766337714353e-06,-8.406104664553635825e-05
-2.104009842565154542e-05,-7.857428700629210153e-05
-2.446980078696717187e-05,-2.957552053126276609e-04
-1.554564656116498730e-05,-1.485052608972339675e-04
-1.588723655971855951e-05,-1.474341414649853405e-04
3.395969653519806099e-05,-1.217119175764863506e-05
-6.045236750203184420e-06,-2.739273265126630322e-05
3.703743069976236539e-05,-1.621293458647631047e-05
1.114827433643656388e-05,-8.613023556106485276e-05
5.003680152157100099e-06,-3.009273502389903102e-05
-9.630182497166910453e-06,-1.692867634812973536e-05
-1.272387180224029588e-05,-1.394386272220242938e-04
-1.336694168854056659e-05,-1.393385919441384542e-04
-1.325433030197637149e-05,-1.388358532372628476e-04
6.159650518907494102e-06,-8.307839089280174910e-05
9.263667660678933253e-06,-2.866875872096548037e-04
4.837129876420602368e-05,-2.646886383823778276e-05
-2.794357403369087029e-07,-7.249608274221412040e-06
1.751601820900974784e-07,-6.691114678965867720e-06
-1.689828797172027113e-07,-5.268734470727857052e-06
1.226872530675536667e-07,-4.837307443462365049e-06
-2.169617537206887566e-07,-3.779954206212060125e-06
4.703577816562943180e-08,-3.398382298047997432e-06
4.165228498366440204e-07,-4.883690982480523525e-06
-6.935453699231589177e-07,-5.893430570328138779e-06
-1.952709331850309829e-07,-5.503439818750189050e-06
-3.176793865636312536e-07,-4.355624237473130581e-06
-1.940637511134196703e-08,-4.003373087653064906e-06
-2.401393869582804822e-07,-3.167410185568567419e-06
2.373788123644519552e-09,-2.842305457483287436e-06
1.687446463495409897e-07,-3.998303888267448990e-06
3.689160577739149124e-06,-9.498011738929492841e-05
7.988761853049393952e-06,-4.883484171605016521e-05
2.370780374206611564e-05,-1.269670792405094000e-05
4.872336797427983190e-06,-3.931518642681124305e-04
6.177721556511593506e-06,-3.920048687155685521e-04
1.222002114480443178e-05,-3.936711680526140396e-04
-3.177948560385815847e-07,-3.716140690049985162e-05
2.191673991083654147e-06,-3.038770952771230894e-05
-8.481827226448814937e-06,-1.398768625481711091e-05
-7.328681811837681712e-06,-1.315162893013730755e-05
3.222376320600079140e-05,-1.743896186665759633e-05
1.369711826599165470e-05,-8.443814080838205115e-05
-6.972233668960820470e-06,-4.439218436302184252e-05
5.274851323088779028e-06,-2.795811662524659891e-05
6.214381916049837597e-05,-8.407271756177215802e-05
-4.063789088221258633e-07,-2.950032588326383153e-06
-4.029208052607212602e-07,-2.486054492563842191e-06
-2.024927657274024938e-07,-2.611491121445467105e-06
2.374170261594274124e-08,-2.239345506057881151e-06
-1.839002657034682816e-07,-2.215335898993366127e-06
1.236519227690958437e-08,-1.895638678585802502e-06
-5.983016502736960247e-06,-2.609812723025622740e-05
4.706459812518513837e-06,-2.382127791139674358e-05
4.361951445620864841e-05,-4.141526330246421872e-05
5.594247466066615341e-05,-4.259944944466092132e-05
4.688009746854473537e-05,-3.304812397400074914e-05
2.926170462728276213e-06,-2.978799235841941820e-05
1.773311937484070039e-06,-2.536749522166145156e-05
-1.264583973913121087e-05,-3.522605098251464876e-05
-1.251608485340818297e-05,-2.642759164669806061e-05
1.882074310656848992e-06,-3.304754732194261518e-04
2.673349350400560151e-05,-3.471625404657874476e-04
3.229551037397508531e-05,-3.821356517663329340e-04
4.811857123889195240e-05,-3.618697589704067191e-04
5.074285165500279653e-05,-3.919282175697392893e-04
4.496627832247549551e-05,-3.285342577972773497e-04
6.657486991423646036e-05,-3.416635721095361488e-04
6.201172705621487476e-05,-3.086811413796923986e-04
3.718434337269731574e-05,-4.081041826316510212e-04
5.203716677327682570e-05,-4.152627894031444243e-04
2.090646632165922095e-05,-3.048323490681472694e-04
-1.288501513841902121e-05,-2.547246996706131229e-04
-1.872499947380242943e-05,-1.275894760898120246e-04
-1.379856032745337871e-05,-1.458993083480456714e-04
2.270838129180214372e-06,-1.027446370189423605e-04
4.109346170646073710e-05,-4.273188538879382661e-04
3.519485085417322560e-05,-4.352030343853768163e-04
4.291163941905796081e-05,-4.360237886956769195e-04
3.586877995355904341e-05,-4.382111407937269742e-04
-1.900449593301471325e-05,-1.670318988910891064e-04
1.767323100773909975e-05,-3.952304316276561381e-04
1.804202435594595851e-05,-3.971933209198573152e-04
2.146551277259134069e-05,-4.042234413699799479e-04
6.728773735167896299e-05,-4.017739493127958704e-04
5.315448970452980198e-05,-4.297803967167444653e-04
1.843166956636724892e-05,-6.733494914349757825e-05
-1.578403394258387217e-07,-1.387479510628047246e-06
-1.859983361428852701e-07,-1.616470235154103696e-06
-2.306968004757615785e-07,-8.523965434555049270e-07
-1.963543443539940637e-07,-7.427285867038809250e-07
-2.816931491880381725e-05,-6.663029421510650548e-05
-1.510816307233489684e-06,-4.105746072732485225e-05
-4.046777693303481978e-06,-1.394909811882578782e-05
6.554793493143520921e-05,-1.749273579843487218e-04
7.706684916627607037e-05,-1.488935996363300229e-04
6.284576376508904129e-05,-1.236779947303095855e-04
4.276445198574235751e-05,-1.205252875739400864e-04
2.857260408860822073e-05,-4.238791470804997960e-04
3.129174678691282185e-05,-4.317492612261146219e-04
2.603642786967618180e-05,-4.197512180709919282e-04
3.652038547198334226e-05,-4.352856975113660390e-04
2.976474164449182682e-05,-4.266328416119078001e-04
2.343632809447294003e-05,-4.157810764883912457e-04
-5.720172984469069197e-06,-1.175393420790472047e-04
1.065742305887121173e-06,-1.846098119636969557e-04
1.880025850719186838e-06,-2.209586215672727436e-05
-8.407218839403674722e-06,-1.999375589487209940e-05
2.448145914634723604e-05,-4.056700266814982758e-04
-7.659786917687728703e-06,-5.270176085039185443e-05
1.841046283941029783e-06,-5.073132557485536412e-05
-1.868061373354906632e-05,-1.305044691571846552e-04
8.422272788755756797e-05,-3.199957275719712054e-04
-7.529522246908765650e-06,-1.239424600417584992e-04
1.518828716168017109e-05,-6.919160248084950686e-05
4.900321994343722015e-06,-1.840908253793729292e-05
1.742429682945699716e-07,-2.078373368504183905e-06
2.345459942971404212e-07,-2.490490609674618803e-06
1.752145237987784126e-05,-4.016287391568819256e-04
2.120758614055023361e-06,-9.257362017643667714e-05
-1.632229972569410723e-05,-3.597867282297414430e-04
8.292683569887838371e-07,-1.020022210995062066e-04
1.740196045807636079e-05,-4.024142096484825204e-04
-1.181024029573394576e-05,-1.317321566564973092e-04
5.960479554402110565e-07,-6.648888013566291944e-06
2.839895743678117956e-08,-5.453208009223236680e-06
5.718778156819443381e-05,-2.716631639765753779e-04
8.287650755619769747e-05,-2.653677538932257014e-04
9.348450483467756237e-05,-2.364277324377744307e-04
7.966657869063793621e-05,-2.063925850468273479e-04
7.146377999977046800e-06,-3.875219595246907190e-05
2.773977118560307890e-06,-8.999624905212752371e-05
-1.108549563168420095e-05,-4.071341846194016030e-04
-1.433472049532691710e-05,-3.822992007220302039e-04
1.441352104134123625e-05,-8.031717814300675838e-05
-4.465427351814200530e-06,-4.494390404075355983e-05
-2.593753582119992824e-06,-4.264776991193695225e-04
-7.877736951152553891e-06,-4.223770423957829952e-04
-1.735193517199949765e-06,-8.135188861440576001e-05
-3.346114582927350929e-06,-6.472989273890360435e-05
1.111723105020948970e-05,-2.057580564799415233e-04
8.124668998809248387e-06,-6.720631474327657361e-05
-1.581841376357344139e-07,-7.794374013097583041e-05
9.533448479552298618e-05,-1.378574600886359094e-04
8.336658834527302777e-05,-9.603500676362618314e-05
9.949347786826555178e-05,-1.626864577422352501e-04
-1.120380748249548974e-05,-1.259982976908364681e-04
-8.794737149705377511e-06,-1.247102746187616945e-04
3.037108422199066675e-05,-1.457631674730201253e-05
-7.388200327353843637e-06,-1.161990998053005021e-04
-3.054312971587985988e-06,-1.775613944701981609e-05
-1.534221313781616786e-07,-5.878929668938292992e-05
-1.341791025851830247e-05,-8.192925954769832359e-05
-1.125298453466565661e-05,-1.315949874311792629e-04
4.873774542652616027e-05,-2.182420279594239219e-05
4.107509623353708514e-05,-1.441699564596098214e-05
-9.379329658505111941e-06,-1.528941542534358608e-04
3.411075757440993944e-05,-1.308590523588152834e-05
9.311140427769293000e-05,-3.527388580187771315e-04
7.501412563302286387e-06,-8.461018340787819080e-05
4.249195404202004404e-06,-8.760402996619359934e-05
6.704895394414681053e-06,-8.788320674143470720e-05
-6.422541431931868346e-06,-1.939042738200670628e-05
-2.253049641119305184e-05,-1.666598104279102372e-04
-1.962727888329814528e-05,-9.995324756673216635e-05
-7.800147278857906999e-06,-1.229228837777140022e-05
-1.006983023945328696e-05,-3.496523587002792427e-05
-8.249717691772951326e-06,-6.672432675620089339e-05
2.529887824870714124e-05,-4.214194342265872753e-04
4.172789860062081575e-05,-4.377404238060152316e-04
2.255908902085662656e-05,-2.038652251356389868e-04
-4.146555154886112491e-06,-8.923455093232164777e-05
2.778533459120041772e-05,-2.993490091586938396e-05
3.721003615553258582e-05,-1.280591076970116293e-05
-3.408244873153630468e-06,-1.128377335786017035e-04
-1.813017021331248286e-07,-7.499957445437396679e-05
-2.130714073323980683e-06,-2.166247459063874422e-05
1.920020507789175384e-05,-2.238822730290042265e-05
-1.353854918346030085e-05,-6.403338151706865775e-05
7.000217288444518174e-06,-3.917731445931217551e-04
1.283219568239563802e-05,-3.987609629971073603e-04
6.677495167326164731e-05,-5.283663035797986449e-05
7.775857976884984152e-05,-7.916164041741423200e-05
1.056894721619041799e-05,-8.288593550601452259e-05
1.691166673539849040e-05,-6.554927537475857817e-05
-1.038117620948301568e-05,-2.441225193546318626e-05
8.886318062894759685e-07,-2.830767580624772976e-05
1.613642207297382681e-05,-5.504095547993851116e-05
2.831601957361264642e-05,-1.788012303482625231e-05
1.425203652873871822e-05,-3.228961873325752671e-04
-1.484331986247445713e-05,-2.182903828558378992e-05
-3.274653137620241472e-06,-1.344555054854008913e-04
-1.366550298516116834e-05,-1.516320701428665459e-04
6.739543997936792026e-06,-8.370647118043177657e-05
6.771726449005055026e-05,-3.728795310615673942e-04
-1.295929007240302330e-07,-3.178286667317624717e-05
1.647053075078256797e-07,-6.953833288504201518e-07
1.402994961169439665e-07,-5.958955075696682924e-07
-1.789628126888579942e-05,-4.807155569357003785e-05
1.843408583258762624e-05,-4.800494092695037828e-05
7.153738485902323403e-05,-1.067277337796917764e-04
9.250796362459552376e-06,-2.625991791758646538e-04
4.247540129404286555e-05,-2.952291543880258980e-04
1.030435718661243562e-05,-8.726481287484638325e-05
-4.218301563911245429e-06,-8.919016823990264572e-05
-5.470973644384189062e-06,-9.235550545912021335e-06
-4.715182402718460636e-06,-2.303775305657573578e-05
3.852475999602771847e-05,-1.428747192591497485e-05
-4.863075832596099088e-06,-1.485081074800107297e-05
1.385974471954194836e-05,-3.961039758500857141e-04
1.469234690212599024e-06,-8.570002714425316336e-05
-1.869558118677758761e-05,-2.996892399639264522e-04
9.213303546578827270e-07,-6.892600373268062484e-06
9.821426431167248301e-07,-1.036886293814614111e-05
-1.509120630949314411e-07,-6.128358419419867980e-06
-6.811475138426955159e-07,-8.912534679837801050e-06
7.316055907784309697e-06,-8.609627210771626619e-05
-1.878757144962593532e-06,-8.611637552284227360e-05
-1.353169562826816957e-06,-4.853653984525254185e-06
-5.631265489501299980e-07,-7.034567110718476928e-06
1.939502202737536623e-05,-2.704236542865430179e-04
-1.234271036784747809e-06,-2.604399806476399807e-05
1.513182642982014109e-05,-6.163623698873788286e-05
3.462402483958067838e-06,-1.233830491785047787e-05
1.021435288523415555e-05,-8.500259800303491852e-05
7.058111162887256705e-06,-2.700696341125131752e-05
-8.443934469347505589e-06,-3.596106335147059122e-05
4.436364406358108851e-06,-9.879267696431683705e-05
1.397485418706963136e-06,-7.950786477150310037e-05
-1.949730923856310107e-05,-2.665667746137366338e-04
1.218526090331167529e-05,-8.002723074993517579e-05
2.962026942437722360e-06,-3.773633887382243484e-05
-1.380913685851015347e-07,-6.055998068310471137e-07
-1.629334185596018207e-07,-6.966606803849198534e-07
-8.912582869971350514e-07,-3.879459234096123005e-06
-5.442666349447856398e-07,-5.001801341002189377e-06
-6.447304611265161102e-06,-8.377385762742101084e-05
1.191656654787005261e-06,-7.139190732560071425e-05
-2.146676238514447021e-05,-2.259357693010111026e-04
-3.025769193172347441e-07,-1.989184312389380834e-06
-2.704535083400967610e-07,-1.698906048978775232e-06
4.321803262349940692e-05,-4.384289659611729584e-04
1.959620100486288044e-05,-4.134359356296065887e-04
1.367083057553866647e-06,-6.141415027082050473e-05
-7.476261665596647530e-06,-7.029541454040489550e-05
-2.078163003848565663e-05,-1.779619356973884668e-04
1.120054940176485181e-05,-3.660061515127817507e-04
1.511505598130962550e-06,-4.027199959177649955e-05
3.834249797802464374e-06,-2.205902703942890452e-04
7.105589070583511412e-06,-3.961716195014394174e-04
2.304484370187969286e-06,-5.020781815546859441e-05
6.042438505862877051e-05,-4.331038763231823173e-04
8.915654652715973517e-06,-2.370998294465769478e-05
2.708218697001287303e-07,-2.955911319830369715e-06
5.452906866978417335e-07,-3.646562273045518489e-06
2.827361451469361129e-06,-6.029187072477892265e-05
3.023422134628019201e-06,-4.162388857791030419e-04
9.407560346321616166e-06,-4.575777363973614515e-05
1.156904177306217934e-05,-1.103637201834764943e-04
2.942949516630496879e-06,-4.472431391669273720e-05
1.902446970685876259e-07,-2.933894411655573149e-06
3.076282639455606746e-07,-3.556960486518766617e-06
-9.389608545218258829e-07,-4.267444805091259838e-04
3.126094364285257308e-06,-6.986899090918725322e-05
-3.622889594192578890e-07,-9.771012990312681395e-05
-7.559478186947837137e-06,-3.268935365348447263e-05
2.606273851878013651e-06,-3.918459319373855790e-05
-1.551235098415186452e-05,-8.369750209813805889e-05
3.189768519119712631e-06,-7.837325206914066956e-05
-4.763533764477183934e-06,-4.282775940848171673e-04
1.922097085117080070e-07,-1.063259552151828190e-06
2.423643731204966195e-07,-1.272039042650700682e-06
3.019232385582943202e-06,-8.526750249374856472e-05
-8.192918451144755453e-06,-4.213229432414601064e-04
-4.624038946368830902e-06,-1.932311500705243264e-05
5.144048928215894124e-06,-1.692766846895717869e-05
1.081179295857220088e-05,-2.749928625531421035e-05
1.088109325164066022e-05,-4.363898545731804751e-05
8.100245932827603848e-07,-9.128670790819779315e-05
1.993644591096684081e-06,-3.986740127761399127e-04
2.130222077927180444e-05,-3.053751598304511839e-05
6.271249029995702544e-05,-6.767010801214196286e-05
-1.386213218654331265e-05,-3.860310358151897397e-04
2.457032138356532525e-06,-9.252191020741747074e-05
3.525573628984934373e-06,-9.177940957045448633e-05
4.637323500796989143e-06,-3.478975240920689576e-04
1.691762631913286823e-07,-1.322033672839213952e-06
2.063633283770499452e-07,-1.561957747450157749e-06
1.768931087373836639e-06,-9.023596270615259524e-05
-1.793953228705083368e-05,-3.301648301682608816e-04
3.871661354802200363e-07,-2.568447826901448357e-06
2.498927393799660687e-07,-2.085940847567246799e-06
1.240384702128797250e-05,-7.720664987017079850e-05
-1.483827364530999870e-05,-1.380997120051662586e-04
5.479966064183581451e-05,-2.787229469254118264e-05
3.344939402049209162e-06,-8.994107940858615021e-05
9.809231012163996043e-07,-1.607867378416504573e-05
-3.387679434944732185e-06,-1.306470371978454317e-05
2.686285376386467580e-06,-3.904285523496235145e-04
-9.157138943514336494e-06,-9.187690341638237866e-05
1.087723500849027427e-05,-8.312160396482778165e-05
6.477660454795124134e-05,-4.360739421274384658e-05
-3.251119885552779436e-07,-6.063600967136326554e-05
1.362128666148910407e-05,-7.151079112875069715e-05
-7.935650194467941464e-05,-3.052859969316388329e-04
8.202144507937203228e-05,-4.023315656463961713e-04
-1.103247280308517801e-05,-2.673664209255716617e-05
-5.733637003572942525e-06,-1.581413433419013196e-05
1.713483583633677883e-06,-1.953957131695810502e-05
7.774329061141964107e-06,-9.080275761180486383e-05
-2.152765258808502190e-06,-1.176503182773669966e-05
9.696940186544315384e-07,-1.373633425612223348e-05
-3.626758729023134005e-06,-1.050809011904842199e-04
1.127088649641181481e-05,-8.731235984422346325e-05
-2.553952872222479303e-06,-1.096819769528423232e-04
2.055476888698091171e-06,-3.956577276945267440e-05
-9.247989047232928965e-06,-1.533972178477583146e-05
-1.391527626270692953e-05,-1.497516879480641260e-04
2.671078244750758014e-07,-5.055249215817979693e-05
2.603046521945218451e-05,-4.247413427278975940e-05
1.062035002706433919e-04,-2.612140626189372265e-04
-6.813834805148732032e-06,-3.292573091729885434e-05
2.129652025917800403e-05,-4.086238768856382598e-04
7.534354569743095303e-07,-1.042636684669224280e-04
-8.315486405830542537e-05,-3.198158139958486306e-04
8.599925446235102259e-06,-8.791072863452884206e-05
2.930910587063827893e-05,-4.378879507197154411e-04
3.605273748676648629e-05,-2.878184627244770766e-04
1.328090840725125780e-05,-8.239167953111653443e-05
1.055980377403735714e-04,-2.147832715848005673e-04
1.734122899601339395e-05,-7.377993554304098506e-05
4.833424822877332170e-07,-6.492441142004061775e-05
1.019713747871735386e-05,-3.933660961588324439e-04
3.464196545887880130e-06,-2.492129300300445187e-05
-9.508229789386067702e-06,-1.865614808664497253e-05
-1.385002945707617196e-05,-1.416247482471729054e-04
-1.686478219015355253e-05,-1.420030698525604515e-04
3.198126341934337644e-05,-1.435804523387654408e-05
-6.459173187586061423e-06,-9.245206103478448067e-06
7.834818606720690234e-06,-8.796482681525361915e-05
7.995540075774013348e-05,-2.952894640034648397e-04
-5.020297811596964921e-06,-6.875571737269706453e-06
-2.002800894312357562e-06,-1.706145481076473460e-05
-1.068233724702318700e-05,-1.701478249711688341e-05
8.470188309433530254e-05,-1.759093836864645166e-04
1.626321561301278870e-05,-8.260159057676119134e-05
-4.256910998117080322e-07,-7.426690780765680928e-06
6.514725042054942433e-07,-8.925415770984835415e-06
1.486645310022929256e-07,-3.370045427035046160e-07
1.268427087290705524e-07,-2.900676115323201508e-07
-6.658725320178578084e-06,-1.388725790903349475e-05
3.452529165775036630e-06,-2.494925626224118849e-05
1.516594576692003885e-05,-7.781656232725667373e-05
1.986045839322244779e-05,-1.627559435516055640e-05
3.465679371183562395e-05,-1.184909768464873009e-05
-1.601471424489220591e-07,-3.697042597829712891e-07
-1.382286937803071968e-07,-3.247681761660452616e-07
7.477911457848405526e-06,-3.917994258461023798e-04
1.671618867282985229e-05,-1.957085573731623309e-04
4.929749412084368724e-05,-4.363976080622261025e-04
-1.478898735738756582e-05,-1.397155716115186703e-04
2.020459215084350777e-05,-2.915533439513229405e-04
7.949379622483616480e-05,-1.253635186312905818e-04
-9.918518777454856503e-06,-1.699152421091964762e-05
-7.398908909259344154e-06,-1.216876552448123905e-04
-1.581994017159216165e-05,-1.437218330026822420e-04
4.234898974865187343e-05,-1.770876000515062050e-05
-1.482570688348766384e-05,-1.445799249652045672e-04
-7.620155735301904940e-06,-2.496340709028817398e-05
-1.288712754498808575e-05,-9.931050498873314480e-05
3.334770400635608459e-05,-1.328548724581443775e-05
-4.459293119769794072e-07,-7.441166200646167772e-06
-1.035047754439505755e-06,-5.910460706504901060e-06
4.778128471859478068e-06,-8.579562720674268996e-06
-4.269689754056942492e-06,-1.476908047997431383e-05
3.978734219027749069e-06,-1.382005872366286630e-05
-3.353712935793493462e-06,-4.254265842632548583e-06
1.057268147704134204e-04,-3.235456459653259951e-04
9.363334344436175232e-06,-8.482579082648779333e-05
2.345100420553988729e-05,-5.208705252009063029e-05
9.824354979109796399e-06,-8.368729320780678919e-05
2.368954634118626616e-06,-3.788306845109655995e-06
6.094232850268548804e-06,-9.040598245346943449e-05
1.294795334654707266e-05,-8.163721817664874912e-05
2.390827221024987732e-05,-4.114005995352661301e-04
-1.361872730528061777e-05,-1.067363471718564782e-04
1.361113565567132979e-05,-6.511662982062407128e-05
1.729994954907218734e-06,-3.896728549175614183e-04
2.485067530080095320e-06,-2.910422519291822169e-05
-1.494364328399796654e-05,-3.177118631833728907e-05
-1.237267531765363104e-05,-2.259453205492142601e-05
2.954160647976428343e-06,-2.596626822921715272e-05
2.927693767019005775e-05,-2.266590091881201264e-05
-3.871233072794542418e-07,-4.355254888253299574e-06
-4.961829142136921942e-07,-3.606323871304094968e-06
6.361065572666934275e-05,-5.907921133749410316e-05
3.149505248169121626e-05,-1.187546729919591292e-05
-1.347597368264717494e-05,-1.511710653260979042e-04
-8.561374621828839572e-06,-3.624523036216574707e-05
-5.528426241100091431e-06,-1.153506128455174961e-04
1.418977961085567566e-06,-1.567994896064057390e-04
-7.268681308736995667e-06,-7.353710357352982285e-05
