Size 979,2
0.000000000000000000e+00,0.000000000000000000e+00
0.000000000000000000e+00,0.000000000000000000e+00
0.000000000000000000e+00,0.000000000000000000e+00
0.000000000000000000e+00,0.000000000000000000e+00
0.000000000000000000e+00,0.000000000000000000e+00
0.000000000000000000e+00,0.000000000000000000e+00
0.000000000000000000e+00,0.000000000000000000e+00
0.000000000000000000e+00,0.000000000000000000e+00
0.000000000000000000e+00,0.000000000000000000e+00
0.000000000000000000e+00,0.000000000000000000e+00
0.000000000000000000e+00,0.000000000000000000e+00
-1.107856493016856861e-06,-1.539834490874088138e-05
-8.576363750745884257e-07,-1.525655392296240063e-05
0.000000000000000000e+00,0.000000000000000000e+00
0.000000000000000000e+00,0.000000000000000000e+00
0.000000000000000000e+00,-1.165878901738176744e-04
0.000000000000000000e+00,-1.179382300303243188e-04
-3.329759697387938858e-07,-1.117886510738208544e-04
-1.996904170965187756e-05,-8.066819190337541385e-05
0.000000000000000000e+00,0.000000000000000000e+00
-1.383457054211019448e-06,-8.332739144636939528e-06
-2.720677697510906178e-07,-1.075056700026805519e-05
-2.517419714098022432e-06,-1.348796356323439978e-05
-2.533091159240511355e-06,-1.657230308692653472e-05
-1.604681449094333856e-06,-1.241340113432824105e-05
-2.476077112735497641e-06,-1.671308458299397399e-05
-9.750663107590837864e-08,-1.967179129007200184e-05
-2.386908858611929335e-06,-2.431584068005747918e-05
-1.938190104789311913e-06,-6.817895874362305260e-06
-2.019747117357689772e-06,-1.477445494352670996e-05
-7.472013870823304073e-07,-1.570737706614942612e-05
2.518721393785516453e-06,-5.032059061223997465e-05
2.299933024288520743e-06,-7.807594376314620581e-06
8.248846853383341843e-06,-5.411753088986149472e-05
-3.801569419842422842e-06,-9.057917692420072795e-06
9.288219135598343993e-06,-3.076834331509521872e-05
-1.000004840486131711e-05,-3.274331767774823761e-05
-3.070611734466208504e-06,-7.315675061586642144e-05
8.231571225878930733e-07,-1.346700806103233749e-05
1.163534001920070511e-05,-7.367860944048301882e-05
-2.697514864987771847e-07,-1.079410572086177551e-04
-2.518647277983087813e-06,-7.564494351645880603e-05
-1.802625620520564430e-05,-9.765132877585444571e-05
1.128173245645824728e-05,-8.253211057645005728e-05
9.965453123032148310e-06,-3.196582506782326286e-05
3.886996158733424704e-06,-5.334908169849447327e-05
-9.981549213599129027e-06,-3.951976492476674189e-05
7.349020019892002087e-06,-6.047048098436248211e-05
-5.543154097335177251e-06,-1.153669114922034375e-05
-8.818029973425216777e-06,-1.992657736145240482e-05
-1.139574509757605230e-05,-3.019839693576108959e-05
-1.301016375564621699e-05,-4.181441410018793347e-05
-1.369332351708978328e-05,-5.399468764123241258e-05
-1.354651689747213152e-05,-6.567945962219528990e-05
-1.324387093084157187e-05,-7.656320275252916747e-05
-1.318490229529292954e-05,-8.711706251480202327e-05
-1.302119360416626413e-05,-9.785566641231509234e-05
-1.193215524499505676e-05,-1.085988725634500076e-04
-9.993604717883751380e-06,-1.179689025060007659e-04
-7.376981900043095173e-06,-1.253203300618451507e-04
-4.207067820570616952e-06,-1.301175927009910304e-04
-6.184775385705083803e-07,-1.319787619865390679e-04
3.236517665598224510e-06,-1.306227700519549243e-04
7.225689316805396102e-06,-1.258780872095392083e-04
1.121872987806881975e-05,-1.176997559804101749e-04
1.510666566836632746e-05,-1.061256068694841541e-04
1.874123670315690785e-05,-9.102261514819634839e-05
2.165347743505324435e-05,-7.223775011333823082e-05
2.228816300517519845e-05,-5.058076179448979466e-05
1.899007082801938958e-05,-2.869708547204980034e-05
1.106828221305529107e-05,-1.111855658061776674e-05
0.000000000000000000e+00,0.000000000000000000e+00
0.000000000000000000e+00,0.000000000000000000e+00
0.000000000000000000e+00,0.000000000000000000e+00
0.000000000000000000e+00,0.000000000000000000e+00
0.000000000000000000e+00,0.000000000000000000e+00
0.000000000000000000e+00,0.000000000000000000e+00
0.000000000000000000e+00,0.000000000000000000e+00
0.000000000000000000e+00,0.000000000000000000e+00
0.000000000000000000e+00,0.000000000000000000e+00
0.000000000000000000e+00,0.000000000000000000e+00
0.000000000000000000e+00,0.000000000000000000e+00
0.000000000000000000e+00,0.000000000000000000e+00
0.000000000000000000e+00,0.000000000000000000e+00
0.000000000000000000e+00,0.000000000000000000e+00
0.000000000000000000e+00,0.000000000000000000e+00
0.000000000000000000e+00,0.000000000000000000e+00
0.000000000000000000e+00,0.000000000000000000e+00
0.000000000000000000e+00,0.000000000000000000e+00
0.000000000000000000e+00,0.000000000000000000e+00
0.000000000000000000e+00,0.000000000000000000e+00
-4.077518376446905685e-06,-8.542237224874884728e-06
-6.393802279705681777e-06,-1.537892259401623323e-05
-8.006392500457341481e-06,-2.348324185343969226e-05
-8.809262931839962745e-06,-3.225763809321578431e-05
-8.879407447093512937e-06,-4.107060434194460927e-05
-8.340063897369510287e-06,-4.922076679930718934e-05
-7.564775203836025671e-06,-5.645079151083300090e-05
-6.708535215562573625e-06,-6.283260065992134864e-05
-5.631894800736172437e-06,-6.838777875950847974e-05
-4.094891975478592005e-06,-7.284257235724211834e-05
-2.243509550967391153e-06,-7.559950492765522140e-05
-2.297139514016584401e-07,-7.647882597086445335e-05
1.819700728438039293e-06,-7.537729944287677847e-05
3.767233305893181542e-06,-7.234163492011098419e-05
5.465537365679331787e-06,-6.751639001403877374e-05
6.776522054380405038e-06,-6.115930524022875168e-05
7.553718594258971530e-06,-5.365868051760688600e-05
7.624581164220864357e-06,-4.578053846645431231e-05
7.299910447015535085e-06,-3.803332693093387649e-05
6.858028990154920364e-06,-3.049590110692669480e-05
6.214368028477977112e-06,-2.303678180371649965e-05
4.962600780452729375e-06,-1.581039132538314523e-05
3.101750836799497094e-06,-9.318516778321396803e-06
0.000000000000000000e+00,0.000000000000000000e+00
0.000000000000000000e+00,0.000000000000000000e+00
0.000000000000000000e+00,0.000000000000000000e+00
0.000000000000000000e+00,0.000000000000000000e+00
0.000000000000000000e+00,0.000000000000000000e+00
0.000000000000000000e+00,0.000000000000000000e+00
0.000000000000000000e+00,0.000000000000000000e+00
0.000000000000000000e+00,0.000000000000000000e+00
0.000000000000000000e+00,0.000000000000000000e+00
0.000000000000000000e+00,0.000000000000000000e+00
0.000000000000000000e+00,0.000000000000000000e+00
0.000000000000000000e+00,0.000000000000000000e+00
0.000000000000000000e+00,0.000000000000000000e+00
0.000000000000000000e+00,0.000000000000000000e+00
0.000000000000000000e+00,0.000000000000000000e+00
0.000000000000000000e+00,0.000000000000000000e+00
0.000000000000000000e+00,0.000000000000000000e+00
0.000000000000000000e+00,0.000000000000000000e+00
0.000000000000000000e+00,0.000000000000000000e+00
0.000000000000000000e+00,0.000000000000000000e+00
-2.163071027790832019e-06,-2.216214091667489949e-06
-3.200894374752076162e-06,-5.164538630823274528e-06
-3.526066758781330203e-06,-8.450560339433075505e-06
-3.279185391664181755e-06,-1.147129297915637310e-05
-2.593962111370667497e-06,-1.381262543957222768e-05
-1.608581061749184713e-06,-1.512597882552567315e-05
-5.512654486115709605e-07,-1.527271950614824319e-05
4.484963793706623785e-07,-1.427190488484779022e-05
1.195000291429272371e-06,-1.223058435227956348e-05
1.463245905336084461e-06,-9.441099115367062133e-06
1.232446241063594358e-06,-6.219059498410097489e-06
0.000000000000000000e+00,0.000000000000000000e+00
0.000000000000000000e+00,0.000000000000000000e+00
2.705329932461800467e-07,-1.473784410196417797e-05
1.427399788539843064e-06,-1.312094827190181767e-05
2.272517656248081912e-06,-1.070009090637520351e-05
2.681086676293610413e-06,-7.758004525334352163e-06
2.561895799114913670e-06,-4.692747430093399231e-06
1.781913777657049111e-06,-1.987699152366932488e-06
-9.021084213484795840e-07,-1.547092273920399092e-05
-1.351711333746356983e-06,-1.558152134292034401e-05
-1.744814264263715530e-06,-1.560195280144307538e-05
-2.000948477355605357e-06,-1.552841725992349661e-05
-2.014873865875667670e-06,-1.541856897477612482e-05
-1.490075430817526507e-06,-1.364248566158402732e-05
-2.066868759143292487e-06,-1.100492734948772610e-05
-2.366393524300910706e-06,-7.000867169778999243e-06
-1.875704420448303662e-06,-2.719604944154056567e-06
0.000000000000000000e+00,0.000000000000000000e+00
0.000000000000000000e+00,0.000000000000000000e+00
1.965213331450727426e-06,-1.162367891829156348e-04
3.790027601392705852e-06,-1.153815245928917351e-04
5.450703033523258476e-06,-1.140913659241020705e-04
6.889294331323348182e-06,-1.125255630451115900e-04
8.166165294170762208e-06,-1.108564786142921438e-04
9.379652200339219322e-06,-1.091314471164477165e-04
1.070453542095871330e-05,-1.074201223311478410e-04
1.216759505353081684e-05,-1.055368286701637389e-04
1.377983055551788840e-05,-1.033525677459697805e-04
1.550365447862539210e-05,-1.007687819189618920e-04
1.726136934712439388e-05,-9.772511352132031814e-05
1.896395797696020762e-05,-9.422836829529865669e-05
2.051417703361684840e-05,-9.033237526114008917e-05
2.195837160122741173e-05,-8.612023304656758055e-05
2.318835621251071657e-05,-8.165091115106709076e-05
2.422764933864788106e-05,-7.691966413802076919e-05
2.505192638778964807e-05,-7.190886381841583483e-05
2.557361807481097090e-05,-6.674694906490090136e-05
2.572603064447307768e-05,-6.143023796681349044e-05
2.556870650403388510e-05,-5.612549975518949056e-05
2.501587930674002702e-05,-5.102156121908740913e-05
2.408811498348790756e-05,-4.618094244316145653e-05
2.286373265851331704e-05,-4.174905538898464124e-05
2.138961778182052015e-05,-3.776512881262354015e-05
1.977324181038072489e-05,-3.426228045607878253e-05
1.804834812888865588e-05,-3.129566860751078480e-05
1.623358887680433971e-05,-2.891542784057707713e-05
1.444132813653597673e-05,-2.706241131394363465e-05
1.257622044263759495e-05,-2.568911342850953630e-05
1.080977306164508657e-05,-2.486883562119462124e-05
9.015343638687429078e-06,-2.468953222527210764e-05
7.399267099085386652e-06,-2.507126043985164520e-05
5.890089119767965562e-06,-2.601872742793830338e-05
4.587281911377145049e-06,-2.752027892422420958e-05
3.539185259836259883e-06,-2.948329897444971196e-05
2.592688084816250230e-06,-3.187788268452378023e-05
1.796036288632700751e-06,-3.479393298041009574e-05
1.277747738904698755e-06,-3.822364157812493322e-05
1.080971601565186872e-06,-4.211449271693949080e-05
1.323323813576059254e-06,-4.621488822669391199e-05
2.027574079794904809e-06,-5.015117875413120879e-05
3.220417492911651015e-06,-5.353250004786832839e-05
4.662299551078195525e-06,-5.599132530056174237e-05
6.535388848870855248e-06,-5.729397374481841538e-05
8.401897835582107149e-06,-5.725839512112937082e-05
1.012271464085403393e-05,-5.592216526242314216e-05
1.161297470534109727e-05,-5.356136866858800564e-05
1.283886703319020142e-05,-5.032265179906849142e-05
1.366549799444680056e-05,-4.641360234836104719e-05
1.399706396015983080e-05,-4.207462404082275726e-05
1.376968776851547900e-05,-3.773581878028723350e-05
1.314788907058299106e-05,-3.375067995233971312e-05
1.219306730207767500e-05,-3.018779062402511868e-05
1.109196217086658548e-05,-2.717944191345003207e-05
9.886551418807828113e-06,-2.466992720912074521e-05
8.654039679576241710e-06,-2.264841013290722711e-05
7.500885097173441097e-06,-2.102993748663384985e-05
6.412436914425768392e-06,-1.975926965729521661e-05
5.427672588719782149e-06,-1.878850124379332528e-05
4.553575147903096007e-06,-1.806937665595036575e-05
3.788299855109191240e-06,-1.755055357624306234e-05
3.148291858347925877e-06,-1.718616031094506188e-05
2.654785096921789233e-06,-1.695504961181415108e-05
2.319636832604680284e-06,-1.676826830296286770e-05
2.163621375407451282e-06,-1.656432317647848061e-05
2.207541268337365415e-06,-1.624430855955797943e-05
2.429897497352218686e-06,-1.569233057281988218e-05
2.808588884672967683e-06,-1.472417455001809580e-05
3.248236134267036540e-06,-1.323444850386579489e-05
3.614797119418374482e-06,-1.112147376112453603e-05
3.740418894099505133e-06,-8.393177569685405305e-06
3.380652713809572890e-06,-5.361081714259353611e-06
2.307444568657757104e-06,-2.444773538240050213e-06
0.000000000000000000e+00,-1.170124590274121743e-04
0.000000000000000000e+00,-1.174945097763523263e-04
-2.438946850972518199e-07,-1.172959549366903317e-04
-4.423367252484406470e-07,-1.154617603146295855e-04
-2.645035223061784424e-05,-8.893539992705118034e-05
-2.733990506271503018e-05,-9.726636719955751738e-05
-2.123887455191285139e-05,-1.023063955189639271e-04
-1.359482778973514218e-05,-1.064939523005971691e-04
-5.732610379221467382e-06,-1.098430274799848524e-04
-1.017615606876643476e-05,-9.165803802232718497e-06
-1.698678504772566182e-05,-2.233228763027329334e-05
-2.084286621346298916e-05,-3.978725638520484546e-05
-2.196287849490022529e-05,-5.925935787220546494e-05
0.000000000000000000e+00,0.000000000000000000e+00
-4.213236490949244068e-07,-6.109838869376761740e-06
-1.313005022003201544e-06,-9.313030245285038389e-06
-3.118331471493817866e-06,-6.302687476285046613e-06
-3.806324724811359086e-06,-8.237814904045089251e-06
-3.728129693274070603e-06,-1.076262841327260541e-05
-3.105934753291028612e-06,-1.301235505342654507e-05
-2.600199562708320717e-06,-9.836806968129195675e-06
-3.166341420583285924e-06,-1.214467075476448827e-05
-2.533256529676344925e-06,-1.359904876477939315e-05
-1.817736916866315500e-06,-1.459590410690283860e-05
-1.142265718061297659e-06,-1.521680818772378361e-05
-7.291058127420632746e-07,-1.558136172854415058e-05
-1.788086701453312780e-06,-1.514137094905232627e-05
-1.958443156021177537e-06,-1.556394198187536525e-05
-1.799281017371893771e-06,-1.580297542256141273e-05
-1.500163731452851014e-06,-1.590816107179281641e-05
-1.129243206784891171e-06,-1.587721694844625874e-05
3.169635198878019209e-07,-4.371191370403295512e-05
-1.010764361451497277e-06,-3.798046574093920857e-05
-1.791271131041612504e-06,-3.278631477537611455e-05
-2.263741995509583495e-06,-2.822338625778080288e-05
-2.317037781488633559e-06,-2.393278176444501600e-05
-2.069186421029842032e-06,-1.971761430035497340e-05
-6.394766229704313354e-07,-1.565553359042941813e-05
6.969595277361816330e-07,-1.150228007700983873e-05
1.698407894715017314e-06,-5.274679115780619195e-05
3.063540835250525221e-06,-5.458055709909506167e-05
5.671013242968749005e-06,-5.586160045995234864e-05
8.602428321147602831e-06,-5.662915933718306504e-05
1.083917240800810800e-05,-5.685047922226583279e-05
1.078204145842025169e-05,-5.576183388833443868e-05
9.577372801592190274e-06,-4.650460882102839589e-05
1.034354169525971586e-05,-3.841878992304028538e-05
1.050907587462199688e-05,-3.002187535017111783e-05
9.969402584862833346e-06,-2.176841089114863611e-05
8.510644073946142140e-06,-1.442124187412723976e-05
5.824273223985562048e-06,-8.707284205118325242e-06
-3.059813531501951696e-06,-1.281619950562074768e-05
-1.716566893768714035e-06,-1.604565851163740364e-05
1.165337222448444454e-06,-1.853193530891382080e-05
3.855895343746593844e-06,-2.086852541852331290e-05
6.487162559015772324e-06,-2.318023052167806223e-05
8.529380122103899305e-06,-2.618931634139827320e-05
-6.492709526580440911e-06,-9.156917270697013795e-06
-8.597959195751251298e-06,-1.330828890337860022e-05
-9.743307662941594444e-06,-1.918217396261716611e-05
-1.017788059567394644e-05,-2.566838471630770229e-05
-1.223763268849187324e-05,-3.529309922443449809e-05
-9.855756562173288032e-06,-3.686709591979819801e-05
-4.369650116855313283e-06,-3.665682175448116913e-05
1.856505596481875672e-06,-3.558123904347486468e-05
6.969592795771047696e-06,-3.363015778185247213e-05
-4.830803399759837391e-06,-6.374659600841522445e-05
-5.212555720216179077e-06,-5.550606567982861429e-05
-5.076160060875505278e-06,-4.754983581047625792e-05
-4.402800557756394301e-06,-3.939135203372648604e-05
-3.331424861935966603e-06,-3.076932635691377301e-05
-2.158761570322896285e-06,-2.175612802748416242e-05
8.525189881995782686e-07,-7.694209708123113888e-05
7.906119974377754913e-06,-7.867571969328759202e-05
1.284286396672034333e-05,-7.764220194736814302e-05
1.296645026383942825e-05,-6.184262504162760851e-05
1.345719714464385463e-05,-5.025649213883480595e-05
1.316194920419801969e-05,-3.877601772122346471e-05
1.198768575010198594e-05,-2.792500983225234336e-05
9.634473741624935162e-06,-1.869771196534665060e-05
5.678972881005597569e-06,-1.209960866394263918e-05
8.167497582750801173e-07,-1.085676897775336675e-04
8.786500219166119589e-07,-1.067422567478643855e-04
4.965634472185726213e-07,-1.038090758548822120e-04
-1.690566444352042664e-07,-9.984083055465346062e-05
-9.247456770908832543e-07,-9.501521112654823481e-05
-1.718220932212270092e-06,-8.933948677367725374e-05
-2.349742554395435766e-06,-8.293715026211733311e-05
-7.312166966390625207e-06,-1.034487217511261123e-04
-1.518938268883303540e-05,-9.966649955128910592e-05
-2.274067929416596031e-05,-9.649234251681655574e-05
-2.806491814983518728e-05,-9.416032461050836088e-05
-2.787176709044800372e-05,-9.515372561251067129e-05
1.253633320800912754e-05,-7.676049730186372793e-05
6.485809468836992063e-06,-7.381563887179052339e-05
-9.269065119114521083e-07,-7.355686569822583113e-05
-1.450614411582295006e-05,-1.109462762885198722e-04
-1.075704421146078175e-05,-1.210886960020232032e-04
-6.943484226663564604e-06,-1.279248920702984800e-04
-3.170404929596027174e-06,-1.314491657285635304e-04
4.100240429392369433e-07,-1.317608689375156358e-04
3.737248558433871605e-06,-1.290458497737582999e-04
6.663206060708180916e-06,-1.235748907848693628e-04
8.964834367085785762e-06,-1.157856343797949278e-04
1.062948836962839605e-05,-1.061772436355178713e-04
1.147913101181066799e-05,-9.523268048147802249e-05
1.075028252879621642e-05,-3.662563791584365927e-05
1.083172694816747442e-05,-4.190379746008891207e-05
1.044370969015472820e-05,-4.762276970226632535e-05
9.670261631899874910e-06,-5.284158392190365234e-05
8.592286332499477392e-06,-5.655794693524035142e-05
7.286741699668453635e-06,-5.784219716748102442e-05
5.688479257866528547e-06,-5.672131425030849534e-05
8.859005227657619247e-06,-3.089895446134514559e-05
4.356996531751215919e-06,-3.068961723282018358e-05
-2.235335508565192542e-06,-3.130410032245950432e-05
-8.851860813949335839e-06,-3.267639203442048064e-05
-1.207418010201468202e-05,-3.565176304167860365e-05
1.079884912278135057e-05,-5.776891549958338941e-05
1.060575968829182958e-05,-5.551222874620656008e-05
7.903127193748443868e-06,-5.434574864763134404e-05
4.809215404227469028e-06,-5.349845413400641645e-05
2.258196908529483305e-06,-5.300527396073747611e-05
1.323742952439527178e-06,-5.290543218103901918e-05
-1.005610039049656469e-05,-4.849698414139014420e-05
-9.355467982967195312e-06,-5.641750345517022500e-05
-8.109473021492333132e-06,-6.342483867659471936e-05
-6.424977329249912548e-06,-6.918434448082700879e-05
-4.433587102363992299e-06,-7.338584193249571557e-05
-2.221669466783504030e-06,-7.581379404642487230e-05
8.325279404564672955e-08,-7.634029529200673917e-05
2.277625716943907806e-06,-7.498218404866661480e-05
4.329410983354591847e-06,-7.184164769841870797e-05
6.046619272094858666e-06,-6.706973550924906415e-05
1.901532661530196000e-05,-3.922040891144248790e-05
3.604925080340759152e-06,-1.757179776338473558e-05
1.091604005317835602e-05,-2.470810447544869966e-05
6.841399310798235891e-06,-2.163709315389404238e-05
1.511841512682153893e-05,-2.952958588044434646e-05
2.143843140354994133e-05,-5.318403009401512070e-05
-1.410243782539470482e-06,-4.061087249403996026e-05
-4.659914014318412779e-07,-3.355118104742375138e-06
-1.877602745791336014e-07,-2.356566839690261660e-06
2.106332706219736091e-05,-6.996178077210228857e-05
-1.092684928804718884e-06,-1.507497245129117244e-05
5.756269351701309130e-06,-2.174110116154734037e-05
-1.515550940429612633e-06,-2.420288579201809018e-05
-1.943490803878222708e-06,-1.622057331624027058e-05
-1.037091255943198958e-07,-4.052290371913323493e-06
4.289596027996064441e-08,-2.569112472247171442e-06
-1.718788321992499684e-07,-5.674793710552105433e-05
1.168400964506247038e-06,-2.337095122006704014e-05
1.882685674516662092e-05,-8.479237885736756709e-05
2.169606283547659713e-06,-1.675249243897390748e-05
8.644948472729508488e-06,-2.792619670307811504e-05
7.241676929548414985e-06,-2.516278932941401914e-05
1.714101206899069685e-07,-2.307590556507744355e-06
1.296208241894163829e-07,-1.624914675129967969e-06
1.103391035645087433e-07,-8.980519958303656239e-07
7.782903682853740038e-08,-7.137649899279484156e-07
1.005923532683916846e-06,-7.267895116021977093e-05
4.981263059204441563e-06,-1.898726562012738073e-05
1.616352458699811266e-05,-9.262842874288685041e-05
1.383056597707245426e-05,-9.977983571571473801e-05
1.078573414067624198e-05,-1.049279439244922736e-04
-1.295115524341316937e-07,-1.352344741137500702e-06
-2.315979804850836595e-07,-1.863689651424486842e-06
-8.457131384177264161e-08,-5.951551161532438858e-07
-1.139954988919498100e-07,-7.288266253471847579e-07
7.139352025444748759e-06,-1.100458880235027893e-04
1.753520976502077179e-06,-1.641045925457299031e-05
5.885078979610150730e-06,-2.831007393174960954e-05
4.989121228716236387e-06,-1.136459967534243461e-04
9.563276302211060488e-06,-3.579142936685078622e-05
2.608296868076791316e-06,-8.487977551663571660e-05
-3.422886211628298057e-07,-1.578892116007631622e-05
8.181262412865693447e-06,-2.623203526530817268e-05
9.431592451456230662e-07,-3.284881405941682823e-05
3.749713603894511445e-06,-9.691678028130577306e-05
-5.136611139342802219e-07,-5.353964639420024216e-06
-6.052840233135546692e-07,-5.859839925708066267e-06
-5.592532677808042625e-07,-4.646381041879537245e-06
-7.314608663589661355e-07,-6.300795208352112729e-06
-5.175086546777147347e-07,-5.111723445761359733e-06
6.228369820593919500e-10,-3.864063275233304069e-06
-6.335377567858274118e-08,-4.049852816673508840e-06
-1.895739422466952774e-07,-3.204330838957523971e-06
-1.663447022911002655e-07,-4.251719751611187272e-06
-1.716370007681944725e-07,-3.495705789211369850e-06
1.871673572441089513e-06,-1.107109722866998167e-04
4.359892774671256899e-09,-4.917657417408901083e-07
5.583113444432211760e-09,-5.852324229974212163e-07
3.272964225662132405e-06,-1.051662640071169652e-04
-4.007771087972368968e-07,-3.998408446880284128e-06
-1.291744161624612105e-06,-6.633187286325142189e-06
1.064590419893864908e-05,-4.429595513010966239e-05
4.637719444438325463e-06,-3.272922854336089688e-05
1.659166661043413838e-06,-1.539176216051649752e-05
-3.487249617228930807e-07,-4.482670809849234989e-06
-1.107989030944237428e-06,-7.143794164895293189e-06
9.692790449618706907e-07,-1.164329657920485750e-04
-1.882549403838914862e-07,-5.001654778160971807e-06
-1.009999885814009645e-06,-7.495468507997840242e-06
-1.781400188512224379e-06,-9.514003315119281027e-06
-3.376687018076611403e-07,-5.823020854185333807e-06
-2.602166458354545389e-08,-3.414359576594503818e-06
-2.785086521121828477e-07,-5.234254091077634407e-06
9.718894238870432958e-06,-5.227291747078368907e-05
-3.870997990410505613e-06,-7.250543273344403630e-06
-2.080903688622713307e-06,-5.372847148947870495e-06
2.303836185894385629e-06,-1.162453764852748090e-04
8.753612804901735816e-08,-3.843800631615078171e-07
1.094515543784771011e-07,-4.552808930172192215e-07
-4.619728217368941479e-06,-1.368656015900580849e-05
-1.572281493075800406e-06,-1.413469808586512906e-05
-4.828953554100714468e-06,-2.913532511649663279e-05
-7.066661712367440835e-06,-6.973122695158999484e-05
-1.126751786391435254e-07,-1.059966284928225821e-06
2.483448658180778453e-07,-1.398020345726140172e-06
-4.802883684531344510e-06,-1.587757568995412633e-05
-2.207028068916894071e-06,-9.515223489598692149e-06
4.109788520650542362e-06,-4.071223584790554910e-05
1.710030596809821902e-06,-1.244275462098272321e-05
2.593170679880054580e-06,-9.305992897980581554e-06
2.749223701420052296e-06,-6.167423791400707604e-06
5.728149863793336548e-06,-3.881567226704049108e-05
5.462892233952621451e-07,-5.918726488033409652e-06
4.187522745837054009e-06,-2.145714738232918842e-05
3.979810887273201790e-06,-1.673082940320141343e-05
4.162820640344425296e-06,-3.387115386931381010e-05
2.200204091069564472e-07,-1.202477493935228723e-05
4.689031317399694850e-06,-4.389944471137195616e-05
-7.333828727423198314e-07,-1.540780075229566137e-05
3.164552122796982954e-06,-5.050310699986198799e-05
3.635956996111618048e-06,-6.768047348032776931e-05
2.287595329315252765e-06,-6.370510808163482930e-05
3.191366719252747146e-06,-8.822205580497770089e-05
5.255775397527623753e-06,-4.410309567389927149e-05
2.888742477952232961e-06,-1.105846479527244176e-04
1.093443026646188513e-06,-7.367281161973009108e-05
-5.385889524830663270e-06,-1.049617560057812521e-04
1.329810574394567626e-06,-1.268755481489203588e-04
-6.117127051693509318e-07,-7.671170515118840808e-05
-8.435532820066427504e-07,-1.325964503209216814e-04
-2.018254033778385402e-06,-7.184283082650304861e-05
-2.964866531554375032e-06,-1.255591814643734977e-04
-3.148126109815238435e-06,-6.026680578247186975e-05
-3.804398841940737533e-06,-4.418731052052278328e-05
-2.009029595173942131e-07,-2.558717462479482253e-06
-1.313247028115679663e-07,-2.837649777720475412e-06
-5.169338860691187473e-08,-3.337821170999977844e-06
-2.653356221840830959e-08,-2.670000593015365376e-06
-4.477989157505704607e-07,-3.673110348654213400e-06
-3.185852112245209468e-07,-4.053342752213720688e-06
-2.495038779924896661e-07,-4.867254390237607890e-06
-1.148876139104047117e-07,-3.771734082654870391e-06
8.239950228633195420e-06,-5.712554790266957699e-05
4.550760239975794648e-06,-4.793766497805812418e-05
8.494490202585170571e-06,-3.287100639966511744e-05
-2.270703596952330623e-07,-1.514349335328788688e-05
1.587950536927374671e-06,-7.016325495212099491e-06
-1.775463795722537838e-07,-1.578571576270443210e-05
-8.481202446605105073e-07,-6.789204890821324541e-06
-2.358820765669456266e-07,-4.425705271115572557e-06
8.628329457863526862e-06,-3.030481436076956368e-05
7.688412300283456281e-06,-2.688789202626666309e-05
-1.961378835200439720e-06,-3.289427668626623835e-05
6.871954728359962653e-07,-3.524741936197298007e-05
2.008318833484468463e-06,-4.149115568583958602e-05
3.944056187559121002e-06,-3.696838291991549815e-05
5.604291934107428798e-06,-4.244948625491935877e-05
7.364982831130194764e-06,-3.834708118348456726e-05
5.575626804124014794e-06,-3.338082462670299074e-05
8.879986956055624877e-06,-3.462267451345354285e-05
7.077547990375824513e-06,-3.049831624624444411e-05
9.280968226794891605e-06,-4.385350516733536674e-05
7.016616044088586990e-06,-4.864863946586816883e-05
1.115134146170314811e-05,-4.950557075947698829e-05
9.339984194838133583e-06,-5.484177793056297707e-05
1.010918806491750824e-05,-3.146935660339901096e-05
8.335989891911591433e-06,-2.812890628923513168e-05
1.296289261611839182e-05,-4.481426902878617489e-05
1.329441950570389715e-05,-5.526553806441539057e-05
1.112100046915501616e-05,-6.072052891262481959e-05
7.394375139589171989e-06,-6.010692923522845398e-05
8.672336249917587885e-06,-6.649199133988592417e-05
1.527727967498925571e-05,-6.088205822349490441e-05
4.212006952558492328e-06,-2.942368984543332632e-05
1.217094667584048181e-05,-3.573544289592215582e-05
1.094844329844620702e-05,-2.898003107897766895e-05
9.241435411163345185e-06,-2.625410818706090259e-05
6.964652202912073682e-06,-2.555358456606498493e-05
7.958326148607816532e-06,-2.427680814492136360e-05
6.021093942381364817e-06,-2.360836359485460442e-05
7.106018631370328473e-06,-2.294966375409660100e-05
8.567865431353528067e-06,-2.358369724776212880e-05
7.819169560334810249e-06,-2.290290547957586615e-05
8.703336794972779669e-06,-2.345069243105751011e-05
5.432829949862110138e-06,-2.217308677978327587e-05
8.076485650323396250e-06,-2.339735479524503587e-05
1.151529855299548938e-05,-2.693522974931558274e-05
7.488083857796357219e-06,-2.285686349820787629e-05
8.414834424187483787e-06,-2.387550067010867818e-05
6.179236055314058732e-06,-4.955457055079097288e-05
6.220126362509008864e-06,-5.571305609111132926e-05
-2.225367050227132329e-06,-7.055863595283370469e-06
-1.009540418815387697e-06,-5.220330575016479312e-06
-2.144985748490310712e-06,-2.087098900206054027e-05
-1.122337428572407995e-06,-2.134885535108510245e-05
9.253456108568046315e-08,-2.392048327323614487e-05
4.887781031794877249e-07,-2.141910109864917283e-05
2.075400058732168570e-06,-2.348738723452158580e-05
2.294893514943066386e-06,-2.123381646750749599e-05
7.942232664173044030e-07,-1.960197392047945787e-05
2.369553273198106978e-06,-1.953422389093982471e-05
1.025522374326939070e-06,-1.830058006746871962e-05
2.335351309768995796e-06,-1.832691907243586660e-05
1.123425416545291426e-06,-1.737324736755164835e-05
4.140378334449496416e-06,-2.311277414389068641e-05
4.019231428433584801e-06,-2.590608991650198421e-05
2.190214402827652572e-06,-1.749485723789305879e-05
1.102386506208366920e-06,-1.675745983306018460e-05
1.682292692883024736e-07,-1.652413512434439835e-05
1.899919978385081832e-07,-1.608215629710954182e-05
1.014474326616653353e-06,-1.640442958701132301e-05
-6.086867841737118596e-07,-1.567374777729227332e-05
1.969732006812724481e-07,-1.592536789641101218e-05
8.980852022468650290e-07,-1.626746320436600932e-05
1.761481386892516730e-06,-1.666294977971777191e-05
-1.943703387145774607e-06,-1.905636480546587353e-05
-3.051283562212842856e-07,-1.821578024265947386e-05
3.655048851582305945e-06,-1.937923382256107036e-05
-1.047553566879969451e-06,-1.609068051834787707e-05
-1.526122399515247948e-06,-1.478547656029320282e-05
-6.262536822965034086e-07,-1.549947717443170050e-05
3.468059702397324969e-06,-2.028576024505389112e-05
-1.826050639255257149e-06,-1.435092408856292987e-05
-1.222028482462695444e-06,-1.527843583609198703e-05
3.233482009900756332e-06,-3.780981472872227531e-05
4.369918601835523786e-06,-3.259259789448750268e-05
6.786660852837611868e-06,-3.929013977380705583e-05
-7.947800480930279767e-07,-2.859329085886487144e-05
-7.413956246814492877e-06,-8.821544832486001911e-05
7.354613204048946328e-07,-1.588656929737879692e-05
6.283287335967174782e-07,-1.614820773686685769e-05
6.799265311988195554e-06,-3.061130635791357456e-05
-4.956449170343946995e-06,-3.569193674747697865e-05
7.950553950844920217e-06,-2.429216163469665206e-05
2.457531951383527777e-06,-2.900232927081441858e-05
-3.657456215214281353e-07,-6.139275385574467692e-06
-1.322919932665501672e-06,-9.331770423588939601e-06
1.565343167360359222e-06,-1.654141876514616901e-05
8.271930470131085489e-07,-1.626555249561512624e-05
2.335228132848291725e-06,-1.685196644252840350e-05
3.063898526796494256e-06,-5.746185538745875176e-05
4.054634433618905770e-06,-7.808031444929548444e-05
9.344244711322729211e-06,-2.393903732950999265e-05
-1.051119695474429676e-07,-2.198259689948258866e-06
8.146758603109663988e-09,-2.115917265735573353e-06
-5.539330103776981960e-08,-1.759388243977583448e-06
1.956696643262034556e-08,-1.679483902034792323e-06
-6.323455233424947084e-08,-1.385507245756815715e-06
9.198812919873864657e-09,-1.302428808565032082e-06
8.153968424848539294e-08,-1.621827554647041777e-06
-2.076356659906710438e-07,-3.038314524611775422e-06
-1.583463045928403168e-08,-2.882838521402833233e-06
-1.027962520971204573e-07,-2.347447723918322806e-06
1.856533163453251182e-08,-2.206519748221718947e-06
-9.901687756572774318e-08,-1.788368469942412851e-06
1.004222448409361985e-08,-1.651823857931771228e-06
1.121707596549457718e-07,-2.162189258594035663e-06
6.398268327471786543e-06,-2.522339519686972128e-05
4.453786383325208005e-06,-2.469893564520434287e-05
7.750529715265627902e-06,-2.390881729361110680e-05
5.034974266318359772e-07,-1.175218340970752510e-04
1.305740851213385289e-06,-1.169247008974753606e-04
2.567664107377289995e-06,-1.150269187500270045e-04
-1.130565486171373587e-06,-6.770425536737182830e-06
-5.071161715157104888e-07,-5.782348503963963274e-06
-2.321974139908132251e-06,-9.439903548839374695e-06
-1.508820848936544517e-06,-8.266030624081268844e-06
7.925018806096311211e-06,-3.677682433002108089e-05
-2.088379627249866713e-07,-2.785851732302352000e-05
-5.137949588587352194e-07,-1.473152531475804413e-05
6.263183428170017716e-08,-1.124706624984699073e-05
1.365403675373973745e-05,-3.272474040408395693e-05
-1.077281500231016574e-07,-1.041989128733065182e-06
-1.696091783105343263e-07,-1.366883234958382363e-06
-6.431249145983712211e-08,-1.053486074827474577e-06
6.945084962828193316e-09,-9.445935561570621945e-07
-9.019886218585827372e-08,-1.315984072779222464e-06
8.671580574680102508e-09,-1.160396036677171668e-06
-6.403536251824295696e-07,-1.002919013492962252e-05
1.017807346395630231e-06,-6.006414926328980752e-06
9.788436235628188858e-06,-2.494420498596041313e-05
1.141287846413587451e-05,-2.548652124354777783e-05
9.803007972616610029e-06,-2.414804006707977404e-05
-1.607325765044615472e-07,-7.938236807622511487e-06
-6.877344239212928900e-07,-6.615630096589877700e-06
-2.175730397115630399e-06,-1.311331626181494384e-05
-2.380595745133314349e-06,-1.056459425962740839e-05
2.020305624450402594e-06,-7.825908357836209683e-05
6.522840524608267571e-06,-8.042371837137875278e-05
7.034808138352262846e-06,-8.644282795037999179e-05
1.079167761471606456e-05,-8.231564247756672679e-05
1.112221890825669459e-05,-8.768506813347656066e-05
1.054083678380169812e-05,-7.676086378375543667e-05
1.474181216184580687e-05,-7.834238858408521390e-05
1.407748642573209533e-05,-7.304789609412330883e-05
7.645668884392986561e-06,-9.151793645182100642e-05
1.147960436032771609e-05,-9.249817586046039789e-05
6.166560727191633489e-06,-7.350634043994581674e-05
7.898300044156469424e-07,-6.539183578159245096e-05
5.275341280304788778e-09,-1.363966203336312372e-05
1.437769385318364992e-06,-1.649761488761588245e-05
3.896689017225400307e-06,-2.096193247313761951e-05
8.371114419589854359e-06,-9.626555149667927105e-05
6.250269662766012937e-06,-9.974744076392095898e-05
9.303014916908827409e-06,-9.938981438708631162e-05
6.766636661458518038e-06,-1.028180770989712813e-04
-1.987794899982375760e-07,-4.801944431227337686e-05
1.552712701006740466e-06,-1.138597922487476254e-04
3.275217147906974130e-06,-1.124011682161812019e-04
3.684982473749465052e-06,-1.102051296894126305e-04
1.507608603441531922e-05,-8.894978211052507122e-05
1.235226534115421319e-05,-9.615998135106354765e-05
7.232350490746950252e-06,-5.766697040225039002e-05
-8.947211952764960926e-08,-8.684972419515991369e-07
-6.966413520187547428e-08,-7.170042737685275154e-07
-9.274799973443958472e-08,-4.021537655681567563e-07
-1.160989927852849174e-07,-4.787788372518921067e-07
-2.389219063841736177e-06,-2.426170322795363893e-05
-7.652685597879050548e-07,-7.975546121947956111e-06
-6.216162560826606761e-07,-1.247323774822351547e-05
1.499524916762974376e-05,-5.016059515603879185e-05
1.688391934943712493e-05,-4.541756621168347157e-05
1.425168887572159737e-05,-4.040288370148701084e-05
1.078845272619228999e-05,-3.945708720368999370e-05
2.908854153989432561e-06,-1.077810370203032491e-04
5.721851467329956214e-06,-1.059385144571068396e-04
5.336410007419542874e-06,-1.079391243735257989e-04
9.001022228987169086e-06,-1.041984975301775190e-04
7.796082917927281232e-06,-1.065096875912595028e-04
7.069063494676531707e-06,-1.084025646022274348e-04
3.617405756065367228e-06,-1.838697511538950634e-05
3.555211463694048252e-06,-5.159106266462853979e-05
-4.266673796576972773e-07,-5.519879877044783515e-06
-1.553106902104506343e-06,-8.631310286188104941e-06
1.784086189897386703e-06,-1.087629092138829204e-04
-1.396521662513131614e-06,-1.040160873374707362e-05
-1.994247493703535102e-06,-2.870959402839267377e-05
-3.669761997283403352e-06,-3.696119183748931505e-05
1.815215915377901788e-05,-7.437518705801102680e-05
1.982729537856956344e-06,-1.695509220951090369e-05
-2.466863515383937953e-06,-1.746424939818397667e-05
1.464241467086646880e-06,-5.484052842660997799e-06
9.406308869166038502e-08,-1.246854153867539299e-06
6.905517775412911509e-08,-1.001375536570886274e-06
5.013472761627497383e-06,-1.113269828307537099e-04
-1.639388724891443620e-06,-7.137961244504199615e-05
-4.708554153805891005e-06,-1.043515025561444901e-04
6.070282950593904263e-06,-2.283067201841275295e-05
3.108110938289433717e-06,-9.087988640274052279e-05
7.070132132313547786e-08,-1.588855858843430760e-05
8.831260211820605863e-08,-2.020109834307744257e-06
1.041799819823367935e-07,-2.796424238907303223e-06
1.344140422347511214e-05,-6.707702853106049790e-05
1.809660059313950931e-05,-6.578493612180136535e-05
1.992747328414300062e-05,-6.110189814593114561e-05
1.751604000645795445e-05,-5.594398522732846828e-05
4.968800655003001796e-07,-1.009531270975052707e-05
-5.547445298389141571e-07,-7.667631882901398044e-05
-3.186909352576116208e-06,-1.231156426672244805e-04
-4.189682969652279151e-06,-1.170125108330671550e-04
7.096638167741619716e-06,-5.469621181962023361e-05
-3.589778650196558417e-06,-5.267137709862109872e-05
2.117913474516042005e-07,-1.312896192617927604e-04
-1.890812537696325053e-06,-1.307283705041513248e-04
-1.404584004625972238e-06,-7.521403394173932716e-05
-2.644718833906132007e-06,-6.677440330843300437e-05
4.286848617424219347e-06,-5.604609396979889343e-05
3.754792529525206097e-06,-4.258543048516175882e-05
-2.361765307152490205e-07,-1.422380352934463364e-05
2.007460485730632881e-05,-4.351225209614380501e-05
1.753328261801066220e-05,-3.535117523100209309e-05
2.088921284297288387e-05,-4.820152117271783775e-05
4.252336450945619760e-06,-1.818093648220075174e-05
3.068438706277847702e-06,-1.755035321515378724e-05
7.895189176587096258e-06,-2.403509747971953027e-05
5.852883873083927999e-06,-2.009299610536574999e-05
1.626433514145859525e-07,-1.907267431250832346e-05
-5.354821652856697957e-07,-1.089477276020951332e-05
-1.001038374709586420e-07,-9.333442265270135510e-06
2.657656469010936405e-06,-1.709762723529208598e-05
8.495526476352220150e-06,-2.432787867738825458e-05
6.389175333924254346e-06,-2.641288426018841492e-05
1.674496643074833049e-06,-1.607667668082803639e-05
4.902759588735055440e-06,-3.046746692003511497e-05
1.979422695389669278e-05,-7.947515663392021052e-05
1.065074545032793882e-05,-3.980765259451875498e-05
9.606115479982045081e-06,-3.160472485329128556e-05
6.767436267307615420e-06,-3.009254620735780862e-05
-4.691452831211799309e-06,-2.236463276908113549e-05
-6.826761042450326271e-06,-4.932019108864655623e-05
-5.883343658661969630e-06,-2.960682139804421759e-05
-4.599977125579936282e-06,-1.033257835632362992e-05
-2.361518059301813231e-06,-6.879039736392712271e-06
-1.881834759589776033e-06,-1.209189314311241611e-05
9.528330530275447809e-06,-1.069899086295069096e-04
1.225579209489238473e-05,-1.025646359107471717e-04
6.866729715812771468e-06,-6.038622318687809838e-05
-9.145585051024085414e-07,-1.551635925815266797e-05
6.941410625492070286e-06,-4.443972420305296724e-05
6.945027373402218338e-06,-2.704402960713277252e-05
-5.555354088926520529e-07,-1.548080042359552814e-05
-5.189385289248732839e-07,-1.333220134676693373e-05
7.249035579034635776e-07,-2.613415004804859563e-05
6.611273188587044083e-06,-2.217086831936575025e-05
4.823806485078622447e-07,-2.608285187016886266e-05
3.744431346232246361e-06,-1.151319508134876555e-04
6.071648211183453888e-06,-1.119727054062274129e-04
1.346652843886622394e-05,-2.726404643238253793e-05
1.621963878104748855e-05,-3.205700030985794192e-05
9.654259882122089630e-06,-4.893418674981480667e-05
5.055917513774629051e-06,-1.943831200954900158e-05
1.031407101920862683e-06,-1.872711847602065270e-05
3.546128330974028472e-06,-2.102834864010739717e-05
-5.803403698096290137e-07,-1.361545781254142619e-05
4.769122135630683091e-06,-3.659361168540245724e-05
4.825824948450972093e-06,-9.717731571601980986e-05
-2.027417171760291255e-06,-1.529159849952664444e-05
1.701493989238190577e-06,-1.417739946466442932e-05
1.886849452777341732e-06,-1.660167008597699366e-05
-2.368915817713627355e-06,-1.330095312534456570e-05
1.490792091101447851e-05,-8.360493459128246472e-05
1.143388242555067730e-06,-4.042499286213111116e-05
7.102851098391286564e-08,-3.354444417680452795e-07
8.672194115305774016e-08,-3.948041982855258561e-07
-2.380365881689749848e-06,-1.748910119768000142e-05
5.137984693221120530e-06,-5.223384619549815229e-05
1.558982445122452057e-05,-3.724664841971216551e-05
4.668924274926106074e-06,-6.641089523280921229e-05
1.047583322924306106e-05,-7.129356932043527423e-05
-7.200637806585237574e-07,-1.950024853786786093e-05
2.450281895786996668e-06,-3.183419776544686188e-05
-1.853543772875043994e-06,-6.462637460742886550e-06
-1.329248931045768851e-06,-4.639613543506965432e-06
7.443006797887244695e-06,-2.549473082076719123e-05
-9.413933336969083826e-07,-3.363778532263455977e-06
4.275095373863644954e-06,-1.131426594932164072e-04
-2.182477874670730513e-06,-6.030434477553095745e-05
-4.783416749006815545e-06,-8.256131479032093718e-05
1.128448333299595723e-07,-1.869365916573613119e-06
7.632473962251142911e-08,-2.836963748929391976e-06
1.102088425100143668e-07,-2.795655022741099489e-06
7.399985313763491252e-10,-4.176781959610252367e-06
7.458147827078419756e-06,-3.327649842216443303e-05
-6.979282870166577863e-07,-1.494193247297131649e-05
-3.968855110631132429e-07,-2.498671163610582433e-06
-1.912124576507548152e-07,-1.744451167295085293e-06
6.143746336300964878e-06,-8.058801227502418582e-05
9.390244069071072191e-07,-3.325079805850529553e-05
5.650955502466727358e-06,-2.724880654955324024e-05
6.480356315559264159e-07,-2.828225806522074363e-06
-1.485921718100613795e-06,-1.792697720975315403e-05
1.330850514748612901e-06,-3.530548835175561689e-06
-2.144272263330754745e-07,-4.467952238469289288e-06
-6.167151901377419847e-08,-1.720722415943291456e-05
-2.187581588876605139e-06,-5.378109251131238448e-05
-4.503878834943515366e-06,-7.235820151795389530e-05
9.060310998682787937e-06,-5.513378977772555425e-05
3.702320456189680099e-06,-2.263274955263986174e-05
-8.554410851338416421e-08,-3.967256846874130230e-07
-7.011020943813834109e-08,-3.358242849440159181e-07
-2.903365445640001185e-07,-1.969247969214389941e-06
-1.524618493134182184e-07,-1.394905050345741570e-06
-1.174841695929274458e-06,-1.496934602859095676e-05
-2.397834694990001103e-06,-4.621865396305764666e-05
-4.645607735977362349e-06,-6.126199116411579736e-05
-8.608468139257920450e-08,-7.753330475497501480e-07
-1.262026187756621092e-07,-9.827941383506439561e-07
1.053399449052305427e-05,-1.014392978660166037e-04
8.790663290346881160e-06,-1.084377594330760282e-04
-2.304137852010035833e-06,-3.754941246236562908e-05
-1.340331434766553805e-06,-1.316519041981938139e-05
-4.293220269536077387e-06,-4.896760652775019831e-05
4.064712375958501549e-06,-1.114662092322277822e-04
1.727527457128968970e-06,-4.868853270016639987e-05
3.995795400111484964e-06,-5.861246607971093198e-05
2.833993549734782967e-06,-1.217900483673551356e-04
1.692015352309523898e-06,-5.672689511213338634e-05
1.525296878147385443e-05,-9.655738150521929258e-05
5.059362377548744791e-06,-2.138794723218536898e-05
1.553516181401125813e-07,-1.560727358473301336e-06
1.075726129704143226e-07,-1.149284871830684807e-06
1.466386476238845628e-06,-6.388417270641541263e-05
1.533524843536482957e-06,-1.286832261184180581e-04
3.962106315974581578e-06,-2.482920357984401134e-05
4.273859932569610798e-06,-3.183018338244343853e-05
4.298743244587820940e-07,-9.028751491159740423e-06
1.044157412439529535e-07,-1.671531609206416635e-06
7.429859923055190971e-08,-1.299059711128793316e-06
2.168321981443437805e-07,-1.321304622777232053e-04
1.098818533059368712e-06,-6.976021303305183433e-05
8.354581840421297038e-06,-2.520662960791375683e-05
-1.417348882847245596e-06,-6.864551168325324382e-06
-1.524669616447752935e-06,-1.954068164110880451e-05
-2.820571995636490515e-06,-2.504007390975111948e-05
5.957966899370037627e-07,-7.401536875634363204e-05
-1.083895593890237463e-06,-1.322118748641371608e-04
1.047895361369366121e-07,-6.641783271788046070e-07
7.853540191690377550e-08,-5.456863077109036440e-07
6.616834988168438788e-09,-7.636815760596561622e-05
-2.241572868617359648e-06,-1.290415566102698787e-04
-5.386064926827300194e-08,-7.346856985526262463e-06
2.777960987406169618e-07,-5.198455318017691329e-06
4.172697222186278814e-06,-1.097318849680434674e-05
4.265037424066889398e-06,-1.451227005360918065e-05
2.405348723995712113e-07,-7.613877950022281452e-05
2.026425439567839287e-06,-1.196477922881337692e-04
3.649776548922564814e-06,-4.429076117079839284e-05
1.340304717600722124e-05,-2.967859942111768107e-05
-4.040704658216714942e-06,-1.146077094828298898e-04
-1.126600456564376256e-06,-7.496235910628540311e-05
1.644071689213055219e-06,-6.941103076039588859e-05
2.878141410144381949e-06,-9.980691456874613368e-05
9.729393956851844374e-08,-8.354338525845353797e-07
7.594894131810293058e-08,-6.918493929567723217e-07
-2.006709432801304290e-06,-6.629646378703207084e-05
-4.967286739072690814e-06,-9.323011895830196291e-05
8.796547812867230589e-08,-8.956686636907948547e-07
1.286420462114632075e-07,-1.168191189667259527e-06
-2.208296860415656577e-06,-1.759792066836500567e-05
3.050912441546381151e-06,-1.717619027436347460e-05
9.732915809402040464e-06,-2.436194339914314014e-05
1.709359863059627395e-06,-1.021339453963813440e-05
-1.535319710198958000e-07,-4.099072474558949583e-06
-6.118261952309841457e-07,-6.125710918675537224e-06
1.021449334777753802e-06,-1.170329394794983742e-04
-1.785942399697304293e-06,-1.506515491571640291e-05
7.771758211963726128e-06,-4.597697849285233782e-05
1.255619120694313119e-05,-2.591524984153669567e-05
2.913877646690734379e-06,-2.634882797609527753e-05
7.370280026051116473e-06,-5.777297753662852942e-05
-2.546304939172788686e-05,-9.048470020561150628e-05
1.844457451191561885e-05,-8.854366393624522478e-05
-1.207437036009504304e-05,-3.587302087327728901e-05
-1.016791670941546588e-06,-7.286684583206912070e-06
-2.581809213930800442e-07,-4.791893372715835921e-06
-1.038474504542703261e-06,-1.712058839828386073e-05
-3.372024512258580257e-07,-5.427114126846725357e-06
-5.398208814242417774e-08,-3.630186589847738464e-06
7.955529803912559530e-06,-2.331488181422132765e-05
1.626581946469211746e-06,-2.594818461266755989e-05
5.086433304570523085e-06,-2.052250578552835940e-05
-9.449732429885810252e-07,-7.140549379701867749e-06
-1.801399179945255851e-06,-1.034671195023685997e-05
1.301044290401228979e-06,-1.640592552257679721e-05
-1.684891001451762719e-06,-8.829748846352972056e-06
7.422630077922082219e-06,-5.030544153160925505e-05
2.203668348614829417e-05,-6.502750802536755488e-05
1.876005098235208113e-06,-2.116372439817725023e-05
5.415124314320026774e-06,-1.096272082820274615e-04
-1.132253241819016533e-06,-1.504580802075359577e-05
-2.859449561876582660e-05,-9.387062823434920726e-05
4.570485857504981938e-06,-2.873093505302427476e-05
3.159991842872247503e-06,-1.023050802470316256e-04
1.345659378975899008e-05,-7.766048665333543960e-05
1.009550653626559834e-05,-5.691919141981479480e-05
2.194592819886804130e-05,-5.754020821277288435e-05
7.378586614056480902e-06,-5.779701979615958708e-05
-2.852857337065359992e-06,-1.107901789059850800e-05
3.581309593411269950e-06,-1.146599331036793400e-04
-3.999206812372074798e-07,-5.739044935001448081e-06
-1.526312253951308613e-06,-8.818828058939889026e-06
7.439681872975622494e-07,-1.501244164403658453e-05
-2.402487958588715036e-08,-1.596456538753268835e-05
6.564999539588249088e-06,-3.374132651639495710e-05
-4.556068334249780697e-07,-1.237451767969244830e-06
-1.900402778704410561e-06,-1.478182886721982567e-05
1.746838704218103944e-05,-7.054608376504684498e-05
-1.530191066483140997e-06,-4.473425317052973078e-06
-8.149803074993924786e-07,-3.339613300122551411e-06
-2.245318050817346095e-06,-1.205694240662346666e-05
1.831419142573417899e-05,-5.051380885141808355e-05
1.118183680790232094e-05,-5.654578057995871074e-05
6.920643585694913961e-09,-3.641722033300492129e-06
5.312642068404521014e-08,-2.548764979779713915e-06
6.876828609585477723e-08,-1.708177714054850525e-07
8.198863876810646114e-08,-1.980640773558982907e-07
-1.004784100072429177e-06,-7.650538980352395571e-06
-1.561787715362959740e-07,-5.207538963494024873e-06
7.504744324628346585e-06,-5.651040391394359166e-05
6.962902998116799003e-06,-2.269863421740918612e-05
7.407648845532840549e-06,-2.840360660047308109e-05
-7.367697304381566431e-08,-1.861229683100437791e-07
-8.825345669960832125e-08,-2.173300221815629432e-07
2.509719618629042342e-06,-1.159534143943307863e-04
6.401535809167883007e-06,-5.378063992412881350e-05
1.196801153337266213e-05,-9.889911405209609880e-05
2.189871517327641719e-07,-1.604202471551456052e-05
1.074599798260491598e-05,-7.703613924601372567e-05
1.716605081975645152e-05,-4.095154798246586282e-05
-2.955312901989815173e-06,-5.067073365147308341e-06
-4.065907308532005028e-07,-1.555898422821520014e-05
2.674050680709130661e-06,-1.696380882287950833e-05
7.910381217020762099e-06,-2.452315434265121404e-05
7.219532069129413343e-07,-1.624713090323725036e-05
-1.152763699270951705e-05,-3.542136293053721138e-05
-1.977713202186178226e-06,-1.541601196165564072e-05
7.846345601515452884e-06,-2.529202200566550991e-05
-1.530844037361385490e-07,-2.132444444601223539e-06
-3.087241225341610504e-07,-2.998533372982011142e-06
7.750820670639067928e-07,-1.233671071128497574e-06
-3.149231996491187502e-07,-5.816387156022294237e-06
4.486633834135461399e-07,-3.639454561888663634e-06
-6.664262341786080835e-07,-1.047129884827148726e-06
2.188428137181070723e-05,-7.451160577746737841e-05
6.008539023007541920e-06,-3.565745535369081688e-05
7.306376230133154855e-06,-5.391453103505573758e-05
8.210027154352271040e-06,-4.271455948445397588e-05
4.629794636208137320e-07,-9.370644004924856294e-07
6.036983227548803026e-06,-2.738682079756585533e-05
7.440085698806561427e-06,-5.206262849185070265e-05
3.695730329867431879e-06,-1.088059476133916716e-04
2.236933362004747170e-07,-1.170021428415182044e-05
6.295917666686043816e-06,-5.704408241645517565e-05
1.076747583249377852e-06,-1.167294623891564233e-04
-8.483331552067745961e-07,-7.797386804050344326e-06
-2.677509617598146119e-06,-1.227324927540074208e-05
-2.147800693201618698e-06,-9.859633243270986172e-06
-7.142777597167878520e-07,-6.359912217198395061e-06
6.768541905027813538e-06,-4.019358742619136841e-05
-1.061820957522793862e-07,-1.420733201455063007e-06
-1.823896313671190005e-07,-1.914775647913559904e-06
1.327862188747996413e-05,-2.820609657880357603e-05
8.137088372410939885e-06,-2.825853158805244613e-05
1.213045010643255750e-06,-1.623258105362471306e-05
-8.551174359488463172e-07,-1.353850233247681480e-05
4.639230931163219921e-06,-1.935706023018886937e-05
3.650466110218487617e-06,-4.605150755726504643e-05
1.728945949747527119e-06,-2.843796686122787245e-05
