Size 979,2
0.000000000000000000e+00,0.000000000000000000e+00
0.000000000000000000e+00,0.000000000000000000e+00
0.000000000000000000e+00,0.000000000000000000e+00
0.000000000000000000e+00,0.000000000000000000e+00
0.000000000000000000e+00,0.000000000000000000e+00
0.000000000000000000e+00,0.000000000000000000e+00
0.000000000000000000e+00,0.000000000000000000e+00
0.000000000000000000e+00,0.000000000000000000e+00
0.000000000000000000e+00,0.000000000000000000e+00
0.000000000000000000e+00,0.000000000000000000e+00
0.000000000000000000e+00,0.000000000000000000e+00
-4.396895090555480787e-06,-1.965153399268876005e-05
-2.214615075194285821e-05,-1.183828967279761072e-05
0.000000000000000000e+00,0.000000000000000000e+00
0.000000000000000000e+00,0.000000000000000000e+00
0.000000000000000000e+00,-8.257037754742793602e-05
0.000000000000000000e+00,-8.278059700846207938e-05
-4.141327093873604771e-06,-7.661680854255262588e-05
-1.284839590495110879e-05,-5.699441045885549290e-05
0.000000000000000000e+00,0.000000000000000000e+00
-2.228351735454619335e-05,-1.604636647134534405e-05
-2.016682635534621093e-05,-4.114893813730303003e-05
-5.087042024873368617e-05,-3.077226618564931742e-05
-5.801750227404797950e-05,-6.044074000379159894e-05
1.504353100830507404e-05,-8.071289876149794634e-05
2.159316770529996258e-05,-4.446023697896075142e-05
5.529586214680662180e-05,-1.256162816579309174e-04
4.577569654843992699e-05,-7.391338300578443167e-05
-1.346206103160429112e-05,-2.016215324048692753e-05
-5.793923779243459808e-06,-1.940493533401926743e-05
-2.625787261668311806e-05,-1.425017964022107835e-05
-1.029288060832358060e-04,-3.897267044085341763e-04
4.264405713044664961e-06,-2.192024633922223800e-05
4.551681476162709896e-05,-3.613290808370192846e-04
-1.527496870047212159e-05,-5.562752268323806199e-05
5.179263403921435501e-05,-3.895754747869288712e-04
-6.950892891703281166e-05,-3.022192305571067190e-04
1.147401559481437579e-05,-5.735472193614395652e-05
1.527113676908418329e-05,-3.819444477556999904e-05
1.513017806769832674e-05,-6.237763374828643665e-05
-4.593453920900272217e-06,-7.317396717289514289e-05
8.440550785228924003e-06,-5.564215245952217997e-05
-1.131217277456320195e-05,-7.012756400997141831e-05
1.489720546432169865e-05,-6.799059132173333676e-05
4.155808199231882929e-05,-4.459571761925899499e-04
-9.468610505371695418e-05,-4.561806577538941431e-04
-6.379600125223392284e-05,-3.493582721779605335e-04
3.871884674444441482e-05,-3.943085840379618253e-04
1.233715334052051737e-06,-2.699561199532042317e-05
2.445778804769516016e-06,-3.528494050003084457e-05
2.624524958084363778e-06,-4.185142645174543387e-05
2.422292085514084267e-06,-4.806093229619311707e-05
2.119267601501149032e-06,-5.396722305462134329e-05
1.635260977346140904e-06,-5.955056240328360912e-05
7.742065727121744508e-07,-6.523084873404800534e-05
-3.134198511036369681e-07,-7.155338805597213252e-05
-1.071691558689241850e-06,-7.862615262504206947e-05
-9.593477287236113412e-07,-8.588553540130131883e-05
-9.011913817902778407e-08,-9.218548158472606260e-05
1.364517041462766821e-06,-9.696647535375107823e-05
3.276942954068586464e-06,-9.977976084239957566e-05
5.512137587145101190e-06,-1.003177552998983445e-04
7.921474903620147977e-06,-9.837602570892458069e-05
1.037104289598447819e-05,-9.386056300879003288e-05
1.272560470535426581e-05,-8.680066198317152204e-05
1.485582137503396460e-05,-7.735180739419063387e-05
1.665228601289364208e-05,-6.560503945847386172e-05
1.785223973021288549e-05,-5.161909948076829019e-05
1.750179464497766187e-05,-3.599385034670581594e-05
1.450837142360705249e-05,-2.044723488169119697e-05
8.346249548051462734e-06,-8.003968918507566762e-06
0.000000000000000000e+00,0.000000000000000000e+00
0.000000000000000000e+00,0.000000000000000000e+00
0.000000000000000000e+00,0.000000000000000000e+00
0.000000000000000000e+00,0.000000000000000000e+00
0.000000000000000000e+00,0.000000000000000000e+00
0.000000000000000000e+00,0.000000000000000000e+00
0.000000000000000000e+00,0.000000000000000000e+00
0.000000000000000000e+00,0.000000000000000000e+00
0.000000000000000000e+00,0.000000000000000000e+00
0.000000000000000000e+00,0.000000000000000000e+00
0.000000000000000000e+00,0.000000000000000000e+00
0.000000000000000000e+00,0.000000000000000000e+00
0.000000000000000000e+00,0.000000000000000000e+00
0.000000000000000000e+00,0.000000000000000000e+00
0.000000000000000000e+00,0.000000000000000000e+00
0.000000000000000000e+00,0.000000000000000000e+00
0.000000000000000000e+00,0.000000000000000000e+00
0.000000000000000000e+00,0.000000000000000000e+00
0.000000000000000000e+00,0.000000000000000000e+00
0.000000000000000000e+00,0.000000000000000000e+00
-3.094569173386132874e-05,-3.608499192110154645e-05
-5.038009060330771578e-05,-7.866122154353652495e-05
-6.416150975682790604e-05,-1.340241997833839310e-04
-7.124367579939740863e-05,-1.965956257097409483e-04
-7.167329432592576296e-05,-2.610162014205498720e-04
-6.538055262360792678e-05,-3.196605941345321937e-04
-5.606644725393572504e-05,-3.681873981702103618e-04
-4.717324514101246011e-05,-4.067450705687414118e-04
-3.955788556121014459e-05,-4.379793277083432251e-04
-3.125927907586861565e-05,-4.636913278325108831e-04
-2.236211691440697551e-05,-4.818845476380328725e-04
-1.304351995995834982e-05,-4.921910995004681990e-04
-3.406995047788475105e-06,-4.942018724537566941e-04
6.408777554993754353e-06,-4.877921121502065151e-04
1.621825641786115636e-05,-4.728975693211247581e-04
2.588873083506784833e-05,-4.495623097024578825e-04
3.530977000737438055e-05,-4.180009500146989842e-04
4.438917538894778859e-05,-3.788751375788338848e-04
5.378384038013259231e-05,-3.311785513098322109e-04
6.269835478094920882e-05,-2.725810695327371370e-04
6.579241300804735445e-05,-2.035582289810975159e-04
5.710076527145653428e-05,-1.317262644559538860e-04
3.663498330824010497e-05,-6.895367698445017653e-05
0.000000000000000000e+00,0.000000000000000000e+00
0.000000000000000000e+00,0.000000000000000000e+00
0.000000000000000000e+00,0.000000000000000000e+00
0.000000000000000000e+00,0.000000000000000000e+00
0.000000000000000000e+00,0.000000000000000000e+00
0.000000000000000000e+00,0.000000000000000000e+00
0.000000000000000000e+00,0.000000000000000000e+00
0.000000000000000000e+00,0.000000000000000000e+00
0.000000000000000000e+00,0.000000000000000000e+00
0.000000000000000000e+00,0.000000000000000000e+00
0.000000000000000000e+00,0.000000000000000000e+00
0.000000000000000000e+00,0.000000000000000000e+00
0.000000000000000000e+00,0.000000000000000000e+00
0.000000000000000000e+00,0.000000000000000000e+00
0.000000000000000000e+00,0.000000000000000000e+00
0.000000000000000000e+00,0.000000000000000000e+00
0.000000000000000000e+00,0.000000000000000000e+00
0.000000000000000000e+00,0.000000000000000000e+00
0.000000000000000000e+00,0.000000000000000000e+00
0.000000000000000000e+00,0.000000000000000000e+00
-3.146990626196983215e-06,-2.663572189246869890e-06
-5.060384951066146511e-06,-6.063335620112280222e-06
-6.232242611544604818e-06,-9.975195404843539430e-06
-6.782627212306305860e-06,-1.376192042898211214e-05
-6.850266974427300306e-06,-1.696641703022344733e-05
-6.587423196172818115e-06,-1.917896169613027754e-05
-6.315654389124395236e-06,-2.039843926772153532e-05
-6.020405063622533892e-06,-2.086553639686214979e-05
-5.435201358802149645e-06,-2.057829195580665628e-05
-4.285867869002044878e-06,-1.917141110185114559e-05
-2.201022094867574420e-06,-1.545181952856474961e-05
0.000000000000000000e+00,0.000000000000000000e+00
0.000000000000000000e+00,0.000000000000000000e+00
-2.345207960429623666e-06,-1.806482574943935127e-05
-6.182814114526741912e-07,-1.556286690928913706e-05
7.374836529207945050e-07,-1.233561269292306176e-05
1.612601822314914428e-06,-8.688535596141372199e-06
1.910659353846998662e-06,-5.058508382958206079e-06
1.477647894073318044e-06,-1.990647467851576827e-06
-2.558383645488491824e-05,-1.485316459638345038e-05
-2.271614211802875822e-05,-1.730502830906245894e-05
-1.777120327643600748e-05,-1.906408619641820350e-05
-1.200315658370519841e-05,-2.016174421478210120e-05
-7.164186917536637542e-06,-2.033007912976417318e-05
-1.664084086353400058e-05,-7.532040808046889903e-06
-1.194793939580489418e-05,-4.395438716856588039e-06
-7.562218686139571985e-06,-2.227506527662258977e-06
-3.448863463801671629e-06,-9.243856103377129802e-07
0.000000000000000000e+00,0.000000000000000000e+00
0.000000000000000000e+00,0.000000000000000000e+00
1.334097526592335633e-06,-8.218029626448516934e-05
2.529101849975583636e-06,-8.121487368605507433e-05
3.564176437864395934e-06,-7.971881408019026061e-05
4.361357335107137174e-06,-7.780912071581634409e-05
4.916958188333849615e-06,-7.564511476277176660e-05
5.254457823264694666e-06,-7.334093023621679073e-05
5.458177163742996081e-06,-7.096553352827199984e-05
5.496247880546535341e-06,-6.856594149896522096e-05
5.361051792275529489e-06,-6.616581341435597311e-05
5.016009362562967527e-06,-6.382402476080720546e-05
4.418583804253997698e-06,-6.159480471086343546e-05
3.529237938038258150e-06,-5.954693557506054069e-05
2.367750764092014170e-06,-5.785383232078759863e-05
8.600852876658252010e-07,-5.649099220670386568e-05
-9.142785579664613222e-07,-5.561469722729039494e-05
-3.011958171674668216e-06,-5.529939276542493378e-05
-5.569944539799307425e-06,-5.547684642588268016e-05
-8.449843542782023754e-06,-5.639413769338225878e-05
-1.191569177753839048e-05,-5.797014737897632799e-05
-1.581743516455335946e-05,-6.033768027146539474e-05
-2.040535324977171778e-05,-6.371456054460853963e-05
-2.579314860650247173e-05,-6.821605004117930180e-05
-3.204077401328707598e-05,-7.428558262767476813e-05
-3.928387848192214471e-05,-8.215254447235314443e-05
-4.739384277989307893e-05,-9.254497269793837645e-05
-5.637862652115249138e-05,-1.063554828022847718e-04
-6.601425022665375069e-05,-1.260928519889190969e-04
-7.543682623123627471e-05,-1.485559700874288739e-04
-8.563738444188676556e-05,-1.705509124297819559e-04
-9.638091286927589379e-05,-1.951869346365014914e-04
-1.085657613801849615e-04,-2.238174790714635859e-04
-1.205205397834821176e-04,-2.573356086721550790e-04
-1.328223035681241665e-04,-2.964756508566808706e-04
-1.443364635402065259e-04,-3.424528054708610506e-04
-1.537998476753572982e-04,-3.953577881307077666e-04
-1.620019937955905485e-04,-4.562817295876477335e-04
-1.656498096846228420e-04,-5.264070599861368294e-04
-1.611546620472125661e-04,-6.017763778079980412e-04
-1.456040277085585621e-04,-6.793938306137793951e-04
-1.160986590348125203e-04,-7.452409486925990747e-04
-7.892985636211781756e-05,-7.836557617191642700e-04
-3.516634345834152855e-05,-7.930197486069017875e-04
5.522485619442965717e-06,-7.741245876055523811e-04
4.670719696868656491e-05,-7.266037989600451861e-04
7.703158442934752883e-05,-6.568460112703324244e-04
9.565601520540719868e-05,-5.736128557098631392e-04
1.028593131302716024e-04,-4.890760034597816872e-04
1.026517089308459565e-04,-4.076137299929828120e-04
9.899165414820580581e-05,-3.336748477682904140e-04
9.022936287124115888e-05,-2.698933454313510029e-04
7.859762494412053462e-05,-2.160486202961728406e-04
6.696401443402380505e-05,-1.723559635039609273e-04
5.406655827252156165e-05,-1.371987024583345527e-04
4.240371051038412315e-05,-1.100729720710739431e-04
3.144904524513113811e-05,-8.916819415168184373e-05
2.186448263971116533e-05,-7.333384991312712447e-05
1.420227479631495904e-05,-6.099151478097815219e-05
7.987215051214935474e-06,-5.156364027874658776e-05
3.223117266708057135e-06,-4.410171375969912106e-05
-3.582385854485508096e-07,-3.809921680327513693e-05
-2.961913990229294041e-06,-3.312151672445969210e-05
-4.758660608806635516e-06,-2.876808246756694450e-05
-5.917476062444819645e-06,-2.490313302050615172e-05
-6.514731597548647612e-06,-2.120739190827991929e-05
-6.743074547540564535e-06,-1.777644375305900470e-05
-6.649935807660382076e-06,-1.455461980500482058e-05
-6.246520314538890865e-06,-1.146707285958711134e-05
-5.644520761050943258e-06,-8.547566419195090707e-06
-4.911885464944643471e-06,-5.847860521067769193e-06
-4.096330422230969463e-06,-3.503297860009676772e-06
-3.188735706207474148e-06,-1.630199536396353276e-06
-2.194050505694968737e-06,-2.966311954215871149e-07
-1.184419817664873256e-06,3.725848404395606535e-07
0.000000000000000000e+00,-8.281487123865916250e-05
0.000000000000000000e+00,-8.304309997908249205e-05
-1.537697135458140846e-06,-8.208112885346403387e-05
-2.998345608150734603e-06,-8.014211063273205340e-05
-1.855069462822297348e-05,-6.230970205183588499e-05
-2.068454502197147020e-05,-6.770186379227755458e-05
-1.773152960881196178e-05,-7.077915880930859345e-05
-1.341636534140205726e-05,-7.330798515799993127e-05
-8.487441403520749707e-06,-7.530711970034927158e-05
-6.827775610582949589e-06,-6.330064823951289730e-06
-1.133202000814987722e-05,-1.560178220316165305e-05
-1.378273252913990859e-05,-2.796815621910941278e-05
-1.436182696237186318e-05,-4.181724082821230152e-05
0.000000000000000000e+00,0.000000000000000000e+00
-1.381246993668236095e-05,-1.691198791820849677e-05
9.820111697746286618e-06,-3.636778452327702301e-05
-1.209795268872145475e-05,-1.602971980356418405e-05
-1.099409515219103441e-05,-1.747762705742944439e-05
-9.271787297917111244e-06,-1.932203402400589832e-05
-7.449065337548459244e-06,-2.008975709455085000e-05
-2.802108907707890893e-05,-3.141489732791568820e-05
-4.414237516038729218e-05,-3.466441539793311134e-05
-4.976222761279793552e-05,-3.191264317399019067e-05
-4.705025653147029295e-05,-2.651083154736869451e-05
-4.068219300697686376e-05,-2.138998357300183446e-05
-3.334935072649497447e-05,-1.726523802638140620e-05
-6.963299790141075219e-06,-1.743287477131179585e-05
-1.130183704642326900e-05,-1.586558988719353647e-05
-1.651920521522653825e-05,-1.493749318165894617e-05
-2.143524016628628993e-05,-1.434826272618962528e-05
-2.499800645125153066e-05,-1.411544685153012087e-05
-1.038823011688133369e-04,-2.963324921837386518e-04
-9.934671896010518935e-05,-2.260478988247596559e-04
-9.103548085970242362e-05,-1.714795567120484658e-04
-8.335642413069640382e-05,-1.305701373493350762e-04
-7.374808520383175519e-05,-9.755329409323517656e-05
-6.342096061396844235e-05,-6.984178137878511842e-05
-4.374524507881269453e-05,-4.732989775432029948e-05
-1.932815587820789588e-05,-2.970402599523794349e-05
-1.326105042190901925e-04,-4.056549495254199635e-04
-1.222689976493220704e-04,-4.150503361797069348e-04
-8.617970824321993339e-05,-4.182142474679314322e-04
-3.696010352673837542e-05,-4.156553525268638378e-04
1.234493022823613089e-05,-4.073195885232669660e-04
4.301803667601237949e-05,-3.868320086064490891e-04
5.837743663695873353e-05,-3.015303862204177839e-04
6.453927796959195125e-05,-2.415943468401262316e-04
6.489901076177145497e-05,-1.806194740090038956e-04
5.946289042742455708e-05,-1.225015132488369973e-04
4.765215066421483195e-05,-7.278391267705701514e-05
2.834424174689237298e-05,-3.557333694058541088e-05
9.747964539208884148e-06,-7.962079007139975567e-05
3.402160305048275831e-05,-1.165851648323175909e-04
5.354846374867923154e-05,-1.587068565138649817e-04
5.898539953207558058e-05,-2.075465444306447669e-04
6.070083639205787844e-05,-2.593183847143677571e-04
5.836429771946131983e-05,-3.191553870944751291e-04
-4.470487999698805059e-05,-6.605691448171071287e-05
-6.646185564383689723e-05,-1.084781953655042651e-04
-7.747551011978893879e-05,-1.668154281063184696e-04
-7.877244857941030870e-05,-2.310288927234429234e-04
-7.548104788095708409e-05,-3.358559571367844099e-04
-5.374050494438079977e-05,-3.655009398185611841e-04
-1.097054314727102530e-05,-3.822727854768547440e-04
3.169254932134354713e-05,-3.920519294003175885e-04
5.782864609830655890e-05,-3.945637632498548214e-04
1.732046870368191498e-05,-5.657483752396595537e-05
2.454435580316463513e-05,-5.868834459564911888e-05
3.205049085905642425e-05,-6.258683405779604111e-05
3.853956675704447841e-05,-6.697694988360280847e-05
4.061415658979634040e-05,-6.840313222954629794e-05
2.911564267331115974e-05,-5.961350427572613652e-05
1.385484951572710329e-05,-6.018840023976203502e-05
1.653553887355046744e-05,-6.226129241965967288e-05
1.742696902777263779e-05,-6.299016580342817531e-05
1.576593839632209958e-05,-5.728259586250184822e-05
1.653705274879335111e-05,-5.189224605495386129e-05
1.736560450169845102e-05,-4.613706756565600747e-05
1.807195570268770051e-05,-3.990773151326435327e-05
1.816838347554807507e-05,-3.363006243628233535e-05
1.693314103927792509e-05,-2.867349392395598010e-05
-4.552154249144125796e-06,-7.138656951981564981e-05
-4.555681358946048337e-06,-6.841064898614454602e-05
-4.225769341615620911e-06,-6.514285174784966695e-05
-3.367352977343713410e-06,-6.184958757324987176e-05
-1.899696416523264258e-06,-5.889862010806716058e-05
4.126611339502570652e-07,-5.653412230736123777e-05
3.777163526766812212e-06,-5.513220969259786003e-05
-9.389152936197693453e-06,-7.103863254703128083e-05
-1.430285041209113905e-05,-6.925084358583615733e-05
-1.855796865091436404e-05,-6.777952822919659239e-05
-2.096742402772660456e-05,-6.679755591619589367e-05
-1.939389159985067737e-05,-6.807309712768674968e-05
1.689718165922896427e-05,-6.392407397991043403e-05
1.564826837180764962e-05,-6.033758284793282206e-05
1.254593635417704511e-05,-5.787201692901833820e-05
-8.501307554185058392e-06,-8.086795093502547639e-05
-5.392571605664361039e-06,-8.932018220872056983e-05
-2.134587466111653260e-06,-9.537046519950365077e-05
1.168269655990083297e-06,-9.894551085684149790e-05
4.372051708757414088e-06,-1.000678358570661949e-04
7.400927115802109650e-06,-9.885145458863192093e-05
1.011162253379179813e-05,-9.550013752898878433e-05
1.230372039283419775e-05,-9.037131618165183001e-05
1.393653415628523169e-05,-8.389438079358483582e-05
1.485780491610303045e-05,-7.652050848106745182e-05
3.585742139037880735e-05,-5.622720601861882269e-04
1.879412539140700152e-05,-6.713334309795394687e-04
-6.058223230615003159e-06,-7.572666187349002664e-04
-3.693943417282192159e-05,-7.986199138305231666e-04
-6.221845074421400023e-05,-7.790552755783545840e-04
-8.217105451194451531e-05,-7.022359448583188109e-04
-9.424596656079191066e-05,-5.891525565351126044e-04
5.604838575186255729e-05,-4.053628432046522999e-04
4.077718319934604639e-05,-3.740034576294830587e-04
-1.307420921710424687e-06,-3.513025852603660006e-04
-5.086849422035340490e-05,-3.367192126154171065e-04
-8.051651932625155761e-05,-3.358477701870115641e-04
4.525107997458866914e-05,-3.768233848213934267e-04
1.023490901987932506e-05,-3.696055447097064948e-04
-4.357425021826510030e-05,-3.746594849915101740e-04
-9.353141034746710212e-05,-3.855713606119023982e-04
-1.265179016998762597e-04,-4.028438073203829679e-04
-1.278769343263903651e-04,-4.269601995981471380e-04
-5.510439875550207401e-05,-3.940475172940048490e-04
-4.566912582896431953e-05,-4.302307380271027889e-04
-3.595750951864231277e-05,-4.584056432862806344e-04
-2.604685666193841916e-05,-4.785287491448873289e-04
-1.612260716046138578e-05,-4.905234300126860283e-04
-6.122618922521292315e-06,-4.943625703573046063e-04
3.802909051961477213e-06,-4.900533736479151855e-04
1.320435407214718256e-05,-4.778795810979983975e-04
2.238584294732737747e-05,-4.581448432477355369e-04
3.090329850603579952e-05,-4.309207499029912131e-04
-2.815748252911806011e-05,-7.637701334784407440e-05
-6.680731580918119382e-06,-3.476772851090565472e-05
-6.667379758644712722e-05,-1.752878668897005579e-04
7.713349825247290548e-06,-6.598172584394652916e-05
-4.547631404000969130e-05,-1.125593626127849501e-04
-1.476832419937972903e-05,-6.095349483432645221e-05
3.124008917622948984e-05,-6.612787854901553211e-05
2.690017259204121500e-07,-1.546421220631179083e-05
-1.574294210636504889e-06,-6.010051772639814201e-06
-5.494130185086653336e-06,-5.504211320255341625e-05
-4.106097866060669292e-05,-2.734580386963821681e-05
5.075806437772917859e-05,-2.042779332872321604e-04
-7.404298085695356756e-05,-9.990234757097187477e-05
-5.468351259605044965e-05,-4.773643505849333227e-05
2.218038972703848067e-06,-1.234518503621125543e-05
-8.446327879314474684e-07,-6.771630573308950545e-06
1.705416692788503435e-05,-5.758460427289299071e-05
4.450163630008483297e-05,-1.067203070334917517e-04
-2.612450034037349377e-07,-5.571832520514165575e-05
-1.014101291107499536e-05,-2.336589240656472953e-05
1.849971508925504256e-05,-1.167421018195739731e-04
-9.412046484091632858e-05,-2.712697359129942606e-04
1.323107284054508941e-06,-7.516449071765982444e-06
1.900104477042261559e-07,-3.570009580706101212e-06
4.086611402455812821e-07,-2.411689458841204736e-06
1.814104352791752013e-07,-1.265518360619783006e-06
7.725502010101648471e-06,-5.553462246967763002e-05
-2.088300554242993083e-06,-4.659986736995264833e-05
1.605721742555790436e-06,-5.827320374010780201e-05
3.124642121680900058e-06,-6.261140493624949021e-05
3.420570932745483784e-06,-6.736436824614442103e-05
-4.666209793737736530e-07,-3.051483599498355048e-06
-5.695732081004387592e-07,-5.964044857075936051e-06
-1.731652041366295127e-07,-1.018861434233548126e-06
-3.330246900468715935e-07,-1.756916217630119165e-06
2.960705915079836506e-06,-7.420361067781196935e-05
-9.626217874661946599e-06,-1.628770995935446397e-05
-9.384372244205941150e-05,-3.654882313681145217e-04
2.529310537601426504e-06,-7.895621986068645430e-05
2.592014573677837088e-05,-1.935356292384158173e-04
1.711199442743950213e-06,-5.495544762484788490e-05
-2.698228985942891604e-05,-1.872027249215720243e-05
2.244257384801912099e-05,-3.151890949494932080e-04
-7.211111741802888730e-05,-1.707263228373446715e-04
-1.031078052912220146e-06,-5.966843383168047145e-05
4.490764852874780302e-06,-2.915711559998258813e-05
4.490190456220933207e-06,-2.702380297520618204e-05
1.325970659509474081e-06,-1.902056129935241309e-05
4.033813315149714286e-06,-2.494622290665145472e-05
1.535078581777239172e-06,-1.880785876595244809e-05
-3.744630768220384336e-06,-9.342404270099267328e-06
-3.327734894130458822e-06,-9.815986049359720725e-06
-1.939469798421582853e-06,-7.977212496563432820e-06
-3.253353895752608884e-06,-1.064669390523485966e-05
-1.724396386041246880e-06,-8.629018687754841472e-06
-2.060632135331928084e-06,-7.541886639465874979e-05
1.189403458702831736e-08,-7.813448579433985327e-07
1.277148859440822192e-08,-1.327287163019791667e-06
-2.197557146002849117e-06,-6.650216391276473054e-05
-4.135081076231917600e-06,-1.159715225045580273e-05
2.973351291649978571e-06,-1.836217942587569521e-05
4.298204376284546214e-05,-2.989102668537279672e-04
-1.082433697945237245e-04,-4.772138194329675386e-04
-8.727359981079954896e-06,-1.039751633159509319e-05
-3.951022799293924841e-06,-1.266727302309232819e-05
3.632956575336339748e-06,-2.150378571058133808e-05
-8.583099574059544271e-07,-8.147426008866773836e-05
-5.726331100326879621e-06,-1.244743324465266719e-05
7.264449069742177337e-06,-3.161827475103197861e-05
6.120772175623105690e-06,-2.673956782110067815e-05
-5.978433131601346192e-06,-1.806407971454569280e-05
-1.377540549192024240e-06,-8.814358250029169069e-06
2.733002585344242959e-06,-1.672152217896755101e-05
3.984602968481269070e-05,-4.447185553050983790e-04
-1.836853469960848069e-05,-4.606614180255752549e-05
-1.116843751196898949e-05,-1.549962533618728683e-05
1.284547641963798203e-06,-8.199992944713569603e-05
1.569188677801011162e-07,-6.006511933571278394e-07
2.871196648728151395e-07,-1.033524949291106919e-06
-2.739367469268266798e-06,-9.584399588958238920e-06
-6.597910591127550408e-06,-2.041437761780036584e-05
-2.979011631031561771e-05,-2.655963544463892816e-04
-3.465078182167137731e-06,-4.936112177843005635e-05
-5.110926080129433418e-07,-1.140034708232138912e-06
-1.304420787397904182e-06,3.779939614382975499e-08
-3.065109598770347131e-05,-1.337645421886045349e-04
-8.888372546036385610e-06,-1.895681220540980009e-05
-9.790067615406385852e-05,-6.525826599384418596e-04
-6.761728741329792236e-06,-5.017946045857879956e-06
1.533715868095818688e-05,-2.680066270250961940e-05
7.438071931664349033e-06,-1.928595192018325532e-05
5.282173669628321521e-06,-2.746637649896272772e-05
-7.015627986167070356e-07,-6.621893718432178602e-06
1.379518540760340147e-05,-3.605758945446671369e-05
1.753884784960416397e-05,-8.777510440458940403e-05
2.017366274790343702e-05,-2.082568454815876611e-04
-2.154223800366561551e-06,-1.414558348722504274e-05
1.231121768231332802e-05,-4.898103279779075293e-05
-4.325965056626602830e-06,-1.933758624974437905e-05
1.243863847400906688e-05,-3.316423845574127628e-04
1.089073869310064810e-05,-6.000986287355741696e-05
8.565553695580445471e-06,-4.122586340921556092e-04
9.651703471533251127e-06,-7.189989394838689721e-05
-4.520438948727027219e-05,-2.968207384391906485e-04
8.629241399455837811e-06,-8.698721906631310308e-05
2.883758297806602423e-06,-4.686556754518946704e-04
-1.302848844061366252e-06,-7.606141916453272990e-05
6.498496935605427085e-06,-9.775605081204386676e-05
-4.194172775223807740e-06,-4.946388533072105251e-04
3.913256583436786968e-06,-1.003890237430489941e-04
-1.059899956715777798e-05,-4.872474234715178944e-04
1.364765189195648599e-06,-9.323835616841616187e-05
-1.669558813154748664e-05,-4.469681456763799289e-04
-2.333080203166796907e-05,-3.736701020467673496e-04
-1.167274592864385665e-06,-6.249771784527297490e-06
-8.422346362644849002e-07,-6.694913672821576741e-06
-9.474856863181647298e-07,-8.013000413303061502e-06
-3.639056926938080462e-07,-6.053688615312997360e-06
-1.559503441765285755e-08,-1.340762106623279360e-05
3.919401989485351599e-07,-1.393914626716965932e-05
1.653996167482325687e-06,-1.666056304124416515e-05
7.429284133030419813e-07,-1.238143191885671591e-05
2.702012585501227960e-05,-6.208667425912759883e-04
-7.267864803178873689e-05,-7.647136696383850882e-04
-1.225269464522576601e-05,-4.756023284379249597e-04
-1.524529828615206390e-05,-1.043523540539011294e-05
-3.993155727773029546e-06,-1.267370462940906784e-06
-1.926132664373352959e-05,-1.387887604682216993e-05
3.972148968131190387e-06,-2.298045279821172660e-05
-3.387119829924690595e-06,-1.165778575221029837e-05
2.991703908459596130e-06,-4.045879133674978802e-04
-2.053637801053199605e-05,-3.269148578858395503e-04
3.891783860602221002e-05,-6.922904631185323478e-05
3.069197475860555268e-05,-6.996313736941695591e-05
2.306904188471132176e-05,-6.564093095548943009e-05
2.093764500957351265e-05,-7.021209477670133689e-05
1.405768005519524476e-05,-6.542479636371835298e-05
1.006370123915141374e-05,-7.042730960067594248e-05
1.717735696918736214e-05,-7.724490763165744827e-05
4.353815720834197001e-06,-7.817894042716948342e-05
1.161145196602344603e-05,-8.763385422543345041e-05
4.276402804983109477e-06,-6.490720384308785648e-05
8.995797566727162727e-06,-6.090173398546777390e-05
1.955526512491859845e-07,-6.080254951561011732e-05
3.548340065061987505e-06,-5.781892711128374784e-05
-3.405632151343386631e-06,-8.929966190165466121e-05
4.151486764739975428e-06,-1.016176073915342444e-04
-5.117128071079986559e-06,-6.501222006245386230e-05
-2.884542234220097883e-06,-5.794605377942715029e-05
5.451003877477515852e-07,-5.580826814584681332e-05
5.616454693121607892e-06,-5.605300363267147500e-05
2.733380709618569275e-06,-5.467109900351217435e-05
-4.356373809303149371e-06,-5.612386017791551351e-05
2.413268908860828274e-05,-8.546213499467466179e-05
-8.647709807923636825e-06,-7.859574038605182666e-05
-1.308694808905266625e-05,-1.034802424163243920e-04
-5.884947037629619525e-06,-1.197397173893928446e-04
1.360067801760726529e-05,-1.161168702951747504e-04
4.149357314957989589e-06,-1.375092957690767794e-04
2.468891466687402842e-05,-1.325897009057159408e-04
1.615783876790165581e-05,-1.569930629588042596e-04
-9.027797894605667068e-06,-1.625626987452798372e-04
4.367108512222692204e-06,-1.862582119921716108e-04
-2.535272412166144051e-05,-1.922458993162462959e-04
3.708052584908501012e-05,-1.508544935516806609e-04
-1.101870622929836619e-05,-2.208075851723279677e-04
-2.732853523633653771e-05,-1.234972988928867866e-04
1.794047200884404939e-05,-2.155612728609500263e-04
-4.474446239756305988e-05,-2.252182690039571957e-04
-3.903170776647969402e-05,-3.809542845467614501e-04
-2.463163658298453914e-05,-7.893498832039103508e-04
-4.481979084739277196e-06,-4.181171051611330789e-05
-9.070259083410356249e-06,-1.390555817446355361e-05
-7.070558910504077198e-05,-7.882696481475771650e-05
-6.556665404116443691e-05,-7.863982300438860143e-05
-6.196415545224533312e-05,-9.437992928819035655e-05
-5.230027474528697716e-05,-7.431665821950529291e-05
-4.249812306117026152e-05,-8.668200687591787960e-05
-3.487116487482616568e-05,-6.858963182894925752e-05
-4.418771244790898619e-05,-5.991751875902398051e-05
-2.918734680640479515e-05,-5.541743743835098539e-05
-3.758840536215217004e-05,-4.932561698528529690e-05
-2.510795218296102703e-05,-4.594521441377753286e-05
-3.271574684639488921e-05,-4.139665880678180745e-05
-2.115739459128782057e-05,-8.015885865481824166e-05
-2.788037422597384554e-05,-1.032904970167305693e-04
-2.230892685822486162e-05,-3.882771819235789263e-05
-2.898766367320233428e-05,-3.529754742904492960e-05
-3.813134386674128595e-05,-3.780153860402051382e-05
-3.421499393090414839e-05,-3.245137936152285888e-05
-2.578412346303056630e-05,-3.030338526351606399e-05
-4.213545205693638112e-05,-3.458119109917267973e-05
-3.042745774753582096e-05,-2.806593921830896103e-05
-2.285015215534653936e-05,-2.594024176904864473e-05
-1.805525429977747977e-05,-2.849432886921252108e-05
-6.503321624030932184e-05,-6.662361890989905444e-05
-4.922086965297852254e-05,-5.332937263220385155e-05
-1.633800675890082743e-05,-5.175304523793289026e-05
-4.838943379119139710e-05,-4.082240971904439389e-05
-4.886663464618401742e-05,-3.404168159130136536e-05
-3.370401682642392240e-05,-2.249489183904120404e-05
5.623505901017880935e-05,-1.677701935593709252e-04
-4.838880076891338206e-05,-3.112564026579885248e-05
-5.361233450133928210e-06,-2.007362615255844159e-05
-5.818939860993195572e-05,-2.207674800073510554e-04
-3.568447386177710045e-05,-1.641049632779499861e-04
-1.468028716359203367e-05,-2.348332810667040291e-04
3.915750892370677719e-05,-7.317013529835913782e-05
-3.278859707855859999e-06,-6.297016504992393883e-05
-1.318757301028745915e-05,-1.294458722269467812e-05
-1.615152193104038770e-05,-1.590379862288648729e-05
-5.755906778558999610e-05,-4.225075063538214740e-04
-3.132101019317555486e-05,-3.209296184210274033e-04
-3.060713706494160437e-05,-2.531034785325321414e-04
-4.993019867329936756e-05,-1.325989429516707323e-04
-1.248597445057329205e-05,-1.358971455393753106e-05
1.353029808980977284e-05,-4.774053717273269397e-05
-1.615029230496420239e-05,-2.441577624830900472e-05
-1.990579480838896841e-05,-2.205109959223831175e-05
-1.198922598500962065e-05,-2.728861474894628112e-05
1.333632645902349930e-05,-3.775339178279205911e-04
1.057069014438688071e-05,-6.541795796997796199e-05
-5.667205596802437278e-05,-1.982233869206232292e-04
-4.339950119584525111e-07,-4.880109949789163301e-06
-5.951489440113327712e-08,-4.477644521944630784e-06
-1.867874999932253288e-07,-3.622198400606740648e-06
3.508659559539104748e-08,-3.306173807947968527e-06
-1.608796035525850888e-07,-2.655796610327080750e-06
2.574180202644334910e-08,-2.382516870259311570e-06
1.842135902564439953e-07,-3.243948453894535277e-06
-1.637546074994131701e-07,-9.755073953782341501e-06
4.047050081975723664e-07,-8.926548039881666732e-06
-1.428888885302097170e-07,-6.992674378466912513e-06
2.278973028080119686e-07,-6.386574403508851209e-06
-2.618556847804713554e-07,-4.950338413081744784e-06
8.349696625047099647e-08,-4.427965963082298659e-06
6.541153300355817734e-07,-6.486091629938954293e-06
-1.904639190180274248e-06,-9.485288572975396489e-05
3.056828122114384102e-05,-1.124212840314744874e-04
3.701820227030857229e-05,-2.634041029305751562e-04
-3.597241144642783880e-07,-8.267575854405903059e-05
1.192314642554489967e-07,-8.230238609232781266e-05
2.336132553798052465e-07,-8.020721815193797418e-05
-1.289196218478176612e-05,-1.657895324127863583e-05
-9.328909119169398432e-06,-1.321278100751134042e-05
-4.094770878664102081e-07,-5.854574928306505995e-05
4.614508492433532984e-06,-4.761177383437925409e-05
-3.087759870002683372e-05,-5.690459232711888964e-04
-7.242267642103351649e-05,-1.266464668617106203e-04
1.047236569154188514e-05,-3.128362493069531856e-05
-8.944047063331762035e-06,-5.153593912151722603e-05
-2.090358548754464265e-05,-8.962199166107927663e-05
-2.984678500532250438e-07,-2.091542006689553770e-06
-5.195460270994000089e-07,-3.875793779283583881e-06
-1.356726718141352705e-07,-1.877593349743355630e-06
2.059043300492501034e-08,-1.612313817886811565e-06
-2.608493837747626619e-07,-3.371296490552866020e-06
3.651991268815408781e-08,-2.875518001510390089e-06
9.375244762995632168e-06,-2.783520410656547091e-05
4.622526262166022032e-08,-1.721263663424425452e-05
-1.951238039678947556e-05,-1.415815501603470466e-04
-4.442221271101355986e-05,-1.477962229469174439e-04
-3.648879004368308965e-05,-1.681193227851132210e-04
-9.007137650996526333e-06,-2.697577667707966358e-05
-1.134089709285553139e-05,-2.122453860244733577e-05
1.092476691276926964e-05,-3.455459258507854960e-05
9.341728041987147689e-06,-3.225719627481067397e-05
4.078990780619307553e-06,-5.445077433376951720e-05
1.566565985971812043e-06,-5.420684578490007926e-05
6.041390319065821039e-07,-5.522671920735873035e-05
4.459704126356148353e-08,-5.448149150195146580e-05
1.433513366939833305e-07,-5.577022678104267834e-05
2.058021903186698154e-07,-5.396280288932300844e-05
-1.315090906629335272e-06,-5.424403060241008258e-05
-1.620280448089065287e-06,-5.410679615647319337e-05
1.482320614564434068e-07,-5.699165600581729166e-05
5.137413045804263214e-07,-5.769532230411672719e-05
3.233846186682090537e-06,-5.423510196998279626e-05
1.218121896079422945e-05,-5.584909310855501187e-05
-1.104675618633003870e-05,-6.831171395005754340e-06
-1.431830929190976222e-05,-2.084869692095476433e-05
-1.860464709536271304e-05,-6.364320669789438293e-05
1.484976893925795159e-07,-5.948755475046704788e-05
-4.967800260640460873e-07,-6.167995214611498016e-05
7.093128383332595162e-07,-6.164020500783251382e-05
-1.160948002389173663e-07,-6.432183903458105320e-05
2.280826599785245991e-05,-6.158305089759254702e-05
-1.469109849289733852e-06,-7.875832505336103891e-05
-1.164612525862948721e-07,-7.718632580731647189e-05
-4.437519981702990261e-07,-7.431957692647015693e-05
4.662361827373563603e-07,-5.654894506621731536e-05
1.298334479120331355e-06,-5.977604457044423706e-05
-2.611800040551957440e-05,-7.422283265267933926e-04
-2.410863624281754016e-07,-2.054946057301639131e-06
-1.259395528909697813e-07,-1.190939089955728370e-06
-1.636559595960630704e-07,-6.436043094076688377e-07
-2.972313153484205717e-07,-1.069956512630954981e-06
4.170688145477740373e-05,-6.430604311445778159e-05
-7.147062799722174346e-06,-1.803621768705479847e-05
6.893073677883630944e-06,-9.889931034815825379e-05
-7.195793346787414530e-06,-6.109821044205164628e-05
-1.404034520852311119e-05,-6.575592937889321711e-05
-1.158484516868284998e-05,-7.102515816683193186e-05
-1.000060087905668930e-06,-7.063931009328819094e-05
-2.168324474673099079e-06,-7.007236734689123035e-05
-2.701515396648944381e-07,-6.774832933608011104e-05
1.394030824043273664e-07,-7.073221079891524256e-05
1.597346273026409190e-06,-6.611314507945013062e-05
1.601952519337435162e-06,-6.890707789849041570e-05
1.926271882417630813e-06,-7.165244834576770894e-05
-1.271124718827162570e-05,-4.359687959110241506e-05
1.441187372518714717e-05,-5.939756390542790085e-05
-7.139931619295146573e-06,-1.553587941210313902e-05
7.416519971057934276e-06,-2.953474404251924199e-05
-2.578621866480582020e-06,-7.270410928574184712e-05
-3.997373378395939448e-06,-1.220297715633213986e-05
-2.294415326134414295e-05,-1.708989333656769590e-04
7.671694903320856504e-06,-4.559096425609900137e-05
-3.103177639502056422e-06,-5.441245597226557397e-05
-2.008759815303904836e-05,-3.319893468886776360e-05
-6.382663988328217939e-05,-6.197634966770542569e-05
1.356676821014843146e-06,-3.875732557373291921e-06
3.246425811705694262e-07,-3.227768386472459863e-06
1.547938025526448988e-07,-1.750310557435100566e-06
1.279780381432475853e-06,-7.578192446312001333e-05
-1.544812211372372995e-05,-4.549870748331516783e-04
4.012924640843904603e-06,-8.287515952538584323e-05
-1.526574125330417361e-06,-7.577642426505955438e-05
7.020171560046334446e-08,-5.671899302833106107e-05
-2.711815624886874276e-05,-2.326293438908995807e-05
1.123949398871083511e-07,-4.325777365563850455e-06
1.037843006921003679e-06,-8.890459020758665224e-06
-1.734347761285685995e-06,-5.459167746795060049e-05
-5.459079836655038614e-06,-5.531430232783826660e-05
-8.656961614151623306e-06,-5.688441147949634287e-05
-8.555617279156514304e-06,-5.835113013872804524e-05
-1.058132237069814008e-05,-3.367531438239917442e-05
-9.394551032893225939e-06,-4.905771729122288764e-04
4.065006414657247397e-06,-9.548375782438886094e-05
-3.643673962798962009e-09,-8.591190972452484871e-05
-2.718452585500124241e-05,-5.036285044110952458e-04
-2.012454819673054231e-05,-4.147127107937922290e-04
5.172565083750594758e-06,-1.002650674291538299e-04
2.639290847670838467e-06,-9.806494140453252291e-05
-7.682738327716077370e-06,-4.951340101944593647e-04
-1.367988498551216201e-05,-4.711725027736989296e-04
1.157345353154454850e-05,-5.474538467451746458e-05
1.721060305462916875e-05,-2.724021919234132362e-04
-3.227477901317886597e-06,-1.723066536882591281e-05
-2.305986904155866302e-05,-6.967035455864358255e-05
-3.283306969505403797e-05,-8.523739992063656171e-05
-1.868131282176400932e-05,-6.460902910106528473e-05
-4.947435646168941759e-06,-4.026103971704196496e-05
-1.307794846557965230e-05,-3.655185126376681612e-05
5.753259453021514448e-06,-2.555532286439673095e-04
2.174072805041230172e-06,-5.468824786765109583e-05
1.265970337218185887e-05,-1.652579490958467885e-04
-6.680475980536195081e-06,-2.009276031418288962e-05
-7.048709095496811523e-06,-2.750079717860904963e-06
-1.281777440329805133e-05,-3.155115639117883267e-05
-8.101363762515644202e-05,-2.313436035494602578e-04
-9.777384955809902763e-05,-3.130626512557878696e-04
-9.417741917881590160e-06,-1.347788133269064165e-05
-1.101223753934059901e-04,-4.201771110189957397e-04
-1.942414823718419371e-06,-5.486224859952774078e-05
4.032689716356102557e-05,-2.396531622358607225e-04
2.711589238942469564e-05,-1.506788287365783954e-04
-3.909988842156883858e-06,-1.376386466878227435e-04
-2.982548244559728940e-05,-1.987757880998535453e-04
-3.597682624719328703e-06,-3.481685317479634150e-05
-3.272917720372725356e-06,-2.083564448208353125e-05
-2.695626506804148817e-05,-7.854718168149003464e-05
-1.038141679533309431e-05,-1.661499360616136152e-05
-7.605120834822117702e-06,-2.029789997841438610e-05
3.547686292044078928e-06,-6.995993755697832754e-05
3.334494701860622482e-06,-6.491949932257720191e-05
6.602836113980693626e-06,-4.283398330370523230e-05
-5.484890608515135386e-06,-2.003435249706383403e-05
-4.974085964458959064e-05,-7.173732295503815149e-04
-6.271672010217720170e-05,-3.313514775600261576e-04
-3.825376984490403304e-05,-3.005897118475354442e-05
-6.368983312229866057e-06,-2.078241952780012560e-05
1.542950064703288833e-05,-2.351845392658940550e-04
3.159024615729392381e-05,-1.852946312741357397e-04
3.953197838328020646e-05,-8.470321471997425522e-05
1.993140779778666628e-06,-8.071456892521760565e-05
2.850257231945329024e-06,-7.683293146959091111e-05
-5.110886880629747974e-05,-1.325438960517401799e-04
-3.844348839295677779e-05,-9.728052790288610864e-05
2.991075610153634453e-05,-3.730646777150414665e-04
4.335897736865244692e-06,-1.376251660169596581e-05
5.663849654067782590e-05,-1.336815989869972869e-04
5.129589743427843691e-05,-1.457685948720668120e-04
-3.743009276001363822e-05,-4.457227604942306582e-05
-9.523405827965913744e-05,-5.669807683117636258e-04
6.321994842576224147e-06,-7.008580634181073581e-05
2.969875121103374610e-05,-1.006805404546601697e-04
-7.833998189163291832e-06,-7.489018088583763428e-06
-9.943791035598329854e-06,-1.943364460660587079e-05
-5.125938900603301158e-05,-3.170890227319800482e-05
-5.159100816420364104e-07,-5.500786443072744857e-05
9.389057271505503474e-06,-3.497914153795843111e-04
1.214506789256021253e-07,-5.177187005723798694e-07
2.108500391328513685e-07,-8.737418242744038273e-07
2.007183324912084328e-05,-4.502386393160624594e-05
-4.991677409999770626e-05,-7.976670528114454886e-04
-2.032015346053036716e-05,-7.799053217350027155e-05
7.119301192502858738e-06,-5.508495818792442076e-05
6.535391881163258208e-07,-5.412754148391297061e-05
-5.703586699124330928e-05,-6.420094692784078798e-05
2.858024043236717237e-05,-7.559922745288879121e-05
-2.966039167651211157e-06,-4.299170580856938176e-05
-8.115916248215907162e-06,-1.305239842740597111e-05
-5.386386460595920432e-05,-2.889061107511459539e-04
-2.015919542432735575e-06,-3.811934548802622847e-06
1.320236612341949226e-06,-7.815041690013557741e-05
-2.001730021534407178e-05,-3.928613506382962759e-04
5.140654052303607471e-06,-6.845890696265406858e-05
-8.742866458544593962e-08,-4.477965780075751116e-06
-4.049591741745882234e-07,-6.776172717708670589e-06
1.683191945230284900e-06,-9.043378019648760837e-06
2.041184522409959298e-06,-1.378224771474500700e-05
9.304244976422761229e-07,-1.682981499558217607e-04
-5.949207865210495930e-06,-2.067800792043696142e-05
-4.180221116280520224e-07,-9.989705594157853068e-06
-1.050527012097278437e-06,-4.431502400492446395e-06
6.673391209806403432e-06,-5.753477491509684791e-05
1.293368973118097416e-05,-2.984371209784877281e-04
1.995519692521203578e-05,-9.897096275628572784e-05
-2.673496925710872994e-09,-3.037801534783542968e-06
-5.746665789193767279e-05,-5.677225232290418635e-05
-2.134698564625721823e-06,-9.190401805966612516e-08
-3.785407546805188095e-06,-7.770637544753896814e-07
-4.345612848212763887e-05,-4.461802514257432763e-05
-2.207484565025274380e-05,-3.520593704299669179e-04
6.025493301638298938e-06,-6.267173299054347544e-05
3.563358023482658530e-05,-5.283575216037091418e-04
4.170887982555969198e-05,-1.282816488910746623e-04
-2.083402396845148448e-07,-8.722001755721743436e-07
-1.161659444210461994e-07,-5.263382170665983667e-07
-5.554922216523389995e-07,-6.868861680191239193e-06
-6.490558622325197962e-07,-3.363079862970571900e-06
-5.144917528705010637e-06,-1.855963561417903646e-05
-2.539631305006082116e-05,-2.991450331268823777e-04
6.569131541136824924e-06,-5.724999969863091108e-05
-2.077010319404127658e-07,-1.439115632948469029e-06
-3.972778602603806683e-07,-2.574977876059285230e-06
1.735433016562604000e-06,-6.353442534888484902e-05
3.807775893463030030e-06,-7.204485164469372151e-05
-2.515560927178763268e-05,-2.351968784632333244e-04
-4.638827863010638223e-06,-1.582655593424046317e-05
7.118331727504929568e-06,-5.154183934749303222e-05
6.404338683783693160e-06,-8.144375290345081992e-05
8.569731886073041479e-06,-3.958864334607841633e-04
1.100067614999828356e-05,-5.673489799665076979e-05
6.046568672882634291e-06,-9.006325862334957810e-05
5.868346570725779705e-06,-4.324194822946571411e-04
2.600569788201583913e-06,-6.043006614342155290e-05
4.727010951660447083e-05,-1.695404377806775196e-04
8.294391711645310197e-07,-4.870647402009576774e-06
2.406425676548580168e-07,-2.339872992950162704e-06
2.924193153001366195e-06,-4.607713970992877075e-04
5.608767597763992876e-06,-9.619387279318022293e-05
1.828148354201336535e-05,-1.434529247737989825e-04
1.282087772005318097e-05,-4.261187910126221315e-05
-1.368715626004643705e-06,-1.035479960097807210e-05
4.492225603123231406e-07,-4.672742093752020706e-06
1.793458217474746096e-07,-2.428049658389227962e-06
5.133860713296372792e-06,-9.973904530752551463e-05
-1.032861516550702751e-07,-4.809694533442912339e-04
1.743954704985273724e-05,-9.368114122037057520e-05
-3.286767766147005306e-06,-7.900170678459127345e-06
-1.943084322324252432e-05,-1.064477283079450051e-04
8.306614676279830563e-06,-3.885184654737336364e-05
-3.290302774423547152e-06,-4.927832282555259184e-04
4.659238592622211369e-06,-1.007152255931938114e-04
3.262749312119429061e-07,-1.634651980159620049e-06
1.622785829161696418e-07,-9.045000694638159902e-07
-6.479184963677015995e-06,-4.959257335524210964e-04
4.283603511622576502e-06,-9.917952155359227280e-05
9.583932718886246487e-06,-2.068768775955104862e-05
-6.273175218163152124e-06,-1.786797855413082656e-05
1.795567886652653440e-05,-4.997013334508346714e-05
1.505339731074626857e-05,-3.076680061172894779e-05
-8.918346138267192615e-07,-4.854449142802457731e-04
7.548111094317947794e-06,-9.308736907338520091e-05
-9.506459945297031822e-05,-7.156463863313431220e-04
-2.989211067845721446e-05,-1.058483740505229031e-04
3.955120581222118779e-06,-8.983007514610872192e-05
-1.245038725692619049e-05,-4.766914309830544818e-04
5.086332342683137700e-06,-4.439313361900647215e-04
9.084954500554903947e-06,-7.968238364949564972e-05
2.724261431002087585e-07,-1.992744937493268635e-06
1.468041935329705285e-07,-1.132075749118358397e-06
-1.797782525193075735e-05,-4.265139534065378007e-04
4.388530149499938739e-06,-7.536301865551749601e-05
2.139641875237210134e-07,-1.699051200824088065e-06
5.602210608163911104e-07,-3.400318956314817604e-06
-6.096876325896080482e-05,-6.021543082595750873e-05
-7.743955772228265178e-06,-3.018041581341260795e-05
-8.179570704933730361e-05,-2.036031999036337756e-04
-5.544787024279088237e-06,-3.024972438641976876e-06
-2.465807294624052536e-06,-1.033335977028975938e-05
3.218311979097159446e-06,-2.194303986180135276e-05
4.282760674153665818e-07,-8.269443746066306301e-05
-5.805406694784112237e-06,-1.896728553628380571e-05
-6.157358801756932000e-06,-3.239772841355229764e-04
-6.463668897093299435e-05,-1.544543697678883146e-04
3.217254170424600415e-05,-9.483511971836766142e-05
1.633156657624400683e-05,-7.005230247162053071e-04
-1.730672424149059469e-05,-6.424899163660641871e-05
9.155931527672193691e-07,-5.684350342663521541e-05
-7.940628708948649329e-05,-3.305998127153328002e-04
5.556537729265228077e-06,-2.685329639364230083e-05
-4.687275749942555407e-06,-1.251840085344227984e-05
-5.151177348157434443e-05,-4.845362648580566807e-05
2.687474607127840988e-06,-1.838141226044170894e-05
-1.493727454408099890e-06,-9.043283831620478518e-06
1.546451672720843546e-05,-7.872150254595884752e-05
-5.207635839572136540e-05,-1.078162835190841313e-04
-6.024720387091435982e-06,-5.876073971620268584e-05
-1.526807488652629814e-05,-1.522133957410992205e-05
8.239066222513330022e-06,-6.449433552938244529e-05
-1.321476937754952646e-05,-1.779971335598158866e-05
-2.237826626465535206e-05,-2.167122188434427856e-05
-4.318991573758815115e-05,-7.870154795107208020e-04
-8.012524945351184210e-06,-5.615330303252569731e-05
5.160916468495213772e-05,-1.301881077883113925e-04
9.584294042244130632e-07,-7.342482560331030654e-05
-4.418943963018823776e-05,-3.173655983109574947e-05
-2.071905969129718910e-05,-6.623426793423075416e-05
-2.695448304392540173e-05,-1.273648205110321197e-04
-2.117950015633512813e-06,-6.365614612115452525e-05
1.685347731164413049e-05,-6.429920695192277761e-05
4.913402253928319841e-05,-3.791644503467771535e-04
-1.217111488007569850e-05,-5.870268133033480356e-05
-2.847414864435767544e-05,-6.655026292785996053e-04
-3.999049057568048300e-05,-2.897126440351824236e-05
1.347985655345433169e-06,-7.998132183388119226e-05
-9.746748372622641982e-06,-1.492440057096394970e-05
1.068509652631070257e-05,-3.606507039037934459e-05
-1.111737197800963696e-05,-9.589818105066397213e-06
-2.148112220589309292e-05,-1.671697146068145369e-05
-6.077120213182039414e-05,-4.998381633745551571e-04
-1.547404763363550160e-06,-2.112910503287624765e-07
-5.154042221053182007e-05,-3.589099248523591274e-05
-3.806979894726193797e-06,-5.456014408842968402e-05
-1.804234531869953475e-06,-2.672846342726130329e-05
-6.664026279260923621e-06,-9.119104012703637270e-06
9.156296406227324789e-06,-7.881807092196928266e-05
-1.268933697803787242e-05,-6.185187748745527090e-05
3.237998673492842810e-05,-3.859605102588655671e-04
1.346066981362175714e-06,-1.194722685331360425e-05
-1.971786924921191703e-07,-5.800659322769133695e-06
1.100785003111735694e-07,-2.542536975875957627e-07
1.882627193804704010e-07,-4.197607801859725606e-07
8.020883879146522522e-06,-3.779959260749875304e-05
-6.914993849104157837e-06,-1.214830136699219268e-05
-1.628128041030075192e-05,-5.824905459090211823e-04
3.802479934925516339e-05,-2.244129980156803574e-04
-3.753901166282677893e-05,-3.649982644434702182e-04
-1.185501184459706593e-07,-2.841633740637187234e-07
-2.021311575088846750e-07,-4.584597972727624979e-07
9.132936657192479698e-07,-8.143150336010729861e-05
8.803804123272397452e-06,-5.836515594335640753e-05
1.787756516376588602e-06,-6.163669073778556327e-05
-2.252890147520975240e-05,-1.964392053078518495e-05
1.704764789537398606e-05,-6.258571633079201737e-05
-1.966039575676208667e-05,-7.192488004159283297e-05
-1.835472577608459753e-06,-3.526525491595170098e-06
-3.419858128259152579e-05,-2.639951608940104517e-05
-7.911378259664714384e-06,-2.661112052532236112e-05
-6.164564086922441177e-05,-2.529192580464979020e-04
-1.788777279704928416e-05,-1.872886649703158106e-05
-7.065397993269659509e-05,-3.442998376134499589e-04
-8.867485710114193017e-06,-1.829568442707699144e-05
-1.234664660764339337e-05,-2.871337681546052081e-04
-6.964658754510602985e-07,-4.965112792410716891e-06
-3.098167845302197929e-07,-1.013036009186724632e-05
-8.547549399226547487e-07,1.765801696941868987e-07
7.606998302986146414e-06,-1.676032620097021232e-05
-2.807151200888875527e-06,-1.040620202478722070e-05
-1.142625856214413114e-06,-1.205447528105897929e-06
-3.918382701293917332e-06,-5.491499888347496747e-05
-2.015969920117679636e-05,-1.948727118524345157e-04
-4.115757131038337975e-05,-8.005160091803049851e-04
3.331184473062221639e-06,-2.773868814532902578e-04
2.124466918187666510e-07,-9.491443784253925327e-07
-8.758272755341021417e-06,-1.138349250657542309e-04
-1.655041025297201805e-05,-4.353713112443735795e-04
-8.896694086989609158e-07,-7.227018432746256564e-05
-8.588471602554657633e-06,-4.623773333542806060e-06
2.789690371353671471e-06,-7.566693726732585338e-04
6.319744149906743673e-07,-8.257094007656065376e-05
-1.607577231582725552e-05,-2.733754496534104167e-05
1.174927354083603808e-05,-3.558321588546398009e-05
1.144356903825930445e-05,-3.588764282211882157e-05
-1.402380437851182632e-05,-1.870924470553718514e-05
-5.345999433150578842e-05,-6.402042227672537656e-04
-3.402921331812614443e-07,-3.028289320291805486e-06
-4.446337176174349413e-07,-5.796237598927130814e-06
-3.819700689997433955e-05,-1.188381148399122544e-04
5.497573652025110529e-06,-3.546028674272919731e-04
-1.225780520465542690e-05,-1.523187855019317870e-05
1.336516806221149813e-05,-3.624184521206124315e-05
-6.745267671959723657e-06,-5.010799905691389804e-05
1.695413577311633582e-05,-6.257964353811671504e-05
3.320726413219483750e-05,-8.187213329245250626e-05
