Size 979,2
0.000000000000000000e+00,0.000000000000000000e+00
0.000000000000000000e+00,0.000000000000000000e+00
0.000000000000000000e+00,0.000000000000000000e+00
0.000000000000000000e+00,0.000000000000000000e+00
0.000000000000000000e+00,0.000000000000000000e+00
0.000000000000000000e+00,0.000000000000000000e+00
0.000000000000000000e+00,0.000000000000000000e+00
0.000000000000000000e+00,0.000000000000000000e+00
0.000000000000000000e+00,0.000000000000000000e+00
0.000000000000000000e+00,0.000000000000000000e+00
0.000000000000000000e+00,0.000000000000000000e+00
-4.408745546594170396e-06,-7.467251760736840383e-05
-1.724124486799280182e-05,-1.045274600272766045e-04
0.000000000000000000e+00,0.000000000000000000e+00
0.000000000000000000e+00,0.000000000000000000e+00
0.000000000000000000e+00,-3.307410045463410157e-04
0.000000000000000000e+00,-3.366777754260662551e-04
2.683970410029850025e-05,-3.405174726449656793e-04
-5.787929950392963852e-05,-2.394424476207238279e-04
0.000000000000000000e+00,0.000000000000000000e+00
-2.140135182675925930e-06,-4.815361918857207651e-05
4.167239850410273984e-06,-4.986213525315266981e-05
-5.245729068142807224e-07,-8.265573193026638256e-05
5.352935189786145347e-06,-8.494294666001318383e-05
-8.626390027960529049e-06,-2.189132225499761041e-05
-1.674176608677153898e-05,-5.123309605432070218e-05
-1.164821993409761062e-05,-3.668104821371321727e-05
-2.275858932914220987e-05,-7.235483663375624362e-05
-6.429430703536585952e-06,-3.688360484065319469e-05
-8.868030979876064456e-06,-7.146103201306153933e-05
-1.548971965746939321e-05,-1.095362099696631735e-04
3.350491453952427986e-05,-1.316288526959829761e-04
7.869840611234895424e-06,-3.773786380352960827e-05
1.642806966144827382e-05,-1.170911490710317308e-04
-8.802172817580107612e-06,-1.566712798446362451e-05
3.884775737262773706e-05,-1.973139968953096146e-05
-1.243690281189854231e-05,-3.168932283409040766e-05
-1.247778018199065097e-05,-3.019707181915757470e-04
-1.244463586112251082e-06,-4.113295151732677523e-05
3.560604524840683239e-05,-2.800878484979464275e-04
3.142951920485401011e-05,-3.380056333572682161e-04
-5.336673638955711043e-06,-3.184361635901136896e-04
-5.249646242494200024e-05,-2.867205834124755760e-04
3.141409749345788798e-05,-3.069329012194693803e-04
4.377690355092986562e-05,-1.814908516163013690e-05
3.463757051273112661e-05,-1.281746773298788396e-04
-1.340068666472340699e-05,-3.856676386464103791e-05
1.328355526458140987e-05,-1.276669292476518560e-04
-2.292843425984098895e-05,-3.716239836716630205e-05
-3.682358296338988528e-05,-6.897447591759521665e-05
-4.726234161689735007e-05,-1.095854904323485834e-04
-5.300683644399317723e-05,-1.559460267963101124e-04
-5.389270315492501767e-05,-2.041608695713568935e-04
-4.987713626093369921e-05,-2.485827721300158622e-04
-4.372892433199581698e-05,-2.861384253442585839e-04
-3.795306012973329225e-05,-3.172047606402205898e-04
-3.291479783491741876e-05,-3.438743499320771652e-04
-2.685775026971904338e-05,-3.672410129940642423e-04
-1.981597188403000674e-05,-3.851998220662833958e-04
-1.196389949102140779e-05,-3.970229809242830114e-04
-3.407252029619426216e-06,-4.019979585037091493e-04
5.719111441815572777e-06,-3.996594202403773444e-04
1.523824075080894767e-05,-3.896181378508349093e-04
2.502523424654680005e-05,-3.715895331098692609e-04
3.496788984426366212e-05,-3.454428119655655340e-04
4.504183627547617992e-05,-3.110619458278546853e-04
5.518981527187971289e-05,-2.672688983779801649e-04
6.389791538243300866e-05,-2.125966879430380211e-04
6.602484693843728664e-05,-1.488649544929124865e-04
5.621868585690050494e-05,-8.412736165453358022e-05
3.266661438617016238e-05,-3.238062498828905936e-05
0.000000000000000000e+00,0.000000000000000000e+00
0.000000000000000000e+00,0.000000000000000000e+00
0.000000000000000000e+00,0.000000000000000000e+00
0.000000000000000000e+00,0.000000000000000000e+00
0.000000000000000000e+00,0.000000000000000000e+00
0.000000000000000000e+00,0.000000000000000000e+00
0.000000000000000000e+00,0.000000000000000000e+00
0.000000000000000000e+00,0.000000000000000000e+00
0.000000000000000000e+00,0.000000000000000000e+00
0.000000000000000000e+00,0.000000000000000000e+00
0.000000000000000000e+00,0.000000000000000000e+00
0.000000000000000000e+00,0.000000000000000000e+00
0.000000000000000000e+00,0.000000000000000000e+00
0.000000000000000000e+00,0.000000000000000000e+00
0.000000000000000000e+00,0.000000000000000000e+00
0.000000000000000000e+00,0.000000000000000000e+00
0.000000000000000000e+00,0.000000000000000000e+00
0.000000000000000000e+00,0.000000000000000000e+00
0.000000000000000000e+00,0.000000000000000000e+00
0.000000000000000000e+00,0.000000000000000000e+00
-6.155878767801943224e-06,-2.889978654752249932e-05
-9.299809972014942141e-06,-4.356013411315024869e-05
-1.181780864282280819e-05,-5.958791253436881925e-05
-1.293717239929642249e-05,-7.671164356600772738e-05
-1.243164402746737102e-05,-9.360726158429841172e-05
-1.035615757710541389e-05,-1.085896404840497076e-04
-7.282195318765188901e-06,-1.205976073290581627e-04
-3.625016787451747694e-06,-1.290709667291645027e-04
2.707157871917445905e-07,-1.337288755305459081e-04
4.085773306814994203e-06,-1.344355647433986617e-04
7.579710030108782534e-06,-1.314157034909202632e-04
1.062674813847830189e-05,-1.250640974877888180e-04
1.310625293853948751e-05,-1.157612415877445249e-04
1.487727736950767874e-05,-1.040695407734672749e-04
1.578938992899900915e-05,-9.063571512145817321e-05
1.570095995414450414e-05,-7.622066208843010038e-05
1.444537298514847000e-05,-6.173310457782852040e-05
1.180579864848492538e-05,-4.878625723600534756e-05
8.669035161657393592e-06,-3.831657946196713541e-05
5.795764349069546287e-06,-3.030004095128221571e-05
3.602103793896501673e-06,-2.393940411350661365e-05
1.883916017579353438e-06,-1.838018945995008530e-05
8.867034563867720343e-07,-1.298891590819453293e-05
0.000000000000000000e+00,0.000000000000000000e+00
0.000000000000000000e+00,0.000000000000000000e+00
0.000000000000000000e+00,0.000000000000000000e+00
0.000000000000000000e+00,0.000000000000000000e+00
0.000000000000000000e+00,0.000000000000000000e+00
0.000000000000000000e+00,0.000000000000000000e+00
0.000000000000000000e+00,0.000000000000000000e+00
0.000000000000000000e+00,0.000000000000000000e+00
0.000000000000000000e+00,0.000000000000000000e+00
0.000000000000000000e+00,0.000000000000000000e+00
0.000000000000000000e+00,0.000000000000000000e+00
0.000000000000000000e+00,0.000000000000000000e+00
0.000000000000000000e+00,0.000000000000000000e+00
0.000000000000000000e+00,0.000000000000000000e+00
0.000000000000000000e+00,0.000000000000000000e+00
0.000000000000000000e+00,0.000000000000000000e+00
0.000000000000000000e+00,0.000000000000000000e+00
0.000000000000000000e+00,0.000000000000000000e+00
0.000000000000000000e+00,0.000000000000000000e+00
0.000000000000000000e+00,0.000000000000000000e+00
-8.922517122568885726e-06,-7.943742633377495296e-06
-1.403362008205313055e-05,-1.968094271839007059e-05
-1.652993788306172097e-05,-3.403091257634456075e-05
-1.648671322731249064e-05,-4.856585961088417632e-05
-1.404838516352243775e-05,-6.128124564918442305e-05
-9.281073120469729605e-06,-6.961754636256994042e-05
-3.421805272935714823e-06,-7.178535749610638530e-05
2.251972441673399321e-06,-6.732755600607499000e-05
6.085619819373692957e-06,-5.719220306588125287e-05
7.054842795118027379e-06,-4.390977529394764201e-05
5.673310062886045416e-06,-2.945614965031691931e-05
0.000000000000000000e+00,0.000000000000000000e+00
0.000000000000000000e+00,0.000000000000000000e+00
2.849661653651025846e-06,-6.736701131569141970e-05
7.969639760254539459e-06,-5.734208591544932989e-05
1.108155401585551987e-05,-4.468168363403755746e-05
1.203635583820973612e-05,-3.084052992934036854e-05
1.077081077890109926e-05,-1.764605851861054728e-05
7.053238371670579083e-06,-6.978283276809132949e-06
-1.985232049956674169e-05,-1.011347386933852802e-04
-2.198604829639418280e-05,-9.685879519357700124e-05
-2.041990916097069904e-05,-9.185160044832349361e-05
-1.653347282356370759e-05,-8.612988928202024326e-05
-1.175632186688002563e-05,-7.994356462365093791e-05
-2.097547745837061538e-05,-8.978898310835064253e-05
-2.121291350741464358e-05,-6.675679225892278200e-05
-1.867863791875983841e-05,-3.895557145681825584e-05
-1.211137576247437715e-05,-1.356251076360899248e-05
0.000000000000000000e+00,0.000000000000000000e+00
0.000000000000000000e+00,0.000000000000000000e+00
1.714804422535528987e-06,-3.312021893242849866e-04
3.338738398591188402e-06,-3.325265242056618230e-04
4.765479086116724628e-06,-3.349888889718392144e-04
6.015081266688114141e-06,-3.389520351524842254e-04
7.504717013244898507e-06,-3.447418363373505276e-04
9.825518736554873900e-06,-3.521689143743680851e-04
1.342681271070545697e-05,-3.612060436252303107e-04
1.897903865017572388e-05,-3.703481549317989971e-04
2.644760886819200906e-05,-3.788102049598894875e-04
3.570275967277883664e-05,-3.860688203769517459e-04
4.689451377382942439e-05,-3.933540401262671112e-04
5.996383988142908169e-05,-3.963987900896986439e-04
7.307172689492155227e-05,-3.912891053287147311e-04
8.629278686512562176e-05,-3.804908311535457662e-04
9.775528833437936412e-05,-3.650304310390584703e-04
1.078097737293242736e-04,-3.456243192644400768e-04
1.164569199809111649e-04,-3.226596835798614324e-04
1.228651227826816695e-04,-2.975420861924989169e-04
1.271704811712954521e-04,-2.699243492061729837e-04
1.298023385656262875e-04,-2.402312599960174566e-04
1.296938918836597874e-04,-2.074248802295254157e-04
1.265416816623205637e-04,-1.755453641208189598e-04
1.213550790802499229e-04,-1.489352749888280100e-04
1.150312115664485680e-04,-1.257660546841969781e-04
1.083277871620752356e-04,-1.056966841122832060e-04
1.014254220618635797e-04,-8.832067610963669608e-05
9.440658918872312324e-05,-7.335874318470000357e-05
8.771228279800226337e-05,-6.052599182903159800e-05
8.098301046801342610e-05,-4.962557467103842376e-05
7.481237837036204790e-05,-4.048433818403566694e-05
6.863572193700211870e-05,-3.305763330534527782e-05
6.291803634939335376e-05,-2.712630934185653720e-05
5.724734345827367190e-05,-2.280089957137294344e-05
5.181235965718335314e-05,-2.023794388927150804e-05
4.672997232731114053e-05,-1.937501922497887136e-05
4.142000672363390398e-05,-2.022603642723467480e-05
3.606026793148538542e-05,-2.332789000695566179e-05
3.107522717535666801e-05,-2.899791341966455186e-05
2.631546044993761960e-05,-3.742632494438989448e-05
2.212267039898311848e-05,-4.837223916725603799e-05
1.909280461544760258e-05,-6.114935370999992229e-05
1.719608885798944387e-05,-7.498785105286058191e-05
1.642801919859301842e-05,-8.879282733470264511e-05
1.684540738209409138e-05,-1.016497584278922819e-04
1.807531142522803886e-05,-1.125991887043026693e-04
1.967909325771674040e-05,-1.211906502992673128e-04
2.135392270211164338e-05,-1.274754062254413009e-04
2.275345521866245166e-05,-1.317909904513779606e-04
2.364310705043531628e-05,-1.348250770940062117e-04
2.427763403132572712e-05,-1.370423534488411112e-04
2.441297068315066888e-05,-1.391856603189860165e-04
2.437318445058147200e-05,-1.435111659625526491e-04
2.438714957423092266e-05,-1.471311804091615931e-04
2.389767968809222487e-05,-1.468585696922023571e-04
2.273244802066221412e-05,-1.452370069824864397e-04
2.078564242817403123e-05,-1.432469610579826570e-04
1.829839746113451392e-05,-1.414773879598986233e-04
1.551700288695384331e-05,-1.400515722129534572e-04
1.273738503870647159e-05,-1.392213795194472824e-04
1.024142054483950948e-05,-1.388747432241404470e-04
8.242378489213498318e-06,-1.388229252251950766e-04
7.026335715836765245e-06,-1.387880954215485517e-04
6.949034164962828842e-06,-1.384517257458448155e-04
7.755756338174909912e-06,-1.370303181762258797e-04
9.883528193350777093e-06,-1.337074804886085352e-04
1.315582957150015275e-05,-1.271764016512110461e-04
1.643163459508899750e-05,-1.149410055370518922e-04
1.939471206725252068e-05,-9.959732887571216072e-05
2.186624369374051767e-05,-8.432657691819181347e-05
2.336796315484690557e-05,-6.690071581421496306e-05
2.300301704739037158e-05,-4.756548163555027252e-05
1.975793886726269269e-05,-2.841666370735315591e-05
1.268408145630296833e-05,-1.190439324062160947e-05
0.000000000000000000e+00,-3.313391028134028042e-04
0.000000000000000000e+00,-3.323904530431407702e-04
8.781873683262366841e-06,-3.374519966709868491e-04
1.763491383433667730e-05,-3.393142732846786977e-04
-7.170624629718740540e-05,-2.675947130808493729e-04
-6.536107410172909294e-05,-2.950880432287498350e-04
-3.839419674375789426e-05,-3.120835415568980133e-04
-8.901685353748353989e-06,-3.259129203695087748e-04
1.738550069640834253e-05,-3.365524671771993230e-04
-2.977583977708073176e-05,-2.658577008740413389e-05
-4.983214021401943827e-05,-6.524534523632736257e-05
-6.118784944877981192e-05,-1.168257672901902268e-04
-6.434621330738822900e-05,-1.747113302316473404e-04
0.000000000000000000e+00,0.000000000000000000e+00
5.875752274760936302e-07,-2.825209530611221472e-05
-7.138108987041230165e-06,-2.307501406123688061e-05
-1.244309847915135845e-05,-3.050572201937124558e-05
-1.644769965853070035e-05,-3.835471182169458411e-05
-1.674238833138486733e-05,-5.007841426438550830e-05
-1.418899811078397827e-05,-6.128820042601129106e-05
-8.499909653147343818e-06,-5.649954779168260891e-05
-8.676560776055773820e-06,-7.489702947851818943e-05
-4.849120109773808509e-06,-9.026437361684399392e-05
-5.175407257970905581e-06,-1.033167949170360700e-04
-7.654244135510127319e-06,-1.118382169516406351e-04
-1.185398626845035226e-05,-1.147106554114172818e-04
-8.946602022244263077e-06,-7.527456938004580878e-05
-1.395969517339186339e-05,-8.142985625198588203e-05
-1.785780188309206453e-05,-8.788328924639869535e-05
-2.012338236166956871e-05,-9.470255813512195719e-05
-1.970770395754764583e-05,-1.019226913114878498e-04
3.061506251436066275e-05,-1.357536498442565441e-04
2.683562850515230387e-05,-1.363629685768704618e-04
2.209219035704691256e-05,-1.330990028024030519e-04
1.754835072084495300e-05,-1.257276520093819616e-04
1.367078622007425856e-05,-1.142126408528180477e-04
1.125392689859311862e-05,-9.886250045969189302e-05
1.293785084164909418e-05,-8.121955306449881676e-05
1.046473912025728750e-05,-6.055496965724838559e-05
3.651805318000349678e-05,-1.298491412446577033e-04
3.740965751997898210e-05,-1.279980746989588139e-04
3.642849450934947537e-05,-1.260986418920870885e-04
3.369531331853875886e-05,-1.241520008048204707e-04
2.917514467420444457e-05,-1.220918762009641132e-04
2.216860448763055303e-05,-1.192206694864345794e-04
2.046273632170497167e-05,-1.035995534528626633e-04
2.300324111737124714e-05,-8.846412251611484635e-05
2.406530606281501592e-05,-7.221775660456962172e-05
2.350163230793703528e-05,-5.589584482043006972e-05
2.080120816424841821e-05,-4.126846751682357946e-05
1.511666751879315038e-05,-3.055394914744107325e-05
-1.230588319459488142e-05,-2.232290116797845336e-05
-1.192030178783182347e-05,-2.384243301174426857e-05
-3.838964028212068634e-06,-2.188865506453364411e-05
7.818214029852267529e-06,-1.873354341767331213e-05
2.039139245936151280e-05,-1.609694169560892197e-05
3.137440429907058947e-05,-1.573407645576804594e-05
-9.857192573702431182e-06,-1.298980957463348739e-05
-1.094806967061247230e-05,-1.581849329980123872e-05
-1.149320368488412934e-05,-2.039809111950552627e-05
-1.191564515686018293e-05,-2.559906427464762619e-05
-1.355828978732653519e-05,-3.455738920604089191e-05
-5.740311649393341059e-06,-3.544426065354508849e-05
6.803821530788513074e-06,-3.354222701334076825e-05
2.036921428371816787e-05,-3.030612980841724415e-05
3.196324889567185980e-05,-2.572064933977290084e-05
-2.418590919968551645e-05,-2.632394815591412689e-04
-3.040585375387242612e-05,-2.238668267983278011e-04
-3.311967727015145268e-05,-1.843515911217150777e-04
-3.214455360776962816e-05,-1.444591280132958666e-04
-2.764545495595059207e-05,-1.049731587701745921e-04
-1.848166265823723728e-05,-6.880781001485671000e-05
-3.417320069031640217e-06,-3.079582301847992760e-04
1.840684346466759305e-05,-3.071344480430074570e-04
3.495227372323343084e-05,-2.977378666950805707e-04
4.464285175768758509e-05,-2.347671754150803126e-04
4.869661479899647103e-05,-1.895893293182107934e-04
4.843386361154494285e-05,-1.440005468765627559e-04
4.382139752482331366e-05,-1.008358523886572494e-04
3.414078516378344513e-05,-6.447609237903197934e-05
1.816880839028604615e-05,-3.883116082176175221e-05
4.187686428449669007e-05,-3.623912866290179315e-04
4.522495311283811708e-05,-3.782580615107647664e-04
4.369827968944594085e-05,-3.896164459214623713e-04
3.746871521804323173e-05,-3.944137424875547625e-04
2.807149722932756594e-05,-3.910417353201587785e-04
1.626217474263783443e-05,-3.779120359001573548e-04
4.219216710664971720e-06,-3.544900538686860444e-04
1.165611204300631531e-05,-3.181416116132950323e-04
-1.492295862799076856e-05,-3.017250167165118845e-04
-4.412487753279524896e-05,-2.881395913878734326e-04
-6.865617603629228815e-05,-2.780579205922052342e-04
-7.664478207216944246e-05,-2.791181616652285875e-04
3.636538949542925819e-05,-2.940658793808313752e-04
1.557898639444322590e-05,-2.932367729600276855e-04
-6.620192436728169488e-06,-3.014397537323333003e-04
-4.351007138873581279e-05,-3.252028694125581897e-04
-3.429458544639965237e-05,-3.560062510130574732e-04
-2.513961874044242441e-05,-3.788680402961994067e-04
-1.614100074545859610e-05,-3.939073839227550593e-04
-7.493372848348434506e-06,-4.013495569862954738e-04
8.406491727581812170e-07,-4.014784370831457529e-04
8.698496177375160870e-06,-3.946255138358409115e-04
1.568867168966496441e-05,-3.813765119359142355e-04
2.202281641346613198e-05,-3.623352855711876072e-04
2.733183970945992082e-05,-3.379332245016880240e-04
4.852036666034417262e-05,-2.447671494691605894e-05
5.042776409776998420e-05,-3.499507346838111788e-05
5.013453432717245815e-05,-5.073386018323288729e-05
4.852907676122526076e-05,-6.944150206687909363e-05
4.553522606367169887e-05,-8.891917282925373663e-05
4.212866265848421083e-05,-1.061305632742167273e-04
3.840664350476919006e-05,-1.195286913253845100e-04
3.691493369789179539e-05,-1.764138175942877633e-05
2.608999896123223697e-05,-1.866318238192144545e-05
1.168198404785712827e-05,-2.109327866722647028e-05
-2.971144286721709074e-06,-2.482738302673856925e-05
-1.232455118760459918e-05,-3.116691774845802557e-05
2.330502337388116714e-05,-1.271848613902718764e-04
3.022531114951335343e-05,-1.270429925815839630e-04
3.452609035888637640e-05,-1.275480262935953452e-04
3.705833132807184098e-05,-1.278806567321997927e-04
3.764541192511930922e-05,-1.280331843586431236e-04
3.615592930852246404e-05,-1.280100225252293921e-04
-1.560640497925098322e-05,-5.263408652985830899e-05
-1.636994363835183363e-05,-6.660103486781181182e-05
-1.602477763612148576e-05,-8.089384969450640506e-05
-1.467212395533546852e-05,-9.479310969828787334e-05
-1.243514116720695440e-05,-1.075120236245377203e-04
-9.394828481768367840e-06,-1.183600298418170584e-04
-5.658333369431640284e-06,-1.267228614778121386e-04
-1.471378251571832782e-06,-1.321370875083564627e-04
3.196927862592403726e-06,-1.342397118542201556e-04
8.059402025353893235e-06,-1.327632990390388546e-04
9.974554412412078885e-05,-1.355484373415328993e-04
8.553181287769082305e-06,-1.347205759413738952e-04
6.900239731201386997e-05,-4.328077642553292202e-05
1.862357829565638491e-05,-1.384683935763623812e-04
8.486746517189042659e-05,-7.892644411159455533e-05
1.067702063170016598e-04,-2.205302957473016801e-04
-1.572656030560680066e-05,-1.502593766732370612e-04
-1.929411606592025704e-06,-7.019111769826577184e-06
-6.739205398295348201e-07,-1.115342539803501955e-05
9.904356854480141439e-05,-3.112063965721053021e-04
-6.101352167090394890e-06,-1.064579857286773268e-04
1.892382293197800906e-05,-2.324814322369340828e-05
1.725687170314407719e-05,-1.165635447998854366e-04
3.959265146209759164e-06,-9.338115383823736163e-05
-1.041539968544784100e-06,-1.109576520886250287e-05
6.568569829600203970e-07,-1.145591666068442862e-05
-3.811272727482848697e-06,-2.308987136702245581e-04
-4.117522844586475694e-06,-5.683330785079431153e-05
7.904812683441432889e-05,-3.744053638406664888e-04
4.696498040314947534e-06,-1.339967730933913561e-04
2.443261249828798177e-05,-1.424925860289211676e-04
5.609415683189532536e-05,-2.336402063446539753e-05
2.485696302589265796e-07,-5.338437752238492438e-06
7.833653016891489776e-07,-6.300598144390702750e-06
2.434290314645710311e-07,-1.690394670399277022e-06
3.195269322819224141e-07,-2.015123068649939200e-06
9.719660468041500849e-06,-3.059667156226558780e-04
1.327229677859423928e-05,-1.350349971581982927e-04
6.197980669000385595e-05,-3.937968138438034606e-04
4.397831169608332988e-05,-3.914852392941608312e-04
2.838924700067569623e-05,-3.764895497589503112e-04
-6.240533519512337351e-07,-4.888874805503879448e-06
-7.324389358034654510e-07,-4.028414555492762064e-06
-2.823893475191649062e-07,-1.503890037215092454e-06
-2.436498852849158316e-07,-1.306540426614923482e-06
1.550379336646529085e-05,-3.500452338697220369e-04
5.523543735323887264e-06,-1.281585807806225031e-04
4.776535126950189693e-05,-1.801075696434270080e-05
8.850437006262492742e-06,-3.371359410936371182e-04
2.713394329122022938e-05,-1.397332905788162835e-04
2.776462890986398953e-05,-3.645748209016445624e-04
-1.051759038723567915e-05,-1.174877677871645433e-04
3.867427239768828431e-05,-1.679660996943253430e-05
2.645765051486912507e-05,-1.342244339030679160e-04
3.916686466740948116e-05,-3.950453306400103894e-04
-3.368136642637459345e-06,-1.022533645801252091e-05
-3.822997920590964451e-06,-1.254132494586210406e-05
-2.668024433978620493e-06,-1.032655437972243032e-05
-4.180556420386427586e-06,-1.466016303916266941e-05
-2.569421272512040731e-06,-1.186695102679637960e-05
1.132628818495220458e-06,-1.985602390795595517e-05
7.685396845278675349e-07,-1.943338468099659573e-05
-4.867436899456585165e-07,-1.438656500240202251e-05
2.018781926881112339e-07,-1.932389406295302009e-05
-3.745727134511382640e-07,-1.498314282049481427e-05
2.569335363314257785e-05,-3.418418559460496700e-04
1.094571232591366623e-08,-1.138551662965482863e-06
1.006010150449865619e-08,-9.877631976802969488e-07
3.907506251154088699e-05,-3.850011969517306361e-04
-9.244099650010226162e-07,-1.839584926046053571e-05
-5.829993411323830020e-06,-1.941956642919530425e-05
2.633883986908819373e-05,-1.361024447973445785e-04
4.190140744958298846e-05,-1.987223992292498777e-05
6.427251399051267361e-06,-1.082705729088300416e-04
-6.316916581548345982e-07,-2.016196643172058885e-05
-5.376701179504643442e-06,-1.976964772626742112e-05
1.130051939563744629e-05,-3.362130544298087787e-04
9.680590941243581447e-07,-2.374638765761995251e-05
-6.170193238506973839e-06,-1.735599051977621544e-05
-8.754855966820319603e-06,-2.777934174724199231e-05
-8.401129138785446397e-07,-2.688739039986327381e-05
4.974062171094819667e-07,-1.483624093892223380e-05
-1.913002872746360944e-06,-1.363346663875912395e-05
2.607889139148624190e-05,-1.300089384136677694e-04
-8.203600377618767411e-06,-1.199142501982777088e-05
-8.807806362757267544e-06,-2.721059006650098627e-05
3.624998512611943317e-06,-3.321513195955670098e-04
2.404660079124776803e-07,-8.823940377157753273e-07
2.028241765220113111e-07,-7.594377498439934920e-07
-1.343641442037729898e-05,-3.983107661969024598e-05
-6.641628574614115580e-06,-6.716082226405725882e-05
-6.877110126237353320e-06,-2.847396444732512675e-05
-2.019158719566019883e-05,-2.059847371072640455e-04
-5.541543345053526355e-07,-3.468183489762320575e-06
9.772626085643207074e-07,-6.351998316227618665e-06
-7.484841796545541201e-06,-1.798566647408701035e-05
-9.587274516856264737e-06,-4.411859773720489333e-05
3.472841955205706717e-05,-3.320923950981355280e-05
8.526295512661490197e-06,-7.742144379153512634e-05
5.915819027200321446e-06,-2.803753333851307590e-05
1.072964848312754998e-05,-2.613745266534137860e-05
1.720573021068163999e-05,-1.140252094143235896e-04
2.227806409720273976e-06,-2.268552329079720316e-05
1.302868460987130536e-05,-7.518601838152391811e-05
1.204927792585159280e-05,-4.595908864067178650e-05
1.169004434559499419e-05,-7.985699260101886447e-05
1.109495861813241676e-06,-5.121549877985809713e-05
1.525606356373003525e-05,-1.645384743544634127e-04
-3.515848583031236056e-06,-7.210343230929041377e-05
8.880884507188190164e-06,-1.110756837763393449e-04
9.923476974633968221e-06,-2.574903372843885454e-04
6.318551983836234909e-06,-1.308707883652238503e-04
7.724313899127971023e-06,-3.215704919628260263e-04
3.013993789979397945e-05,-1.360980866935755467e-04
4.729110319858296810e-06,-3.718429587543157881e-04
2.383930570463387892e-06,-1.345678989988014418e-04
-1.596498655102998460e-05,-3.075213154387663604e-04
-3.670799670113407867e-09,-3.998529105057139761e-04
-1.315062622931873521e-06,-1.238470287481122166e-04
-4.923279131153931028e-06,-4.000058039250398091e-04
-3.327304026754495751e-06,-1.017750914506854241e-04
-9.869016586806740121e-06,-3.699510227909372511e-04
-4.846616255403578686e-06,-7.383716778036072221e-05
-5.288836258086555016e-06,-4.552899230538362307e-05
-8.121815859209331207e-07,-1.060517714904684826e-05
-4.437947125410060037e-07,-1.131746895717359221e-05
1.325320998163494702e-07,-1.376238548328802562e-05
4.655736114811900096e-08,-1.023380088546331166e-05
-1.791888327811837940e-06,-8.267539836049259328e-06
-1.407677688124261474e-06,-9.212820715438490307e-06
-1.536911016887236303e-06,-1.150930869243328345e-05
-7.100586489830218760e-07,-8.540196944945608015e-06
2.568243988512654641e-05,-1.169913626452902266e-04
3.081322634508407160e-05,-5.254513602528736014e-05
4.514246606809807152e-05,-1.903648900177245338e-05
-1.107077428818138603e-05,-1.043483261156413522e-04
8.426159121598100283e-06,-3.855870086523473049e-05
-1.117240726440515539e-05,-1.130322146877860742e-04
-4.545232867499594453e-06,-1.739213829191148367e-05
-8.874352754371728652e-08,-1.965152884624217058e-05
4.401719142489054202e-05,-1.769486465113773727e-05
4.420586559403185696e-05,-1.764366145792170356e-05
-2.068507418372850891e-05,-1.136537891381822404e-04
-5.410918456917650269e-06,-1.232871190518635286e-04
2.956933355190847948e-06,-1.544721935441968445e-04
1.268246328662103622e-05,-1.306606675700910567e-04
2.216544845145329147e-05,-1.589939387884929211e-04
3.162266349616095002e-05,-1.365551458775828367e-04
2.182956165757884485e-05,-1.103385578741262752e-04
4.091408030316053939e-05,-1.149201152144749277e-04
3.111144630649826293e-05,-9.251029982273304060e-05
4.183956091812882262e-05,-1.660999002770051358e-04
3.021664905467639557e-05,-1.917303443288701404e-04
5.166996385180485686e-05,-1.970571015850899974e-04
4.287704302120381701e-05,-2.250541163266806866e-04
4.960137564410332884e-05,-9.550669300396716257e-05
3.975292490606414632e-05,-7.668884129948761656e-05
6.180568988377186301e-05,-1.708633727691363530e-04
6.282493841224484979e-05,-2.292762559704773361e-04
5.270132459096659523e-05,-2.568874762254380671e-04
3.449276375117850608e-05,-2.509775550446926001e-04
4.271475784149464139e-05,-2.841435671534108713e-04
7.291170298106536122e-05,-2.606623988329318420e-04
1.418321229438176529e-05,-8.923914420061770491e-05
6.024761677359355026e-05,-1.191359373847661530e-04
5.673792972829027524e-05,-7.932891263484342654e-05
4.712082234131308286e-05,-6.287873444218063242e-05
3.136934420824176093e-05,-6.133787536006644100e-05
3.891787058794233330e-05,-4.970734805984127402e-05
2.467931087671251759e-05,-4.867393501508889318e-05
3.243731012523688002e-05,-3.922673341613565752e-05
4.517426829308446328e-05,-4.031122931269777812e-05
3.891423043279102661e-05,-3.168306469179694437e-05
4.953262720849298028e-05,-3.266846729728244581e-05
1.944840286792274195e-05,-3.815248320600359445e-05
4.374071890166179719e-05,-2.562769512929506804e-05
6.327796122096878458e-05,-6.469449523299290728e-05
3.481458376668636703e-05,-2.468927247541807628e-05
5.218176863147629775e-05,-2.705616744482259128e-05
3.066692546381365051e-05,-1.325997745668800723e-04
2.876462469637442717e-05,-8.443616800047907731e-05
-6.593099810793618602e-06,-1.268561537986194594e-05
-2.948075470705655893e-06,-2.812731340321017985e-05
1.259328440268003378e-05,-1.043513820616086729e-04
1.454985105732228422e-05,-1.109054955857000102e-04
1.919741400621545848e-05,-1.205090193345414762e-04
1.603466135578036434e-05,-1.174866810656544953e-04
1.988071364545328156e-05,-1.255362472102727455e-04
1.663185502042567032e-05,-1.237733501859690987e-04
1.282171312986807248e-05,-1.161555749986282890e-04
1.341738971170878628e-05,-1.228211316157546264e-04
9.836953304838732048e-06,-1.160990758370666757e-04
1.042584367517844138e-05,-1.227764494698719438e-04
6.883449839158224991e-06,-1.168401763117331299e-04
1.988940871432663682e-05,-1.310206760297060401e-04
2.303136857972708958e-05,-1.326453893668492567e-04
7.596130285645371827e-06,-1.235556703447934464e-04
3.881301528345870701e-06,-1.182704415830924976e-04
3.428141574901476926e-06,-1.110232675915099422e-04
8.827657709893488202e-08,-1.130178998666352461e-04
9.208190301815774318e-07,-1.203936377045230962e-04
3.125724306861723109e-07,-1.049831218916728968e-04
-3.034660028908581100e-06,-1.160148456731734877e-04
-1.631398962034294462e-06,-1.227218860500656813e-04
2.600288226272335250e-06,-1.269219443933001341e-04
9.769132019549776463e-06,-1.009064685882096155e-04
9.000832706589373281e-06,-1.089426117699622863e-04
1.361782916492145474e-05,-1.281614158060327886e-04
3.290707338826895416e-06,-1.008171909995235775e-04
-9.020870063540592872e-08,-9.532275605417066516e-05
-9.060269045256259379e-06,-1.139571301672018532e-04
6.204444226833754402e-06,-2.681509835706439906e-05
-3.527880459085279787e-06,-9.573018740141173751e-05
-5.230657955326032941e-06,-7.319662356184442075e-05
2.915786223349519290e-05,-1.371124184155605519e-04
2.753538936992451329e-05,-1.366240234145012255e-04
2.873781477127341531e-05,-1.376754676527448156e-04
-1.409705805975205652e-05,-9.163246413421648586e-05
-2.169248775295220890e-05,-2.598074548550892231e-04
-3.485157352289163480e-06,-1.154162716307627443e-04
-4.755048482398807363e-06,-1.208983266495583205e-04
4.498893800973554881e-05,-1.763314680282113909e-05
-6.934900643835636314e-06,-3.465853332443825447e-05
4.719059134532622242e-05,-2.226717749786813426e-05
2.521553803843650185e-05,-1.322373103261567813e-04
2.233849237489236801e-06,-3.145631207010646929e-05
-8.661231516860935035e-06,-1.980309528613468864e-05
1.062977721750757698e-06,-1.284994944549244778e-04
-3.163645785349386313e-06,-1.244931914450297125e-04
4.600164022064180273e-06,-1.322612216008379668e-04
7.948794734578250529e-06,-1.227393986967917729e-04
1.089455633948429529e-05,-2.931650432519169840e-04
5.917422207373179916e-05,-3.398213218816393958e-05
-4.386791744972437858e-07,-8.012049520981655884e-06
1.040757045466765166e-07,-7.404398825695470028e-06
-2.404453400573148509e-07,-5.809380838876216587e-06
1.025559987605021670e-07,-5.325465634488804654e-06
-2.609134300395049019e-07,-4.152747459757763681e-06
4.097200628381795657e-08,-3.721556686864248762e-06
4.201030749468151129e-07,-5.387063468164358795e-06
-7.711055972026980451e-07,-6.621580836159139484e-06
-2.127012802305687241e-07,-6.194983310182133894e-06
-3.609850823369459005e-07,-4.870240137194435342e-06
-2.392977292858467722e-08,-4.478318196741319327e-06
-2.749876647896877571e-07,-3.521757339313876357e-06
-5.817102668546427362e-10,-3.156848954640137016e-06
1.964577634206044126e-07,-4.500830996799829875e-06
2.245102129705735125e-05,-1.377067046113449912e-04
1.510151925946865300e-05,-5.952426981242665437e-05
3.241817756928310992e-05,-1.834522367835916807e-05
5.222271412574998168e-06,-3.348285472045950178e-04
6.314900555448281906e-06,-3.337821044634733231e-04
1.249205062590091879e-05,-3.362540485196527829e-04
-2.230357687981858777e-06,-3.769634882500345484e-05
3.913552099014340253e-07,-3.109804000060791435e-05
-7.847039861727199880e-06,-1.666213105127367823e-05
-6.755812791731622269e-06,-1.558691715041172446e-05
4.438868752104605132e-05,-2.469634907092450480e-05
2.250704695869196675e-05,-1.269380446602337055e-04
-5.335522235133942454e-06,-4.885490540611387588e-05
4.798259420551207584e-06,-3.510761976645822096e-05
7.141167054984267324e-05,-1.002429828212089995e-04
-4.744975780825900759e-07,-3.251403376980273641e-06
-4.569598180517984058e-07,-2.763862344094083027e-06
-2.301450195953231474e-07,-2.855235664514732165e-06
2.326444546687137392e-08,-2.438881878311100982e-06
-2.095383969252941202e-07,-2.447345862468875914e-06
1.142488852116952115e-08,-2.089766971461419109e-06
-5.212479186614552213e-06,-3.024269133073007531e-05
3.829600809630869726e-06,-2.913923450672918701e-05
5.324231250964013042e-05,-5.142928381503107947e-05
6.668620628669526371e-05,-5.263607031031647014e-05
5.715334662270541197e-05,-4.167707321128949618e-05
2.697571972468156580e-07,-3.695457530854618971e-05
-1.194601132880984192e-06,-3.019137585429565703e-05
-1.194521644055703928e-05,-4.005177351826026086e-05
-1.208569234882206914e-05,-2.985944478976378707e-05
2.024820239175191395e-05,-3.353009837314281497e-04
3.975207288012529649e-05,-3.486001093779691009e-04
4.359727911492961738e-05,-3.725660728126024205e-04
5.514041623874761547e-05,-3.596352869224064288e-04
5.546440393372947174e-05,-3.790222703393536226e-04
5.377190168535703982e-05,-3.354900839423036033e-04
6.948799294762000802e-05,-3.459423139297183912e-04
6.755320013979829760e-05,-3.211409743705225038e-04
4.608153401690643426e-05,-3.874574549937326458e-04
5.422777457412831506e-05,-3.911410165647290953e-04
3.472217867968413712e-05,-3.160597938865898127e-04
3.351363988003773983e-06,-2.717050840339128187e-04
-6.629345807942013330e-06,-8.858243699921840070e-05
6.505310074909017455e-07,-1.289993088652611423e-04
1.667419173074099779e-05,-1.291008235350809977e-04
4.673114382304580918e-05,-3.948040866738436764e-04
4.245335781344739109e-05,-3.949364480594191851e-04
4.505400134168305732e-05,-3.946323412240764048e-04
3.971293596689849014e-05,-3.901601096967575013e-04
-6.871363619280987332e-06,-1.873229916162320993e-04
1.916189523131599034e-05,-3.387519752353143621e-04
1.891826122588774394e-05,-3.407943929391448758e-04
2.308283069948355583e-05,-3.483364262742047164e-04
6.463294981597191350e-05,-3.852490215126962983e-04
5.190869573122291596e-05,-3.954241105781578099e-04
3.262328569283870581e-05,-9.962337871530455046e-05
-1.771817140829720118e-07,-1.521923140500820585e-06
-2.053420749564352368e-07,-1.757321824310999437e-06
-2.527903813097788298e-07,-9.241531051008105930e-07
-2.177373992380683550e-07,-8.101003985868721202e-07
-2.327840930138791773e-05,-7.728590369776892292e-05
-3.256546546190737147e-06,-3.717693287731939019e-05
-3.660145459029089395e-06,-1.568893883839658453e-05
7.190296845416534947e-05,-2.013258762396496603e-04
8.359327396940999493e-05,-1.735029361634822585e-04
7.049918936398926893e-05,-1.450498411406620457e-04
5.079323127456639218e-05,-1.412284973729919916e-04
3.374219994919821331e-05,-3.690740135057794455e-04
3.388014454085092129e-05,-3.783545070985468183e-04
2.722627522338754057e-05,-3.643578557890669932e-04
3.490248344183869767e-05,-3.827410164505822433e-04
2.841999349740555284e-05,-3.718789765826289659e-04
2.229837765685155365e-05,-3.601274105020831886e-04
1.119984324143418015e-05,-1.293811911882324008e-04
1.328074495931403227e-05,-2.061586491679385754e-04
-2.920469981351685521e-07,-2.533575898895869862e-05
-8.285793079341688354e-06,-2.271519358451473962e-05
2.857034973100976285e-05,-3.505512052721864542e-04
-6.888240391003289929e-06,-4.305261250117515924e-05
1.135171190380378590e-07,-6.985052533534936287e-05
-1.686799173301978890e-05,-1.367360418354172783e-04
8.420735078018984983e-05,-3.304969292112058116e-04
4.897758727010257389e-06,-1.250165216655918109e-04
8.178638427907382864e-06,-8.866018255463542497e-05
4.396248648803153902e-06,-1.583193453969012520e-05
1.943852207855393154e-07,-2.302967401604083175e-06
2.541753072066600909e-07,-2.716420078364091328e-06
1.739911091109936996e-05,-3.451765190229023374e-04
2.975041165031577846e-06,-1.351628521470492989e-04
-1.211122090296369987e-05,-3.589308869398494532e-04
1.987402078518090180e-05,-1.361815491274249307e-04
3.400562020260853256e-05,-3.842209988279702616e-04
-6.482718237309195588e-06,-1.186185569161016495e-04
5.487160734626849727e-07,-7.384507121875809283e-06
5.725742064219041946e-08,-6.182138621336029705e-06
6.453322387324265756e-05,-2.912627304042210235e-04
8.630496291663160887e-05,-2.882185608938400787e-04
9.642450808548057284e-05,-2.648387688911864931e-04
8.456914839818081126e-05,-2.350914622981186395e-04
4.279241852916504290e-06,-4.842112133621864962e-05
4.471339725832023388e-06,-1.283967035638819269e-04
-6.708893659885875571e-06,-3.944182061668067207e-04
-1.289796410463026898e-05,-3.430327203523092744e-04
3.138626936679937435e-05,-1.262979183881114502e-04
-5.289587556644012175e-06,-5.945272252840682101e-05
-2.634855765816865353e-06,-4.036490190286042782e-04
-7.367660054455988259e-06,-3.888538815244378492e-04
-2.546871202198641145e-06,-1.138073636457648165e-04
-4.238426681724242452e-06,-8.821703795791628253e-05
1.325212743757053602e-05,-2.126530892501071540e-04
1.049920816140325423e-05,-9.654255290295448420e-05
-9.785938008447442612e-07,-6.354439621649853476e-05
1.034313100752539181e-04,-1.607235027238359344e-04
9.363493175923425372e-05,-1.134170406809784716e-04
1.056602047636027086e-04,-1.894882576624497251e-04
1.083288942071427771e-05,-1.344451613296607760e-04
8.218011931022345685e-06,-1.296547655921847977e-04
3.984698353643425963e-05,-2.046922080644305575e-05
1.588443070800742924e-05,-1.364113536909765368e-04
-2.371855458223569370e-06,-2.063883113996606994e-05
-2.045685056679572160e-06,-5.066687843086450563e-05
-4.097422879993650566e-06,-5.393811950864180400e-05
6.037633219912723658e-06,-1.307510971431852557e-04
5.993166566598678857e-05,-2.852083009283017790e-05
5.202531506644478715e-05,-1.997552798858835406e-05
5.694948576762074187e-06,-1.205262467993659824e-04
4.473248137431131371e-05,-1.853894030797374173e-05
8.759695636583493398e-05,-3.543916211393641344e-04
2.650882124830085444e-05,-1.380160809654378603e-04
2.611760376065152474e-05,-1.424544944129427714e-04
2.615386172079962415e-05,-1.390162491876545045e-04
-6.918324680047459319e-06,-2.296363533169760467e-05
-1.966587499367788075e-05,-1.451484305481653709e-04
-1.704916606586243222e-05,-8.674035287733950406e-05
-8.093620749503123687e-06,-1.373486284744372499e-05
-1.024308221926085926e-05,-3.233822815851513971e-05
-8.137009424531212125e-06,-5.651094731980351311e-05
2.180961308411642381e-05,-3.663827563407094667e-04
3.564168902388113632e-05,-3.848265018715684512e-04
2.064240207486733086e-05,-1.779433603159736861e-04
-4.666973885308550794e-06,-7.294080050913828207e-05
4.024818554031884518e-05,-4.162981263416721004e-05
4.792229347616062273e-05,-1.825719647944514537e-05
-3.389999584398279466e-06,-1.083709916756082019e-04
-1.961174681209470736e-06,-6.273081422776502242e-05
-1.163776269926877424e-06,-2.613379831932563919e-05
2.714103424166403218e-05,-2.922958078754126711e-05
-7.207586539866662738e-06,-7.560468250882936318e-05
6.319562399083435390e-06,-3.340857386525782546e-04
1.165673040448317586e-05,-3.420729783847623268e-04
7.811146006517639658e-05,-6.428113005388652742e-05
8.859369368308526766e-05,-9.432277936353281240e-05
2.685070177142017241e-05,-1.333656205552441888e-04
1.509012558495058718e-05,-5.678138154525669008e-05
-6.068701558774370179e-06,-3.028571162520623698e-05
6.941392132004258867e-06,-3.552063169245562604e-05
1.045347077146130845e-05,-6.875936484964459297e-05
3.887832264085487230e-05,-2.495231889857576016e-05
1.433093204263536054e-05,-2.851186681416394034e-04
-1.285036232005922998e-05,-2.638953715449740000e-05
7.758819927197732339e-06,-9.334621598540584044e-05
4.866546072718949029e-06,-1.322338142370989343e-04
-1.786380925774236930e-06,-8.346942813274954532e-05
6.800555850318882971e-05,-3.676406774977087288e-04
1.309145092961536744e-06,-4.074146390668499347e-05
1.790436724731334929e-07,-7.498848265991412629e-07
1.538143322641831872e-07,-6.498309839425761016e-07
-1.615560561251697003e-05,-5.516336627307788742e-05
2.889507759123890844e-05,-6.775575148371988784e-05
8.024307643146078061e-05,-1.258178795404847334e-04
2.358783524082315303e-05,-2.798975556853118183e-04
5.215887103708874060e-05,-3.094045888938821661e-04
1.163525927563191705e-05,-1.089050945575279606e-04
4.007002139859334570e-06,-1.046227618375245456e-04
-5.431061176127244002e-06,-1.021246114256383502e-05
-6.076343346279407438e-06,-2.247512209246826381e-05
4.908930166807788463e-05,-1.998202820570433924e-05
-4.221860501868944788e-06,-1.220782474057601607e-05
1.360999090018178571e-05,-3.391772385218170117e-04
1.013169437105694553e-06,-1.265029516062239037e-04
-1.552379682930827570e-05,-3.055809723876104934e-04
8.202728951730205006e-07,-7.879075115600658297e-06
7.315620094005319725e-07,-1.171970351348963685e-05
-7.287841926172146491e-08,-7.048246064655425560e-06
-6.464567030058496469e-07,-1.017864267823202801e-05
2.738876248375847375e-05,-1.395024760343970482e-04
-3.098489507403261598e-06,-7.087562105094996720e-05
-1.446403370880670720e-06,-5.470774177717741861e-06
-8.519635181830766061e-07,-7.604784959993534690e-06
1.831797929629352663e-05,-2.371670138544533523e-04
-4.327601148763292711e-08,-3.250776702994524092e-05
2.283960087464520896e-05,-7.438881989116435348e-05
2.609478670162516066e-06,-1.010504273770955796e-05
7.630581981994805481e-06,-1.012212294484947622e-04
7.186394336348970080e-06,-1.768682018269522807e-05
-2.894672034077363316e-06,-2.300700581570809555e-05
6.322110069809565288e-06,-1.091954819926943060e-04
3.513390847999304846e-07,-1.167075227612223099e-04
-1.681901985351026043e-05,-2.733282592771101266e-04
2.597690252924529525e-05,-1.248851272878265272e-04
9.396116593615941258e-06,-4.660859189293698471e-05
-1.525157252646935301e-07,-6.596381833826665321e-07
-1.773896137829194895e-07,-7.534048976065266628e-07
-9.805578949699193464e-07,-4.348394983235113330e-06
-7.257519432161982290e-07,-5.492890142411173919e-06
-6.308852860748003316e-06,-6.834124394350858352e-05
-3.873993617810718442e-07,-1.033494778550537199e-04
-1.908363642679002543e-05,-2.328296058823400838e-04
-3.436373848171244904e-07,-2.183036676956097496e-06
-3.067541123796088311e-07,-1.878114312044910427e-06
4.138757418679094339e-05,-3.903875253660694022e-04
1.685033222155312029e-05,-3.578830820050224850e-04
-4.079948960150504667e-07,-8.700540877905448142e-05
-6.935761665378347496e-06,-5.735595358636835875e-05
-1.871462660963010675e-05,-1.846913206540126305e-04
1.239724091655957988e-05,-3.264996050782156193e-04
3.436413994079969632e-06,-5.278290780374222317e-05
1.719086914351924348e-05,-2.412851881302845354e-04
9.213557341790515012e-06,-3.577541235231840896e-04
4.439194096367512737e-06,-6.694270481038675413e-05
5.300608563219169980e-05,-3.957279631167420807e-04
1.575526442647797823e-05,-3.043014706694398570e-05
3.210948787880728219e-07,-3.354276217300015078e-06
5.676723742709770988e-07,-4.034790449639437323e-06
5.080280216363253153e-06,-8.159869450882484005e-05
5.926200690891408867e-06,-3.808266071386713311e-04
1.165162522446533066e-05,-6.213081681285841562e-05
1.367272408413064561e-05,-1.163117838766229185e-04
1.851635462348514967e-06,-3.652139497404006512e-05
2.145630425816089070e-07,-3.276996702587232937e-06
3.257280350919567139e-07,-3.900995659052677013e-06
2.609957908061047981e-06,-3.958034506213182731e-04
5.412055849133115953e-06,-9.588052464171739576e-05
2.254411156958292787e-05,-1.419774419791843163e-04
-6.609574760298435251e-06,-2.676845392218119978e-05
1.102777156025605368e-06,-5.182020471179679845e-05
-1.390886918531591307e-05,-8.914489084865611333e-05
5.399597237908169217e-06,-1.089969770635906501e-04
-7.297964064482424997e-07,-4.029166356143191693e-04
2.151591407442046623e-07,-1.172729783146167976e-06
2.653378056991997021e-07,-1.380329999689388068e-06
5.009692427217305698e-06,-1.201475734023069186e-04
-3.907197777034848130e-06,-4.022498230525365834e-04
-3.296872479962859991e-06,-2.231865492441154265e-05
4.840903347400081681e-06,-2.041912599152474435e-05
1.268057327552229229e-05,-3.458329701753823376e-05
1.292982108831705768e-05,-4.808946191945753811e-05
6.183894700896494414e-07,-1.309988535503766541e-04
2.160268774527994924e-06,-3.887572338247401063e-04
3.092658241809190565e-05,-4.220331190050878643e-05
7.281965745505838050e-05,-8.144544687655282849e-05
-9.507095469483820534e-06,-3.796074236032192465e-04
3.771397751211377075e-06,-1.336135188566029829e-04
4.345337976562782496e-06,-1.345901062018413179e-04
5.703644195548997869e-06,-3.490098302763827535e-04
1.868946448173685425e-07,-1.452695558829432302e-06
2.251011646867861567e-07,-1.693958604690869269e-06
2.048594467355202956e-06,-1.328910145118220270e-04
-1.411405979865248744e-05,-3.336750649549103396e-04
4.161608654454659593e-07,-2.820327576290815631e-06
2.874587974674025062e-07,-2.345008433990901479e-06
6.645494634666360780e-06,-9.414750736803802319e-05
6.845651194837451458e-06,-1.353394357489033498e-04
6.635758273983512103e-05,-3.545532186111454131e-05
8.923704667615114364e-06,-6.006053349466302868e-05
6.500326543885471654e-08,-1.795429285972461109e-05
-3.445832194690574319e-06,-1.486423787479721034e-05
2.570294399190402728e-06,-3.320554053773263703e-04
-8.480767952278984675e-06,-7.471764166408756934e-05
2.866376873585953144e-05,-1.351957028979822325e-04
7.651246618357305628e-05,-5.360247968501414162e-05
6.606341098495770469e-06,-7.263741439925180043e-05
2.505255268436225519e-05,-1.069634330651540895e-04
-7.167024342982459357e-05,-2.680023324227203589e-04
7.294521487996904324e-05,-3.859612109055043103e-04
-1.433713868093933163e-05,-3.424780685526955396e-05
-5.705070490212307236e-06,-1.801055069667588471e-05
1.783658392312458664e-07,-2.184098419626837861e-05
5.980977472896776241e-06,-1.026578868344512149e-04
-2.176656749266832713e-06,-1.340777706967322128e-05
3.575294917539314855e-07,-1.551537424571302237e-05
2.086986999547304204e-05,-1.410314787480297302e-04
2.236918240348501855e-05,-1.273871031258229228e-04
1.629497206697817731e-05,-1.331461761562069467e-04
-6.911657278900810928e-07,-3.996503253657747792e-05
-8.299366669595178509e-06,-1.852372387224439143e-05
3.998846640768304237e-07,-1.270259121229262180e-04
-3.597245004093796865e-06,-5.092458677330238023e-05
3.964620629165883074e-05,-5.976180174643155261e-05
1.060023704272227557e-04,-2.867969838217089107e-04
-1.565438692061547148e-06,-4.074558747187042288e-05
2.144443114344887413e-05,-3.526290860487067084e-04
-2.475858223144071889e-06,-1.016153511858174688e-04
-7.422392988531264157e-05,-2.798169615406900660e-04
2.528796122483925032e-05,-1.354544968622719691e-04
4.056847648403724601e-05,-3.929583945317532967e-04
3.878022159343968127e-05,-2.943280805696647144e-04
1.969392171919346501e-05,-1.223622829659893902e-04
1.083530546572330963e-04,-2.464247217067475570e-04
3.299557928855984126e-05,-1.118699233264122580e-04
-6.916674964278873332e-06,-6.578350635086748876e-05
9.854887934805664639e-06,-3.359234747179141913e-04
8.749121173984473628e-07,-2.739859570051271899e-05
-9.048041186740779152e-06,-2.135097083247547038e-05
-1.846512467980088096e-06,-1.029389908655681263e-04
-9.174865368829302614e-06,-1.180722749446291202e-04
4.322310395087596561e-05,-2.044794018871049803e-05
-3.288225714006206655e-06,-5.701234094051290333e-06
1.183789991766463817e-06,-9.160087232689586158e-05
8.247369646706520746e-05,-3.116064861178059731e-04
-4.892444996298874846e-06,-7.881991815794769048e-06
-3.143889855061903524e-06,-1.729682465200870262e-05
-9.575918888286392842e-06,-2.048430962652768341e-05
9.001024990170574758e-05,-2.037546051271826842e-04
2.635626047749577353e-05,-1.237214017086668224e-04
-4.186344676195216860e-07,-8.447672259490856316e-06
4.844607467397042292e-07,-9.981664887477341896e-06
1.607491336048482663e-07,-3.619053464178580767e-07
1.386216696220428903e-07,-3.149212430452089801e-07
-6.239216648229350003e-06,-1.614786048494102504e-05
1.634582978262909570e-06,-2.621108423081047441e-05
3.091742359064071524e-05,-1.203425925757796721e-04
2.796114109392074570e-05,-2.227318821536088407e-05
4.541593712752655092e-05,-1.729440650457713505e-05
-1.738069133685049043e-07,-3.989336579864310823e-07
-1.513940265623536976e-07,-3.523034557556629583e-07
7.265145361732696016e-06,-3.338754762027176912e-04
2.802093587724714145e-05,-2.181924499052548976e-04
4.697357508523343429e-05,-3.940786621549201047e-04
-7.134335042857051110e-06,-1.209698445130784464e-04
2.865542402149608592e-05,-2.986483888750042916e-04
8.754236693857174120e-05,-1.467991012037694334e-04
-8.613886119598100088e-06,-1.463443089424671323e-05
-5.936032480333237670e-06,-1.125618204114440569e-04
6.098202524639760342e-06,-1.360724326714699895e-04
5.304715416217765461e-05,-2.387513149394256313e-05
-4.063180424725792510e-06,-1.238945102045502559e-04
-1.015123676375421333e-05,-3.223887197717076531e-05
-1.246974405666396367e-05,-8.010628500921800348e-05
4.336374017682849776e-05,-1.899757198046555601e-05
-6.761548579944265461e-07,-8.205300830442186635e-06
-1.138154363151507204e-06,-6.644360314148564604e-06
4.207130505854668882e-06,-5.671727337012854367e-06
-3.433386380762491607e-06,-1.721663216600724091e-05
3.493557814551750024e-06,-1.672473512859656752e-05
-2.841437246239578002e-06,-3.523865955251436760e-06
9.994656631391748113e-05,-3.333502256363678781e-04
2.836802809824652490e-05,-1.380892016561717538e-04
3.741531765367650178e-05,-7.439225298507527338e-05
2.816958551288516256e-05,-1.367314939373073042e-04
1.843095726852686192e-06,-3.103295034962847749e-06
2.434395698158968305e-05,-1.375229304235925571e-04
2.996003768571267202e-05,-1.300952236259975147e-04
2.632167991069557254e-05,-3.558250980263895661e-04
-3.071153401728124104e-06,-7.183386606615061397e-05
2.364919800143278845e-05,-9.539585641488309252e-05
1.517441949057504528e-06,-3.313524836391904720e-04
-1.005378371022041002e-06,-3.534270706923741035e-05
-1.396715685360804255e-05,-3.578947141234907687e-05
-1.156238686703115593e-05,-2.563580681725645183e-05
-1.975108988089638999e-07,-2.952756618625570310e-05
4.119551834116773884e-05,-3.164886897806700648e-05
-4.835098103424110759e-07,-4.807355714159826639e-06
-5.602446223445250698e-07,-4.026212897064837168e-06
7.428033835531056678e-05,-7.153104651702889326e-05
4.179841695149474228e-05,-1.756641076026173586e-05
3.892791490014562473e-07,-1.229320936512901137e-04
-7.443057297564561370e-06,-4.176156434419056243e-05
1.391812182320900777e-05,-1.324417126882474350e-04
1.248653406580772555e-05,-1.777945278424190780e-04
-2.397563550345802891e-08,-8.681634844005076904e-05
