Size 979,2
0.000000000000000000e+00,0.000000000000000000e+00
0.000000000000000000e+00,0.000000000000000000e+00
0.000000000000000000e+00,0.000000000000000000e+00
0.000000000000000000e+00,0.000000000000000000e+00
0.000000000000000000e+00,0.000000000000000000e+00
0.000000000000000000e+00,0.000000000000000000e+00
0.000000000000000000e+00,0.000000000000000000e+00
0.000000000000000000e+00,0.000000000000000000e+00
0.000000000000000000e+00,0.000000000000000000e+00
0.000000000000000000e+00,0.000000000000000000e+00
0.000000000000000000e+00,0.000000000000000000e+00
-1.128579293049650783e-06,-1.548649874864997834e-05
-1.097381365475174179e-06,-1.534596800915336422e-05
0.000000000000000000e+00,0.000000000000000000e+00
0.000000000000000000e+00,0.000000000000000000e+00
0.000000000000000000e+00,-1.126617489412309702e-04
0.000000000000000000e+00,-1.139026412596859036e-04
-1.050979834933496256e-06,-1.074283641526969582e-04
-1.917676726339689791e-05,-7.753066105287449304e-05
0.000000000000000000e+00,0.000000000000000000e+00
-1.483120480669701097e-06,-8.368779023901897027e-06
-3.657271155713241432e-07,-1.081124582635890643e-05
-2.739561616217436416e-06,-1.356517790509971944e-05
-2.761143016291714649e-06,-1.666003546923290057e-05
-1.356136003792500409e-06,-1.175948525538805396e-05
-2.154240243330916748e-06,-1.528530780352916566e-05
3.229253295600220705e-07,-1.847881715172573875e-05
-1.957070031367383700e-06,-2.215929105172348938e-05
-1.994353153998261062e-06,-6.887221613808873525e-06
-2.046772445327081275e-06,-1.485342184079784615e-05
-1.003223214053056574e-06,-1.580473909781437676e-05
1.933103294027091134e-06,-5.057139516838307007e-05
2.271214432755265189e-06,-7.809612919578529124e-06
8.300835966481307440e-06,-5.436942322743556084e-05
-3.610705855714197180e-06,-8.569692087671911503e-06
8.649350904112405858e-06,-3.068875553083407783e-05
-9.936483248571444714e-06,-3.260515347727633569e-05
-3.695517483529381214e-06,-6.683609493095046534e-05
8.576323967933951618e-07,-1.230709916490216485e-05
1.092732834935891136e-05,-6.812296617264187429e-05
-1.117308968644862494e-06,-1.035338913529204689e-04
-3.309048071463865727e-06,-6.915919126477412609e-05
-1.727597223746634271e-05,-9.385314983486838696e-05
1.069604110671247625e-05,-7.645639095539036344e-05
9.175151097004143475e-06,-3.208105819684300167e-05
3.265054891960237880e-06,-5.360879301764113651e-05
-9.926486688300081485e-06,-3.946406290995837764e-05
7.399004792323455869e-06,-6.071703670950209146e-05
-5.125185402365474236e-06,-1.064654700954069861e-05
-8.155135487874172459e-06,-1.840806663120892636e-05
-1.054560394706678718e-05,-2.789339385673301997e-05
-1.206441210771390397e-05,-3.861169588354774611e-05
-1.275319465169359918e-05,-4.986279590098758333e-05
-1.271781508182454633e-05,-6.070183094680040871e-05
-1.258856658417181721e-05,-7.090077013714713144e-05
-1.271833244452814305e-05,-8.095454013527172575e-05
-1.273103036695228187e-05,-9.136055955282384089e-05
-1.180798669199374537e-05,-1.019129267000989643e-04
-1.002308717180883934e-05,-1.112271611864142567e-04
-7.548372753347129522e-06,-1.186456118391875770e-04
-4.509204042307090957e-06,-1.236249468006492692e-04
-1.040113936328504945e-06,-1.257727197751395704e-04
2.707228207155032901e-06,-1.247981898698741026e-04
6.600514714542426733e-06,-1.205202053483867778e-04
1.050933067266932776e-05,-1.128833099183617901e-04
1.432370601466357638e-05,-1.019105286991943334e-04
1.788287318495800998e-05,-8.747975839642765591e-05
2.073058453540406151e-05,-6.946449179076063271e-05
2.137554390983549009e-05,-4.866316356318876836e-05
1.823377067880781232e-05,-2.762738497423332019e-05
1.063695050247094544e-05,-1.071218086489567355e-05
0.000000000000000000e+00,0.000000000000000000e+00
0.000000000000000000e+00,0.000000000000000000e+00
0.000000000000000000e+00,0.000000000000000000e+00
0.000000000000000000e+00,0.000000000000000000e+00
0.000000000000000000e+00,0.000000000000000000e+00
0.000000000000000000e+00,0.000000000000000000e+00
0.000000000000000000e+00,0.000000000000000000e+00
0.000000000000000000e+00,0.000000000000000000e+00
0.000000000000000000e+00,0.000000000000000000e+00
0.000000000000000000e+00,0.000000000000000000e+00
0.000000000000000000e+00,0.000000000000000000e+00
0.000000000000000000e+00,0.000000000000000000e+00
0.000000000000000000e+00,0.000000000000000000e+00
0.000000000000000000e+00,0.000000000000000000e+00
0.000000000000000000e+00,0.000000000000000000e+00
0.000000000000000000e+00,0.000000000000000000e+00
0.000000000000000000e+00,0.000000000000000000e+00
0.000000000000000000e+00,0.000000000000000000e+00
0.000000000000000000e+00,0.000000000000000000e+00
0.000000000000000000e+00,0.000000000000000000e+00
-4.100993741583814338e-06,-8.555422436662217913e-06
-6.429671701473101125e-06,-1.542290377548033290e-05
-8.046662361885368513e-06,-2.357123968374179567e-05
-8.845501489137770813e-06,-3.239419382415080939e-05
-8.904212067651084644e-06,-4.125333823031630603e-05
-8.347148801520902798e-06,-4.943947944394933670e-05
-7.552725010601693671e-06,-5.669241193461974841e-05
-6.679409594976948978e-06,-6.308644545285037254e-05
-5.587344250089108780e-06,-6.864725360024088628e-05
-4.032810678026068858e-06,-7.310258204676484942e-05
-2.162806620976114571e-06,-7.585038809775555260e-05
-1.305734891673357934e-07,-7.671077596549161193e-05
1.936386346762045920e-06,-7.558127684738419002e-05
3.900349933209762975e-06,-7.250992771830298291e-05
5.613962528553648234e-06,-6.764239960432204485e-05
6.939187555187752740e-06,-6.123736946067060425e-05
7.729726622607660682e-06,-5.368404062996061453e-05
7.813519891293436854e-06,-4.574761748800433982e-05
7.499612622613729152e-06,-3.793545805217383602e-05
7.061631589297227671e-06,-3.032769207984092492e-05
6.407461560369145810e-06,-2.280063536555938832e-05
5.123927981716635553e-06,-1.552306738095651399e-05
3.195830265225286153e-06,-9.029510636424951928e-06
0.000000000000000000e+00,0.000000000000000000e+00
0.000000000000000000e+00,0.000000000000000000e+00
0.000000000000000000e+00,0.000000000000000000e+00
0.000000000000000000e+00,0.000000000000000000e+00
0.000000000000000000e+00,0.000000000000000000e+00
0.000000000000000000e+00,0.000000000000000000e+00
0.000000000000000000e+00,0.000000000000000000e+00
0.000000000000000000e+00,0.000000000000000000e+00
0.000000000000000000e+00,0.000000000000000000e+00
0.000000000000000000e+00,0.000000000000000000e+00
0.000000000000000000e+00,0.000000000000000000e+00
0.000000000000000000e+00,0.000000000000000000e+00
0.000000000000000000e+00,0.000000000000000000e+00
0.000000000000000000e+00,0.000000000000000000e+00
0.000000000000000000e+00,0.000000000000000000e+00
0.000000000000000000e+00,0.000000000000000000e+00
0.000000000000000000e+00,0.000000000000000000e+00
0.000000000000000000e+00,0.000000000000000000e+00
0.000000000000000000e+00,0.000000000000000000e+00
0.000000000000000000e+00,0.000000000000000000e+00
-2.175494478662533765e-06,-2.225360900283925813e-06
-3.221783447365733578e-06,-5.186569636887881956e-06
-3.552768962473982229e-06,-8.488793735980952856e-06
-3.308901015328634138e-06,-1.152651389448441506e-05
-2.623895333685507465e-06,-1.388330728906584008e-05
-1.635875368425746593e-06,-1.520712926097442702e-05
-5.753074645912753658e-07,-1.535793868201378999e-05
4.271246287749642428e-07,-1.435596499860010563e-05
1.176065815191218993e-06,-1.230978232310118127e-05
1.448219066426571173e-06,-9.512056231681091672e-06
1.224555457975741284e-06,-6.274235944071214239e-06
0.000000000000000000e+00,0.000000000000000000e+00
0.000000000000000000e+00,0.000000000000000000e+00
2.608433575232228922e-07,-1.481481454165073151e-05
1.425667922632957082e-06,-1.318500964338057138e-05
2.276274356110285661e-06,-1.074888605283540268e-05
2.687868309639443648e-06,-7.790729871189243515e-06
2.569259046215655858e-06,-4.710638013403064849e-06
1.787212536766461653e-06,-1.994091347789114687e-06
-1.152491321865242825e-06,-1.557314074294803888e-05
-1.568033277091735966e-06,-1.569198568135225634e-05
-1.908022835122353190e-06,-1.571544438835103247e-05
-2.103586009572810723e-06,-1.564000401510687356e-05
-2.065170815676031661e-06,-1.552108232619013516e-05
-1.693038869896905822e-06,-1.370524867849279303e-05
-2.224124759936305712e-06,-1.104228024042347119e-05
-2.470099737893108650e-06,-7.018849317433197741e-06
-1.922967226785141907e-06,-2.727917759804667650e-06
0.000000000000000000e+00,0.000000000000000000e+00
0.000000000000000000e+00,0.000000000000000000e+00
1.981842660857872829e-06,-1.122883777852769720e-04
3.821247430592315995e-06,-1.113741336849094775e-04
5.496713125551100280e-06,-1.099845547624886421e-04
6.949740810473112105e-06,-1.082766100088747166e-04
8.235455374707646345e-06,-1.064189344570403350e-04
9.443163735807939748e-06,-1.044603976947869458e-04
1.074518587252477719e-05,-1.024732103033139814e-04
1.215155154742162372e-05,-1.002940980877190983e-04
1.367319671096425716e-05,-9.780844102222421572e-05
1.527324271608708440e-05,-9.493401267597688202e-05
1.687801186065012346e-05,-9.162502823340921314e-05
1.840504800571392038e-05,-8.789520473351495635e-05
1.976639446499305931e-05,-8.380149151900596308e-05
2.099959484274608123e-05,-7.938735127112284335e-05
2.200243797436083300e-05,-7.477092850419100444e-05
2.280566840700419651e-05,-6.997005213873333583e-05
2.337911843460170941e-05,-6.498998516899942254e-05
2.367601120979712014e-05,-6.000144765602005140e-05
2.363273289796549825e-05,-5.495880508453773711e-05
2.331363132906892678e-05,-5.000405077791753998e-05
2.264107266933587632e-05,-4.529871559180890459e-05
2.163481454023140661e-05,-4.089531074716945883e-05
2.036729975510865725e-05,-3.692821569134126892e-05
1.888329236487368986e-05,-3.343342807967317334e-05
1.729082255835702819e-05,-3.046799237551039527e-05
1.562110643648148347e-05,-2.802842019612355586e-05
1.388270166665998773e-05,-2.610644313318081879e-05
1.217066706188055433e-05,-2.468597894823264260e-05
1.039872536806803938e-05,-2.377023702242650789e-05
8.735374452822858109e-06,-2.337356027996430777e-05
7.055353352506847165e-06,-2.353418968791113586e-05
5.543666590743940674e-06,-2.420992157702841276e-05
4.137968180912841694e-06,-2.541755748608551105e-05
2.934110717978992859e-06,-2.714805000398173084e-05
1.980173090150504746e-06,-2.931367379739237440e-05
1.131598640376781257e-06,-3.188601673226101603e-05
4.336790149595760705e-07,-3.495088458162334604e-05
1.167319071006223619e-08,-3.849750340469667225e-05
-8.654679988665124523e-08,-4.247163383443644112e-05
2.536993965525693891e-07,-4.662237047432940480e-05
1.048186461346399727e-06,-5.058068208091421735e-05
2.325902598402468912e-06,-5.396038410608992338e-05
3.844496185349198041e-06,-5.640337703357658236e-05
5.790509024643075455e-06,-5.767683410909773124e-05
7.720106568589794229e-06,-5.760039250020652132e-05
9.494251071049925769e-06,-5.621982862738374127e-05
1.102818284096605986e-05,-5.381953391438908064e-05
1.229360751841327910e-05,-5.054648158839359436e-05
1.315695803690486943e-05,-4.660410670073906764e-05
1.351852575270350201e-05,-4.223104081701901117e-05
1.331433741265899536e-05,-3.786037153973132683e-05
1.271084573616317351e-05,-3.384630903899541767e-05
1.176941196967441190e-05,-3.026074188720939906e-05
1.067996925210833644e-05,-2.724148036329182996e-05
9.485486033900771802e-06,-2.472792777382354544e-05
8.264287832572577886e-06,-2.270757023351347559e-05
7.123941854606317287e-06,-2.109363404411071841e-05
6.049600696556815369e-06,-1.982950597032236454e-05
5.080450773744009964e-06,-1.886631433795135090e-05
4.223574771578980645e-06,-1.815464630926733457e-05
3.477198575656643182e-06,-1.764223844529134530e-05
2.857806902597878448e-06,-1.728236824552201859e-05
2.386784419158219062e-06,-1.705330285418683200e-05
2.074835962337547956e-06,-1.686523179094685771e-05
1.943368706082938589e-06,-1.665618973315344150e-05
2.012669319659581168e-06,-1.632703621870430324e-05
2.260551503431881720e-06,-1.576225300027213943e-05
2.664681865066068409e-06,-1.477790881971021374e-05
3.129202055970579881e-06,-1.327009852183858913e-05
3.519686026259505772e-06,-1.113888168393647447e-05
3.668490718328243167e-06,-8.394964428604749564e-06
3.331558487355574558e-06,-5.352018786282706485e-06
2.280718992677619476e-06,-2.432546406655715726e-06
0.000000000000000000e+00,-1.130843623693111833e-04
0.000000000000000000e+00,-1.135550603742586044e-04
-4.811049440886793479e-07,-1.132201787378588000e-04
-9.197282768451976756e-07,-1.112774645400596839e-04
-2.548313822524980873e-05,-8.539201352418014646e-05
-2.656091613612441069e-05,-9.335025044045230404e-05
-2.094825614259030591e-05,-9.818145533249816067e-05
-1.381013025445591970e-05,-1.022133253429788270e-04
-6.369605089916124689e-06,-1.054608618347822608e-04
-9.797769736270304242e-06,-8.836775143850949599e-06
-1.634604175605518602e-05,-2.151163707353312605e-05
-2.004529135210497717e-05,-3.829712468059938446e-05
-2.110816429568054052e-05,-5.700263238225504193e-05
0.000000000000000000e+00,0.000000000000000000e+00
-4.939769967525755806e-07,-6.137328618314705704e-06
-1.155194183472438704e-06,-8.700391807227205774e-06
-3.168655574228650441e-06,-6.359464664157039473e-06
-3.852331333639708502e-06,-8.301926711019359884e-06
-3.767957004183638077e-06,-1.083569867506483342e-05
-3.139184033135538342e-06,-1.309093887604777381e-05
-2.717463351797285817e-06,-9.950061040556062680e-06
-3.361182257401037503e-06,-1.228083971067625804e-05
-2.779285694778104157e-06,-1.374023159287229274e-05
-2.088967003792063558e-06,-1.473238916116416233e-05
-1.422007095163101180e-06,-1.534473528374770055e-05
-1.004525901484662422e-06,-1.569675631890298661e-05
-1.833721749102958684e-06,-1.520978169140460161e-05
-2.050327200817941254e-06,-1.562768700869630490e-05
-1.945816186063574188e-06,-1.586882169638589163e-05
-1.698577724811536347e-06,-1.598019997429562638e-05
-1.367138550280150727e-06,-1.595972784751280789e-05
-2.156260440672406009e-07,-4.389541113183887913e-05
-1.488658918335236248e-06,-3.811473407790428577e-05
-2.213132680164860140e-06,-3.288211466711131090e-05
-2.633481992335393039e-06,-2.829060345362943818e-05
-2.633691766876569272e-06,-2.397574869628877332e-05
-2.331816566923207483e-06,-1.973714634074364522e-05
-8.252495169840131030e-07,-1.565551578992134131e-05
5.982761255752322043e-07,-1.149319703126698167e-05
1.147517164562597196e-06,-5.302418724026270889e-05
2.598270814472145879e-06,-5.487628842875190524e-05
5.322435184253029712e-06,-5.616765013312012913e-05
8.385088648887116972e-06,-5.693818502616888850e-05
1.075012754972977953e-05,-5.715489506014685776e-05
1.079267834283509023e-05,-5.604422115138319062e-05
9.637290953037010830e-06,-4.672067493625042307e-05
1.040579878133149745e-05,-3.859507449355767687e-05
1.056807486940834430e-05,-3.015324223511389585e-05
1.001858568478171426e-05,-2.185352528479601265e-05
8.542530252724945004e-06,-1.446590888644196157e-05
5.829671875559009559e-06,-8.722960028055040638e-06
-2.685113914727436340e-06,-1.206919188057527236e-05
-1.264257796503627492e-06,-1.521278632763482357e-05
1.470731438068442026e-06,-1.773811639950528430e-05
3.937675526261258799e-06,-2.020117452051906404e-05
6.316006465764091709e-06,-2.269563005020451226e-05
8.109180235497577424e-06,-2.591087082929567159e-05
-6.333292627500119204e-06,-8.839364665511613469e-06
-8.460574350493194529e-06,-1.302818584809576423e-05
-9.636148740956233428e-06,-1.893032948983901109e-05
-1.009700340693819394e-05,-2.546416640983697918e-05
-1.224474763912014862e-05,-3.516757469746019745e-05
-9.956587260820561945e-06,-3.675308931676813892e-05
-4.577081963618671681e-06,-3.655534299049337970e-05
1.527197912152728735e-06,-3.548987025570199958e-05
6.498248547608905643e-06,-3.354604482793289034e-05
-5.142211792154112644e-06,-5.777164401373666668e-05
-5.238779112284604094e-06,-5.008267362855246748e-05
-4.875124289922344806e-06,-4.282636264021946163e-05
-4.046972987121243360e-06,-3.550690669965010236e-05
-2.933619204188020090e-06,-2.783152777779486473e-05
-1.837806196907928510e-06,-1.978541109764072223e-05
1.440934787724043207e-07,-7.070749247644299361e-05
7.065376317766484880e-06,-7.258904703727680292e-05
1.200797614376216069e-05,-7.180346409211738707e-05
1.206209296349954285e-05,-5.712441728166509037e-05
1.246119084005667162e-05,-4.639947639408728580e-05
1.216679039345262255e-05,-3.579982192892094820e-05
1.108523547449958079e-05,-2.578773198243873490e-05
8.931598506943486752e-06,-1.726526056371775612e-05
5.310799798123173358e-06,-1.114688006096239633e-05
-3.063987457534641733e-07,-1.036253758265478456e-04
-4.086032344472200268e-07,-1.013465941593393250e-04
-8.861645638905855525e-07,-9.798340986338554073e-05
-1.574005345035609794e-06,-9.362925905221635846e-05
-2.284305878807430161e-06,-8.849881280453851041e-05
-2.951651086579368695e-06,-8.263440800668557485e-05
-3.383904983519915900e-06,-7.621104268885573873e-05
-7.872723038104212110e-06,-9.933528553431503379e-05
-1.532147228050267086e-05,-9.578346547623057259e-05
-2.237120568605509852e-05,-9.278856717609449496e-05
-2.724382334168362569e-05,-9.057508889102688313e-05
-2.684715142841570407e-05,-9.151258480588132013e-05
1.163210903847298145e-05,-7.076553084706974312e-05
5.621732598127011514e-06,-6.776079788894567087e-05
-1.642970043607065388e-06,-6.733440355646391068e-05
-1.381660086890882925e-05,-1.065023027743190894e-04
-1.014418060835292069e-05,-1.160683197506027321e-04
-6.418283389488399001e-06,-1.223973116174781870e-04
-2.744006885716096260e-06,-1.254905529362511135e-04
7.272230356484695988e-07,-1.254560595379397364e-04
3.932632932024090331e-06,-1.224889055073564851e-04
6.723985928133536549e-06,-1.168701823063029045e-04
8.882835985714514099e-06,-1.090458269063794127e-04
1.039025809201338342e-05,-9.952381675984496730e-05
1.107457516698108580e-05,-8.879754060681350309e-05
9.843694010108923736e-06,-3.691447819107508156e-05
9.872190955318375561e-06,-4.231293036683361980e-05
9.484682201555003227e-06,-4.808857665663258523e-05
8.748024720501846509e-06,-5.331832913642745660e-05
7.735199038908975803e-06,-5.700897528824407947e-05
6.503586533519874136e-06,-5.824258480619777338e-05
4.984047347995616042e-06,-5.705555378540949900e-05
8.305793209704609006e-06,-3.097923699249388981e-05
3.971025578714317288e-06,-3.073658207167617588e-05
-2.480983263930087495e-06,-3.132107553449867311e-05
-8.976163557738336989e-06,-3.266667113017439247e-05
-1.209420640868446078e-05,-3.561521005903056446e-05
1.080667701632952448e-05,-5.798399444751308244e-05
1.050628668548692830e-05,-5.570694930706465025e-05
7.665592929567540878e-06,-5.453770840135914867e-05
4.435886091496701609e-06,-5.369548553545317197e-05
1.768394193080284626e-06,-5.321585465749830780e-05
7.559060569958032570e-07,-5.313867059060850616e-05
-1.000631529237553652e-05,-4.849334084962967392e-05
-9.309446318643578024e-06,-5.646795809326494845e-05
-8.065829636588816925e-06,-6.352564341859945893e-05
-6.382581240941495987e-06,-6.933050925753844415e-05
-4.391439357523595472e-06,-7.357157662100535604e-05
-2.178656793764308601e-06,-7.603250258336726396e-05
1.282509076037036301e-07,-7.658489996442702100e-05
2.325115502831113062e-06,-7.524377456541519549e-05
4.379545250716844605e-06,-7.210982034497407647e-05
6.098079900417174357e-06,-6.733435695320760892e-05
1.688941952146628614e-05,-3.476124219012398879e-05
3.289034458684442044e-06,-1.766531276619347929e-05
9.153373393394012455e-06,-2.304784088874472142e-05
6.459729439848498232e-06,-2.170105613343739729e-05
1.311349150914090934e-05,-2.657852631870383155e-05
1.941307983671508789e-05,-4.735770501506749905e-05
-1.500746820381979772e-06,-3.655985130208839990e-05
-4.170215106402482062e-07,-3.163472940627827135e-06
-1.922635979038872554e-07,-2.371110387085099424e-06
1.942581115004259263e-05,-6.316683778619564026e-05
-1.374757707706320820e-06,-1.520428460168855372e-05
5.570173923707850192e-06,-2.093652264190675011e-05
-1.876759900156104347e-06,-2.426600821015289556e-05
-2.208653097576391659e-06,-1.631073457908294372e-05
-8.063736738295343284e-08,-3.752058802440436689e-06
3.996574330958378197e-08,-2.574481982862026435e-06
-7.076751388539593871e-07,-5.118123563962456300e-05
1.295721218522062228e-06,-2.153097795971591009e-05
1.769371610301509007e-05,-7.798967382743235671e-05
1.907599730284668115e-06,-1.685705422718990226e-05
8.219369429164006318e-06,-2.799518956896620574e-05
5.664304132357383825e-06,-2.446644367913305089e-05
1.633812082810099689e-07,-2.171948942287083808e-06
1.299631743501041609e-07,-1.628513115492695758e-06
1.041056464642854322e-07,-8.620210755233204278e-07
7.813693374775444092e-08,-7.150632105474238375e-07
1.100756767961634324e-07,-6.624492311110547046e-05
4.631287031651918158e-06,-1.906528861836485206e-05
1.533084142995580222e-05,-8.613496284075394338e-05
1.333048672003368798e-05,-9.377980519790377956e-05
1.048396935167894541e-05,-9.951575474337696610e-05
-1.301570987507450776e-07,-1.357321587263474647e-06
-2.117499036286577080e-07,-1.765699152707007161e-06
-8.476671638134674917e-08,-5.962521686212696940e-07
-1.082313789193790036e-07,-7.029507260626597564e-07
6.979861042148328812e-06,-1.054589796143105335e-04
1.537192566326713320e-06,-1.650448525576228274e-05
4.511307456079864465e-06,-2.808931337855887295e-05
4.920100138850667555e-06,-1.094737527984113629e-04
9.093161154223614940e-06,-3.590474815861197441e-05
1.433202031585300777e-06,-7.810655572376373301e-05
-6.060866084158384643e-07,-1.590590076949383649e-05
7.447634092308763058e-06,-2.590578946049105263e-05
4.892971052931666802e-07,-3.295038011234384406e-05
2.563528335016630303e-06,-9.050111770879109847e-05
-4.336010294759094769e-07,-5.059073026401766960e-06
-5.143829544154773894e-07,-5.518498915482409997e-06
-4.922630482590356265e-07,-4.372817477370808641e-06
-6.292197985792704544e-07,-5.911243844737506140e-06
-4.526750840526438477e-07,-4.802463657669170384e-06
-1.384501692463398259e-08,-3.888588905600394118e-06
-7.403893724908983940e-08,-4.070671926546273425e-06
-1.942248379233094269e-07,-3.220373217124976588e-06
-1.751751638304537473e-07,-4.270569083253939637e-06
-1.749939518584488266e-07,-3.510306320942983287e-06
1.246558044288186137e-06,-1.063118199420006680e-04
4.400449573536620207e-09,-4.924916940235470813e-07
5.394390025305261109e-09,-5.670739205833586719e-07
2.240016164232393996e-06,-9.955001576418304361e-05
-4.115465912738686461e-07,-4.007840590614971380e-06
-1.152440382765956142e-06,-6.102375681540978335e-06
1.012966762861291862e-05,-4.447206542806036653e-05
3.348960207618443533e-06,-3.282244334951650778e-05
1.486764203948936894e-06,-1.546173906072757795e-05
-3.592680264374842055e-07,-4.496817694462202058e-06
-9.748482260038387478e-07,-6.612138301711835158e-06
7.068044562556188937e-07,-1.123626634717571137e-04
-2.074679784915047261e-07,-5.023785296711168966e-06
-8.634958404437088064e-07,-7.028356004418011165e-06
-1.563410117584166750e-06,-8.757458631677284130e-06
-3.612928167355683072e-07,-5.844808009293863756e-06
-2.946213927075184888e-08,-3.423849324750244537e-06
-2.324419925191726540e-07,-4.871920992242671357e-06
9.127985700480711426e-06,-5.251900879017085133e-05
-3.673503483505531386e-06,-6.904970650055428994e-06
-2.125545257582589233e-06,-5.426633218725683475e-06
2.282900507563281172e-06,-1.122735093480486024e-04
8.772213514278644459e-08,-3.849120036946622387e-07
1.052179944136164065e-07,-4.414727372503000069e-07
-4.451879093126897358e-06,-1.319132145607526579e-05
-1.599913945079483032e-06,-1.421615175911300644e-05
-4.712327340940922569e-06,-2.895806260385945359e-05
-6.810041862867264796e-06,-6.705655529649670837e-05
-1.148529494298287780e-07,-1.063434440264537548e-06
2.269746463221007876e-07,-1.394485943293635501e-06
-4.653078458884494638e-06,-1.559930705329749232e-05
-2.243240078382936270e-06,-9.585703634659954525e-06
2.980072236445468326e-06,-4.106740257527416059e-05
1.585934316924437889e-06,-1.247680785976542084e-05
2.425213743513523539e-06,-8.549802841666149383e-06
2.739976543967505763e-06,-6.168934155490417514e-06
5.479042971182913903e-06,-3.736216310141750275e-05
5.431490059536695582e-07,-5.942789264428441232e-06
3.880438724432929142e-06,-1.981956477937388392e-05
3.992605592033309213e-06,-1.678560677997945806e-05
4.191949955252539162e-06,-3.402134347110857490e-05
2.109516771725688959e-07,-1.208184204336830711e-05
4.329571457654682063e-06,-4.052527216870490718e-05
-7.524038231166682917e-07,-1.549164719930358407e-05
3.199912185033155520e-06,-5.073542548206959514e-05
3.379365628899856920e-06,-6.253159128316448121e-05
2.331709059659019149e-06,-6.396154988473784790e-05
2.992457339051387456e-06,-8.195849882471332342e-05
4.720650421674225528e-06,-4.428416740600301884e-05
2.801580340009536148e-06,-1.038551805937295062e-04
1.147535360888610162e-06,-7.393835219703706043e-05
-5.181230651508329836e-06,-1.008307186423870895e-04
1.347770568827994400e-06,-1.202038527591522878e-04
-5.484181720243080155e-07,-7.694486772286121610e-05
-7.620770871609043639e-07,-1.264348582639252374e-04
-1.942621673777041762e-06,-7.200883315240148592e-05
-2.823828893360470603e-06,-1.202613367159898947e-04
-3.060936985049606491e-06,-6.034195529508666443e-05
-3.705774168939094895e-06,-4.415310291219438682e-05
-2.029074284967464382e-07,-2.570115538854252634e-06
-1.323222814924801481e-07,-2.848169320947195640e-06
-5.308076000396556365e-08,-3.349011373166490785e-06
-2.660096737056602592e-08,-2.678242367665939093e-06
-4.011264928810852858e-07,-3.460558520319490072e-06
-2.821310229241193518e-07,-3.819402431845001172e-06
-2.111589524124301653e-07,-4.570122834910713851e-06
-9.692155455782914742e-08,-3.557573817465738348e-06
7.554329326857648499e-06,-5.745622724312898403e-05
3.542094642514281751e-06,-4.837850159010272165e-05
7.489403349404269345e-06,-3.301703511859216297e-05
-4.290961468744528264e-07,-1.522284974191994479e-05
1.516460494238997182e-06,-7.018777912588502356e-06
-4.096845371980870656e-07,-1.588282569443237054e-05
-7.356323292205389590e-07,-6.327493596465777532e-06
-2.444990786276165164e-07,-4.441149875492497464e-06
7.693908956361271434e-06,-3.027211731218384632e-05
6.665088287134050913e-06,-2.656938190305652440e-05
-1.816445957730633509e-06,-2.971548237729232150e-05
4.842690494928930505e-07,-3.173799889445431846e-05
1.546886658061590151e-06,-3.726702825882151923e-05
3.388014393096817575e-06,-3.317921790305251026e-05
4.810134902615555453e-06,-3.802824803532897261e-05
6.469046846766493794e-06,-3.430575661899451940e-05
4.927339822780103856e-06,-2.997322961393193548e-05
7.871262877578821913e-06,-3.097834097454420016e-05
6.312172844263929175e-06,-2.745056713493914589e-05
8.164426625592892191e-06,-3.917996503525719606e-05
6.036857421417695857e-06,-4.359808664047052599e-05
9.859649289982946136e-06,-4.425497436834670837e-05
8.151850646724045189e-06,-4.921767750137451410e-05
8.968162400459333197e-06,-2.822811558562861119e-05
7.434571758466753461e-06,-2.544359515302502760e-05
1.153113361439802224e-05,-3.993299537785602928e-05
1.185129780110356958e-05,-4.949065105934205387e-05
9.805077629556700121e-06,-5.463539850028366248e-05
6.296444391493449379e-06,-5.416664881289067076e-05
7.462410808838596648e-06,-6.014419508842181567e-05
1.374256196690510026e-05,-5.467162731533880665e-05
3.790027746762288347e-06,-2.657288959262859128e-05
1.079762931355298006e-05,-3.186748448436280313e-05
9.664821114144960717e-06,-2.612755640282876115e-05
8.192441225086383438e-06,-2.393675758688791941e-05
6.289838692522872240e-06,-2.336351615444779917e-05
7.131096247842570614e-06,-2.242477046280376968e-05
5.548343098074893964e-06,-2.185553205048726524e-05
6.473710100742051852e-06,-2.149421095674856484e-05
7.578056715981971356e-06,-2.205097025267818578e-05
7.020555186045544990e-06,-2.172497944933159713e-05
7.559598452045896803e-06,-2.222568363523731206e-05
5.138511861379820321e-06,-2.080636832487534358e-05
7.115657134979897740e-06,-2.248913920302208932e-05
1.005476326789839079e-05,-2.449142530674132910e-05
6.836698959333444946e-06,-2.198780108982606785e-05
7.130247715955430628e-06,-2.292130136207607446e-05
5.602088107973080199e-06,-4.978714264198573009e-05
5.367558975190104703e-06,-5.615070321488297437e-05
-2.070882639274752676e-06,-6.666848712211039898e-06
-1.046514686787913406e-06,-5.263508641437240936e-06
-2.461663349109599294e-06,-2.092575069585311635e-05
-1.471967256846721944e-06,-2.141795875106937850e-05
-2.926092438907254258e-07,-2.399120019828793109e-05
1.209211141353356334e-07,-2.149249898427590253e-05
1.681554883776340475e-06,-2.355883804320050933e-05
1.920246044810364893e-06,-2.130698017330512949e-05
4.432414755396308677e-07,-1.968185687242236855e-05
2.013300229962997838e-06,-1.961348233908106350e-05
6.897678913231028762e-07,-1.838834474116683433e-05
1.995852983750451752e-06,-1.841442538665321297e-05
8.009533386676831116e-07,-1.747003528921608576e-05
3.745074985145393776e-06,-2.318104680260590279e-05
3.601924264210990096e-06,-2.597812572120267207e-05
1.866774510486620992e-06,-1.759114638117303996e-05
7.930115622068172621e-07,-1.686296970162077123e-05
-1.388246847363532887e-07,-1.662866928257974650e-05
-1.077198439583826683e-07,-1.619571552934927881e-05
7.187939132503124762e-07,-1.651717604640371003e-05
-9.013663003949974061e-07,-1.578449009352191437e-05
-9.055156488577333164e-08,-1.604523361516113086e-05
6.174862112751423200e-07,-1.638382396376645084e-05
1.471534999562190826e-06,-1.677270998908411044e-05
-2.255456965201544611e-06,-1.912959605898313217e-05
-6.303151983987550470e-07,-1.830312922143034033e-05
3.299093600878219396e-06,-1.945747966426282117e-05
-1.337740465611799251e-06,-1.618953064069458304e-05
-1.801667026430936771e-06,-1.489253265776388175e-05
-9.037678043988261254e-07,-1.562509213532932436e-05
3.555253999756118542e-06,-1.935688945813438580e-05
-2.098071253781800490e-06,-1.447663764913725757e-05
-1.244360075296273928e-06,-1.536321514842057222e-05
2.738422611045441916e-06,-3.794242627193652833e-05
3.906744179295288888e-06,-3.269144027142739775e-05
6.285449260304646795e-06,-3.943065068618985920e-05
-6.768436406194463515e-07,-2.589037508611716240e-05
-7.129834169123745242e-06,-8.479936004744682550e-05
5.294146279696020853e-07,-1.597500834552151102e-05
3.977017782925385104e-07,-1.625019174904428744e-05
5.624852363521459126e-06,-3.060214799069942333e-05
-4.851058381313762742e-06,-3.558388493094320179e-05
6.832099130843656045e-06,-2.357936372365989684e-05
2.022370075752145224e-06,-2.908550649925677845e-05
-4.181542274875508968e-07,-6.163465374513375990e-06
-1.124896948280058912e-06,-8.791081939925208386e-06
1.293680051018448537e-06,-1.665262467908374856e-05
5.630968718229582972e-07,-1.638031299099695313e-05
2.051552122752399189e-06,-1.695760615704966097e-05
3.106977169459298685e-06,-5.771167180721562830e-05
3.797405067417256173e-06,-7.227023119542490335e-05
7.852489847648047022e-06,-2.267284358616447043e-05
-1.053872265022266812e-07,-2.205538951962315238e-06
8.477592150516354001e-09,-2.121729575761829666e-06
-5.538212023716332023e-08,-1.764302212944401892e-06
1.988478453357786653e-08,-1.683524166144762432e-06
-6.330849697511371188e-08,-1.388804956044498585e-06
9.377339262090243858e-09,-1.305124034858733594e-06
8.207395441474298857e-08,-1.625589701202999877e-06
-1.871770427712072222e-07,-2.876404444509117758e-06
-1.043983066847527184e-08,-2.733731862497986273e-06
-9.309309567164650277e-08,-2.233768266459851203e-06
1.923477092345895594e-08,-2.104074933208694857e-06
-9.178145058076207633e-08,-1.710375578401136480e-06
1.013506282436920698e-08,-1.583921912732862923e-06
1.066749831063497629e-07,-2.056511297001181958e-06
5.986635116150426596e-06,-2.528941149260764898e-05
4.148979195413700656e-06,-2.265715777589310257e-05
7.226226234291977795e-06,-2.336926230636872644e-05
3.841519114698618342e-07,-1.135213224830349584e-04
1.184465081767306092e-06,-1.129325375075175759e-04
2.327056521983152267e-06,-1.109129469600083983e-04
-1.185064834476240474e-06,-6.819250424653704271e-06
-5.454686343543545871e-07,-5.815452010408657647e-06
-2.139192842870728554e-06,-8.930173315324324191e-06
-1.356367706734722948e-06,-7.810877753154871631e-06
6.879198570922758360e-06,-3.706354429173212188e-05
-6.182641996457870416e-07,-2.793624424395631286e-05
-4.729992580304981313e-07,-1.360386333916833720e-05
5.267035311561360932e-08,-1.127139645529372704e-05
1.205523844459032639e-05,-2.923528603119157778e-05
-1.080990375311595606e-07,-1.044832681613731066e-06
-1.574640465621056432e-07,-1.304243528574828398e-06
-6.441059296676562948e-08,-1.055599080591843255e-06
7.041913283141857235e-09,-9.462634936252226224e-07
-8.501901412576381208e-08,-1.265108060222890560e-06
8.463800021875105289e-09,-1.118461803518528583e-06
-5.201776880308257201e-07,-9.178145757117254897e-06
9.988928682231987344e-07,-6.016615303139949590e-06
8.578764248630483722e-06,-2.298065412334032912e-05
9.807532584327780732e-06,-2.344533147114629713e-05
8.446057339113514117e-06,-2.254600150085850319e-05
-2.048197124594386293e-07,-7.970814281205690531e-06
-7.320051194726940194e-07,-6.647302608171199768e-06
-1.892523795567410547e-06,-1.201213689123240195e-05
-2.086411379868686847e-06,-9.762708760521187151e-06
9.442423806635563938e-07,-7.159007890801690442e-05
5.316603283425996797e-06,-7.365202900890075594e-05
5.836733885777991661e-06,-7.966556034619059427e-05
9.543638356050111526e-06,-7.549566321222605820e-05
9.963785199583405372e-06,-8.093424744121936428e-05
9.250149518081634509e-06,-6.999577926417594321e-05
1.340061548657940752e-05,-7.149430907984514962e-05
1.267959224684228167e-05,-6.630507559224601416e-05
6.508085935619107297e-06,-8.486863845563926963e-05
1.045995578738346414e-05,-8.592651194401245459e-05
5.009322835525750365e-06,-6.690964782294634816e-05
6.647272212033894998e-08,-5.929105015868453685e-05
-1.568586735897039344e-07,-1.369327574497267836e-05
1.185423075301542109e-06,-1.660594064682232327e-05
3.521874501398037556e-06,-2.103334384753793304e-05
7.359704001013259911e-06,-8.986523798211296001e-05
5.240848482738295279e-06,-9.357537103747477650e-05
8.459935433610008763e-06,-9.324022293805002794e-05
5.920186253039917786e-06,-9.696719779639220228e-05
-5.757912357342956441e-07,-4.319234692215601030e-05
1.102806527539429029e-06,-1.096366963041705233e-04
2.884635788647209929e-06,-1.080949740346609912e-04
3.187597955544811250e-06,-1.056571185396415035e-04
1.402966995870620544e-05,-8.226126421459260504e-05
1.152193756706309143e-05,-8.981738327018782837e-05
6.439789708492155036e-06,-5.807613501068952216e-05
-8.554974874730325578e-08,-8.391121656251112875e-07
-6.976918367147202455e-08,-7.182090990768838416e-07
-9.291362075348167079e-08,-4.027715340013516052e-07
-1.115389063356833328e-07,-4.639289977204454221e-07
-2.047856636482602258e-06,-2.206192031465733510e-05
-7.927294914552609244e-07,-8.041265982390421245e-06
-4.580530992122442954e-07,-1.217055366903289829e-05
1.341618525171605153e-05,-4.473810532546263673e-05
1.510794472965094711e-05,-4.036429572448212193e-05
1.268117874462378026e-05,-3.593288787735281068e-05
9.560426955435302545e-06,-3.519145597022130625e-05
2.060378170381040746e-06,-1.026666581941458020e-04
5.000171397290741841e-06,-1.005292187203956624e-04
4.789578743752290966e-06,-1.029449025727544596e-04
8.440605923696093915e-06,-9.860562795801015759e-05
7.339565711273005306e-06,-1.012795609820716448e-04
6.734789389741822804e-06,-1.035234532169332936e-04
3.277344965727913753e-06,-1.847242625481263759e-05
2.804234487122247218e-06,-4.637607447888760718e-05
-4.507055327420111146e-07,-5.542682522067202126e-06
-1.348492255257619619e-06,-8.023976362572008311e-06
1.057350378461399410e-06,-1.041124107725578636e-04
-1.413717126142861199e-06,-1.044960717819029725e-05
-1.999196156559112354e-06,-2.882885589427041411e-05
-3.413412716875769992e-06,-3.412741292694551246e-05
1.668520556116048743e-05,-6.752419293117637811e-05
1.675597899909737312e-06,-1.705939275053926845e-05
-2.728636285431622821e-06,-1.751904725836121848e-05
1.401616669169399668e-06,-5.291191221802581157e-06
8.935268024657816981e-08,-1.199031844963739029e-06
6.934617221057054404e-08,-1.003203351135170540e-06
4.723164148705718961e-06,-1.068933624603500315e-04
-1.586276713080907821e-06,-7.164408606003009477e-05
-4.666001786694612127e-06,-9.770319844078558262e-05
5.677284540502009406e-06,-2.289489491792423158e-05
1.891356257939688232e-06,-8.419357193421801505e-05
-2.030503714916082124e-07,-1.601000871940255749e-05
8.883799131645812481e-08,-2.025204545473492661e-06
1.017615901637267736e-07,-2.644109308367451054e-06
1.202265062152893695e-05,-6.057556413737273654e-05
1.648113356333706696e-05,-5.923250704560677969e-05
1.815193879009856595e-05,-5.476424684851229275e-05
1.580845508784059608e-05,-5.000107218180958597e-05
4.336183792096272976e-07,-1.012397142754578121e-05
-4.784572398179816768e-07,-7.692060250170467100e-05
-3.247850741501405597e-06,-1.163773056588453486e-04
-4.015028805379202972e-06,-1.122604558131328834e-04
6.453544969490874323e-06,-5.497322961207877089e-05
-3.497234665445384341e-06,-5.269383500324216019e-05
2.676524682462971670e-07,-1.248250528035271063e-04
-1.777743074118241051e-06,-1.249583954361734083e-04
-1.335529727940303462e-06,-7.541679158882416364e-05
-2.563458064709942807e-06,-6.689766686581786310e-05
3.964141583018473416e-06,-5.174519559633628077e-05
3.787849121105319827e-06,-4.278095717300144969e-05
-2.500256895634416596e-07,-1.429608706453540772e-05
1.795203190284204575e-05,-3.856663618957847868e-05
1.546932723296604611e-05,-3.141953834571608770e-05
1.879871987567465359e-05,-4.279799832652328011e-05
3.918394441579963558e-06,-1.826692333922441252e-05
2.748144354978223271e-06,-1.764550323439853023e-05
7.082568512340934871e-06,-2.339685504897605467e-05
5.487075185256265193e-06,-2.016328241578094657e-05
3.222640265679372005e-07,-1.880561354186313154e-05
-5.613496486816404743e-07,-1.097054602754390741e-05
-2.073111991008920298e-07,-9.352307763828906982e-06
2.355177514212062618e-06,-1.719954738448243965e-05
6.876886497688359752e-06,-2.334207434354683969e-05
4.897401557373678263e-06,-2.595732347122255428e-05
1.478499367863312753e-06,-1.616126289669842593e-05
3.542940114846404478e-06,-3.041159782995187444e-05
1.845712202271590580e-05,-7.256954803358917452e-05
1.016295997261867032e-05,-3.994909118285652614e-05
9.161070788601488011e-06,-3.169036759076525046e-05
6.323137100442866917e-06,-3.017523096304160470e-05
-4.560638281679584974e-06,-2.212795486442531166e-05
-6.580177784852626752e-06,-4.745938887905267188e-05
-5.671117280523150215e-06,-2.850984146713562262e-05
-4.420463404535614599e-06,-1.003394521254504101e-05
-2.403109053475329938e-06,-6.938991930224562965e-06
-1.913271312734609309e-06,-1.216987550107018357e-05
9.320717843975233081e-06,-1.019064865577575408e-04
1.186112099894721743e-05,-9.684433500506246469e-05
6.557763026992794239e-06,-5.808804809285861753e-05
-9.368442507865736163e-07,-1.560135001183556694e-05
5.919234067259530076e-06,-4.486909417202927179e-05
5.680453130863527318e-06,-2.670900537406639024e-05
-8.436859672628118651e-07,-1.560228892589548752e-05
-5.436827421302705463e-07,-1.341372148174166490e-05
8.833858511556303484e-07,-2.592561321267467241e-05
6.167179298110705598e-06,-2.111512168897683775e-05
5.583082320649121781e-07,-2.373185536048793800e-05
3.699873790326717059e-06,-1.110783196731817747e-04
5.968139437115947263e-06,-1.076333306859545758e-04
1.156972660140425642e-05,-2.478536916586169907e-05
1.420104919024405305e-05,-2.864927156248292254e-05
9.096103241782114900e-06,-4.915032468314397277e-05
4.845524577902332474e-06,-1.872530661511008639e-05
1.357662850204465982e-06,-1.771949217035967782e-05
3.558065283667326681e-06,-1.980269431543110840e-05
-7.382221452652600681e-07,-1.364908629542778494e-05
3.585964110827288706e-06,-3.685136245637026631e-05
4.564488423317003902e-06,-9.338427764119275017e-05
-1.587243073620473545e-06,-1.443909958486311359e-05
1.553702761101199267e-06,-1.422960810532406989e-05
1.649047955482936053e-06,-1.670260738410762620e-05
-2.614059089827110547e-06,-1.340656257748811436e-05
1.368289436711786495e-05,-7.677305735509530116e-05
1.288628871903541956e-06,-4.035258986214560790e-05
7.116591262992669185e-08,-3.358966857784205544e-07
8.369750921359091677e-08,-3.832561504364911811e-07
-2.051681701454615912e-06,-1.595359398613669928e-05
4.206364500902469188e-06,-5.268498822266910037e-05
1.383337668258511203e-05,-3.310719985243647300e-05
3.671588907717585371e-06,-6.016836646994419102e-05
9.179090402166007912e-06,-6.469053116612969497e-05
-1.057027175593274799e-06,-1.957878287902439614e-05
2.151960479737151808e-06,-2.868668243890997444e-05
-1.674872181195879796e-06,-6.191967481391532779e-06
-1.359860126265544282e-06,-4.685581292981969512e-06
6.186635308570448687e-06,-2.496563716595741862e-05
-9.498159955579041749e-07,-3.376906119007972782e-06
4.060377759460980334e-06,-1.089046457201968215e-04
-2.149646475045065812e-06,-6.055704213996821481e-05
-4.624169915598393993e-06,-7.655557055985428758e-05
1.122671460224545611e-07,-1.873306357661623157e-06
7.556049400691482124e-08,-2.844640666618650174e-06
1.096792072791106129e-07,-2.609482249681311848e-06
1.526030890516255649e-08,-3.911976096654679058e-06
6.995693123419794118e-06,-3.337582603324265265e-05
-7.211995317383062815e-07,-1.502699827534092744e-05
-3.589366632236067736e-07,-2.355080176391785130e-06
-1.936027120015968994e-07,-1.754056985971382459e-06
5.849154840432493670e-06,-7.748521876878105251e-05
1.092868502639176393e-06,-3.311189644201693318e-05
5.115496904264078800e-06,-2.473017194215838929e-05
6.477534764524732178e-07,-2.838388749539444323e-06
-1.789305823527846595e-06,-1.801323701252271819e-05
1.291432328510717237e-06,-3.523699983285623611e-06
-2.723002820257487828e-07,-4.470338074890129184e-06
-3.759172925844138934e-07,-1.730213999126243603e-05
-2.164935859361688543e-06,-5.401923575552708537e-05
-4.291421520498656168e-06,-6.691196550841263773e-05
8.426443649540207712e-06,-5.541631410635211341e-05
3.594367654976353733e-06,-2.102660364964042763e-05
-8.252210990262517645e-08,-3.849107114169853817e-07
-7.021484186860106897e-08,-3.363073853685613090e-07
-2.640364872341640474e-07,-1.859701496146152872e-06
-1.535681577812652092e-07,-1.401158267077794412e-06
-1.196813627857939035e-06,-1.504828783960503650e-05
-2.387172190219257348e-06,-4.642896832701194789e-05
-4.372976624118781345e-06,-5.657716388858995891e-05
-8.633841470382493620e-08,-7.770866085448925457e-07
-1.183318084154065389e-07,-9.427090582630635780e-07
9.893984446953627980e-06,-9.552853743826129093e-05
8.667353823402761741e-06,-1.036101224975102288e-04
-2.302364907256454938e-06,-3.771690127365877516e-05
-1.360338044241357448e-06,-1.323031041262730271e-05
-4.012624916403230550e-06,-4.520559214081835785e-05
3.798813507712233507e-06,-1.070104449304864363e-04
1.865166947414868275e-06,-4.868162032213035640e-05
3.135548399111406649e-06,-5.285693245624778464e-05
2.590124678844152543e-06,-1.167500842924741426e-04
1.820795950309079700e-06,-5.677547228660490274e-05
1.461496973148388730e-05,-9.030616911853773577e-05
4.901666226511646969e-06,-2.031440279666413845e-05
1.462153944891723689e-07,-1.479552346783753151e-06
1.080376363505634259e-07,-1.151757607146842677e-06
1.585663724531370061e-06,-6.398360105902957482e-05
1.316110145564149401e-06,-1.231269415142139637e-04
3.982914184477562481e-06,-2.492901297148806825e-05
3.949252190088647113e-06,-2.939215203832649760e-05
4.240421650913494288e-07,-9.068552682731981275e-06
9.884285433144724161e-08,-1.598862425738065567e-06
7.471568277171892344e-08,-1.301764599370462973e-06
3.071335961824014706e-08,-1.261365940556701882e-04
1.208172559569072326e-06,-6.990570423938539696e-05
7.946563219346322078e-06,-2.526830804650295433e-05
-1.431301496131033547e-06,-6.893867413489761678e-06
-1.535068233725801770e-06,-1.960849398863404838e-05
-2.613365476290006673e-06,-2.312963630499003667e-05
6.946143168546783032e-07,-7.420130930630917910e-05
-1.232813409384968763e-06,-1.258659812946846313e-04
9.973558522065984230e-08,-6.410679769998939913e-07
7.877021179206461942e-08,-5.465550480689543863e-07
9.412746731475617897e-08,-7.658776714694513429e-05
-2.346805912524018179e-06,-1.224421512430463573e-04
-4.181017738002581379e-08,-6.766971988063032165e-06
2.667262486316775752e-07,-5.201397001572478549e-06
4.178362249806909261e-06,-1.099806694414486735e-05
3.967533219271547787e-06,-1.339516361010607056e-05
2.996273920818593347e-07,-7.639350109394746238e-05
1.992764668572678927e-06,-1.128846710896313740e-04
2.570442045953406243e-06,-4.469499985611342718e-05
1.173284122966886473e-05,-2.669388268945746271e-05
-4.051649781189051341e-06,-1.078489062418099356e-04
-1.062023926091368098e-06,-7.522207385162481329e-05
1.693186254045771596e-06,-6.967703733005955254e-05
2.741825614086861223e-06,-9.324307171792797105e-05
9.321833100240876744e-08,-8.074903719856836734e-07
7.616056966553209161e-08,-6.929365529826630349e-07
-1.964687541235131713e-06,-6.655658925846163684e-05
-4.869055998813733058e-06,-8.682751859737177934e-05
8.836355866219138700e-08,-8.974712632824298263e-07
1.208615457825014554e-07,-1.114711478041488331e-06
-2.484176115735637252e-06,-1.768180128906929552e-05
2.753996704636735550e-06,-1.727526536961107801e-05
7.952668468320317019e-06,-2.306294913800172459e-05
1.609230507983630778e-06,-1.023092835372317682e-05
-1.591886351812227087e-07,-4.114576844474830393e-06
-5.264897679706620646e-07,-5.734287218031909741e-06
9.876939990057789084e-07,-1.130876065036133060e-04
-1.819794491406262999e-06,-1.514839765361226289e-05
7.229889186173205918e-06,-4.617125268494282335e-05
1.062224861789364283e-05,-2.382479237828818457e-05
2.723330395915623212e-06,-2.398354395460060819e-05
6.630403246218916720e-06,-5.814797100226273022e-05
-2.447793148866265480e-05,-8.695417980438352131e-05
1.748505967159761184e-05,-8.188067664311776586e-05
-1.205506267154361961e-05,-3.578502596695882517e-05
-8.772575415374253408e-07,-6.806725195825288346e-06
-2.719650369290189722e-07,-4.811576064665658853e-06
-1.339829514024320206e-06,-1.721239523724017378e-05
-2.837897796103319934e-07,-5.075332175572919388e-06
-5.714401115565639151e-08,-3.641792413671981220e-06
7.560732753457358829e-06,-2.337540084110283894e-05
1.216714474952213182e-06,-2.602309496040741465e-05
4.715822963965046017e-06,-2.059284816091615317e-05
-1.010543399033204211e-06,-7.178511409975034189e-06
-1.595430868331638133e-06,-9.796279954710833903e-06
1.067108176188502026e-06,-1.650880394366115647e-05
-1.780914597685577962e-06,-8.896546492892898041e-06
6.468969152098765032e-06,-5.077148331118789746e-05
2.023871198588997206e-05,-5.842815966322085347e-05
2.041508957748159264e-06,-1.979885749389677342e-05
5.031444263620898828e-06,-1.049656181581140200e-04
-1.415625329174629105e-06,-1.516550076631786386e-05
-2.764127701729104212e-05,-9.020152332541628542e-05
4.132876727589598273e-06,-2.881076057628527187e-05
2.010362759670332517e-06,-9.632841909269480949e-05
1.263542521557316587e-05,-7.180859525685590592e-05
1.013121384321477961e-05,-5.716831903266167663e-05
1.997778904254093242e-05,-5.138863326904088107e-05
6.643346098394720451e-06,-5.816170436173452753e-05
-3.023794488124050597e-06,-1.117158563392168936e-05
3.441331889998223605e-06,-1.105461497111244874e-04
-4.363892399781385044e-07,-5.763653379238388899e-06
-1.310316251452504644e-06,-8.246629563374499250e-06
5.662680079593261939e-07,-1.508201401194940946e-05
-2.708550162720328938e-07,-1.607241406753690533e-05
5.423898977715700341e-06,-3.390547581692379995e-05
-4.781255525039464529e-07,-1.238116054767180668e-06
-2.161403423232496986e-06,-1.487455358608313442e-05
1.594593052630699953e-05,-6.381219846200990612e-05
-1.393952798937864099e-06,-4.238688977529995186e-06
-8.409817368382754750e-07,-3.368872103421640477e-06
-1.982051637792248814e-06,-1.141810237854849782e-05
1.648216873716075152e-05,-4.497480459417045736e-05
1.114825447310534038e-05,-5.679763385337797287e-05
1.654051384297586056e-08,-3.427123861487605768e-06
5.313934407481114836e-08,-2.555782576033742465e-06
6.887501301922103757e-08,-1.710246849596153286e-07
7.942621459887927439e-08,-1.927618543919906111e-07
-8.621381045089671894e-07,-7.203739964981826249e-06
-1.823651322628493132e-07,-5.232440237279475378e-06
6.823779674912787649e-06,-5.682837279738481203e-05
6.538563781688881067e-06,-2.194761499457670631e-05
6.292495594349305591e-06,-2.822109950624765592e-05
-7.378628600604847859e-08,-1.863722556359876688e-07
-8.541578472741091712e-08,-2.112785568661893381e-07
2.402619082217341516e-06,-1.119294069926808410e-04
5.422078730567599176e-06,-4.832399338243697590e-05
1.126719452596013454e-05,-9.276901648063205037e-05
-3.956319744042331237e-08,-1.615695916441523350e-05
9.859416775435867451e-06,-7.104537070468048892e-05
1.529578124642885542e-05,-3.634567127165544051e-05
-2.847186043251002450e-06,-4.888089790708626351e-06
-6.895345884922629657e-07,-1.568387185142917841e-05
2.395034447091846388e-06,-1.706504837893935364e-05
6.533804554426372905e-06,-2.375441927573353697e-05
4.746240910754861615e-07,-1.635666506111639823e-05
-1.158218782974169809e-05,-3.534420604580229281e-05
-2.045215516954086774e-06,-1.550006559111850526e-05
6.879989703185780380e-06,-2.479659229155338609e-05
-1.539565610969944070e-07,-2.140670454398645756e-06
-2.784799972162780363e-07,-2.832511067174166918e-06
7.586563374766515309e-07,-1.227907787723897340e-06
-2.622981069940670917e-07,-5.337478224795866999e-06
4.371674170181350716e-07,-3.643071688966481645e-06
-6.710657145292760049e-07,-1.050983150061026021e-06
2.036701739419234189e-05,-6.760025569055801739e-05
5.527981654023189218e-06,-3.577415015080393363e-05
6.406081389118148070e-06,-5.437507025510267299e-05
7.692725566420183234e-06,-4.288093893158855533e-05
4.636529419290232753e-07,-9.399204431895697131e-07
5.609524140262995408e-06,-2.745928639108680914e-05
6.834249266000292570e-06,-5.231095926527287948e-05
3.103202723057321286e-06,-1.040411046599789820e-04
9.191264476039188225e-08,-1.173485357668459768e-05
5.501332029236911929e-06,-5.745252325101648139e-05
1.071376712334859904e-06,-1.127923168561744229e-04
-9.160411297606232070e-07,-7.839913182707656069e-06
-2.353424911405277353e-06,-1.130924501518073268e-05
-1.874915198702414043e-06,-9.175965070350103738e-06
-7.716072857292928366e-07,-6.390362833514574219e-06
5.704842107903494849e-06,-4.055429465865806722e-05
-1.065174667824137399e-07,-1.425203206797087345e-06
-1.673408698440189830e-07,-1.819709847769149281e-06
1.153126334684661859e-05,-2.551361725294401682e-05
7.261822503720284286e-06,-2.805849431117491671e-05
9.965052170988117748e-07,-1.632766985139008279e-05
-6.838362914659493897e-07,-1.237160320744360528e-05
4.283492274924890814e-06,-1.943365842099922561e-05
2.969653290659416304e-06,-4.133419022698122210e-05
1.598764997928956728e-06,-2.574960240931795211e-05
