Size 979,2
0.000000000000000000e+00,0.000000000000000000e+00
0.000000000000000000e+00,0.000000000000000000e+00
0.000000000000000000e+00,0.000000000000000000e+00
0.000000000000000000e+00,0.000000000000000000e+00
0.000000000000000000e+00,0.000000000000000000e+00
0.000000000000000000e+00,0.000000000000000000e+00
0.000000000000000000e+00,0.000000000000000000e+00
0.000000000000000000e+00,0.000000000000000000e+00
0.000000000000000000e+00,0.000000000000000000e+00
0.000000000000000000e+00,0.000000000000000000e+00
0.000000000000000000e+00,0.000000000000000000e+00
-5.271589262241654126e-06,-2.258359709108678594e-05
-3.270731248474592113e-05,-1.441633814272286980e-05
0.000000000000000000e+00,0.000000000000000000e+00
0.000000000000000000e+00,0.000000000000000000e+00
0.000000000000000000e+00,-7.027694135808276862e-05
0.000000000000000000e+00,-7.002395114522166940e-05
-6.713360787973413776e-06,-6.285719486237391546e-05
-1.010989740277525545e-05,-4.702527135113302158e-05
0.000000000000000000e+00,0.000000000000000000e+00
-2.677844327902923629e-05,-1.661856187462580487e-05
-2.454833985928143002e-05,-4.274700677830510617e-05
-6.094992890776241835e-05,-3.237797017814418013e-05
-6.886303400377209608e-05,-6.235520764764180624e-05
1.961440493257186782e-05,-8.771960308848832013e-05
2.568012853338471902e-05,-4.061897019580749832e-05
7.056864882196449071e-05,-1.334364421128199742e-04
5.453642735290158892e-05,-6.785730640981514790e-05
-1.592935979202418295e-05,-2.252119841430377906e-05
-6.893534246706954104e-06,-2.196282969439115087e-05
-3.750843632351341932e-05,-1.700063372114550263e-05
-1.437488065275327952e-04,-4.185951530556243400e-04
3.072821551851649248e-06,-2.106981329582978895e-05
4.981845551529236578e-05,-3.932719080070685644e-04
-1.801298937497141121e-05,-5.982716773680390651e-05
7.127969063553807728e-05,-4.756576496399894704e-04
-8.077762350378850549e-05,-3.661181266853931536e-04
8.467437305736295812e-06,-3.701323051133231155e-05
1.740287727084606202e-05,-3.563035544853696679e-05
1.331687171855086664e-05,-4.516912576652661537e-05
-7.620782964971730157e-06,-5.932620985216896802e-05
4.850277189198534477e-06,-3.501488668127992684e-05
-8.660360999735384474e-06,-5.805044805921564003e-05
1.345970074463474554e-05,-4.868291590011796107e-05
5.465990973041639150e-05,-5.561608921273990692e-04
-1.393180372265067724e-04,-4.970707557449776217e-04
-7.285490708374277140e-05,-4.196732306414930648e-04
4.310333642813897259e-05,-4.292991043967672835e-04
3.079672232994590737e-06,-2.540145270245777512e-05
5.381822448348426988e-06,-3.198459024782829258e-05
6.368171292005165116e-06,-3.606822563779006261e-05
6.597700705522393880e-06,-3.926463856123218668e-05
6.338971216383793574e-06,-4.193130699951633266e-05
5.496937968963592649e-06,-4.446719909704154662e-05
4.014698357564249879e-06,-4.760367572492426208e-05
2.206489044175484084e-06,-5.202493098822801271e-05
7.497261351188204446e-07,-5.782095415006033832e-05
2.078709623384266045e-07,-6.434386708470360178e-05
4.758273765706298479e-07,-7.039812805421977431e-05
1.378894782960224888e-06,-7.537273184219294916e-05
2.787176384187232040e-06,-7.878502189326495029e-05
4.565943435945207343e-06,-8.028365251808760781e-05
6.568652518466125005e-06,-7.962346182405822300e-05
8.661162060415247092e-06,-7.666982835848539608e-05
1.070799518317238879e-05,-7.140825695894772258e-05
1.257674027495392045e-05,-6.393261388518651025e-05
1.410930435497638173e-05,-5.436225541000061604e-05
1.507779322021646292e-05,-4.284227500736222712e-05
1.472916446541527452e-05,-2.994168435449030648e-05
1.219604700299948599e-05,-1.708475096902424442e-05
7.024910059334052463e-06,-6.737572536683107495e-06
0.000000000000000000e+00,0.000000000000000000e+00
0.000000000000000000e+00,0.000000000000000000e+00
0.000000000000000000e+00,0.000000000000000000e+00
0.000000000000000000e+00,0.000000000000000000e+00
0.000000000000000000e+00,0.000000000000000000e+00
0.000000000000000000e+00,0.000000000000000000e+00
0.000000000000000000e+00,0.000000000000000000e+00
0.000000000000000000e+00,0.000000000000000000e+00
0.000000000000000000e+00,0.000000000000000000e+00
0.000000000000000000e+00,0.000000000000000000e+00
0.000000000000000000e+00,0.000000000000000000e+00
0.000000000000000000e+00,0.000000000000000000e+00
0.000000000000000000e+00,0.000000000000000000e+00
0.000000000000000000e+00,0.000000000000000000e+00
0.000000000000000000e+00,0.000000000000000000e+00
0.000000000000000000e+00,0.000000000000000000e+00
0.000000000000000000e+00,0.000000000000000000e+00
0.000000000000000000e+00,0.000000000000000000e+00
0.000000000000000000e+00,0.000000000000000000e+00
0.000000000000000000e+00,0.000000000000000000e+00
-3.410410723847439132e-05,-3.718991844780530302e-05
-5.570089796414585612e-05,-8.299386924689413270e-05
-7.113148085338730729e-05,-1.430975253481059351e-04
-7.928152727748999623e-05,-2.113674590181900052e-04
-8.022165196920371169e-05,-2.820003490667945907e-04
-7.385717578171829075e-05,-3.466123186216935850e-04
-6.439998375902221948e-05,-4.005685187294036873e-04
-5.574888344090582725e-05,-4.444066939083502138e-04
-4.865041014971520621e-05,-4.814294531980594987e-04
-4.049114267274256661e-05,-5.137193114129572080e-04
-3.129315462910373119e-05,-5.385164510693479486e-04
-2.125491976373515196e-05,-5.550718101681661413e-04
-1.047885073349446952e-05,-5.626235117320460034e-04
8.981809209655848055e-07,-5.607019726608323401e-04
1.268442280521111415e-05,-5.488983383499854282e-04
2.474899653920680051e-05,-5.269102447720199357e-04
3.699525309132680720e-05,-4.946122222643326580e-04
4.936514055740485281e-05,-4.522719532706879933e-04
6.247236298960409412e-05,-3.981982308304077918e-04
7.514017968120328158e-05,-3.292071603234444964e-04
8.041502357432330167e-05,-2.458461534819367722e-04
7.059701700194894998e-05,-1.578663658987474946e-04
4.549125749132927919e-05,-8.078363590267528620e-05
0.000000000000000000e+00,0.000000000000000000e+00
0.000000000000000000e+00,0.000000000000000000e+00
0.000000000000000000e+00,0.000000000000000000e+00
0.000000000000000000e+00,0.000000000000000000e+00
0.000000000000000000e+00,0.000000000000000000e+00
0.000000000000000000e+00,0.000000000000000000e+00
0.000000000000000000e+00,0.000000000000000000e+00
0.000000000000000000e+00,0.000000000000000000e+00
0.000000000000000000e+00,0.000000000000000000e+00
0.000000000000000000e+00,0.000000000000000000e+00
0.000000000000000000e+00,0.000000000000000000e+00
0.000000000000000000e+00,0.000000000000000000e+00
0.000000000000000000e+00,0.000000000000000000e+00
0.000000000000000000e+00,0.000000000000000000e+00
0.000000000000000000e+00,0.000000000000000000e+00
0.000000000000000000e+00,0.000000000000000000e+00
0.000000000000000000e+00,0.000000000000000000e+00
0.000000000000000000e+00,0.000000000000000000e+00
0.000000000000000000e+00,0.000000000000000000e+00
0.000000000000000000e+00,0.000000000000000000e+00
-3.587900220324339865e-06,-2.976830119397793052e-06
-5.809679305650815476e-06,-6.805665549268072568e-06
-7.202561519898310774e-06,-1.125601374227130505e-05
-7.881224645214661404e-06,-1.560747629575564842e-05
-7.984344841842750637e-06,-1.932579362859708017e-05
-7.662647242120685436e-06,-2.188304360864648282e-05
-7.320580981388889120e-06,-2.324168282414219917e-05
-6.978070318056904790e-06,-2.370067312376761170e-05
-6.331084069919802349e-06,-2.331081340132999671e-05
-5.020400470785315209e-06,-2.168555234607367417e-05
-2.610808442239745876e-06,-1.743161946616060104e-05
0.000000000000000000e+00,0.000000000000000000e+00
0.000000000000000000e+00,0.000000000000000000e+00
-2.823339251390250007e-06,-2.061596783978385654e-05
-8.054807826637339733e-07,-1.768269823545755848e-05
7.587699865662780665e-07,-1.394742551550084633e-05
1.760494322295887738e-06,-9.765950103086621102e-06
2.103782917064323526e-06,-5.642742305779956229e-06
1.627270807774783103e-06,-2.193818262895808104e-06
-3.647487295430364130e-05,-1.803151160768168230e-05
-3.201201928281863929e-05,-2.089947931729529073e-05
-2.471822902962957428e-05,-2.285907881428380330e-05
-1.632551802773427177e-05,-2.395392867358687910e-05
-9.247402172237957402e-06,-2.381212970568536899e-05
-2.555313857044158720e-05,-9.195266229338387197e-06
-1.882176030262791160e-05,-5.255056968918351064e-06
-1.205429926748010921e-05,-2.577864396521236482e-06
-5.460052541444419697e-06,-1.151428048641856151e-06
0.000000000000000000e+00,0.000000000000000000e+00
0.000000000000000000e+00,0.000000000000000000e+00
1.290134042571703164e-06,-6.981917093440586134e-05
2.434280969375547335e-06,-6.867502248332692943e-05
3.418148296723767847e-06,-6.687901495374589116e-05
4.162285451472578951e-06,-6.454218799583261211e-05
4.647962135683853512e-06,-6.181298993281261333e-05
4.871791095027586254e-06,-5.880994880432256327e-05
4.909669779588890699e-06,-5.560841196725931079e-05
4.677970116337891981e-06,-5.232264826871080510e-05
4.166441092218726799e-06,-4.902152513931505270e-05
3.336722949458880828e-06,-4.581658658803442201e-05
2.153523039737945734e-06,-4.281201286255429972e-05
5.903071661930734706e-07,-4.011076627154393226e-05
-1.303387848574499516e-06,-3.793074055444028476e-05
-3.622076755374793948e-06,-3.623864949112962129e-05
-6.236701916728811398e-06,-3.521881890668081586e-05
-9.216389761983924473e-06,-3.495965630471083591e-05
-1.271525016217796617e-05,-3.537729112773813816e-05
-1.653745778967220253e-05,-3.673345648833389068e-05
-2.098024732492201276e-05,-3.892119122784973306e-05
-2.586551094877638897e-05,-4.204728710231519427e-05
-3.146199674823280205e-05,-4.629583905460575246e-05
-3.790573784742534019e-05,-5.172740395815463412e-05
-4.528040392317273470e-05,-5.872858565646723531e-05
-5.378789324271630981e-05,-6.736183199143861474e-05
-6.343929850609431411e-05,-7.827191110826767196e-05
-7.441499904400120894e-05,-9.212791303520085110e-05
-8.716842089567863742e-05,-1.094113044892370060e-04
-1.012143240536892883e-04,-1.311986868214849527e-04
-1.176867860662529668e-04,-1.586650883760360624e-04
-1.341744600404998417e-04,-1.954418266748747957e-04
-1.519299500453760298e-04,-2.390705199343664210e-04
-1.688859437243741667e-04,-2.868674147893097819e-04
-1.865189930220456334e-04,-3.420383551711150328e-04
-2.033069410770930378e-04,-4.070532283849209948e-04
-2.171143913341355290e-04,-4.825723963758919211e-04
-2.283365074707236094e-04,-5.721604153381785064e-04
-2.315414718809290912e-04,-6.727786569377612038e-04
-2.230794554215441146e-04,-7.742613166833465848e-04
-1.995286380101673801e-04,-8.713625064620874206e-04
-1.586065345679964417e-04,-9.507588642808947974e-04
-1.074691550029510640e-04,-9.991221915607022708e-04
-4.666121465206324027e-05,-1.005795747156634388e-03
9.091862522856005921e-06,-9.668821647571089603e-04
6.315598137601483660e-05,-8.830598803203033647e-04
9.811570892521533007e-05,-7.707757477397893763e-04
1.143137442850934650e-04,-6.467960549859011867e-04
1.143465192239883412e-04,-5.305425217246954048e-04
1.062488787182009757e-04,-4.328328608097856676e-04
9.723795746458774813e-05,-3.499802380287161019e-04
8.391525483853464558e-05,-2.788871952998807748e-04
6.874752438141736846e-05,-2.199741367709687418e-04
5.469716092345526770e-05,-1.731054160920744820e-04
3.988117530441872020e-05,-1.362136271499949595e-04
2.701578527623163569e-05,-1.083606084268827816e-04
1.529255420505861354e-05,-8.738400240572847784e-05
5.367307600578510678e-06,-7.187202687179036179e-05
-2.278450098018286074e-06,-6.001891217438936758e-05
-8.217550338452865268e-06,-5.121615826080677512e-05
-1.249980140218704007e-05,-4.439208418239183590e-05
-1.544557897637346524e-05,-3.899053863073811998e-05
-1.728039695132618331e-05,-3.454451598529135906e-05
-1.819762801655283981e-05,-3.060847767857754922e-05
-1.837387146500286096e-05,-2.703081740314790143e-05
-1.794877663141684231e-05,-2.345800292872411168e-05
-1.708900446129639565e-05,-1.997927718617028021e-05
-1.586624605688669867e-05,-1.653471101986530060e-05
-1.432098718423675065e-05,-1.306858778909440455e-05
-1.257686390235544419e-05,-9.634021755755067866e-06
-1.071918948541073356e-05,-6.352509747290737759e-06
-8.805744402925348081e-06,-3.436713964231892952e-06
-6.809330884891545355e-06,-1.119262517228833048e-06
-4.708423016015001112e-06,4.598495986990688935e-07
-2.571112728638296337e-06,1.070118528884457414e-06
0.000000000000000000e+00,-7.049063747222254880e-05
0.000000000000000000e+00,-7.065268997976481113e-05
-2.390586743802314172e-06,-6.920162163519746347e-05
-4.711839401255544363e-06,-6.693164962482497547e-05
-1.525337622423467776e-05,-5.103376641009077052e-05
-1.807211099942246184e-05,-5.523884388673117382e-05
-1.679013655442729489e-05,-5.766940127198771720e-05
-1.420606247463857333e-05,-5.972559216684989944e-05
-1.073439123854284548e-05,-6.142970629918833604e-05
-5.590309116248598351e-06,-5.278737118472531868e-06
-9.223360817182046993e-06,-1.299442190004274708e-05
-1.113223814015773255e-05,-2.324014926621819849e-05
-1.148069821348338669e-05,-3.465492364817367589e-05
0.000000000000000000e+00,0.000000000000000000e+00
-1.716009407672243730e-05,-1.751933920671923457e-05
1.205701300116337992e-05,-3.747196923257473377e-05
-1.421916668324001749e-05,-1.804111185064331935e-05
-1.285788553434770067e-05,-1.975486057387261797e-05
-1.084953930150924150e-05,-2.186607956457881292e-05
-8.761986255970402381e-06,-2.274997684844200186e-05
-3.316579644735922041e-05,-3.531619323585191955e-05
-5.276661661428352066e-05,-3.921934213066217143e-05
-6.076098648454019476e-05,-3.640513781235590901e-05
-5.912475486661543519e-05,-3.061481831730197042e-05
-5.305431060120125694e-05,-2.509915014528683676e-05
-4.546449426683290358e-05,-2.055182282872987528e-05
-8.880303126243079855e-06,-1.947361649964622941e-05
-1.518855082694198012e-05,-1.760834243283957251e-05
-2.276573722922702668e-05,-1.667177171322218137e-05
-2.995695981140556835e-05,-1.624328752716932712e-05
-3.531054648791799388e-05,-1.634767987793455087e-05
-1.380469471120036645e-04,-3.102413920522304695e-04
-1.277413307792865118e-04,-2.324418623393043537e-04
-1.143817911951810687e-04,-1.736940157867662975e-04
-1.028272183919118782e-04,-1.306969480003044204e-04
-8.975484394981492111e-05,-9.650596936944288214e-05
-7.635325303696619600e-05,-6.803619982349315778e-05
-5.284311672470982875e-05,-4.510702851841966139e-05
-2.409060973749173001e-05,-2.764628606687905330e-05
-1.788824605187331186e-04,-4.390863127472774473e-04
-1.649193467765527562e-04,-4.517329875926001377e-04
-1.194238927173266413e-04,-4.568564278848019221e-04
-5.767656999683234813e-05,-4.550710393044088832e-04
4.551167588931392659e-06,-4.463219359892621821e-04
4.484410077395505756e-05,-4.230403150759134002e-04
6.341951828488111471e-05,-3.266607829008722169e-04
6.970799032309790222e-05,-2.606424747511715918e-04
6.972360420113862085e-05,-1.938857657207475012e-04
6.349438791932816904e-05,-1.305622836331571369e-04
5.040962165951063046e-05,-7.664779526777440390e-05
2.929183059571431282e-05,-3.647236938275837494e-05
1.493950225228146903e-05,-8.369507631838367801e-05
4.648554473211417235e-05,-1.249334087451012742e-04
7.079436053567398821e-05,-1.740541825137168245e-04
7.877080352900488246e-05,-2.334935588043005842e-04
8.245592862555843042e-05,-2.994975654532977061e-04
8.018435719384404557e-05,-3.791669833803247699e-04
-5.395203153721918739e-05,-7.648262314751465849e-05
-8.006774920597386222e-05,-1.294520873069098096e-04
-9.291726463668901874e-05,-2.010864524833219484e-04
-9.357912628674467216e-05,-2.794774096722991573e-04
-8.340929858533378577e-05,-4.084186542443957115e-04
-5.270984349516287645e-05,-4.455604685932878801e-04
2.550097936506098456e-06,-4.669168876350823522e-04
5.551426029421297956e-05,-4.793002515559374797e-04
8.516756579028064050e-05,-4.823041402557079493e-04
1.577916677809377589e-05,-3.654882881860850162e-05
2.490203328176169830e-05,-3.986589766344112318e-05
3.458509402993087704e-05,-4.593608127703612876e-05
4.328353156704750556e-05,-5.368937549298512821e-05
4.657823122697028328e-05,-5.946285302197019246e-05
3.384147185505453746e-05,-5.476372102280381045e-05
1.063606925899671191e-05,-4.039260653234563151e-05
1.326918671722756042e-05,-4.314013036155662264e-05
1.472826128904608934e-05,-4.483799157069393905e-05
1.341140262600649678e-05,-4.310956417002614958e-05
1.402667873530153477e-05,-4.078039505516218693e-05
1.504922406228058145e-05,-3.806464586492203697e-05
1.629068124270167963e-05,-3.461138892110118007e-05
1.730587001721921864e-05,-3.050857384296487237e-05
1.745152297610925288e-05,-2.684365954901053695e-05
-8.550991796251418276e-06,-5.591647695015040628e-05
-9.166235875701437533e-06,-5.158015102806069437e-05
-9.229222986813369984e-06,-4.703327772328232088e-05
-8.539949174583819197e-06,-4.260284086125866318e-05
-7.043123448477941616e-06,-3.874583792706109324e-05
-4.468679111553074630e-06,-3.576774619953473715e-05
-5.932230682582166434e-07,-3.412663873759813035e-05
-1.139373355081280584e-05,-5.811509903858134030e-05
-1.482829113817248027e-05,-5.704267028549276638e-05
-1.736740595893753901e-05,-5.611911579017299817e-05
-1.822702585891118694e-05,-5.548595473430714415e-05
-1.592479366075599031e-05,-5.653849546304853856e-05
1.391423765440813533e-05,-4.476007485138669743e-05
1.219323900693471677e-05,-4.097146121525188753e-05
9.225735905994955968e-06,-3.799196262656954364e-05
-5.967439780716982600e-06,-6.667048270215134519e-05
-3.042062885645348897e-06,-7.321814144043029351e-05
-1.400073099241112847e-08,-7.757859605676046242e-05
3.012085247711707878e-06,-7.970868700535267476e-05
5.894710098444589455e-06,-7.966779375457164116e-05
8.550445964413678809e-06,-7.760870054465930309e-05
1.083511715082935154e-05,-7.377783029659682541e-05
1.256467406109599423e-05,-6.856839683393021632e-05
1.367644830060250250e-05,-6.244702699393828746e-05
1.404210457493904916e-05,-5.590410699439482192e-05
4.166122935981550262e-05,-7.156626680971895976e-04
1.230841281844964605e-05,-8.604914413423625161e-04
-2.585735010491364724e-05,-9.683793948087472247e-04
-7.280218541014371191e-05,-1.012417178184720499e-03
-1.124894407766511401e-04,-9.676860603552441768e-04
-1.406091066350668604e-04,-8.403322663786587723e-04
-1.500659272434643908e-04,-6.718258697476232324e-04
8.000209699330596241e-05,-5.018628344127954236e-04
6.570978983750006800e-05,-4.595499933698096555e-04
1.441822393360487784e-05,-4.284627790464031849e-04
-4.880275702689982373e-05,-4.079256212141380814e-04
-8.976246032380989824e-05,-4.043881143688785084e-04
4.686023902546661719e-05,-4.076172811622929756e-04
1.375284125296056966e-06,-3.980069363485719855e-04
-6.634023949705458549e-05,-4.030784086932293975e-04
-1.290146776183065944e-04,-4.152683988615272982e-04
-1.707528751536606750e-04,-4.351856483088536922e-04
-1.738240704585351326e-04,-4.634101676225367648e-04
-6.097739854432915340e-05,-4.690179845305263986e-04
-4.871449146448202062e-05,-5.074075796286203581e-04
-3.657702299558083451e-05,-5.355528673740229863e-04
-2.463475475681976506e-05,-5.537422581609426813e-04
-1.308646325826511570e-05,-5.622343409252423532e-04
-1.842198203937683113e-06,-5.613252413110067637e-04
8.931093826105017023e-06,-5.513416819312659100e-04
1.875884435908037448e-05,-5.329104116724648265e-04
2.797622573389911359e-05,-5.066562387790019646e-04
3.614597698579283117e-05,-4.728908953299253322e-04
-4.119614696377435113e-05,-6.093207051106101183e-05
-2.102106970256524351e-05,-3.615154963293444151e-05
-9.198743734380537503e-05,-1.705623071049511405e-04
-8.623508980841081340e-06,-6.472818201085381122e-05
-6.416611704934602732e-05,-9.743009415774072084e-05
-2.459396698791509810e-05,-4.287289315393076383e-05
3.287520711698181528e-05,-5.191198472376161655e-05
5.691293511690931241e-07,-1.625221293743625822e-05
-1.766704941304100062e-06,-6.431341827914766731e-06
-1.260571252951460332e-05,-3.485273406274632258e-05
-5.359537256337831189e-05,-3.105516929542048970e-05
6.818137170662383090e-05,-2.279148550678496284e-04
-9.253296609427090816e-05,-9.965896464941934475e-05
-6.703051555563984646e-05,-4.951575143052635273e-05
2.640092269531630644e-06,-1.197684529839521799e-05
-1.014092991637972134e-06,-6.748669286047958202e-06
1.499043881709884384e-05,-3.838120966698274069e-05
5.420092816378622904e-05,-1.056588317579698963e-04
-5.138790328746046607e-06,-3.520007386796113386e-05
-2.217077705253081666e-05,-2.583719308036209984e-05
2.163496109741093991e-06,-1.150038019898513836e-04
-1.316057039199306975e-04,-3.079705797797621441e-04
1.444686227124767344e-06,-7.567346893071276249e-06
1.867628445244689368e-07,-3.597369203248147883e-06
4.204352530803100098e-07,-2.446364718702248453e-06
1.886815145683588485e-07,-1.287467202870282931e-06
3.859413901408087110e-06,-3.489621151990038300e-05
-1.767364702110005309e-05,-4.670862015949800824e-05
-2.119899526746113629e-06,-3.835770633570757338e-05
6.080409652233837545e-07,-4.408762047515472855e-05
1.705228747634758005e-06,-5.058639520718230770e-05
-4.821548577477759880e-07,-3.179759365331875885e-06
-5.199943648153235155e-07,-6.068369693591146267e-06
-1.764085386737465696e-07,-1.043233467300487249e-06
-3.352772560497860232e-07,-1.775124513412152933e-06
1.945010239936269130e-06,-5.989440519904789151e-05
-1.965218310313486530e-05,-1.867129363472901739e-05
-1.318931498589532149e-04,-4.416508337214030333e-04
1.989862315476224778e-06,-6.589454449562148590e-05
1.041625833116869196e-05,-1.953489567256164823e-04
-2.979126735207912373e-06,-3.392373196917347188e-05
-3.867324928616002020e-05,-2.201109951615654227e-05
3.092721950945938032e-05,-3.732324668890465557e-04
-9.658514778022609651e-05,-1.726258058064829629e-04
-5.585074498587438241e-06,-3.984235774275948376e-05
5.389821814625054603e-06,-3.104558620307106833e-05
5.519291021046405729e-06,-2.837093692930033940e-05
1.878873514823988546e-06,-1.973502567736362681e-05
5.130448205476845978e-06,-2.569407009727263326e-05
2.119265581634545582e-06,-1.923806355416906631e-05
-4.434536965105680706e-06,-1.002479082675514819e-05
-3.838104267426710699e-06,-1.033850459885232282e-05
-2.144693047785236240e-06,-8.397651762077094621e-06
-3.669830447400069344e-06,-1.108137695577903807e-05
-1.875117866455125268e-06,-8.972710788198967445e-06
-4.397210414416705368e-06,-6.158921066734692569e-05
1.361996527743982444e-08,-7.960958046248661719e-07
1.314645335589611411e-08,-1.342529945967494959e-06
-6.096752003487095901e-06,-4.903841093608682882e-05
-4.761070477288763259e-06,-1.160479572787175499e-05
4.172638338977777168e-06,-1.729238671677451201e-05
3.118200009636124020e-05,-3.105930141184618377e-04
-1.526443506683815505e-04,-6.020083048170880337e-04
-1.676127908872468612e-05,-1.208839692523652625e-05
-4.478466568470276336e-06,-1.285660324172032113e-05
4.912974520270065567e-06,-2.085042389716051874e-05
-1.850572457620409334e-06,-6.864399528159913406e-05
-6.635970446292243539e-06,-1.292628056219016548e-05
8.969819956363593173e-06,-3.279468689419129108e-05
8.214883693580170916e-06,-2.531765372895791098e-05
-7.075002815798578181e-06,-1.839428927360347768e-05
-1.561340595453185250e-06,-8.914786651492436723e-06
3.366734343503855488e-06,-1.651683395137949279e-05
3.129296179844719844e-05,-4.780498340252074341e-04
-2.091323799104126343e-05,-5.122192629528009278e-05
-1.304437053166892302e-05,-1.739154652744483815e-05
1.081977136651318618e-06,-6.954666672626683491e-05
1.610907373027496876e-07,-6.107254531269205152e-07
2.914641896805314617e-07,-1.046866472235210902e-06
-2.151910593654021546e-06,-8.017157728537521234e-06
-7.745042898669958947e-06,-2.313379596236946463e-05
-3.435506559455145007e-05,-3.216324583455783151e-04
-2.470965108885408403e-06,-4.088077653528974636e-05
-6.003354811996555718e-07,-1.255264921687958666e-06
-2.296889989072799500e-06,2.681817418511726875e-07
-3.594810139303224406e-05,-1.606247703648995019e-04
-1.037974879075569661e-05,-2.145283826991679590e-05
-1.400870593152208959e-04,-8.378517142643586218e-04
-1.258598623629074651e-05,-5.562025397976417205e-06
1.626503843217425987e-05,-2.548702550407637470e-05
6.687283899352336536e-06,-1.890930070244961245e-05
4.600889345347184472e-06,-2.287724892247701625e-05
-8.679711348110293819e-07,-7.418049018006740371e-06
1.399274303024422110e-05,-3.239151371059098143e-05
1.780202079283641964e-05,-9.282138419786334057e-05
2.086319724279785289e-05,-2.240429865923815561e-04
-2.571352245789563824e-06,-1.603891695551553354e-05
1.207227757634732458e-05,-3.958531477402297649e-05
-5.125904603613556987e-06,-2.212497011750163393e-05
1.262812011602834508e-05,-3.599053839667799653e-04
1.082023485428545665e-05,-4.430603073506176568e-05
8.894373000037745713e-06,-4.502689926052471617e-04
9.648471677371537973e-06,-5.193956065335470710e-05
-7.228205097503266337e-05,-3.090628860182056113e-04
8.938315719480627238e-06,-6.525802017345153669e-05
3.648174665572103805e-06,-5.198700265204664545e-04
-3.810477488480310409e-07,-6.290637224310690050e-05
7.088091404073443370e-06,-7.614256252769561160e-05
-3.637352592882980683e-06,-5.587650367221989791e-04
4.630172064364792141e-06,-8.048201122214064117e-05
-1.100427768988777915e-05,-5.611517642143682956e-04
2.183849141995659719e-06,-7.622823156776153725e-05
-1.818021444822171502e-05,-5.247935201037825939e-04
-2.648126383690569479e-05,-4.470328535174151498e-04
-1.242783179876025038e-06,-6.545400532292470171e-06
-8.796393583036136208e-07,-6.936403627750488888e-06
-1.018260776756682348e-06,-8.227841466377680649e-06
-3.688871702731805871e-07,-6.214955402991693896e-06
2.636771150802461076e-07,-1.375596239280435439e-05
6.681954421673629082e-07,-1.419230727027854081e-05
2.103357463891163382e-06,-1.685875873358852397e-05
9.537571678785762744e-07,-1.253966091442737288e-05
1.993040438280111341e-05,-7.161235363447648666e-04
-1.051122797900518372e-04,-9.773124156618254177e-04
-2.169177648668126778e-05,-5.977394782925970606e-04
-2.428583774888822393e-05,-1.259338137968525801e-05
-7.387908603216680345e-06,-9.105224416932007431e-07
-2.961826641515206832e-05,-1.661154499801151380e-05
5.158924778590176720e-06,-2.298709620950915215e-05
-3.806560614463452560e-06,-1.192820509520171999e-05
1.745171487594988391e-06,-4.976927410055843578e-04
-2.903271474566670418e-05,-3.887010003293370664e-04
4.317887786107776790e-05,-5.894355401456995272e-05
3.230168915819673790e-05,-5.754525718300288633e-05
2.216570634910091918e-05,-5.043178757376735026e-05
1.948644332738927733e-05,-5.617870877275397170e-05
1.054069283531235451e-05,-4.930148724040607012e-05
5.421975525861027601e-06,-5.518328291509955413e-05
1.486650780330290271e-05,-6.412556955098643811e-05
-1.837057406062540281e-06,-6.370319845737714229e-05
7.972184249146727728e-06,-7.530354987482627577e-05
-1.807164761078997684e-06,-4.806791897510909623e-05
4.284026631144235863e-06,-4.311220473959188106e-05
-6.618864454322547897e-06,-4.278282255406825902e-05
-2.228627770943957103e-06,-3.886424632223330739e-05
-1.171807280455482660e-05,-7.545321198666216252e-05
-1.265819678295687381e-06,-9.016642755324750288e-05
-1.336520205449184789e-05,-4.792105781239056013e-05
-1.010031840939270720e-05,-3.902465019512466710e-05
-5.626324721333993586e-06,-3.606565240697826849e-05
6.024446285979819074e-07,-3.632596621354928238e-05
-2.630067485226673773e-06,-3.428625378823253208e-05
-1.160784204399784145e-05,-3.653286360196740572e-05
2.466755579764807465e-05,-7.491233932843997063e-05
-1.827675793059329633e-05,-6.334026231454225285e-05
-2.401692185678118636e-05,-9.001565673819720182e-05
-1.359563186897848726e-05,-1.096403119940821000e-04
1.247716289006427837e-05,-1.088378458124215681e-04
1.303473321489862223e-06,-1.333530153815752541e-04
2.880006707385780897e-05,-1.312941261160425295e-04
1.901045822037066330e-05,-1.607284838203519291e-04
-1.484317367401915781e-05,-1.635586497198221142e-04
4.542143532201538825e-06,-1.975085958491345931e-04
-3.577399320708626824e-05,-2.016484147544682283e-04
4.694406219832624523e-05,-1.570039574874898352e-04
-1.557256457781854334e-05,-2.426825394088398384e-04
-4.194227692020985923e-05,-1.105558453357517843e-04
2.407828844536788403e-05,-2.385797678083333455e-04
-6.200973188062149164e-05,-2.457871365325445170e-04
-6.745947555473046108e-05,-4.056188462952126789e-04
-4.355098329835405769e-05,-9.896312377223371887e-04
-5.006031480659166826e-06,-4.470729605384052486e-05
-1.071443266024261709e-05,-1.525669490122107306e-05
-8.646911549126297131e-05,-7.855361853909783481e-05
-8.284160609954676062e-05,-7.859501902188876198e-05
-8.117618395228337472e-05,-9.393034371433080449e-05
-6.993954728135265116e-05,-7.394595132762244295e-05
-6.105903202986030364e-05,-8.570042708646879342e-05
-5.208008755143002329e-05,-6.785568529695279081e-05
-6.055147152368046276e-05,-6.000193682039617078e-05
-4.531816143347925741e-05,-5.528669894066523804e-05
-5.295884740177244038e-05,-5.000996716280599406e-05
-4.038351248186039782e-05,-4.653869665024155684e-05
-4.732055104599891857e-05,-4.275477137530407656e-05
-3.871937180819096531e-05,-7.874075242795774390e-05
-4.677817968924576742e-05,-1.018768145434391256e-04
-3.684658924612140512e-05,-4.013758141357074295e-05
-4.291851358810805486e-05,-3.730181195591770376e-05
-5.204214005399291287e-05,-3.982994133034182800e-05
-4.759195774035897660e-05,-3.507445902234857692e-05
-3.906110114251304318e-05,-3.285676466903728965e-05
-5.534861693843429160e-05,-3.717666550176199281e-05
-4.328319459632554985e-05,-3.112752022074032098e-05
-3.544256432517502007e-05,-2.884676763454069819e-05
-3.113183814787334118e-05,-3.093841818868136391e-05
-8.016407105924548346e-05,-6.721734700070528662e-05
-6.440362573472949344e-05,-5.422450636684954126e-05
-3.216989166568557897e-05,-5.159126068157876170e-05
-6.168474896110476529e-05,-4.281159770516112920e-05
-6.134667319107854351e-05,-3.672747985897568441e-05
-4.598597596635370073e-05,-2.606198686775127883e-05
7.406156832685930952e-05,-1.836635686197046595e-04
-6.056566959749419196e-05,-3.478956294702799119e-05
-6.290044636029029987e-06,-2.287340588680613544e-05
-8.428752668110056179e-05,-2.256209751259109786e-04
-5.749401146214011776e-05,-1.647115092053240946e-04
-3.567523086341729761e-05,-2.401182926179273598e-04
4.447890139636966538e-05,-6.435717516700291256e-05
-2.150872105414718715e-06,-5.211968703206553625e-05
-2.255883756292442508e-05,-1.530634368351754015e-05
-2.657604341437355794e-05,-1.868366011337163908e-05
-8.221355378149819090e-05,-5.236490541408397609e-04
-3.612806377852869960e-05,-3.872257956029811132e-04
-4.242714782253471576e-05,-2.856941364497719111e-04
-7.136622815012989948e-05,-1.322538727428822312e-04
-1.494012374200097605e-05,-1.399077881708654101e-05
1.636087949555325500e-05,-5.096611738986167909e-05
-2.844575777438157984e-05,-2.713008540173454905e-05
-3.178106350192506517e-05,-2.505860731345103048e-05
-2.490037372535157791e-05,-2.960010907695817049e-05
1.407271518500731274e-05,-4.108195372471019880e-04
1.043264415284303234e-05,-4.720890224960475995e-05
-7.839072532558882941e-05,-2.060737711024162981e-04
-4.367896131028631068e-07,-5.048626122136236706e-06
-4.651049060487629435e-08,-4.592563418185916051e-06
-1.805591058476958360e-07,-3.732075040020517155e-06
4.772863364805915299e-08,-3.386907859567305346e-06
-1.583389245012516666e-07,-2.728012056026709147e-06
3.327779543847060814e-08,-2.436752589147307050e-06
1.994236085265892465e-07,-3.307775509715401385e-06
-5.498470640680126899e-08,-9.912201173471433616e-06
4.936117190790881806e-07,-9.043799289099733034e-06
-9.839809462463142605e-08,-7.091336720554601159e-06
2.630605178263606818e-07,-6.471262547701291579e-06
-2.477247446366821095e-07,-5.013902935137371516e-06
9.568482208040046233e-08,-4.484988705850331554e-06
7.054344492403692924e-07,-6.571445954620379562e-06
-1.911900732201419153e-05,-9.300588063075049944e-05
3.529849667313108278e-05,-1.080687401460685214e-04
5.091484551435152006e-05,-3.037435459595030115e-04
-8.152770243920798348e-07,-7.006036796707270893e-05
-3.850235190110935866e-07,-6.974029557132714499e-05
-7.640997269587358192e-07,-6.727318539807523314e-05
-1.535353126354164628e-05,-1.797286284228357732e-05
-1.110513856728871755e-05,-1.403333867038255296e-05
-1.635490418003436118e-07,-6.292074192330915285e-05
5.562934258239273359e-06,-5.096810993289905092e-05
-5.010593196790951814e-05,-7.262463398747077492e-04
-9.388337901108518007e-05,-1.268231642551490078e-04
1.165786811139428352e-05,-2.915607039720446053e-05
-1.089539067092238854e-05,-5.362548085723570516e-05
-3.378857564409912202e-05,-7.480482252673572490e-05
-3.048784694356564337e-07,-2.159148717432884882e-06
-5.085776429976601691e-07,-3.924253208977766919e-06
-1.352655049216137904e-07,-1.922987260098775056e-06
2.469903361654105375e-08,-1.646052068362724902e-06
-2.585846777596319604e-07,-3.411415127829055509e-06
4.014271439715293613e-08,-2.910866227885799465e-06
1.122863873673283709e-05,-2.586377427788394431e-05
-9.355648997227043174e-07,-1.685963769119599320e-05
-3.039106079960367113e-05,-1.339979302577567425e-04
-6.315118310689321970e-05,-1.369721972210041923e-04
-5.166435084524094684e-05,-1.662481170208564090e-04
-1.100847734067200470e-05,-2.753149375118347459e-05
-1.334054640938095022e-05,-2.195210719961697353e-05
1.387968896170753630e-05,-3.187226682322750310e-05
1.227597203077617721e-05,-3.138217278033070447e-05
-3.656880224894930998e-07,-3.346102277050745459e-05
-3.320302573260030766e-06,-3.315672868641112331e-05
-4.155837911968012196e-06,-3.431142864803603574e-05
-5.026232724705597038e-06,-3.352988588953182038e-05
-4.533805559932491003e-06,-3.506188521700062823e-05
-5.163038391771868496e-06,-3.303203284670698091e-05
-6.917431621595114629e-06,-3.341862469423778978e-05
-7.612522342766039982e-06,-3.342484066260357285e-05
-4.353523862986952907e-06,-3.650520988350943385e-05
-3.666187278221353804e-06,-3.749509620060402103e-05
-1.638767475588600815e-06,-3.337839170989647758e-05
9.090501170755077616e-06,-3.559547546790474724e-05
-1.836726137518689068e-05,-8.101330523253375210e-06
-2.579831805054568405e-05,-2.361843891288930626e-05
-3.523674330607355154e-05,-6.274521640545079298e-05
-3.905904655461828409e-06,-3.974123978006718476e-05
-4.471315749501519027e-06,-4.258677856028627722e-05
-2.794892205136290261e-06,-4.263299514788505731e-05
-3.530714240892676076e-06,-4.618480952400422392e-05
2.201211754504637096e-05,-4.445677859794048387e-05
-3.156489266544883167e-06,-6.545717397305511240e-05
-1.694855668658346597e-06,-6.366641428556143296e-05
-2.453771304067379989e-06,-6.007674034445623069e-05
-3.934203186592602753e-06,-3.612324433200127932e-05
-2.270766871135849820e-06,-4.023181199927999770e-05
-5.317083803207040194e-05,-9.051249506903591077e-04
-2.427296763988322325e-07,-2.077888520489199973e-06
-1.267884059982871676e-07,-1.216425851631632871e-06
-1.666390611213504899e-07,-6.570162867265765146e-07
-3.001931230388764197e-07,-1.080465720005223042e-06
4.796205556701110855e-05,-5.846647235351154861e-05
-8.311096221461988377e-06,-2.039392066448481042e-05
9.709579910432137085e-06,-1.175823804948721550e-04
-1.559768901561754402e-05,-4.308974085335895307e-05
-2.409992192734887581e-05,-4.875397860880369849e-05
-2.149890968754427308e-05,-5.486328326253957016e-05
-8.554808962575231011e-06,-5.469169042725572716e-05
-5.389333889959137563e-06,-5.411456927230627329e-05
-3.198457237715629071e-06,-5.092899229028967465e-05
-2.158219799409087556e-06,-5.516438679270621739e-05
-9.222922431234572415e-07,-4.876924831714593908e-05
-5.031529993173259403e-07,-5.265000549589336483e-05
2.897613402986425477e-07,-5.645227867402612359e-05
-2.788781237787855903e-05,-4.412748028221443657e-05
1.129026986899263674e-05,-4.115201066541610247e-05
-8.249106177697927404e-06,-1.599116895764904263e-05
9.602780152363464154e-06,-2.954385836985715184e-05
-5.315547380644254637e-06,-5.814198156688423489e-05
-4.668822515466217653e-06,-1.380155228538623405e-05
-2.635059818148938836e-05,-1.832226761827741629e-04
9.523374602222405588e-06,-3.805993701922463838e-05
-9.373426498370181450e-06,-3.383364349510780512e-05
-3.390721375890201692e-05,-3.515708121431569076e-05
-7.650697971922393618e-05,-6.220350747308123077e-05
1.187923307683977455e-06,-3.271397021195398455e-06
3.347613992748744805e-07,-3.270849311633436151e-06
1.629868990418525396e-07,-1.784813612976801868e-06
-6.122587703953032516e-08,-6.190687079641904889e-05
-1.975981478958759466e-05,-5.021917643318840564e-04
4.864457611527833074e-06,-6.147638320390737298e-05
-1.824992184347537532e-05,-7.418388295696781232e-05
-4.670312732759251548e-06,-3.606324490837872326e-05
-3.931732535349882491e-05,-2.656288351651384000e-05
1.237558202077603956e-07,-4.404066828925351576e-06
1.159487232543420267e-06,-8.991445528032969897e-06
-8.082277809811366052e-06,-3.428266353473130503e-05
-1.272557481403988857e-05,-3.533727243081236281e-05
-1.686058357442314791e-05,-3.753464075886606789e-05
-1.695459620600837149e-05,-3.954847090774513878e-05
-1.345104163811314423e-05,-3.378652037723168015e-05
-1.324834256082237759e-05,-5.511759436147298588e-04
4.447872819489396988e-06,-7.367022712778490019e-05
8.742836853884964698e-07,-7.071404963997030360e-05
-5.623922351196750097e-05,-5.552044512610627026e-04
-2.236513667718871166e-05,-4.915529359093535151e-04
5.847625695838397724e-06,-7.933919132925492334e-05
3.414834385976031841e-06,-7.947472703036145597e-05
-7.567693727514256775e-06,-5.647781438821973272e-04
-1.456552347240248988e-05,-5.479060529312011112e-04
1.135784389766176420e-05,-4.209806014748512597e-05
1.772960750514262262e-05,-2.944342887548920609e-04
-3.830621917317172332e-06,-1.963069548424891341e-05
-3.487071748443452539e-05,-5.338445863404263868e-05
-4.726338649895156150e-05,-7.035426637110579360e-05
-2.945246430921203828e-05,-4.740148969004344745e-05
-1.997418191060823227e-05,-4.101661383642131697e-05
-2.748352715676474051e-05,-3.789199510349603735e-05
7.882079442202075866e-06,-2.913150721508764177e-04
-1.386086326742826450e-05,-5.410034591676639575e-05
1.643832863820183750e-05,-1.992063115691899392e-04
-7.793167528752287370e-06,-2.274718871989210434e-05
-1.190185098934448270e-05,-2.942314088643540528e-06
-2.650186333182346295e-05,-3.346620460409737834e-05
-1.126391252319706711e-04,-2.518413961732948974e-04
-1.371365427563655908e-04,-3.668828996104093478e-04
-1.852237538398604467e-05,-1.561493554000534473e-05
-1.549354005422838088e-04,-5.199337283574224271e-04
-7.630445593371281156e-06,-3.425220906698422105e-05
2.699044647104061997e-05,-2.452405158139314202e-04
1.142077895801782337e-05,-1.500831499319873097e-04
-2.208296282482562502e-05,-1.366267052506520022e-04
-3.476786300024518731e-05,-2.402958897081461213e-04
-2.677993577442323906e-06,-2.892496412359094992e-05
-2.505090017312537426e-06,-1.736544767891041235e-05
-3.136570725902197330e-05,-9.253243678310824527e-05
-1.209986058480269176e-05,-1.877095549955194189e-05
-8.902547956535635470e-06,-2.298598422586937141e-05
2.217567426607539838e-06,-5.416854443826474893e-05
1.239072570583483671e-06,-4.722159104465500511e-05
5.770035354991561278e-06,-3.556278876580836086e-05
-6.407237724882775496e-06,-2.285661264406496103e-05
-7.863442269545412521e-05,-9.197882957853989374e-04
-8.800226016270691794e-05,-3.939753778296191757e-04
-5.113684713043319065e-05,-3.326284730662830332e-05
-7.434348238811291528e-06,-2.355558893131825401e-05
1.941969993170444811e-05,-2.845630174828243713e-04
4.160386283432340011e-05,-2.003583243971655782e-04
4.606690684210366352e-05,-7.778878003333297752e-05
1.621156426679615348e-06,-6.801177786998254806e-05
2.110977958155634758e-06,-6.326787361890316003e-05
-7.214686261202210571e-05,-1.170891112859044994e-04
-5.469467151266334113e-05,-8.266337044969300702e-05
1.751779915969939959e-05,-3.940564492371764803e-04
3.737127170566769926e-06,-1.151878012767848457e-05
7.327540745097482094e-05,-1.439300047964187546e-04
6.577914812643515766e-05,-1.544352431011585284e-04
-4.507113826030374835e-05,-4.436058651339708968e-05
-1.361166761950931194e-04,-7.258094197542180404e-04
5.715392942934782562e-06,-5.802997108047001961e-05
4.015961123144332073e-05,-1.077398611754649298e-04
-1.474433761305570129e-05,-8.612575191680878783e-06
-2.091968031641018160e-05,-2.195000501363984465e-05
-6.231825993069106142e-05,-3.466277413608741525e-05
-5.578552342127417009e-06,-3.424130341669376739e-05
1.080625330983642399e-05,-4.200520458047754145e-04
1.246828478442807318e-07,-5.265575520240481508e-07
2.136070519168130977e-07,-8.843216523947129370e-07
2.403029044518733583e-05,-4.096046508962251600e-05
-7.473009124662124557e-05,-1.014742833739236839e-03
-3.233144236998006287e-05,-6.255468935128117441e-05
2.795447396966500100e-06,-3.469151402382503419e-05
-4.923761963505568938e-06,-3.344332452960665006e-05
-7.316385444415570544e-05,-6.459472128496803053e-05
2.997337925530568726e-05,-6.418327408115431624e-05
-1.980765191931835127e-06,-4.908564717621080343e-05
-9.375749452828366988e-06,-1.471041413549831619e-05
-7.512950736899994106e-05,-3.345463500020075384e-04
-2.335608794852051254e-06,-4.251556856285575747e-06
3.054859285752441257e-07,-6.486458824892814604e-05
-2.400514148300479734e-05,-4.281892417379539709e-04
6.519752776369617686e-06,-4.952168904346113901e-05
-1.370136623586067011e-07,-4.478595386018796277e-06
-4.606915640793761327e-07,-6.869467612116913287e-06
1.895257052163100156e-06,-8.977348495590772290e-06
2.394621992431235972e-06,-1.381024068405423988e-05
-1.724202250730068214e-05,-1.686746294425666500e-04
-6.935530462212872603e-06,-2.351761343140925420e-05
-2.503470864257009510e-07,-1.036111773363794080e-05
-1.141810497080828842e-06,-4.707530007061142584e-06
5.924477245070805312e-06,-4.769692901444461548e-05
1.575719848969421593e-05,-3.603810485272579541e-04
1.988203076534046074e-05,-8.980163757550038695e-05
-4.690338703634623088e-08,-3.371325222645594992e-06
-7.183047323916239772e-05,-5.796755296411252375e-05
-4.037556640632817831e-06,4.264498901973335123e-07
-6.398945440365278225e-06,-6.186296894015014635e-07
-5.788035119556557060e-05,-4.602904908033598943e-05
-2.592679071554610161e-05,-3.824091316875600035e-04
7.640417634486772002e-06,-4.585617122780045519e-05
2.774571526023773255e-05,-5.853494766502635119e-04
5.158428822218836396e-05,-1.301913233933446969e-04
-2.106393790335967771e-07,-8.811964010035060781e-07
-1.178631004365583128e-07,-5.365432995884750962e-07
-4.673392545066678402e-07,-7.033969773466508746e-06
-6.838785182433656194e-07,-3.534479989280840486e-06
-6.031966335698041943e-06,-2.118660662249186635e-05
-2.940099387659330215e-05,-3.239007980951171331e-04
8.427858289850774309e-06,-4.323911752563373975e-05
-2.118870806664752972e-07,-1.479434447379267570e-06
-3.963784035560810311e-07,-2.603584834100558253e-06
-1.120520977922683446e-06,-4.524705562963170181e-05
2.813049892094420178e-06,-5.702454438538537084e-05
-2.893489089015576293e-05,-2.535666691332996497e-04
-5.432322552351416315e-06,-1.799439823923843480e-05
9.033766518472636446e-06,-4.081306558626323760e-05
5.819959800141983096e-06,-6.723245171003810377e-05
9.008542974429425005e-06,-4.713511302632065331e-04
7.278239771416228178e-06,-3.721408275343024067e-05
5.574750374341671227e-06,-7.392209402885081479e-05
5.282323163062309941e-06,-5.100314201441693293e-04
-4.382955218455449276e-07,-4.117933816613447191e-05
6.185321844339213752e-05,-1.830853998013114549e-04
8.796784422570120963e-07,-4.930823869405783366e-06
2.488400163202447363e-07,-2.369055873643617374e-06
1.409750022770583996e-06,-5.382324980920270754e-04
5.267235037176669987e-06,-7.833072969141451395e-05
1.869688907360197969e-05,-1.533001457164061309e-04
1.281936954241210978e-05,-3.638523875026842766e-05
-1.650448724046403472e-06,-1.167425106501110886e-05
4.717963733926993517e-07,-4.736334764139058435e-06
1.915428059415374098e-07,-2.477156900954747704e-06
4.941987942879802915e-06,-8.040713743858529737e-05
-2.429643819454369463e-06,-5.563307716684964170e-04
1.071793357686031670e-06,-9.177009626994639825e-05
-3.820011289803977875e-06,-8.878270882042340868e-06
-2.236809369938998614e-05,-1.130527509907981140e-04
9.998351452920427855e-06,-3.436228815502933865e-05
-6.305739740767077470e-06,-5.643886278100129382e-04
4.640660920620149244e-06,-8.019900505964384810e-05
3.328708938868517004e-07,-1.657161020685525408e-06
1.677398374840804241e-07,-9.203000964686404925e-07
-9.990071705366531093e-06,-5.624294903473794861e-04
4.463808380630365148e-06,-7.781535136030555541e-05
1.055590395378412832e-05,-1.979788358840658087e-05
-7.768147233227750141e-06,-1.782017482065331038e-05
1.816274031193742744e-05,-5.196513084928353781e-05
1.546689502488680606e-05,-2.859460558072195256e-05
-3.263463522635062945e-07,-5.431921873455534174e-04
8.004731132118879012e-06,-7.119405952798491400e-05
-1.350714325266386454e-04,-9.164418358980531846e-04
-4.536402918699767553e-05,-9.120125085425630901e-05
4.565121536555923723e-06,-6.798857707792585069e-05
-1.657888413102328909e-05,-5.306612860811213373e-04
5.494040532549826349e-06,-4.884139796178039094e-04
9.263991921305039825e-06,-5.859615274333546911e-05
2.774599090937224868e-07,-2.018061973064745733e-06
1.523112234013402327e-07,-1.153146103925309457e-06
-2.224453491135217715e-05,-4.672652624318559427e-04
5.489179621097414272e-06,-5.490149115366264388e-05
2.229143456144114031e-07,-1.725893766597391063e-06
5.832420140323285214e-07,-3.448665717472459895e-06
-7.412778480697957968e-05,-6.160596691150336895e-05
-2.131594863974564677e-05,-3.205613112103279980e-05
-1.133222144839482042e-04,-2.109390899920385819e-04
-1.026723051804104858e-05,-3.067240689027843395e-06
-2.738981312891408925e-06,-1.064836979785684159e-05
4.139431734508916711e-06,-2.225437892480577239e-05
2.510820195365910979e-07,-7.030242980724677869e-05
-7.209443439845870484e-06,-2.167199313009830712e-05
-2.651743581669863437e-05,-3.389293365610935769e-04
-8.930144695604828073e-05,-1.411955687619596952e-04
3.636316718085596172e-05,-8.775795941501867000e-05
9.830408410465632383e-06,-8.384366886254537724e-04
-1.393966003516260968e-05,-5.302742153303814947e-05
-3.343814893744471860e-06,-3.658348809204696212e-05
-9.009183064848735954e-05,-3.992561775285284045e-04
7.078639653526125232e-06,-2.727440068291575766e-05
-5.336265164353490035e-06,-1.292628109080044786e-05
-6.552375316648698458e-05,-4.991646092668804028e-05
3.358585511942143288e-06,-1.846358790781725635e-05
-1.656688870363723171e-06,-9.233208100493969406e-06
-9.178185836934441594e-07,-7.706454795662712751e-05
-7.214138711822846366e-05,-1.071604379880893162e-04
-2.220886051439745814e-05,-5.795680642731342779e-05
-1.825611558448035090e-05,-1.606739592459346488e-05
1.046818334006856236e-05,-6.970781545008065808e-05
-2.389685534462783486e-05,-2.049504354049343506e-05
-2.667741527227272436e-05,-2.359218577382267990e-05
-7.220937029177524192e-05,-1.003974111660219191e-03
-1.595648529025366205e-05,-3.647086582653686514e-05
6.523963472042970170e-05,-1.360120525883909697e-04
-7.523752418485430610e-07,-5.886338327366645503e-05
-5.690105812358780738e-05,-3.495070969578978868e-05
-1.750705080674296152e-05,-5.459507716179707470e-05
-4.676775739082527641e-05,-1.263889003254208888e-04
-6.453227317243744945e-06,-4.512113280798896175e-05
1.439416608023840670e-05,-4.588444875787717501e-05
5.314230595777634015e-05,-4.127144537347262297e-04
-2.130882505327933129e-05,-3.995789437375496441e-05
-5.948494779798731255e-05,-7.831552643446139123e-04
-4.758372615664970500e-05,-3.172462943480499400e-05
6.439456062657256057e-07,-6.707537070036023708e-05
-1.144031616311655665e-05,-1.542495101412936489e-05
1.330956639268481732e-05,-3.729755177534347971e-05
-1.923326497904314644e-05,-1.134334119471910093e-05
-3.250144763835597451e-05,-1.971708953823155978e-05
-8.847401617260158152e-05,-6.323741720162557320e-04
-2.536926328047716344e-06,-1.802480437500031899e-07
-6.346722463582416386e-05,-3.794074403188053238e-05
-1.044784987277592772e-05,-3.416579649534304454e-05
-1.374492257871146178e-06,-2.903475222156258619e-05
-7.786673690506453263e-06,-1.008330043774429492e-05
1.244802450915111401e-05,-8.505861878427814135e-05
-2.219386822288521078e-05,-4.401378725261676135e-05
3.008339228039696769e-05,-4.198378639691209080e-04
1.582105459376536706e-06,-1.204944445514208745e-05
-2.090885641233321334e-07,-5.907316661538294041e-06
1.123423337667044764e-07,-2.582527363985346116e-07
1.906664387125722857e-07,-4.248596051317856249e-07
9.653290022794502491e-06,-3.994038079457961200e-05
-8.157224875879595579e-06,-1.270081927784292310e-05
-4.226253163086970082e-05,-6.620714285929932058e-04
5.165285013864447848e-05,-2.524694505719478192e-04
-5.336368231489001007e-05,-4.419491429258474470e-04
-1.206869920196660120e-07,-2.895094642212619110e-07
-2.041889990310767381e-07,-4.627512597434902092e-07
3.916815038350595245e-07,-6.879417169394669057e-05
4.279044732844324222e-06,-3.963140101137934296e-05
-1.331115576929795918e-06,-4.270940875576150489e-05
-3.408421457740583928e-05,-2.278811734767069330e-05
1.387428911615057217e-05,-4.366392269578389884e-05
-3.111165257652597329e-05,-5.588861193608102187e-05
-1.466274344664052173e-06,-2.958803712816268992e-06
-4.678998265970129921e-05,-2.982223406657764366e-05
-2.074438622595282765e-05,-2.877192544953276177e-05
-8.575661954114926870e-05,-2.836315754409792726e-04
-2.904044287750060264e-05,-2.167362468876396790e-05
-7.551459439655748226e-05,-4.175890651228935714e-04
-1.169889266070112218e-05,-2.095808430533765895e-05
-1.718733182371995989e-05,-3.336972086825819978e-04
-7.217674907773859124e-07,-5.170481094784072259e-06
-1.627308382169790281e-07,-1.033152055358682317e-05
-1.662450569953760276e-06,5.032611533407661406e-07
8.751544972823907317e-06,-1.580266505480915870e-05
-3.816812324629647714e-06,-1.015283203863767010e-05
-1.312859580404977546e-06,-1.336541549474486982e-06
-1.042875026314286110e-05,-3.452192318553713442e-05
-4.109785299103079837e-05,-1.972427931704640752e-04
-7.122666313537762259e-05,-1.012365010172095684e-03
-1.523668500746847242e-05,-2.868008855376120753e-04
2.199881901645008379e-07,-1.041067938415280801e-06
-2.683856350892315767e-05,-1.122665706091624445e-04
-4.104420621639573430e-05,-4.693146882987189912e-04
-3.256978005313947734e-06,-5.737998362385416149e-05
-1.458001266361057697e-05,-5.280190671580206141e-06
-3.841005130198369952e-06,-9.323137667857882283e-04
5.539520490120148731e-07,-7.022680909051523621e-05
-1.915441200456647009e-05,-2.844847325664289547e-05
1.510944837994529975e-05,-3.407128149791665769e-05
1.450060970119537414e-05,-3.639905766878273504e-05
-1.664744671783014820e-05,-1.941864401137067641e-05
-8.201120487786655526e-05,-8.207829708005361406e-04
-3.447068582161961124e-07,-3.137192910777985486e-06
-4.064691265801599363e-07,-5.881256703273706926e-06
-5.590430186942420439e-05,-1.042043425935470445e-04
6.718878433588839692e-06,-4.274459086740650129e-04
-2.217483074773976269e-05,-1.773253425994369796e-05
1.596226043929218296e-05,-3.335791593122303719e-05
-2.246934565318121896e-05,-4.994581365872288059e-05
1.432610361856581985e-05,-4.570267597964221333e-05
3.693549515735755119e-05,-7.273320214452537165e-05
