Size 979,2
0.000000000000000000e+00,0.000000000000000000e+00
0.000000000000000000e+00,0.000000000000000000e+00
0.000000000000000000e+00,0.000000000000000000e+00
0.000000000000000000e+00,0.000000000000000000e+00
0.000000000000000000e+00,0.000000000000000000e+00
0.000000000000000000e+00,0.000000000000000000e+00
0.000000000000000000e+00,0.000000000000000000e+00
0.000000000000000000e+00,0.000000000000000000e+00
0.000000000000000000e+00,0.000000000000000000e+00
0.000000000000000000e+00,0.000000000000000000e+00
0.000000000000000000e+00,0.000000000000000000e+00
-4.738153833332778427e-06,-1.933742018565985771e-05
-2.079313118098972163e-05,-9.892403387467469904e-06
0.000000000000000000e+00,0.000000000000000000e+00
0.000000000000000000e+00,0.000000000000000000e+00
0.000000000000000000e+00,-7.797232905535928654e-05
0.000000000000000000e+00,-7.811991741062155280e-05
-4.839425011906875804e-06,-7.151224875557352881e-05
-1.179011404871834760e-05,-5.322497364888266637e-05
0.000000000000000000e+00,0.000000000000000000e+00
-2.494464786022686123e-05,-1.824059570348407052e-05
-2.273743911006166228e-05,-4.861007055506277262e-05
-5.695033737967909363e-05,-3.521916277886131576e-05
-6.526326233583469778e-05,-7.176401426986107608e-05
1.723771404704381105e-05,-8.072453774683848100e-05
2.310530565916220933e-05,-4.098598199739308435e-05
6.133135190134705080e-05,-1.241543232106136186e-04
4.890465587026161603e-05,-6.818853123477941079e-05
-1.499902914758769078e-05,-2.250544286515257232e-05
-6.146645696388173498e-06,-1.943430860764401439e-05
-2.558725522716696725e-05,-1.280248892140210493e-05
-9.688622261512944904e-05,-4.485037983374385814e-04
4.970091880677633393e-06,-2.654488063946066514e-05
5.197023898589127637e-05,-4.082344807113522838e-04
-1.544925353481644642e-05,-5.497500646554991891e-05
5.732547216366258325e-05,-4.120916273351652695e-04
-7.432125231699894118e-05,-3.206910485748505862e-04
1.034270286087427087e-05,-4.805716708914812484e-05
1.603445862006726944e-05,-3.574114992812620425e-05
1.424725505783172015e-05,-5.451626690253227945e-05
-5.432885727293605022e-06,-6.800678743172049450e-05
7.199078588406980770e-06,-4.650813991249827669e-05
-1.027087313153225289e-05,-6.548828150923976794e-05
1.419010490907928886e-05,-5.930088325213622307e-05
4.411876002925707271e-05,-4.741292964459605528e-04
-8.590066398429274696e-05,-5.156520942461085459e-04
-6.866230884669579097e-05,-3.720550756309243625e-04
4.390142119769693791e-05,-4.459108117239568136e-04
1.907676119019822527e-06,-2.559084514533450138e-05
3.494258699349943558e-06,-3.309970312137677789e-05
3.976694305748325195e-06,-3.863498679048279859e-05
3.940956150175240539e-06,-4.360576706798999116e-05
3.647261517648947788e-06,-4.818776541771995333e-05
3.006401637600875468e-06,-5.253677642940642484e-05
1.877785236525015649e-06,-5.720289401930627056e-05
4.775314091543301352e-07,-6.279382724876346196e-05
-5.854964251514724638e-07,-6.941610179632289100e-05
-7.536789955797483294e-07,-7.647279428521750898e-05
-1.358047625900993474e-07,-8.278782531054025128e-05
1.095146179149252095e-06,-8.777375525184762182e-05
2.810611034591927625e-06,-9.096196276022032727e-05
4.875732791567925226e-06,-9.202076637831004598e-05
7.142731519335668900e-06,-9.072299457121014142e-05
9.477643930413684551e-06,-8.695191419708188840e-05
1.174527231087673389e-05,-8.071275469004299849e-05
1.381552401777240711e-05,-7.212745005796132624e-05
1.555542460983394627e-05,-6.129081043312874591e-05
1.671127418273372380e-05,-4.829172881340422176e-05
1.639914918255582147e-05,-3.372108264860809544e-05
1.360755264094229800e-05,-1.919423271857582767e-05
7.838170918932051698e-06,-7.534864866950146381e-06
0.000000000000000000e+00,0.000000000000000000e+00
0.000000000000000000e+00,0.000000000000000000e+00
0.000000000000000000e+00,0.000000000000000000e+00
0.000000000000000000e+00,0.000000000000000000e+00
0.000000000000000000e+00,0.000000000000000000e+00
0.000000000000000000e+00,0.000000000000000000e+00
0.000000000000000000e+00,0.000000000000000000e+00
0.000000000000000000e+00,0.000000000000000000e+00
0.000000000000000000e+00,0.000000000000000000e+00
0.000000000000000000e+00,0.000000000000000000e+00
0.000000000000000000e+00,0.000000000000000000e+00
0.000000000000000000e+00,0.000000000000000000e+00
0.000000000000000000e+00,0.000000000000000000e+00
0.000000000000000000e+00,0.000000000000000000e+00
0.000000000000000000e+00,0.000000000000000000e+00
0.000000000000000000e+00,0.000000000000000000e+00
0.000000000000000000e+00,0.000000000000000000e+00
0.000000000000000000e+00,0.000000000000000000e+00
0.000000000000000000e+00,0.000000000000000000e+00
0.000000000000000000e+00,0.000000000000000000e+00
-3.463369220996126478e-05,-4.164188926411831209e-05
-5.631799373312439632e-05,-8.980933534905927900e-05
-7.165580575628525213e-05,-1.523355958618948707e-04
-7.941293548715770017e-05,-2.229628273655501463e-04
-7.960772267635435860e-05,-2.956060037577252120e-04
-7.214198684938493734e-05,-3.616646976920676244e-04
-6.104927278925586956e-05,-4.160815792710306684e-04
-5.014519852941349843e-05,-4.586741702377622617e-04
-4.059690932261342527e-05,-4.921173415944210755e-04
-3.056250086799213806e-05,-5.184239575600775151e-04
-2.016172057922865636e-05,-5.358355568570022636e-04
-9.561529842218031679e-06,-5.442011956534227330e-04
1.139853273206825217e-06,-5.432777193286284509e-04
1.180237070639774476e-05,-5.331321431492366770e-04
2.223570805156979829e-05,-5.138831863494875167e-04
3.230678013567398924e-05,-4.857581439412308761e-04
4.190296793518978320e-05,-4.491640304045842300e-04
5.092888447628014385e-05,-4.050557911729584502e-04
6.025427424396203539e-05,-3.524551126191858945e-04
6.911453032757713011e-05,-2.888289597132086771e-04
7.184557735292946320e-05,-2.145655137945454865e-04
6.203796119302707010e-05,-1.376852455940390501e-04
3.960445914497014077e-05,-7.096285374340527896e-05
0.000000000000000000e+00,0.000000000000000000e+00
0.000000000000000000e+00,0.000000000000000000e+00
0.000000000000000000e+00,0.000000000000000000e+00
0.000000000000000000e+00,0.000000000000000000e+00
0.000000000000000000e+00,0.000000000000000000e+00
0.000000000000000000e+00,0.000000000000000000e+00
0.000000000000000000e+00,0.000000000000000000e+00
0.000000000000000000e+00,0.000000000000000000e+00
0.000000000000000000e+00,0.000000000000000000e+00
0.000000000000000000e+00,0.000000000000000000e+00
0.000000000000000000e+00,0.000000000000000000e+00
0.000000000000000000e+00,0.000000000000000000e+00
0.000000000000000000e+00,0.000000000000000000e+00
0.000000000000000000e+00,0.000000000000000000e+00
0.000000000000000000e+00,0.000000000000000000e+00
0.000000000000000000e+00,0.000000000000000000e+00
0.000000000000000000e+00,0.000000000000000000e+00
0.000000000000000000e+00,0.000000000000000000e+00
0.000000000000000000e+00,0.000000000000000000e+00
0.000000000000000000e+00,0.000000000000000000e+00
-3.176597069662554318e-06,-2.622717752372371692e-06
-5.157080485102294871e-06,-5.929982466843042261e-06
-6.431417454825192153e-06,-9.742571918737594276e-06
-7.117092470992979277e-06,-1.345494179438324208e-05
-7.354369967431448358e-06,-1.663720223101228777e-05
-7.299866128933045049e-06,-1.892475081210700263e-05
-7.252542859654981944e-06,-2.036505955258529116e-05
-7.144104800554214897e-06,-2.121549979044033926e-05
-6.618803640455254505e-06,-2.141451045242801244e-05
-5.329996798194576419e-06,-2.044883517401863187e-05
-2.835906727108173916e-06,-1.686023679174290560e-05
0.000000000000000000e+00,0.000000000000000000e+00
0.000000000000000000e+00,0.000000000000000000e+00
-2.720621413516653155e-06,-1.769722348278865459e-05
-1.000622797116672228e-06,-1.517194690148328835e-05
3.735233934286973492e-07,-1.197994043364341966e-05
1.295997073131454042e-06,-8.408720181744016694e-06
1.668840168628272535e-06,-4.871986971482976032e-06
1.336406757974788256e-06,-1.895494041486577424e-06
-2.498556255840281756e-05,-1.324040889754291242e-05
-2.234446922191770022e-05,-1.601751502444932285e-05
-1.754860684638662359e-05,-1.807766606273501249e-05
-1.190575945352813159e-05,-1.945374367264949110e-05
-7.238403996020397091e-06,-1.986249398357600599e-05
-1.476140790643764108e-05,-5.345112238299496876e-06
-1.003214084015718896e-05,-2.451941910112686263e-06
-5.994006839924798670e-06,-9.409625705591113427e-07
-2.563977081688797994e-06,-3.634274183532982596e-07
0.000000000000000000e+00,0.000000000000000000e+00
0.000000000000000000e+00,0.000000000000000000e+00
1.411330269965704323e-06,-7.755368905344465417e-05
2.681095688149257444e-06,-7.651281722610039199e-05
3.791715335830956566e-06,-7.488996534078825695e-05
4.665827982894953350e-06,-7.279990394100172761e-05
5.295047165116067241e-06,-7.039601918384976180e-05
5.692739368802499572e-06,-6.779082859172126370e-05
5.943124967459217583e-06,-6.505636068207166123e-05
5.992327522573193855e-06,-6.226156472749209731e-05
5.832937843468783438e-06,-5.944395888957127442e-05
5.428219145266625074e-06,-5.667940838488822727e-05
4.737830431369327266e-06,-5.403958414295164276e-05
3.726410755892617891e-06,-5.160556186480976936e-05
2.421943675503510885e-06,-4.956415061173913305e-05
7.474483525233732840e-07,-4.788963986264939865e-05
-1.204884677459086668e-06,-4.674794114611028885e-05
-3.492844022398504080e-06,-4.621577546506515122e-05
-6.255100702101314299e-06,-4.622117896502898416e-05
-9.337596699002126223e-06,-4.701353576636504842e-05
-1.300671922035933188e-05,-4.849957478546378369e-05
-1.710347001602422121e-05,-5.079808187780132970e-05
-2.187508841822037014e-05,-5.410321905041316412e-05
-2.743726887684479852e-05,-5.849301363337537060e-05
-3.385177564466670491e-05,-6.435101679537236522e-05
-4.127585328097425281e-05,-7.178394422609213083e-05
-4.966807659347001670e-05,-8.138757759433587024e-05
-5.916029465608068597e-05,-9.378869675226428663e-05
-7.009608337470007576e-05,-1.095861892568481666e-04
-8.184863491601535859e-05,-1.299142909627942939e-04
-9.481514036296667138e-05,-1.574064752282228121e-04
-1.070820631665783207e-04,-1.895215349879396675e-04
-1.202252749770658653e-04,-2.236525275460016942e-04
-1.329396485397665092e-04,-2.623938050419893225e-04
-1.458168868681869630e-04,-3.071051193764184808e-04
-1.575447594160114611e-04,-3.592739863282667966e-04
-1.665073014026716570e-04,-4.191048127270451725e-04
-1.728746661720200796e-04,-4.894662688953664012e-04
-1.727495206856093839e-04,-5.665795752164019599e-04
-1.640772215353988796e-04,-6.416180717806625180e-04
-1.451818146086936287e-04,-7.095509495060062450e-04
-1.160708819520670063e-04,-7.653750610941954542e-04
-8.080089484383714388e-05,-8.050484460241731557e-04
-3.891821008379177567e-05,-8.201506904623239932e-04
1.175562786515639904e-06,-8.074511545397714332e-04
4.274421097815152363e-05,-7.672727150438402683e-04
7.489302530094825601e-05,-7.047602486492146297e-04
9.639537453732437361e-05,-6.276525890002502932e-04
1.071264107514531994e-04,-5.477755043470803947e-04
1.111583173066305237e-04,-4.710706122227133088e-04
1.118996811634110700e-04,-3.980982448588097104e-04
1.071051937872774697e-04,-3.264582985341197446e-04
9.726025719409268390e-05,-2.621298765067245655e-04
8.586568765431319011e-05,-2.105693704936966717e-04
7.229101294634878924e-05,-1.685237031677227376e-04
5.950170771754767691e-05,-1.356087408593166640e-04
4.712302987266697837e-05,-1.098066118396624020e-04
3.599252113875900161e-05,-8.993713734552135231e-05
2.688389574540736560e-05,-7.425784189463491606e-05
1.930794747862544733e-05,-6.205754329155997989e-05
1.332766137281372968e-05,-5.227482782692009929e-05
8.667270376800806245e-06,-4.431495842198565827e-05
5.094293177104868398e-06,-3.765893341839048416e-05
2.416741195275233742e-06,-3.184629377304563019e-05
4.279281494064821149e-07,-2.671612559700819282e-05
-9.225035606725397713e-07,-2.190876984499791458e-05
-1.900327684598912737e-06,-1.755805965495985609e-05
-2.553862362907484701e-06,-1.361932803038075785e-05
-2.872419037389831815e-06,-1.001396668447390903e-05
-2.983024415362928856e-06,-6.817255704543777550e-06
-2.936846881653649507e-06,-4.074240315749211353e-06
-2.755391609138935709e-06,-1.931753048464626598e-06
-2.398751731277139587e-06,-4.607133340292548485e-07
-1.830181911575097246e-06,3.723153293351949566e-07
-1.087487361900614096e-06,5.802892248259795804e-07
0.000000000000000000e+00,-7.822912607842750967e-05
0.000000000000000000e+00,-7.846190383914876788e-05
-1.767197191599959865e-06,-7.736810218566369374e-05
-3.462593495316675031e-06,-7.528477525237568877e-05
-1.721734171930907017e-05,-5.805490012535143561e-05
-1.955950525459065501e-05,-6.301379854141474311e-05
-1.719478734569428944e-05,-6.586715435034195393e-05
-1.349272642565173514e-05,-6.823885601278823355e-05
-9.074383764204538836e-06,-7.014865790597003890e-05
-6.369937962425816222e-06,-5.946003691977151033e-06
-1.054674289715306418e-05,-1.463893834306727348e-05
-1.278808156180976089e-05,-2.620631901603957388e-05
-1.326878933572476700e-05,-3.912757660530265518e-05
0.000000000000000000e+00,0.000000000000000000e+00
-1.530250493924070542e-05,-1.966796969064060630e-05
1.095989123520732270e-05,-3.549033918733575079e-05
-1.321414984253170587e-05,-1.755922986582145824e-05
-1.182079694648118937e-05,-1.874219590185577364e-05
-9.842440726828469077e-06,-2.029617583393281924e-05
-7.851284029201386413e-06,-2.065237472732990679e-05
-3.149320749270614081e-05,-3.510278212880053080e-05
-4.937641978129295406e-05,-3.833420055566998114e-05
-5.498823219151903913e-05,-3.464799103103909512e-05
-5.102919539534136827e-05,-2.789783423711979116e-05
-4.297545184588696054e-05,-2.152393908648017238e-05
-3.399646857008553489e-05,-1.642294265074884345e-05
-7.137230308810497318e-06,-1.720391436097195182e-05
-1.130261713278658264e-05,-1.534473000083607340e-05
-1.640044998607514409e-05,-1.415592123140543222e-05
-2.119311435966797410e-05,-1.332474651834275957e-05
-2.458419976008341750e-05,-1.286968605901833671e-05
-1.029560833573537292e-04,-3.500793267292453236e-04
-1.023674459976065942e-04,-2.712631429971954053e-04
-9.650524736916209917e-05,-2.078814941549334547e-04
-9.018329494679992123e-05,-1.591976886131003799e-04
-8.099607461698608748e-05,-1.194001167629406675e-04
-7.048044741210699967e-05,-8.580230996596828713e-05
-4.885056793545980479e-05,-5.841275121928266441e-05
-2.160199327520532955e-05,-3.674308409440287925e-05
-1.256516886994944943e-04,-4.632639095932985216e-04
-1.142402387936852960e-04,-4.713124737963423185e-04
-7.711072889885045556e-05,-4.729847645666263966e-04
-2.717799564440471526e-05,-4.688040144745156813e-04
2.213954835421087078e-05,-4.586874799115719025e-04
5.132035602704139514e-05,-4.358070367641290912e-04
6.659643496213846138e-05,-3.412864017286748467e-04
7.361876176501783078e-05,-2.738135371305302958e-04
7.402280403283039031e-05,-2.050322554674815991e-04
6.782603100704024876e-05,-1.394070780540792882e-04
5.437760364432880905e-05,-8.324083880579520405e-05
3.238423378762788832e-05,-4.125281175203220107e-05
1.248574148923122961e-05,-7.797041061469364156e-05
3.947228700975835076e-05,-1.155044445710634316e-04
6.061758537456235295e-05,-1.593040140551885500e-04
6.698424890222270652e-05,-2.112341491001630198e-04
6.916740614959637355e-05,-2.675548343628114602e-04
6.615977154026971669e-05,-3.337774112951339637e-04
-4.680682693693749010e-05,-6.754185183677163492e-05
-7.003281927286518927e-05,-1.129460292453491292e-04
-8.202314184196778807e-05,-1.752297373975020538e-04
-8.376544007286831873e-05,-2.440511816639901507e-04
-8.112024170391897383e-05,-3.570015189599996135e-04
-5.714753757856097147e-05,-3.887096930749848220e-04
-1.034289586909602797e-05,-4.063407762882395168e-04
3.620171108200264819e-05,-4.163081106854747281e-04
6.447243011488845048e-05,-4.183095522278709169e-04
1.657280994689973728e-05,-4.696702139978083188e-05
2.437600031959369815e-05,-4.912576994470577163e-05
3.259450821965615796e-05,-5.349431713490905197e-05
3.985457287931449736e-05,-5.895170229392133278e-05
4.236853378000940152e-05,-6.209304013938732780e-05
3.062052874564402427e-05,-5.537132149533052257e-05
1.246963501358931117e-05,-5.118644359114012582e-05
1.506663925681983639e-05,-5.358343298576207707e-05
1.618682672479876788e-05,-5.474811492087105575e-05
1.463971656766176085e-05,-5.064046327174997163e-05
1.532677847044793684e-05,-4.649429539739538634e-05
1.621677131500481509e-05,-4.198695382465767183e-05
1.712929624459104432e-05,-3.691162609497856864e-05
1.760765314167218857e-05,-3.154220353172960067e-05
1.698473546158601295e-05,-2.708380830929110761e-05
-5.696029113048103230e-06,-6.556030393646901280e-05
-5.890497136406688853e-06,-6.199445872594698797e-05
-5.692291612485154396e-06,-5.813561303636443403e-05
-4.906330201410259252e-06,-5.426730408369008637e-05
-3.459045117138463539e-06,-5.078866325597533116e-05
-1.108023032817712616e-06,-4.796199080130667848e-05
2.359451252504319403e-06,-4.619167026484289430e-05
-9.891842027611677201e-06,-6.619784872360822878e-05
-1.428716057487443415e-05,-6.465877890216413797e-05
-1.793454473619834680e-05,-6.337192599834210577e-05
-1.980188885409087446e-05,-6.249801007536627876e-05
-1.800460071590987909e-05,-6.366167739314588820e-05
1.553479460873526000e-05,-5.527299771498077097e-05
1.409523816629572283e-05,-5.162045023695257596e-05
1.113746116653911322e-05,-4.897262043900543402e-05
-7.479436642401889664e-06,-7.531627468238639642e-05
-4.424285163587727155e-06,-8.292098782909128394e-05
-1.245877724186799867e-06,-8.818877050803425083e-05
1.951332957882117763e-06,-9.106386864315205566e-05
5.024265567475587444e-06,-9.158968503519456514e-05
7.894088667667061333e-06,-8.990182133468035389e-05
1.041689601863802747e-05,-8.622729891270239670e-05
1.239916955279720485e-05,-8.094405580834266418e-05
1.379082024888788019e-05,-7.450231707711389955e-05
1.444998995685016117e-05,-6.737425247577411545e-05
3.389619141880953647e-05,-5.963497847904424085e-04
1.382960242811146067e-05,-7.032182023623337330e-04
-8.428455927325776247e-06,-7.836504556527203007e-04
-3.301030276710703034e-05,-8.249816066086091771e-04
-5.357611446369107879e-05,-8.133906160570069386e-04
-7.091949296458944043e-05,-7.471687748564569782e-04
-8.271161353116149133e-05,-6.438182401996513961e-04
6.246658331764037343e-05,-4.303212754409786755e-04
4.622733578067318044e-05,-3.965867763175343324e-04
3.967430711729367190e-07,-3.723663080318147960e-04
-5.379960595056175866e-05,-3.570680020331655643e-04
-8.633392786464419617e-05,-3.567739641572891169e-04
5.423919004453913367e-05,-4.282965778133534184e-04
2.055227588104834504e-05,-4.215422695386187571e-04
-3.348989383855010220e-05,-4.277179980876848588e-04
-8.426646808458485526e-05,-4.398934761740189007e-04
-1.183699852592806059e-04,-4.585820306922696026e-04
-1.207872183802291636e-04,-4.842835800937358623e-04
-6.016911714023944304e-05,-4.220060692830125389e-04
-5.066585793607731420e-05,-4.632361809608966660e-04
-4.067855897842648585e-05,-4.962917928083405116e-04
-3.028365871459685690e-05,-5.209914612316503659e-04
-1.966963608285010251e-05,-5.370886971668206028e-04
-8.758322568844439528e-06,-5.443828584071347008e-04
2.306072366923470215e-06,-5.426976987450888874e-04
1.303330785242815092e-05,-5.321483163715881896e-04
2.378409200175247352e-05,-5.128698323637038937e-04
3.404961168449304062e-05,-4.847654539823303098e-04
-3.037151174999616732e-05,-6.620610470247197598e-05
3.460036972602869962e-07,-3.982905454212318572e-05
-7.198371525064926771e-05,-1.664636652595810607e-04
1.855567661453614575e-05,-8.076107625172807090e-05
-4.971986557835005337e-05,-9.876202059808473490e-05
-1.621845197959250907e-05,-5.133259936503150597e-05
3.159717063239692709e-05,-5.770070975189394840e-05
4.247655559040222574e-07,-1.518535119182374292e-05
-1.836956062429717193e-06,-6.826463348783891953e-06
-6.366035629370441475e-06,-4.568275008505442612e-05
-4.332962614769270040e-05,-2.913682543626934103e-05
5.802137828883984741e-05,-2.071736340165381668e-04
-7.960142620454287578e-05,-1.218004359356671687e-04
-6.021459353184698530e-05,-5.602897987125967955e-05
2.353373491843931398e-06,-1.174546720418915820e-05
-9.722730494708759446e-07,-8.025106202538159723e-06
1.633650351979471082e-05,-4.794334551850103595e-05
4.852217638552344306e-05,-1.018615619514780327e-04
-6.507882415729036425e-07,-4.697667573867101803e-05
-5.162679991350629795e-06,-2.455894580249472775e-05
3.066797344407083730e-05,-1.440508484834977408e-04
-1.024007764638032154e-04,-2.791172482289091660e-04
1.329896673037867315e-06,-7.280748473872204639e-06
2.154057776416450087e-07,-4.132556784378239150e-06
3.986509436640976724e-07,-2.350870941029196119e-06
2.076089264186293443e-07,-1.415871049841652149e-06
6.604443054458285838e-06,-4.618073371768686248e-05
6.487906563696370719e-06,-5.561078999046973302e-05
1.413901133260161626e-06,-5.010452334542668073e-05
3.180005051541832417e-06,-5.524869768089161922e-05
3.557663016246284078e-06,-6.085391499239276790e-05
-5.541625181744344802e-07,-3.470989492298847508e-06
-5.246766337280490372e-07,-5.791167310200356252e-06
-1.973740323346805197e-07,-1.128619004497703422e-06
-3.227958048851147325e-07,-1.711046869182578888e-06
3.079152874345500541e-06,-6.878314073359027684e-05
-5.732127131222467260e-06,-1.554900725117984019e-05
-1.004465305694385156e-04,-3.863830719868618555e-04
2.637199511604821709e-06,-7.405891108435771217e-05
3.755915928153855826e-05,-2.361910309884549008e-04
4.651789815130634169e-07,-4.609432085029696314e-05
-2.627100606138122114e-05,-1.824143701133792132e-05
2.600845364266703280e-05,-3.296378814945405845e-04
-7.270869539292863358e-05,-2.074609990289410578e-04
-2.165359288451779177e-06,-5.175255972457190969e-05
4.862196958355335389e-06,-2.880846553486336045e-05
4.870503367206095221e-06,-2.657200060052582993e-05
1.555533435455904075e-06,-1.859856612646546350e-05
4.442100400141486657e-06,-2.433364277091102309e-05
1.762197999116990163e-06,-1.829107252859809543e-05
-4.312276631394771378e-06,-1.055543957531582372e-05
-3.888920392132238371e-06,-1.121849085447199418e-05
-2.292676098011405716e-06,-9.130149515686287470e-06
-3.831502330767173257e-06,-1.227839848351497713e-05
-2.056297530737669397e-06,-9.934225168209132785e-06
-2.622673673558288734e-06,-7.026657771595892820e-05
1.292607339597096667e-08,-8.578338909702078185e-07
1.227823383098326670e-08,-1.295808822114511836e-06
-3.156909053887561273e-06,-5.978087301282376202e-05
-4.740281414909653121e-06,-1.381291328700938761e-05
3.495240590198964730e-06,-1.721680187842275530e-05
5.410454800244342722e-05,-3.580216760770640492e-04
-1.140851698263757163e-04,-5.116961168946316304e-04
-5.925182890951834657e-06,-8.635860888892578946e-06
-4.601388583730935528e-06,-1.494564883864713912e-05
4.158280801049235256e-06,-2.042478691568389330e-05
-1.081282524512398237e-06,-7.674798663531618738e-05
-6.650576430256120482e-06,-1.437921126666745043e-05
7.908063815897561284e-06,-3.094837651182787564e-05
7.033364697830962636e-06,-2.510263984775527919e-05
-6.920590693298990222e-06,-2.142450978097519150e-05
-1.624103876892044406e-06,-1.034427039275245363e-05
2.947114791134281079e-06,-1.603141943049938173e-05
4.807426414511382310e-05,-5.059701924892444965e-04
-1.846318663106982685e-05,-4.609337600317382826e-05
-1.246381227180020149e-05,-1.720162525057736358e-05
1.340284533388649647e-06,-7.735567525431525271e-05
1.748193059229412804e-07,-6.585277599361160690e-07
2.798165727627697186e-07,-1.010018106733940601e-06
-2.526807589240902094e-06,-9.009577980559402004e-06
-7.250362398689874710e-06,-2.075719098751333891e-05
-3.108248038103228044e-05,-2.811448254680739309e-04
-3.105192918781308138e-06,-4.616584096298031987e-05
-5.643521742323689762e-07,-1.104150264690540383e-06
-1.031909053686218382e-06,2.302241572185670031e-07
-3.172575270170226890e-05,-1.398515864370960410e-04
-9.784653945372885723e-06,-2.016700275438304760e-05
-1.020554334402254274e-04,-6.858356663303759489e-04
-4.962241783935086422e-06,-3.152622324998405129e-06
1.544315080310425128e-05,-2.538909636013121564e-05
8.887088809680519360e-06,-2.287137684196989957e-05
4.995982428697118597e-06,-2.575577150921243909e-05
-9.192540895408055882e-07,-6.416874655449190457e-06
1.365656436649915265e-05,-3.373908456533873700e-05
2.044773384440663115e-05,-1.001553069895344528e-04
2.362893332723892123e-05,-2.362081520591502502e-04
-2.519520584734663332e-06,-1.377694121531939270e-05
1.202085540158750276e-05,-4.428212040233884286e-05
-4.798845268377889351e-06,-1.901083360660706120e-05
1.503426660010555488e-05,-3.751371862841685885e-04
1.069026953864481589e-05,-5.274598180321583211e-05
1.059823977952174943e-05,-4.651622252732577059e-04
9.504904901926283185e-06,-6.296823497579993704e-05
-3.861099158104384834e-05,-3.522935912365835051e-04
8.648242550885816926e-06,-7.751849707400286136e-05
3.718486722167812011e-06,-5.235949492817356310e-04
-9.815509529446270349e-07,-7.096468649392914695e-05
6.660555503381998590e-06,-8.858297101169586762e-05
-4.339080725812150387e-06,-5.463708133766881749e-04
4.137988198320865172e-06,-9.217313265114447684e-05
-1.113365087375088518e-05,-5.319508700677101545e-04
1.641392501514862918e-06,-8.642619332485887711e-05
-1.753128557946798027e-05,-4.824878884374331363e-04
-2.432071449424772345e-05,-3.989783708624602900e-04
-1.390702172414289661e-06,-7.154198885164617595e-06
-1.016417107092390787e-06,-7.684196706567067133e-06
-1.145510738053401267e-06,-9.263128475955449291e-06
-4.522622585937564770e-07,-6.954769778131800180e-06
1.201801544281453078e-07,-1.305072144692115883e-05
5.056427468349296160e-07,-1.353743911865942785e-05
1.804980307304511212e-06,-1.614294324606246997e-05
8.100325259588835509e-07,-1.200905624140392874e-05
3.049038230957774466e-05,-6.723755824498435767e-04
-7.355776435148247147e-05,-7.873218324137472041e-04
-1.442591968886141861e-05,-5.068507376763841570e-04
-1.315970266112472538e-05,-8.411884694068208647e-06
-3.097501625189304937e-06,-2.032854400788508445e-07
-1.738993469722972647e-05,-1.232490927958189028e-05
4.425648777060610969e-06,-2.214007264648616566e-05
-3.979828951729686786e-06,-1.362073221629143763e-05
3.267326592264106509e-06,-4.294037850181290283e-04
-2.094589223737263199e-05,-3.430417642538313738e-04
4.013618174305499605e-05,-6.223933620708231411e-05
3.126144473585601614e-05,-6.189125972709620172e-05
2.282529505467384168e-05,-5.671992147715725714e-05
2.072065418764749531e-05,-6.131924888041755009e-05
1.322111558520169933e-05,-5.603511152221193778e-05
9.052505273601244427e-06,-6.089577558744901329e-05
1.692223277055944115e-05,-6.814461443403964814e-05
3.057982257622254648e-06,-6.827831283937044258e-05
1.121071805875334110e-05,-7.811289557719760688e-05
2.914027158380628246e-06,-5.520360220217995431e-05
7.868487490021865591e-06,-5.127756105366600695e-05
-1.237274197225960536e-06,-5.107390631107567772e-05
2.287379605644017713e-06,-4.812679099410086626e-05
-5.139321122661958192e-06,-7.875504430471983277e-05
3.545232318254015950e-06,-9.156731449856988613e-05
-6.801347289411602444e-06,-5.518466145960154121e-05
-4.259254121299420158e-06,-4.825973679528341504e-05
-6.827346806527023696e-07,-4.616404014245915433e-05
4.467712999161301174e-06,-4.638761572385291380e-05
1.597354493708141712e-06,-4.510977316974352472e-05
-5.597205774520649494e-06,-4.652188302950294977e-05
2.492148254573243771e-05,-7.704423154747958437e-05
-1.076281801570957678e-05,-6.821410149382264507e-05
-1.536372553515556687e-05,-9.196857468867346438e-05
-6.712388292789972341e-06,-1.093312833461489668e-04
1.467106477060322544e-05,-1.076001693843173224e-04
5.220663819420433261e-06,-1.297443381644817649e-04
2.765482744636196062e-05,-1.265068948315697342e-04
1.914104094547462641e-05,-1.526220290298341904e-04
-8.404736934717068990e-06,-1.567642270346909794e-04
6.774339815011390682e-06,-1.846992872847066588e-04
-2.589006515641985212e-05,-1.899265214332456592e-04
4.194992907896660041e-05,-1.477107270886427999e-04
-9.961852012050196294e-06,-2.233015483468542468e-04
-3.024201558806820616e-05,-1.108390853111012014e-04
2.192604037561165375e-05,-2.183283991620631312e-04
-4.727350378762665284e-05,-2.272827296256012394e-04
-3.065235261526793470e-05,-4.411574490078556000e-04
-2.395422561378022637e-05,-8.205901368569864119e-04
-4.217882209272964030e-06,-4.128026495728977588e-05
-1.020377554632076762e-05,-1.560528369870260902e-05
-7.748991443725981680e-05,-9.582981811379175238e-05
-7.019211418784729632e-05,-9.553183300410103128e-05
-6.443932322034913744e-05,-1.153216815355422649e-04
-5.382099241665140371e-05,-9.054132059733902666e-05
-4.134331762969077200e-05,-1.063516557393736744e-04
-3.292648901965977075e-05,-8.377085455051737708e-05
-4.478295204900006659e-05,-7.238574243653845533e-05
-2.661891925505380636e-05,-6.695214032572859508e-05
-3.733399163148190091e-05,-5.877782007080323973e-05
-2.208219404781162210e-05,-5.459611373629676525e-05
-3.180231848424771408e-05,-4.838367032394903160e-05
-1.612827954010978831e-05,-9.863245804768539329e-05
-2.352886677624587325e-05,-1.272787501813525137e-04
-1.901007265794604149e-05,-4.514624141968145776e-05
-2.757899361217865518e-05,-4.025117223439536363e-05
-3.888366473307698678e-05,-4.343016730216304523e-05
-3.435074142939562269e-05,-3.627078162377787103e-05
-2.396171241903293593e-05,-3.353010078521911810e-05
-4.425557710943673880e-05,-3.904319094217572499e-05
-2.994048185220857987e-05,-3.038004124707102276e-05
-2.068167059773969575e-05,-2.770159944917050608e-05
-1.447689169299598134e-05,-3.123177536057715481e-05
-7.102148549059986680e-05,-8.023134354402971559e-05
-5.168912145474646009e-05,-6.359895897848154127e-05
-1.104698494238608108e-05,-6.236589003228108763e-05
-5.190913022143517775e-05,-4.727891557318798820e-05
-5.302551388110231798e-05,-3.840389890167795773e-05
-3.432512236817071870e-05,-2.296606349551911477e-05
6.357142133118396331e-05,-1.683750834288680212e-04
-5.261953949437948711e-05,-3.408823411686525399e-05
-5.908660394208086320e-06,-1.999110775890781041e-05
-5.475832504256559661e-05,-2.665238399778003782e-04
-3.111577393531053529e-05,-2.007346168747320067e-04
-7.139913692412019841e-06,-2.838583638761756154e-04
4.107636983299551794e-05,-6.637314574320353976e-05
-2.870975380429764367e-06,-5.883540849087665802e-05
-1.051161774584923330e-05,-1.135530345151317858e-05
-1.355179659620628168e-05,-1.484530619894593656e-05
-6.108991687924461729e-05,-4.504394329678898003e-04
-3.288123429644745644e-05,-3.410128918816661436e-04
-3.158785238277533907e-05,-2.595598356606976221e-04
-4.835798408364311074e-05,-1.625558826190711911e-04
-1.415943075229955666e-05,-1.565258665159826004e-05
1.468101163035876395e-05,-4.738503241643989488e-05
-1.251996066382883245e-05,-2.580851117015064901e-05
-1.740614876933166112e-05,-2.261924680769124608e-05
-6.998262357697575797e-06,-2.971707748231248728e-05
1.586296082177167800e-05,-4.267695685852939931e-04
1.035730472941770205e-05,-5.715711014250273868e-05
-6.067585534424551610e-05,-1.952955333033340088e-04
-5.257312207477178727e-07,-5.566491603573208493e-06
-8.530561014090362416e-08,-5.105089684352803517e-06
-2.286299332586680844e-07,-4.103595110223180716e-06
3.214452800442815200e-08,-3.737344402396204016e-06
-1.912505880748011197e-07,-2.985843922458634189e-06
2.580178316374066564e-08,-2.668380147057657347e-06
2.061281583232599553e-07,-3.685812526552960313e-06
-1.097124116979832912e-07,-9.473345612249682728e-06
4.272130395698159360e-07,-8.667789269446123972e-06
-1.193316993260837753e-07,-6.793924629966250883e-06
2.332318854114744577e-07,-6.209146482738070874e-06
-2.471069498506021761e-07,-4.813692633253589835e-06
8.469230578876115309e-08,-4.310392242504424928e-06
6.509616865865038522e-07,-6.305145448493182923e-06
6.825839926295197895e-06,-1.171329837605744563e-04
3.327223047552077811e-05,-1.056558042613201572e-04
4.280299343468702640e-05,-2.718762915900809624e-04
-4.584163969295192398e-07,-7.803946256549949714e-05
4.416342373930715373e-08,-7.765995453332083011e-05
8.244105448075338916e-08,-7.540767547820158951e-05
-1.447092445852723334e-05,-1.865023687534031900e-05
-1.056063044173393536e-05,-1.497562863258129407e-05
1.668514822808607905e-07,-5.808526847494400124e-05
5.189748795713954460e-06,-4.722087247418844149e-05
-3.493728356362178300e-05,-6.041410137794706080e-04
-7.541540637623139406e-05,-1.545335881508932421e-04
1.071004898968357051e-05,-2.960553276266965892e-05
-9.509081967021374514e-06,-5.919070104617032095e-05
-2.380243242305887444e-05,-7.839449534997662181e-05
-3.503627807446361349e-07,-2.358380974826848535e-06
-4.955145704015989426e-07,-3.764329985577223239e-06
-1.571605086738562958e-07,-2.092704163019933496e-06
2.187930690129973612e-08,-1.788889790677552195e-06
-2.513850817395403635e-07,-3.282156253217611780e-06
3.621966511048206600e-08,-2.802892464891984210e-06
1.009711475267630118e-05,-2.594479504183511210e-05
1.452406980711464924e-07,-2.078207539513897973e-05
-2.071203336724262802e-05,-1.316535195460980597e-04
-4.786709785671108434e-05,-1.354279784352263702e-04
-3.851099296524859489e-05,-1.607647881115626179e-04
-1.032233893230535498e-05,-3.206507180060034226e-05
-1.303194341846785469e-05,-2.495879082340108203e-05
1.218289879227559204e-05,-3.204752674155704923e-05
1.062685870990040014e-05,-3.064238552355686064e-05
2.860095213361912873e-06,-4.530110563173359706e-05
4.770353703783952686e-07,-4.512762986273892766e-05
-4.135012811670724098e-07,-4.646827609147140438e-05
-8.498006126013912710e-07,-4.551045935391906139e-05
-6.158426988740079628e-07,-4.712618562489114546e-05
-7.904896770836222947e-07,-4.473295228813017866e-05
-2.133898007721620071e-06,-4.511206873265803121e-05
-2.587647077855992860e-06,-4.476831752171824409e-05
-7.547251075485577747e-07,-4.860442097459611563e-05
-7.520036199314554599e-08,-4.943892863912544608e-05
2.117863392218615243e-06,-4.487143094217653370e-05
1.122348922423827806e-05,-4.624546659132407829e-05
-9.029343086000819833e-06,-4.714675778382822423e-06
-1.069068700920967430e-05,-2.117014778194242365e-05
-1.346302726303944463e-05,-7.773197936617397925e-05
-5.760512442890477030e-07,-5.156235781892369325e-05
-1.314066212616756754e-06,-5.414002354410132705e-05
2.076407152906252079e-07,-5.410740730203378405e-05
-7.287796919331127061e-07,-5.725079747410652192e-05
2.244983606255629855e-05,-5.230282373831557016e-05
-1.860583613984531573e-06,-7.383034450661033518e-05
-3.927064775238639963e-07,-7.214518615737247056e-05
-8.023281038466047847e-07,-6.897385118187057055e-05
1.120366077130982610e-08,-4.804426004830198674e-05
9.451972138444745058e-07,-5.190493173261762376e-05
-2.179620695635199813e-05,-7.820783541270825458e-04
-2.343180664562502161e-07,-2.003515653928613963e-06
-1.421897867996462409e-07,-1.315082346465449721e-06
-1.828026647072331483e-07,-7.064958973939410203e-07
-2.892773397349658717e-07,-1.043717471458480527e-06
4.360498630548333550e-05,-5.935601628960144151e-05
-8.143469835444693984e-06,-1.946614859912519535e-05
8.463179716434476478e-06,-1.026297534654816937e-04
-8.757498863304638166e-06,-5.136496270849212631e-05
-1.585323134035049024e-05,-5.592998523263534294e-05
-1.359294577136991118e-05,-6.097653439281367844e-05
-2.653213713761616817e-06,-6.072029122565958983e-05
-2.924870103923299173e-06,-6.401577015954840243e-05
-7.845287378101964595e-07,-6.128781604928726498e-05
-1.984070732710756741e-07,-6.481249298600664718e-05
1.387397394339433332e-06,-5.937819469277040265e-05
1.454196458806791101e-06,-6.266445145281909269e-05
1.872708111359138550e-06,-6.586646828791680830e-05
-6.858845981696977795e-06,-5.163403204320068083e-05
1.354929193712960186e-05,-4.983503468724430791e-05
-8.289896017919250428e-06,-1.819210354110138719e-05
8.302679089085509664e-06,-2.843611686202230737e-05
-3.229880131443201321e-06,-6.723393183174967253e-05
-4.306862930607050939e-06,-1.189081014506036761e-05
-2.502660020832806023e-05,-1.940132038397233266e-04
8.233981804456030597e-06,-4.165569282912862207e-05
-3.913748937139301627e-06,-4.515679462072554870e-05
-1.662145284763503729e-05,-3.756864496561751764e-05
-7.117766106841059688e-05,-7.476817339719888853e-05
1.286291797488187088e-06,-3.656613279215955557e-06
3.169329004128371924e-07,-3.145900547068265984e-06
1.749440018240940361e-07,-1.950882174106721236e-06
1.176703211375370270e-06,-7.057029798822971023e-05
-1.492361549484431336e-05,-5.099197690292713156e-04
4.168305453601291488e-06,-7.347545211622043542e-05
7.254774939057276601e-06,-9.326348639742636888e-05
-1.156778532157797508e-06,-4.825265541795618673e-05
-2.617839549040791190e-05,-2.405884840701251310e-05
1.165724963892049217e-07,-4.961855441206739059e-06
1.052469997051064430e-06,-8.627752214047722140e-06
-2.843738419056289265e-06,-4.508193912747561201e-05
-6.530045635225642589e-06,-4.582879553010408126e-05
-9.847428863486333423e-06,-4.734276106982307063e-05
-9.937729569927206900e-06,-4.871309870574447781e-05
-1.199667717345235450e-05,-4.035188740453912748e-05
-7.889426044997155390e-06,-5.436893836853494205e-04
4.041453281134097609e-06,-8.615173632967311978e-05
2.998369789211289672e-07,-7.992281256001831935e-05
-1.846451968714183221e-05,-5.623997901390459823e-04
-2.108184438944381677e-05,-4.452208804985114191e-04
5.376404455738802950e-06,-9.150626913640658926e-05
2.894129221032291829e-06,-9.050442762096179254e-05
-8.093537274402665059e-06,-5.436871322762545661e-04
-1.439829681290081588e-05,-5.114784182870376001e-04
1.130319593233859095e-05,-4.871779731756121861e-05
2.036895070252292704e-05,-3.085268943009745763e-04
-3.650662911695823457e-06,-1.684890045985126708e-05
-2.495802798117130851e-05,-5.980920928043983000e-05
-3.552772921809363129e-05,-7.443210232584183213e-05
-2.033687297417825603e-05,-5.490061391702085011e-05
2.768282236284155594e-06,-4.720467365467193943e-05
-7.638519175695909143e-06,-4.218598910075489658e-05
8.360706748073009763e-06,-2.628551760855208285e-04
1.181893723900710970e-05,-6.621815272847917787e-05
1.469924110408889933e-05,-1.734642395501121326e-04
-7.636910469583226506e-06,-2.117259101497573893e-05
-5.603993018058611211e-06,-1.184528506387235630e-06
-7.647285841734050845e-06,-3.543966102852693685e-05
-8.811706559203298184e-05,-2.333784081203342812e-04
-1.058499349200498342e-04,-3.267168806430801133e-04
-6.074395854289479670e-06,-1.215744310534372834e-05
-1.171006739230715774e-04,-4.481444072533141720e-04
-2.508075030679477992e-06,-4.583401317243670158e-05
5.251027931073635444e-05,-2.904084185397540446e-04
4.005289905825158871e-05,-1.850628330327956552e-04
4.500546488115578084e-06,-1.694244564066251088e-04
-3.097123420087780608e-05,-2.093724913371449749e-04
-3.266308580465316876e-06,-3.261391030888402553e-05
-2.996910555089916691e-06,-1.954912799488254762e-05
-2.762199619008026477e-05,-8.100439996518479086e-05
-1.149786588965927697e-05,-1.805932624573746442e-05
-8.358662846053292156e-06,-2.112033605063373581e-05
3.727535337125221180e-06,-6.389090014026252537e-05
3.435535192991680916e-06,-5.797510536743793260e-05
6.243499426301816320e-06,-4.010052486108467396e-05
-6.154306134925311611e-06,-1.985432357696089342e-05
-5.280854290908791848e-05,-7.450700147954427777e-04
-6.685246142349881876e-05,-3.479915058512328321e-04
-3.963945802920958286e-05,-3.288915045969378615e-05
-7.275099437446870434e-06,-2.138079581385377562e-05
1.781453729693935789e-05,-2.484384282467270565e-04
3.670791990242108218e-05,-1.852356514413134746e-04
4.216879032719634006e-05,-7.808198144032751302e-05
2.076602243857291294e-06,-7.596701906833794554e-05
2.972172727232431728e-06,-7.172549138453922766e-05
-5.596886050803290882e-05,-1.170285722077612947e-04
-4.178937627652957006e-05,-8.538782944945160120e-05
3.976576116048369838e-05,-4.354774672383515026e-04
4.093079606169010775e-06,-1.293354176531336970e-05
6.333857416326402093e-05,-1.329587405196136160e-04
5.741582227912568793e-05,-1.439167191204518621e-04
-4.201328955910874514e-05,-5.376499433089930398e-05
-1.001731618965472255e-04,-6.046457420322469628e-04
6.010091526947079638e-06,-6.544753643275333225e-05
3.430532886121183319e-05,-9.974109847872579049e-05
-5.573355293712895331e-06,-5.544897943190164724e-06
-5.534279763283782365e-06,-1.948210748934490647e-05
-5.683736482417135912e-05,-3.549573846705595623e-05
-1.173703404710527388e-06,-4.614318871460302153e-05
1.175635639677407081e-05,-3.726749995089757243e-04
1.343001433261599302e-07,-5.662223543617082279e-07
2.055437916699903429e-07,-8.539363539794041205e-07
2.152678509906631816e-05,-4.156107654152039967e-05
-4.992402866857898375e-05,-8.220918906508447969e-04
-2.273381016391228291e-05,-6.759713860621276702e-05
6.038236961407165122e-06,-4.550759862074274791e-05
-4.156890270268079074e-07,-4.471004518347245274e-05
-6.060096691826773879e-05,-7.742427682273436826e-05
2.934537867653264355e-05,-6.746573232981875395e-05
-2.011970574639429143e-06,-4.351028914712703344e-05
-9.181087985755651646e-06,-1.440657864244670620e-05
-5.726553404596746382e-05,-2.999702596660120432e-04
-2.123568696100180953e-06,-3.711721617151066138e-06
1.258761208008179603e-06,-7.318402524814960914e-05
-2.079313179627844912e-05,-4.436729412224340208e-04
5.512621271782003830e-06,-5.991613807850850007e-05
-1.032026597391529731e-07,-5.252250095743006725e-06
-4.941495026869965087e-07,-7.885493039467017528e-06
1.724866687651301804e-06,-8.699981770885645231e-06
2.133961172194787080e-06,-1.330652374712066096e-05
9.944140176508665574e-06,-2.061817792250949003e-04
-6.751924409963669832e-06,-2.081204476888372275e-05
-3.137356997476078140e-07,-9.756367925723563386e-06
-1.235047478966608689e-06,-5.049485183858968313e-06
6.326875815979296697e-06,-5.379774183042494229e-05
1.533294536849372493e-05,-3.166643203134034351e-04
2.090433520758480873e-05,-9.040276344572908593e-05
-1.359378663630255889e-07,-2.930487133006082075e-06
-6.230192318174139173e-05,-6.763439365840973993e-05
-1.708241568536992233e-06,3.721834866807551727e-07
-2.964791415055638483e-06,-2.922766492861474111e-08
-4.511652590806713531e-05,-5.239462316470391438e-05
-2.345400650220801891e-05,-3.981649423425235169e-04
6.495352710124496349e-06,-5.496175579075376390e-05
4.147939546121216483e-05,-5.856560585827104513e-04
4.622519854141667045e-05,-1.239165185299338724e-04
-2.031602039313897220e-07,-8.514889660881584658e-07
-1.287889050933559767e-07,-5.762609318792831333e-07
-4.908287145540079364e-07,-6.679086773506238044e-06
-7.689349313430074056e-07,-3.834212707284459180e-06
-5.683691773653590965e-06,-1.821968032144496112e-05
-2.739871608120834822e-05,-3.386175819104212032e-04
7.138183078281513445e-06,-5.066758928844361163e-05
-2.409619915831386988e-07,-1.609538112522509617e-06
-3.826964773479360788e-07,-2.503648309602009036e-06
1.503804763124035401e-06,-5.633938645143046444e-05
4.037854983987939193e-06,-6.630729991163232680e-05
-2.734030473344383416e-05,-2.665620195540561554e-04
-5.059262897640104044e-06,-1.546332250315743699e-05
7.709537107919591141e-06,-4.629478636966197420e-05
6.076091882273231791e-06,-7.588705462597105105e-05
1.123461997687354975e-05,-4.238950436970745296e-04
1.000943180918352316e-05,-4.706552760161528039e-05
5.743384534606261236e-06,-8.364709596861957385e-05
8.535114488060698237e-06,-4.655380837859536395e-04
2.570259891431072500e-06,-5.266773638046916392e-05
5.362894057146839637e-05,-1.691355111303132310e-04
8.205988505805887679e-07,-4.733120512348207964e-06
2.765836918701615006e-07,-2.676614745055559794e-06
5.516173856549893623e-06,-4.988564005541091910e-04
5.339630570029148329e-06,-8.897877760113917392e-05
2.139273566917231347e-05,-1.630534424705792180e-04
1.261647494386577491e-05,-3.922086611997429163e-05
-1.662461549387759963e-06,-1.005717640511032085e-05
4.415338957445214246e-07,-4.548456370676997510e-06
2.029165051561409360e-07,-2.732419142773186143e-06
4.908964222474961815e-06,-9.181055844556274556e-05
2.349558342285658683e-06,-5.237320756343054112e-04
2.987349620881325259e-05,-1.156167238169576635e-04
-3.485319124031613205e-06,-7.689967441503813516e-06
-2.122855597931128969e-05,-1.212340603656131413e-04
8.793542280540574539e-06,-3.617248015158695931e-05
-1.065115712779835290e-06,-5.397623625353958551e-04
4.490666244190726406e-06,-9.217647918712709135e-05
3.177271536717805824e-07,-1.595472056724754291e-06
1.836360115651199520e-07,-1.001188864993310762e-06
-4.592069760801283891e-06,-5.464505784989175802e-04
4.185550637718334526e-06,-9.016090884632868465e-05
9.749344078590751268e-06,-1.969410108166302356e-05
-6.653923621429440590e-06,-2.095903316967573994e-05
2.081684654479944469e-05,-5.745272047267995424e-05
1.499579937931306849e-05,-2.906647865251934929e-05
-5.413475423492875793e-07,-5.393903314039784217e-04
7.639349846678034246e-06,-8.366839613922485649e-05
-9.744026261915693268e-05,-7.416592809848844298e-04
-3.345920561418238399e-05,-9.318359243722944729e-05
4.017242337745769310e-06,-8.036063638342986299e-05
-1.140535966082428237e-05,-5.313600578985214077e-04
6.477922010608507900e-06,-4.985682498742323226e-04
9.029569287956518722e-06,-7.037250240305432231e-05
2.653450721367508169e-07,-1.944815277151861824e-06
1.642203847006896231e-07,-1.249409320642502850e-06
-1.804849122473959318e-05,-4.802681668416228775e-04
4.644602092282956370e-06,-6.625677615292652667e-05
2.461198961372563186e-07,-1.921522124834719992e-06
5.491266932716649753e-07,-3.310240117172096582e-06
-6.737078100779454303e-05,-7.177399277395742170e-05
-1.329726028872441951e-06,-3.366280119815383910e-05
-8.945386826461446150e-05,-2.005845173975137651e-04
-4.177718091566191041e-06,-1.443695793468785014e-06
-2.922285996615359674e-06,-1.198321107313560884e-05
3.555574694990290566e-06,-2.126874695762619806e-05
4.294421418059779454e-07,-7.809573904279675817e-05
-6.011820333685155362e-06,-1.871782542899143436e-05
2.643184565689909789e-06,-3.826570313905432196e-04
-7.013901217007867958e-05,-1.399524630938879890e-04
3.430471851590969549e-05,-8.760082047613816300e-05
1.766098591524059189e-05,-7.448746843416561214e-04
-1.596954167550639254e-05,-5.997608581683536437e-05
6.857966071597038671e-07,-4.836396473661201917e-05
-8.535249962499562380e-05,-3.514699732405049837e-04
6.137451051796074278e-06,-2.603651602552909625e-05
-5.484745102455919403e-06,-1.455416221212511869e-05
-5.525879968838693984e-05,-5.713013720981445032e-05
2.915665830693969246e-06,-1.775214030952664045e-05
-1.779161716923512911e-06,-1.052561752110028277e-05
2.781459471704528561e-05,-9.684884265498862473e-05
-5.190171205744936348e-05,-1.321543891874366137e-04
1.706871175900422768e-06,-7.152448393126452884e-05
-1.717599606927049531e-05,-1.723261093526485147e-05
9.436001494201363100e-06,-6.428422531084796462e-05
-9.781516890636326233e-06,-1.729733040132754089e-05
-2.511969694966081961e-05,-2.432695801820705566e-05
-4.264105141868755914e-05,-8.111087481248514027e-04
-9.035203089549188207e-06,-4.669962104873455564e-05
5.721695466315903375e-05,-1.275939068359694989e-04
7.844262609378792717e-07,-6.792576160861800699e-05
-4.710384741221515991e-05,-3.507548096173063255e-05
-1.939574024158821042e-05,-6.182283091780701805e-05
-2.190160089792715618e-05,-1.566740931170875926e-04
-3.220048376944480511e-06,-5.642789402550865387e-05
1.571527632363301980e-05,-5.595889445941489623e-05
5.686303859869258208e-05,-4.287459551160978269e-04
-1.345655927070420022e-05,-4.913796305043650393e-05
-2.183039111175867796e-05,-7.138593283751430056e-04
-4.489076442391204012e-05,-3.256218901977039404e-05
1.333703108985953851e-06,-7.516893809356549739e-05
-1.120337697111846070e-05,-1.734427315220124499e-05
1.172881495551046142e-05,-3.526305540445632289e-05
-8.730761565295543065e-06,-7.631778280373662144e-06
-1.979385066977340716e-05,-1.579643122099803968e-05
-6.493073178249961751e-05,-5.337973061545228746e-04
-1.180644267465194660e-06,1.181852164214015831e-08
-5.664619926284600966e-05,-4.117486947145153819e-05
-4.752693271707980720e-06,-4.518001373362175437e-05
-1.269760060157587371e-06,-2.650832096673776738e-05
-7.544970506279036501e-06,-1.019059245658637132e-05
1.095348338239562060e-05,-7.838656396162675200e-05
-1.426856210533589952e-05,-5.215631268511238775e-05
4.192522940502890451e-05,-4.368347487104689880e-04
1.404166053099623392e-06,-1.157116754996107766e-05
-2.534655094097440028e-07,-6.698821450740704708e-06
1.208856918878576114e-07,-2.764999776249637158e-07
1.838385766699736598e-07,-4.107138095184759109e-07
8.666775533659882549e-06,-3.730339573462812335e-05
-7.941850744033623164e-06,-1.391736827852473549e-05
-9.095733585700252482e-06,-6.369712787316345179e-04
4.404307997936010810e-05,-2.287594281797571767e-04
-3.953851315398774027e-05,-3.858857532740659355e-04
-1.304965894909701791e-07,-3.097725906015028969e-07
-1.971803575777412622e-07,-4.477840322096287083e-07
8.927540253644098126e-07,-7.673552646554171030e-05
7.705093826558813449e-06,-4.871424802050403156e-05
1.553034490168271313e-06,-5.410129543543930553e-05
-2.081977111519316126e-05,-1.947170452962878313e-05
1.560535772940526884e-05,-5.402500021261829233e-05
-2.175989307487913115e-05,-6.188844172931375911e-05
-1.700959049998823048e-06,-3.320466682275961919e-06
-3.476755768694196315e-05,-2.805085947151918319e-05
-1.908419551014347148e-06,-2.890699023306748396e-05
-6.612665651883941134e-05,-2.587298801765322131e-04
-1.529515503638401473e-05,-1.837224187578950798e-05
-7.562019037942791823e-05,-3.658324300634819681e-04
-8.909956454203244748e-06,-1.783730025477817230e-05
-1.168186939746339284e-05,-2.982217932069776293e-04
-8.346776543748078112e-07,-5.671876831699928930e-06
-2.297690378960751486e-07,-9.843484133118206631e-06
-7.093934521789708653e-07,2.989245398915165569e-07
7.965549044324615041e-06,-1.575899337364544738e-05
-2.942274146633100165e-06,-1.247741714379921306e-05
-1.177019108136218973e-06,-1.181010921063575664e-06
-4.595830810990108525e-06,-4.570804990032282996e-05
-1.343530738021308386e-05,-2.371636804809574227e-04
-3.865384560704812579e-05,-8.276819568673902602e-04
1.231117272280051042e-05,-3.324000831481490671e-04
1.497215088044322830e-07,-9.082699766416836647e-07
-1.111495020687598908e-06,-1.404205720598039196e-04
-7.594012326179502035e-06,-4.960930759851233263e-04
-1.337079359018815418e-06,-6.665032109141240412e-05
-6.854549352101768108e-06,-2.733096843053270979e-06
2.136512160287667489e-06,-7.937217727820873982e-04
6.617261096349475479e-07,-7.796901434444740832e-05
-1.828468248331357299e-05,-3.213954034231310779e-05
1.324093662708063301e-05,-3.353798509180173107e-05
1.277505511533549345e-05,-3.475911738361866425e-05
-1.596832866931573215e-05,-2.183655147806598792e-05
-5.771878076455599969e-05,-6.735597876398478814e-04
-4.054856516094542477e-07,-3.433597950174122038e-06
-4.114220804639916672e-07,-5.628087756116237067e-06
-4.226786736076193577e-05,-1.051324309924451926e-04
6.907615137353209250e-06,-3.736871998084553056e-04
-9.054956056794255555e-06,-1.414535099207113914e-05
1.438036543244014496e-05,-3.363353631713312083e-05
7.121475280234541972e-07,-6.024932341955208386e-05
1.624492714770671474e-05,-5.321532804049395010e-05
3.488848917782541223e-05,-7.438015579932517180e-05
