Size 979,2
0.000000000000000000e+00,0.000000000000000000e+00
0.000000000000000000e+00,0.000000000000000000e+00
0.000000000000000000e+00,0.000000000000000000e+00
0.000000000000000000e+00,0.000000000000000000e+00
0.000000000000000000e+00,0.000000000000000000e+00
0.000000000000000000e+00,0.000000000000000000e+00
0.000000000000000000e+00,0.000000000000000000e+00
0.000000000000000000e+00,0.000000000000000000e+00
0.000000000000000000e+00,0.000000000000000000e+00
0.000000000000000000e+00,0.000000000000000000e+00
0.000000000000000000e+00,0.000000000000000000e+00
-1.129364559010927165e-06,-1.548821697940329448e-05
-1.108788371113656930e-06,-1.534724768752049505e-05
0.000000000000000000e+00,0.000000000000000000e+00
0.000000000000000000e+00,0.000000000000000000e+00
0.000000000000000000e+00,-1.126534692475716741e-04
0.000000000000000000e+00,-1.138940191960222174e-04
-1.052420062669824559e-06,-1.074194353431534360e-04
-1.917500740470462508e-05,-7.752444458891484861e-05
0.000000000000000000e+00,0.000000000000000000e+00
-1.487272403036054895e-06,-8.366889701573538828e-06
-3.708209874450290606e-07,-1.080757060159503647e-05
-2.748054715815386259e-06,-1.356216924166404170e-05
-2.770946459046580128e-06,-1.665389683656628205e-05
-1.353214903426411397e-06,-1.177172992554858545e-05
-2.150013848065197822e-06,-1.528825530343768223e-05
3.352301569450309021e-07,-1.849672702244538290e-05
-1.947890119397974899e-06,-2.216478824156926879e-05
-1.996583939750065830e-06,-6.887614643766134306e-06
-2.047717631494338597e-06,-1.485469329937875988e-05
-1.015024049338263365e-06,-1.580571591587422986e-05
1.881939737026903224e-06,-5.060228033261997244e-05
2.267634100388177551e-06,-7.804169937470735455e-06
8.313747265003303800e-06,-5.440341830489853279e-05
-3.614936169438224058e-06,-8.577845100303807820e-06
8.664875223414628821e-06,-3.077238612776621806e-05
-9.956845168093404500e-06,-3.267801019413115105e-05
-3.694738733365344546e-06,-6.682804091944376842e-05
8.599990230106803189e-07,-1.230992107827228985e-05
1.092718716474672115e-05,-6.811638420429881081e-05
-1.118976858391951277e-06,-1.035249949190959415e-04
-3.308952705798896342e-06,-6.915042626475908626e-05
-1.727430001762345722e-05,-9.384578975363947243e-05
1.069602791441301665e-05,-7.644873979048372539e-05
9.188349916761662182e-06,-3.218162980007227141e-05
3.213217629366671561e-06,-5.366024534531580484e-05
-9.946326842581856286e-06,-3.955135636647846939e-05
7.413333282851363037e-06,-6.076446547718460480e-05
-5.123768127344465506e-06,-1.064820667293046360e-05
-8.152804086831566866e-06,-1.840918487681102690e-05
-1.054267557808678446e-05,-2.789326137115317404e-05
-1.206117500165489631e-05,-3.860993963497046073e-05
-1.274989648512172240e-05,-4.985924123540732633e-05
-1.271470428447370770e-05,-6.069655964419465728e-05
-1.258578827596190733e-05,-7.089404801680147502e-05
-1.271591266827905870e-05,-8.094668176919053476e-05
-1.272893374073923297e-05,-9.135182073107767716e-05
-1.180620859736968868e-05,-1.019034895028466937e-04
-1.002162542435350561e-05,-1.112172250163899636e-04
-7.547226071264194393e-06,-1.186353732184587337e-04
-4.508372199787879084e-06,-1.236146046786668919e-04
-1.039596681706872813e-06,-1.257624709583170697e-04
2.707432237079029927e-06,-1.247882302179337179e-04
6.600406586231418200e-06,-1.205107299361021859e-04
1.050891071835367988e-05,-1.128745116479480800e-04
1.432297090396316618e-05,-1.019025988848404698e-04
1.788181049849619890e-05,-8.747292808004821570e-05
2.072922046565960796e-05,-6.945904753300674638e-05
2.137404749755822316e-05,-4.865935478611612444e-05
1.823245654701548160e-05,-2.762524643430753468e-05
1.063617747169445778e-05,-1.071137271301780047e-05
0.000000000000000000e+00,0.000000000000000000e+00
0.000000000000000000e+00,0.000000000000000000e+00
0.000000000000000000e+00,0.000000000000000000e+00
0.000000000000000000e+00,0.000000000000000000e+00
0.000000000000000000e+00,0.000000000000000000e+00
0.000000000000000000e+00,0.000000000000000000e+00
0.000000000000000000e+00,0.000000000000000000e+00
0.000000000000000000e+00,0.000000000000000000e+00
0.000000000000000000e+00,0.000000000000000000e+00
0.000000000000000000e+00,0.000000000000000000e+00
0.000000000000000000e+00,0.000000000000000000e+00
0.000000000000000000e+00,0.000000000000000000e+00
0.000000000000000000e+00,0.000000000000000000e+00
0.000000000000000000e+00,0.000000000000000000e+00
0.000000000000000000e+00,0.000000000000000000e+00
0.000000000000000000e+00,0.000000000000000000e+00
0.000000000000000000e+00,0.000000000000000000e+00
0.000000000000000000e+00,0.000000000000000000e+00
0.000000000000000000e+00,0.000000000000000000e+00
0.000000000000000000e+00,0.000000000000000000e+00
-4.102288723245695832e-06,-8.549552985390321548e-06
-6.433546123716273109e-06,-1.541519644155128581e-05
-8.054456351178167748e-06,-2.356456274382835644e-05
-8.858036963867316080e-06,-3.239259863487372508e-05
-8.921428056070307080e-06,-4.126161159697663909e-05
-8.367759091007477288e-06,-4.946121132918779138e-05
-7.575620486776410654e-06,-5.672968824104936169e-05
-6.704180758072638144e-06,-6.314080567076191198e-05
-5.613349092788480839e-06,-6.872039329663238256e-05
-4.058014053061863042e-06,-7.319583077044972727e-05
-2.184990537912975014e-06,-7.596230148996283937e-05
-1.476428292138994392e-07,-7.683781731516075078e-05
1.926062699013769341e-06,-7.571789123052070534e-05
3.897351605629479993e-06,-7.264938131732287974e-05
5.617664111549757796e-06,-6.777807889188770633e-05
6.948250485256338312e-06,-6.136390142518784565e-05
7.742621879748808945e-06,-5.379765429738668373e-05
7.828716464488088029e-06,-4.584633462477121879e-05
7.516291039220089372e-06,-3.801813407375897254e-05
7.079338008623522071e-06,-3.039312681085982237e-05
6.424915045282158045e-06,-2.284766418007538581e-05
5.138523174097155113e-06,-1.555194184099544018e-05
3.204876865781939152e-06,-9.043237278454982898e-06
0.000000000000000000e+00,0.000000000000000000e+00
0.000000000000000000e+00,0.000000000000000000e+00
0.000000000000000000e+00,0.000000000000000000e+00
0.000000000000000000e+00,0.000000000000000000e+00
0.000000000000000000e+00,0.000000000000000000e+00
0.000000000000000000e+00,0.000000000000000000e+00
0.000000000000000000e+00,0.000000000000000000e+00
0.000000000000000000e+00,0.000000000000000000e+00
0.000000000000000000e+00,0.000000000000000000e+00
0.000000000000000000e+00,0.000000000000000000e+00
0.000000000000000000e+00,0.000000000000000000e+00
0.000000000000000000e+00,0.000000000000000000e+00
0.000000000000000000e+00,0.000000000000000000e+00
0.000000000000000000e+00,0.000000000000000000e+00
0.000000000000000000e+00,0.000000000000000000e+00
0.000000000000000000e+00,0.000000000000000000e+00
0.000000000000000000e+00,0.000000000000000000e+00
0.000000000000000000e+00,0.000000000000000000e+00
0.000000000000000000e+00,0.000000000000000000e+00
0.000000000000000000e+00,0.000000000000000000e+00
-2.175790382989248971e-06,-2.225568128905131283e-06
-3.222287347875243798e-06,-5.187046414473071790e-06
-3.553422551279465287e-06,-8.489600625779477030e-06
-3.309642804548114480e-06,-1.152765720961506437e-05
-2.624662971090526305e-06,-1.388474102560541963e-05
-1.636605431037928267e-06,-1.520872234015904389e-05
-5.760047433317716047e-07,-1.535954496512084071e-05
4.264316619607288870e-07,-1.435750109786828440e-05
1.175393101105584210e-06,-1.231121203490503120e-05
1.447659542411346635e-06,-9.513310520761190478e-06
1.224221717800368388e-06,-6.275105945716832264e-06
0.000000000000000000e+00,0.000000000000000000e+00
0.000000000000000000e+00,0.000000000000000000e+00
2.603547824351472495e-07,-1.481632709803574200e-05
1.425401826356639409e-06,-1.318628836653587603e-05
2.276175763719919745e-06,-1.074987173915352076e-05
2.687882230990813238e-06,-7.791394908001931458e-06
2.569330965298264969e-06,-4.710999561987913876e-06
1.787283065308425768e-06,-1.994214560689199990e-06
-1.163711940590834153e-06,-1.557497346759109639e-05
-1.577377775245885918e-06,-1.569421234838610718e-05
-1.914891168337824074e-06,-1.571787663565847912e-05
-2.107793752509761535e-06,-1.564246476347359722e-05
-2.067138891546048492e-06,-1.552328370146794774e-05
-1.702912961890122295e-06,-1.370608887170686585e-05
-2.231876005046133079e-06,-1.104269563350532958e-05
-2.475225744452649573e-06,-7.019023337964536220e-06
-1.925277078287266652e-06,-2.728154669624560780e-06
0.000000000000000000e+00,0.000000000000000000e+00
0.000000000000000000e+00,0.000000000000000000e+00
1.981710066778980947e-06,-1.122800721038062723e-04
3.820980053386058017e-06,-1.113657585139483762e-04
5.496310964656473156e-06,-1.099760604602485482e-04
6.949200400221123104e-06,-1.082679397651817012e-04
8.234759961370569548e-06,-1.064100270553236993e-04
9.442278442758732029e-06,-1.044512030097717061e-04
1.074406059877217956e-05,-1.024636799604483096e-04
1.215011285815458498e-05,-1.002842360814041451e-04
1.367136744917904504e-05,-9.779828647498887365e-05
1.527094491885918647e-05,-9.492364283079307108e-05
1.687517432405347345e-05,-9.161455175199896897e-05
1.840160994807978480e-05,-8.788474998022106151e-05
1.976232067384538251e-05,-8.379121909591028970e-05
2.099482680773279242e-05,-7.937740928568135131e-05
2.199696047176440564e-05,-7.476148056488378325e-05
2.279944941479914391e-05,-6.996127512372813761e-05
2.337210454251848748e-05,-6.498204009474002358e-05
2.366819546291901093e-05,-5.999451143379053576e-05
2.362406695495609509e-05,-5.495304145678214021e-05
2.330408821096166996e-05,-4.999961370079459650e-05
2.263059183954647892e-05,-4.529575814922352838e-05
2.162330654837937564e-05,-4.089398064532160244e-05
2.035464490709956731e-05,-3.692869561753861707e-05
1.886931984280836811e-05,-3.343588984430406400e-05
1.727532422832492672e-05,-3.047270817293675751e-05
1.560382578050048077e-05,-2.803577411491380461e-05
1.386327393697425582e-05,-2.611688100740547892e-05
1.214875970414214736e-05,-2.470013650041225168e-05
1.037377962220324352e-05,-2.378884193712589278e-05
8.707089004027546738e-06,-2.339777445246152445e-05
7.023034082343819250e-06,-2.356536204813569903e-05
5.507154310949270712e-06,-2.424978973260116037e-05
4.096771591340095022e-06,-2.546811437622241201e-05
2.888090036104498237e-06,-2.721191302219842456e-05
1.929639916341456424e-06,-2.939368306755454991e-05
1.076424465246247192e-06,-3.198554335985076503e-05
3.749888509093813043e-07,-3.507421881722970638e-05
-4.790925857630120475e-08,-3.864799529420850482e-05
-1.429874471287185830e-07,-4.265151037621583351e-05
2.068243046979971203e-07,-4.683248094578153350e-05
1.016612121048281897e-06,-5.081105602772593462e-05
2.313982727212548430e-06,-5.419085367678875870e-05
3.849541751674006660e-06,-5.661257279688464362e-05
5.809543227145403608e-06,-5.785025899260519086e-05
7.745354058336168310e-06,-5.773504522607208914e-05
9.519823086285870224e-06,-5.631580679848743263e-05
1.104973474240657019e-05,-5.388165006794155560e-05
1.230929274438000352e-05,-5.058107885255639735e-05
1.316695210124596322e-05,-4.661593728866004289e-05
1.352118798414090294e-05,-4.222137873634325953e-05
1.330853471993469745e-05,-3.783603454212220238e-05
1.269850663532507863e-05,-3.382087913956242296e-05
1.175218817018261858e-05,-3.023919058141915904e-05
1.066009279168951321e-05,-2.722227806777944266e-05
9.464076016431279505e-06,-2.471115918132422038e-05
8.242249910425768352e-06,-2.269326455539380459e-05
7.101877980217706832e-06,-2.108161849537636782e-05
6.027956504543288108e-06,-1.981971673587908000e-05
5.059535332234532685e-06,-1.885853452365287005e-05
4.203586609650479690e-06,-1.814864841336926861e-05
3.458301887001004323e-06,-1.763781019947817654e-05
2.840123254420305367e-06,-1.727926804711854705e-05
2.370425804921183697e-06,-1.705129648258199153e-05
2.059824793738788278e-06,-1.686407050113333618e-05
1.929781244202466575e-06,-1.665562205344668504e-05
2.000556382835912166e-06,-1.632680995361826979e-05
2.249927090396149749e-06,-1.576213852713019906e-05
2.655550269145320733e-06,-1.477768935231851351e-05
3.121548071850291576e-06,-1.326963805383062745e-05
3.513484064553106279e-06,-1.113812064573206978e-05
3.663735488186177154e-06,-8.393971688447898546e-06
3.328269997289222655e-06,-5.350941684395895468e-06
2.278922284530643114e-06,-2.431660009466768130e-06
0.000000000000000000e+00,-1.130760400023695668e-04
0.000000000000000000e+00,-1.135466721042000264e-04
-4.815871642813937641e-07,-1.132115113984390420e-04
-9.206903999322741467e-07,-1.112686827241131978e-04
-2.548112352807525938e-05,-8.538499747156609978e-05
-2.655930026023910095e-05,-9.334247290484111589e-05
-2.094759735822024289e-05,-9.817321325952600198e-05
-1.381047010989930001e-05,-1.022047133303429948e-04
-6.370804198666070538e-06,-1.054519763795925641e-04
-9.796946425956819764e-06,-8.836073314086577310e-06
-1.634464785805273874e-05,-2.150993648270309121e-05
-2.004354965402320145e-05,-3.829409378925277503e-05
-2.110628712198505953e-05,-5.699810559311317047e-05
0.000000000000000000e+00,0.000000000000000000e+00
-4.978353718941194094e-07,-6.135782591583988385e-06
-1.153558170640768718e-06,-8.704706444518390876e-06
-3.170502826482640911e-06,-6.360228692881181084e-06
-3.853870823449023388e-06,-8.303022528668698991e-06
-3.769236732492866553e-06,-1.083699815580198937e-05
-3.140261106912537789e-06,-1.309231572486353639e-05
-2.721658433754064742e-06,-9.950793474538064469e-06
-3.368208574135990053e-06,-1.228164243758984914e-05
-2.788832442112524128e-06,-1.374091431552449335e-05
-2.100021250890014379e-06,-1.473296421518643927e-05
-1.433903916552087776e-06,-1.534540980684595877e-05
-1.016704782551138849e-06,-1.569761422494075819e-05
-1.835546290078383831e-06,-1.521052748328935255e-05
-2.054116844153851742e-06,-1.562807904971505341e-05
-1.951985459257388315e-06,-1.586913214374208181e-05
-1.707105764049694236e-06,-1.598057727619132620e-05
-1.377650800416334053e-06,-1.596032569714012195e-05
-2.605930460724043409e-07,-4.389884062644779024e-05
-1.525147458653568305e-06,-3.810467086195561375e-05
-2.241090136257009942e-06,-3.286691058291186824e-05
-2.655066787039149978e-06,-2.827490500379616751e-05
-2.650167298337272226e-06,-2.396135952090505761e-05
-2.344459555428637732e-06,-1.972472954997018873e-05
-8.345203975643979532e-07,-1.564521302702633730e-05
5.924168998309153208e-07,-1.148523887598035281e-05
1.088257084606584211e-06,-5.306310214550942749e-05
2.545555128721353686e-06,-5.492084045012519424e-05
5.285442030097971680e-06,-5.621554501010227786e-05
8.368268358605687621e-06,-5.698732056595237231e-05
1.075294293315317891e-05,-5.720310666493105269e-05
1.080770434293086270e-05,-5.608666552444434950e-05
9.648698335209574629e-06,-4.673695784929943696e-05
1.041395699209173579e-05,-3.859815084773341885e-05
1.057221053364485059e-05,-3.014821083316647019e-05
1.001906512680283588e-05,-2.184545630239057492e-05
8.540353343694570673e-06,-1.445821246404254924e-05
5.826139461685831460e-06,-8.716890798649021421e-06
-2.682608004473854977e-06,-1.207998521029584139e-05
-1.255751786367873528e-06,-1.522970851815937416e-05
1.483533336657515759e-06,-1.776289628435334263e-05
3.952186803818705332e-06,-2.023602567522087142e-05
6.331873970614828726e-06,-2.274236606434322608e-05
8.125609770530358079e-06,-2.597318707237384762e-05
-6.344692461434946414e-06,-8.852048076446643465e-06
-8.477470681949326989e-06,-1.305155808720375188e-05
-9.656360254565776101e-06,-1.896819065266902506e-05
-1.011844791531936259e-05,-2.551843027148123386e-05
-1.226792975063464920e-05,-3.524879348853516436e-05
-9.972702636609389454e-06,-3.684066823258396513e-05
-4.579882390044627460e-06,-3.664527302260788444e-05
1.537518501416648077e-06,-3.557997952919076328e-05
6.516321368332169251e-06,-3.363407789338271971e-05
-5.139919075131184615e-06,-5.776491742709375770e-05
-5.234828210693165915e-06,-5.007778090227500847e-05
-4.869453486690628066e-06,-4.282380575927399323e-05
-4.039788089517334844e-06,-3.550713627129819801e-05
-2.925912829914630059e-06,-2.783446344613707600e-05
-1.832298031650686442e-06,-1.978953384020245776e-05
1.446717893238074234e-07,-7.069946203637389090e-05
7.065418226964393581e-06,-7.258124955186556987e-05
1.200769356323668883e-05,-7.179617154576675632e-05
1.206169791982600010e-05,-5.711962833230806516e-05
1.246078114849782074e-05,-4.639641937371336949e-05
1.216657730452290684e-05,-3.579843168327306987e-05
1.108541587424835808e-05,-2.578779024955898957e-05
8.932353785705045431e-06,-1.726638094376982207e-05
5.312292758861727417e-06,-1.114865314317558363e-05
-3.085445410065215088e-07,-1.036156645315359761e-04
-4.109776173095918950e-07,-1.013363228582660213e-04
-8.885895361090292363e-07,-9.797271951422337861e-05
-1.576296643510808776e-06,-9.361833677096996758e-05
-2.286302923975547056e-06,-8.848789856866392915e-05
-2.953157011623396733e-06,-8.262379141236956951e-05
-3.384714790195395721e-06,-7.620106940069108358e-05
-7.873755426004322186e-06,-9.932699470564335131e-05
-1.532163424403979964e-05,-9.577566595392902980e-05
-2.237037816811382910e-05,-9.278116800309759045e-05
-2.724210744983769763e-05,-9.056798130454043582e-05
-2.684500469664661705e-05,-9.150544953116505789e-05
1.163171259770502683e-05,-7.075814662113944008e-05
5.621785200874130168e-06,-6.775326832510569189e-05
-1.642370395611501472e-06,-6.732643264969531140e-05
-1.381506898220746422e-05,-1.064939700993036204e-04
-1.014279812752088650e-05,-1.160591990594091145e-04
-6.417051718791732201e-06,-1.223875917676618425e-04
-2.742927488711697628e-06,-1.254804218519534054e-04
7.281505423281704476e-07,-1.254457049569703106e-04
3.933404598053618304e-06,-1.224785162307626477e-04
6.724598215933879176e-06,-1.168599499894530972e-04
8.883293245498004648e-06,-1.090359422255397938e-04
1.039055440868126170e-05,-9.951447126308657473e-05
1.107471506311023132e-05,-8.878893234865409625e-05
9.856236957123038191e-06,-3.705255107371314142e-05
9.878715066916289096e-06,-4.249136592011606333e-05
9.478849203917138119e-06,-4.830242497723193253e-05
8.721947242410840135e-06,-5.354650552732916373e-05
7.690981756553986681e-06,-5.721621395398155492e-05
6.448902971746021807e-06,-5.840116634366971293e-05
4.927328669401279264e-06,-5.715838042275582119e-05
8.323806983669434129e-06,-3.106992194162907475e-05
3.984840859537319200e-06,-3.082034689969716604e-05
-2.480006525539047352e-06,-3.140068570440671868e-05
-8.990576129809030035e-06,-3.274472433149107787e-05
-1.211789591298229315e-05,-3.569599046991203016e-05
1.082133143668493811e-05,-5.802267505022427744e-05
1.050763336032223832e-05,-5.573985078830473233e-05
7.645380627850075303e-06,-5.456969662834449970e-05
4.395071973917374313e-06,-5.372880219515170029e-05
1.712823000912124820e-06,-5.325292592369108380e-05
6.969060574404049361e-07,-5.318210452620778477e-05
-1.002522323995070499e-05,-4.859771377832726512e-05
-9.325871471941666325e-06,-5.658676717052482348e-05
-8.078451262345644763e-06,-6.365603484491585420e-05
-6.390064429680015473e-06,-6.946908316602726902e-05
-4.392751663505207926e-06,-7.371274384473021108e-05
-2.173454899745710873e-06,-7.616887783296099126e-05
1.391667378730632394e-07,-7.670929466529430806e-05
2.339903070587354828e-06,-7.535134865526869549e-05
4.396269519018969959e-06,-7.219843406039841221e-05
6.114744281749507365e-06,-6.740289691743237672e-05
1.687794421621312545e-05,-3.476239967588141066e-05
3.270801501831539793e-06,-1.766046414803425709e-05
9.132580022068404875e-06,-2.306820203860674456e-05
6.439066038538494150e-06,-2.168774256108215332e-05
1.309818074947539868e-05,-2.658687743524733947e-05
1.940432966657702903e-05,-4.735381175277639205e-05
-1.495983616503839146e-06,-3.655951276690553529e-05
-4.169036568553879826e-07,-3.165454853229338446e-06
-1.923873519972601599e-07,-2.370894452806885518e-06
1.941938805459266220e-05,-6.315905933428448435e-05
-1.386922623282521930e-06,-1.520418846486700400e-05
5.582711329204445639e-06,-2.096995994530509856e-05
-1.896964979178235978e-06,-2.425218892425622124e-05
-2.220242400522493126e-06,-1.630553822000597173e-05
-8.023677712256485102e-08,-3.753126274200121620e-06
3.976097831183277815e-08,-2.573384331229162877e-06
-7.062506830648690162e-07,-5.117589878463346686e-05
1.304569792126594025e-06,-2.154287001061662419e-05
1.768912323333283616e-05,-7.797972688569270252e-05
1.892472408330839163e-06,-1.685574700194500497e-05
8.200813319911001763e-06,-2.797465348817664094e-05
5.634678731128910425e-06,-2.451079714151163048e-05
1.635702969396523902e-07,-2.172691952573214720e-06
1.299195205452762890e-07,-1.628061088449825963e-06
1.041516222920875299e-07,-8.622447410538026489e-07
7.812375894683631247e-08,-7.149622290197982605e-07
1.094670502519667911e-07,-6.623658845893019191e-05
4.611497466842644192e-06,-1.905672442560849491e-05
1.532729153490632078e-05,-8.612440949754479125e-05
1.332790172170116594e-05,-9.376924628359536789e-05
1.048215620253948326e-05,-9.950564411915012420e-05
-1.301141399293637268e-07,-1.357140356264326116e-06
-2.117875223262167171e-07,-1.766323810314183479e-06
-8.475054716508821716e-08,-5.961923594486696740e-07
-1.082630496513469361e-07,-7.031034281011748400e-07
6.978793765233321297e-06,-1.054498324303660518e-04
1.524541966624203305e-06,-1.650444551775188801e-05
4.480307642051737293e-06,-2.816111109815013644e-05
4.919484372449399822e-06,-1.094651391914988858e-04
9.077948749465513702e-06,-3.588221015141392995e-05
1.431304714064928793e-06,-7.809628072058218866e-05
-6.185131125041185510e-07,-1.590651429718560839e-05
7.453643421589272299e-06,-2.596612698897023764e-05
4.590535339433846679e-07,-3.293401160491010753e-05
2.561175617652509817e-06,-9.049014343473332485e-05
-4.330038922289753554e-07,-5.062992069612474685e-06
-5.135943110189677705e-07,-5.521902875271063216e-06
-4.919160747560305592e-07,-4.375091318438503769e-06
-6.283880312647438353e-07,-5.914116177889428187e-06
-4.522777806616743628e-07,-4.804547285694112812e-06
-1.456572253055146304e-08,-3.888185847449254742e-06
-7.452475518753824152e-08,-4.070043408058269000e-06
-1.943347881426111767e-07,-3.219908380472424776e-06
-1.755009957768623947e-07,-4.269737362656726424e-06
-1.750370914472210548e-07,-3.509652528823893485e-06
1.245160660296123538e-06,-1.063028619635990075e-04
4.402146120819110873e-09,-4.924462157966630480e-07
5.395874031105937855e-09,-5.671840107654573895e-07
2.237827509847166922e-06,-9.953952188426438421e-05
-4.121452073247627805e-07,-4.005997794729925239e-06
-1.151627756344824792e-06,-6.103761087307407622e-06
1.012048353050110649e-05,-4.447248077255942881e-05
3.311421131008951300e-06,-3.292973723375413616e-05
1.476686678668240323e-06,-1.546197772906802981e-05
-3.596874275466314391e-07,-4.495246636453901182e-06
-9.739497806950867298e-07,-6.614003928704470917e-06
7.061848494883214838e-07,-1.123540576900308957e-04
-2.083405069840071553e-07,-5.022726487329464734e-06
-8.621420724600265730e-07,-7.032136794174771948e-06
-1.561942124443915089e-06,-8.759541035701363227e-06
-3.625795758903359731e-07,-5.842649781221204166e-06
-2.961529864399169842e-08,-3.422715852551318685e-06
-2.319006759506028078e-07,-4.873486137717596164e-06
9.124011632568990217e-06,-5.256544230150445208e-05
-3.677835993808377944e-06,-6.912509170391310067e-06
-2.127040375523643978e-06,-5.427199895641762601e-06
2.282650972806153232e-06,-1.122651424463851284e-04
8.771247411517478594e-08,-3.848756378016249319e-07
1.052446732288013789e-07,-4.415585782461912590e-07
-4.451453286872938413e-06,-1.319029042178957577e-05
-1.600844793627141661e-06,-1.421756757427070702e-05
-4.720917180847826662e-06,-2.902117735120741186e-05
-6.809275743696870907e-06,-6.705123347849567083e-05
-1.149220670692241049e-07,-1.063509981907944313e-06
2.257640930432269259e-07,-1.394207378798336183e-06
-4.660936308831704741e-06,-1.562876688002831833e-05
-2.244418329719925016e-06,-9.586968992782310346e-06
2.942960272130572158e-06,-4.123798594100106755e-05
1.578658971908110325e-06,-1.247659822321387086e-05
2.427086890332751498e-06,-8.551880022287288984e-06
2.736968517847813750e-06,-6.163816498834173812e-06
5.478765271887681081e-06,-3.735923495326394283e-05
5.429912366583512800e-07,-5.943289076584455374e-06
3.881688630538311546e-06,-1.982046363325486873e-05
3.990458173833663329e-06,-1.677720893918826280e-05
4.191628977417999115e-06,-3.401962718525621833e-05
2.105848231150298759e-07,-1.208300199967839496e-05
4.330441692672471435e-06,-4.052318203451642589e-05
-7.530625772717609116e-07,-1.549329284496925752e-05
3.200424208723081142e-06,-5.075949571384119770e-05
3.380245259955160737e-06,-6.252593454366164297e-05
2.333656578904387270e-06,-6.401773398133619314e-05
2.993258038541923031e-06,-8.195041142628205384e-05
4.687845669361115343e-06,-4.428596360855812709e-05
2.802382625092780625e-06,-1.038455690625568890e-04
1.150059627304359677e-06,-7.403530142484723202e-05
-5.180431477659260279e-06,-1.008228511294712823e-04
1.348586768043563497e-06,-1.201935047305729623e-04
-5.482835580098715066e-07,-7.707576235671325608e-05
-7.612688072942362175e-07,-1.264245729148658385e-04
-1.945798975920531115e-06,-7.214980239516490912e-05
-2.823037978162860113e-06,-1.202518741829078494e-04
-3.066739138256228413e-06,-6.046758964643569103e-05
-3.713019408282539653e-06,-4.424937295660733190e-05
-2.028799283450814124e-07,-2.569735115652387047e-06
-1.322749924012968231e-07,-2.847652874629197469e-06
-5.308748404615172794e-08,-3.348243175613322157e-06
-2.656505573279620866e-08,-2.677693178526896241e-06
-4.010129323377326399e-07,-3.462064988104645741e-06
-2.819706640253789099e-07,-3.820890795610707244e-06
-2.107977010680502366e-07,-4.571853464868584826e-06
-9.675057878536286899e-08,-3.558842888871238460e-06
7.552306664841024225e-06,-5.757323160587069801e-05
3.512585097692970450e-06,-4.859776509571773345e-05
7.485130014855797570e-06,-3.312572600134309418e-05
-4.394527553741643859e-07,-1.522376113094683468e-05
1.512222320048644013e-06,-7.018099119173811655e-06
-4.212963632484346403e-07,-1.588381154127738604e-05
-7.347454456341077427e-07,-6.329798202143383181e-06
-2.448022081507937129e-07,-4.439901571029730354e-06
7.694377562922163181e-06,-3.035857896551676717e-05
6.657686024725583594e-06,-2.663178156740586967e-05
-1.809694274192586698e-06,-2.971784690790951465e-05
4.886395780023717629e-07,-3.173950941065870448e-05
1.549201040186331462e-06,-3.726620837284309445e-05
3.389556490423278085e-06,-3.318005682180686001e-05
4.809816626030619449e-06,-3.802700637046411340e-05
6.467524500794891986e-06,-3.430609914398965554e-05
4.927808153084811605e-06,-2.997587908416873695e-05
7.868178194528660153e-06,-3.098059311239378466e-05
6.311159664295803420e-06,-2.745538002353328921e-05
8.161357276124802613e-06,-3.917825983873206346e-05
6.035247470107249487e-06,-4.359482060018306324e-05
9.855503892853213803e-06,-4.425152765054387043e-05
8.148797773162044271e-06,-4.921275056061339862e-05
8.963057008403738787e-06,-2.823267021160993101e-05
7.431651139105340651e-06,-2.545104852730765114e-05
1.152548121689596399e-05,-3.993112068311083782e-05
1.184628650212384038e-05,-4.948571574756178954e-05
9.801226255265536695e-06,-5.462912015235386111e-05
6.294225647826860209e-06,-5.416047897211688847e-05
7.459501974912930489e-06,-6.013672667840402978e-05
1.373705931049684935e-05,-5.466544284805026263e-05
3.792566669434289058e-06,-2.657802603769304046e-05
1.079109921171656245e-05,-3.186946238077362556e-05
9.657277825262012048e-06,-2.613473664369671921e-05
8.187039784716174012e-06,-2.394749290756900841e-05
6.289802820790685741e-06,-2.337451788834546247e-05
7.128828802672303939e-06,-2.243978390891162634e-05
5.551800215212407463e-06,-2.187079819558072262e-05
6.475316427016888195e-06,-2.151428585913825827e-05
7.572582176895084983e-06,-2.207085294087738199e-05
7.019397351391486242e-06,-2.175114465579829455e-05
7.549943157143819502e-06,-2.225179449173956962e-05
5.145944352327389343e-06,-2.082662060001433431e-05
7.110531851580327223e-06,-2.252300734883102418e-05
1.004370727846955823e-05,-2.450210237109399337e-05
6.840105303940602372e-06,-2.202185177239043473e-05
7.115244926148465177e-06,-2.295489396371675381e-05
5.569662128264431043e-06,-4.981349516934178095e-05
5.351235499810678959e-06,-5.636873995441645164e-05
-2.072411356414762767e-06,-6.672707784303004803e-06
-1.048039105984234963e-06,-5.263355876309337178e-06
-2.477696563196669123e-06,-2.091431352348201072e-05
-1.490323361743157151e-06,-2.140618125247398555e-05
-3.141470367815177401e-07,-2.397672066832421661e-05
1.016604339186307968e-07,-2.147994967783189695e-05
1.660713948218257336e-06,-2.354353320625222730e-05
1.901025961348921812e-06,-2.129406192156355919e-05
4.255533622175362872e-07,-1.967157266663646775e-05
1.995182621617436972e-06,-1.960317395111143803e-05
6.731189668731760265e-07,-1.838029347379548713e-05
1.978513293002867240e-06,-1.840655090376952559e-05
7.850230605717465053e-07,-1.746409084473212153e-05
3.725044861074625204e-06,-2.316544310642476123e-05
3.580501917564404660e-06,-2.595990393996870440e-05
1.850082439498189006e-06,-1.758542067521639399e-05
7.776806045575475064e-07,-1.685890009734121822e-05
-1.533825184074546540e-07,-1.662441762780675242e-05
-1.218150248366504313e-07,-1.619311210261183316e-05
7.040263304104120929e-07,-1.651470765181326466e-05
-9.145993258824923774e-07,-1.578172149383616548e-05
-1.042612759859192998e-07,-1.604393299085207561e-05
6.033050808768422738e-07,-1.638259791586657804e-05
1.456179722552845756e-06,-1.677036949106637515e-05
-2.270578507913232785e-06,-1.912038896693463641e-05
-6.460806623101452346e-07,-1.829520987687321178e-05
3.280497645180544233e-06,-1.944758432889528995e-05
-1.350790790654858424e-06,-1.618515602193063349e-05
-1.813394799233537100e-06,-1.489027031876390395e-05
-9.162482192727508694e-07,-1.562543100177419113e-05
3.568562512886061241e-06,-1.938297456600091991e-05
-2.109232318419301835e-06,-1.447618202187990068e-05
-1.245113151132157156e-06,-1.536475223335492850e-05
2.705811934319850952e-06,-3.792936792717767276e-05
3.881114489178690423e-06,-3.267174531033017549e-05
6.261308399668636967e-06,-3.941761926082278848e-05
-6.698990247910135661e-07,-2.589435111624223439e-05
-7.128960106105327461e-06,-8.479267028211182110e-05
5.182395205180979390e-07,-1.597564243904062400e-05
3.855187675323925016e-07,-1.625075902371146238e-05
5.605249361941697290e-06,-3.069254102961986477e-05
-4.860435028734181571e-06,-3.566260617760317426e-05
6.821381167200471104e-06,-2.362079959467640078e-05
1.997205228673587734e-06,-2.906695769789469113e-05
-4.207036130527926309e-07,-6.162013929261309305e-06
-1.122586538589436818e-06,-8.797657510125326028e-06
1.279065671522333294e-06,-1.665140900623968766e-05
5.495007353305512293e-07,-1.637993328766616411e-05
2.035626814135738837e-06,-1.695532964214336102e-05
3.109437567065779988e-06,-5.775148517419797351e-05
3.798170795521912005e-06,-7.226316259373483130e-05
7.834138031113463963e-06,-2.269912491809266883e-05
-1.053304367730285232e-07,-2.205183504246013476e-06
8.506060522360190440e-09,-2.121349102712988658e-06
-5.534378191527067799e-08,-1.764041708547899094e-06
1.990123710306532138e-08,-1.683264480974692193e-06
-6.328079017693213496e-08,-1.388622173252530165e-06
9.386932124524646003e-09,-1.304952738070111962e-06
8.207075385609737589e-08,-1.625294636411026707e-06
-1.871437459167171562e-07,-2.877413538900140171e-06
-1.035618476181948655e-08,-2.734625159829967283e-06
-9.308587788154794608e-08,-2.234462203974387060e-06
1.927553768676486194e-08,-2.104694131420876204e-06
-9.179984025258832523e-08,-1.710846462638639523e-06
1.015003837596857404e-08,-1.584333531152922267e-06
1.067663907447987339e-07,-2.057146882960671086e-06
5.966803717025701545e-06,-2.527127073717731515e-05
4.153739794858071345e-06,-2.266861085803173017e-05
7.236019985961258534e-06,-2.341617996452694778e-05
3.838628926496504010e-07,-1.135127981103595056e-04
1.184102052208857838e-06,-1.129240696525250450e-04
2.326341051597655872e-06,-1.109043384632724176e-04
-1.187408796640235137e-06,-6.818653513140533638e-06
-5.472603927035377681e-07,-5.814592231607286699e-06
-2.140036945898538823e-06,-8.938639883195385302e-06
-1.356052353624700651e-06,-7.817552249972856533e-06
6.867979000930072867e-06,-3.720368408786911134e-05
-6.434404382318270915e-07,-2.792018094867341392e-05
-4.712384251010611758e-07,-1.360549853826541608e-05
4.959039258014234365e-08,-1.126389771068393528e-05
1.204564445667358753e-05,-2.923953124679236820e-05
-1.080661111049888755e-07,-1.044699299368482231e-06
-1.575111921080487354e-07,-1.304619110305846067e-06
-6.439188755221682903e-08,-1.055477586731333650e-06
7.046532101808436759e-09,-9.461580093215547509e-07
-8.504199811928283987e-08,-1.265413488617838114e-06
8.469510383803899735e-09,-1.118716199299410031e-06
-5.184726678341586251e-07,-9.180154539523967963e-06
9.966207249263270027e-07,-6.013098363264043214e-06
8.570008568239690692e-06,-2.299535371286011103e-05
9.792358220771922407e-06,-2.346034660957989026e-05
8.433056646937608992e-06,-2.256587783631112016e-05
-2.074648546616528368e-07,-7.967592814885405381e-06
-7.340742476320056483e-07,-6.645373355086309218e-06
-1.890165821369833562e-06,-1.201448448130523832e-05
-2.084295504508807496e-06,-9.765604256169151126e-06
9.428166875980910963e-07,-7.158068428077669736e-05
5.314043206561585908e-06,-7.364228983566363182e-05
5.834026839888457959e-06,-7.965514559632130387e-05
9.540192920118423136e-06,-7.548573804322373073e-05
9.960450201097841469e-06,-8.092380494609762148e-05
9.246646534409040831e-06,-6.998658490175577640e-05
1.339621821469304824e-05,-7.148497967021976622e-05
1.267510340517374123e-05,-6.629652880597508634e-05
6.505327150203486765e-06,-8.485787358918152096e-05
1.045679532384903498e-05,-8.591579989441660615e-05
5.007025765092357779e-06,-6.690096124147968304e-05
6.675857415562057134e-08,-5.928392202636710925e-05
-1.654766288895773415e-07,-1.369369881377264027e-05
1.171591602400330388e-06,-1.660549066700677860e-05
3.502648971395761335e-06,-2.102066048344038607e-05
7.357000584542702091e-06,-8.985436490011135854e-05
5.238405066270997243e-06,-9.356449693393410695e-05
8.457362099228482439e-06,-9.322942703360237915e-05
5.917914877013583219e-06,-9.695654197305408016e-05
-5.731556866512689687e-07,-4.318944145514039013e-05
1.101768749665918470e-06,-1.096279268654203103e-04
2.883556886076835524e-06,-1.080861310529563913e-04
3.186250305919616400e-06,-1.056479665986170650e-04
1.402589434565250502e-05,-8.225084526140652929e-05
1.151896602751930898e-05,-8.980663517444162174e-05
6.416607654529236061e-06,-5.825855153909423193e-05
-8.557137469021987080e-08,-8.392882603019665388e-07
-6.975627773611687301e-08,-7.181379267989696419e-07
-9.290128487069918386e-08,-4.027364084364549664e-07
-1.115654459909214446e-07,-4.640166755070776544e-07
-2.040039314058847239e-06,-2.206610079187102977e-05
-7.935943345362435353e-07,-8.042407471142874937e-06
-4.560117021762422495e-07,-1.219134731835409405e-05
1.340990580842988196e-05,-4.473463766028367480e-05
1.509984439233498960e-05,-4.036250068826427700e-05
1.267384599728152706e-05,-3.593281841634625012e-05
9.555889182393192903e-06,-3.519149618917137736e-05
2.058486099281681166e-06,-1.026567401429415247e-04
4.998207519421116532e-06,-1.005189893253621272e-04
4.787948506742111740e-06,-1.029351800658762751e-04
8.438539708304616146e-06,-9.859526999353875716e-05
7.337826354949584879e-06,-1.012695879732155755e-04
6.733370511966449402e-06,-1.035139111174348316e-04
3.259080391302701597e-06,-1.846480830346821351e-05
2.804409626394280890e-06,-4.637202398844409367e-05
-4.517480230769474710e-07,-5.541172135949828676e-06
-1.346869436862549805e-06,-8.026981815320188799e-06
1.055740292066373875e-06,-1.041031330437404694e-04
-1.414207301469883758e-06,-1.045060066548788052e-05
-2.005027368762463096e-06,-2.882382250385426921e-05
-3.411417313312744553e-06,-3.412635070503590586e-05
1.667983018808722468e-05,-6.751555342554649915e-05
1.659554581269218889e-06,-1.705554026927042107e-05
-2.740602060093306951e-06,-1.751041166873964491e-05
1.401547853392652811e-06,-5.290789038707411069e-06
8.938905649764696934e-08,-1.199325231085866527e-06
6.933985523094109880e-08,-1.003077211807694197e-06
4.722086046525209195e-06,-1.068843766283675062e-04
-1.597742428099288492e-06,-7.172901634605781201e-05
-4.664631265471376803e-06,-9.769397647179354788e-05
5.657365032718780757e-06,-2.287960352296541442e-05
1.889164282426457669e-06,-8.418280049792688463e-05
-2.161967238450031532e-07,-1.600982351833290807e-05
8.883420184502053044e-08,-2.024762291143266073e-06
1.019238195693948819e-07,-2.644997573530681035e-06
1.201810144422277551e-05,-6.056804951818230647e-05
1.647507853746515703e-05,-5.922541007988405454e-05
1.814484180840409268e-05,-5.475824505276239725e-05
1.580163694763969868e-05,-4.999616343416311495e-05
4.295034552356393918e-07,-1.011887250915859498e-05
-4.872968114897628693e-07,-7.704314494701002957e-05
-3.246807643957731121e-06,-1.163671057267617019e-04
-4.014234478224241343e-06,-1.122516886988136420e-04
6.425245251249606049e-06,-5.504116928973970779e-05
-3.503989015483482064e-06,-5.280612654328508949e-05
2.684708064448305027e-07,-1.248146378167907036e-04
-1.776943145474519294e-06,-1.249484275562255285e-04
-1.337172135694520553e-06,-7.555652822459741041e-05
-2.568037287610755294e-06,-6.703335264960341418e-05
3.964979094204412682e-06,-5.174129107658045288e-05
3.788101956923762797e-06,-4.279015807923726997e-05
-2.505364841328354883e-07,-1.429753250485148672e-05
1.794157635197242407e-05,-3.856593225637629740e-05
1.545690884095559723e-05,-3.142275878733358929e-05
1.878914944049276227e-05,-4.279560735008622503e-05
3.899329048377743241e-06,-1.826026209391953635e-05
2.730683990225729316e-06,-1.764021303171365538e-05
7.082911452594614608e-06,-2.344039749749025821e-05
5.466708174398936326e-06,-2.015250312075069487e-05
3.256553425945150714e-07,-1.884281110314172679e-05
-5.622034847959164450e-07,-1.097191645666689309e-05
-2.130867198389231831e-07,-9.352118501745570984e-06
2.338470151648964424e-06,-1.719594047524963961e-05
6.851582449028785504e-06,-2.337599885638224519e-05
4.866047377851068101e-06,-2.601344443662350316e-05
1.467055473399816755e-06,-1.616147072135405656e-05
3.505772417118499656e-06,-3.050021554524362337e-05
1.845187575414123621e-05,-7.256023256031992924e-05
1.015099151462276511e-05,-3.993310161386790592e-05
9.144718268848079531e-06,-3.166716101235480965e-05
6.303216208244659948e-06,-3.015355266133733567e-05
-4.568711948995551405e-06,-2.217372187253505771e-05
-6.579479103068854005e-06,-4.745564147461170900e-05
-5.670542846491039353e-06,-2.850760188698013304e-05
-4.427011114885358229e-06,-1.004988516763860884e-05
-2.404445284926491579e-06,-6.939981373883674455e-06
-1.914308487449343366e-06,-1.217127658679254440e-05
9.319247032392902162e-06,-1.018967395080023618e-04
1.185894408845444580e-05,-9.683394602912835224e-05
6.557460695705462127e-06,-5.808347112362835616e-05
-9.375358462751278774e-07,-1.560296414588577306e-05
5.898751708129732319e-06,-4.506695995446680667e-05
5.659705956739877565e-06,-2.677138905725219605e-05
-8.566786663751153141e-07,-1.560101694297794363e-05
-5.445054634909245762e-07,-1.341518431459522738e-05
8.875515967967763079e-07,-2.598074022895313054e-05
6.173942500111322884e-06,-2.114275836814109706e-05
5.655122320540021981e-07,-2.373841141352140322e-05
3.699438505443552530e-06,-1.110698526450933272e-04
5.967325122265212679e-06,-1.076245031919101754e-04
1.155295951069427061e-05,-2.479711223884733943e-05
1.418739611684590109e-05,-2.865492444662810439e-05
9.085988355732737838e-06,-4.917345690901562573e-05
4.845238813900226487e-06,-1.872385612838074013e-05
1.370614983804207477e-06,-1.773929378549791682e-05
3.569373079355323483e-06,-1.982331959262809137e-05
-7.460885987787277627e-07,-1.364207443553145295e-05
3.551455865905917508e-06,-3.698997566522026079e-05
4.564486449874805842e-06,-9.337697934782665282e-05
-1.580086349719185659e-06,-1.445368389753351103e-05
1.545059353831311250e-06,-1.422967741433875380e-05
1.635210150764987011e-06,-1.670211968804942267e-05
-2.623677838038362378e-06,-1.340532845183019497e-05
1.367877708264739733e-05,-7.676309303863821883e-05
1.291731307050018582e-06,-4.044090186676730086e-05
7.115939742059569851e-08,-3.358669135390963175e-07
8.371615009959363913e-08,-3.833272393988264380e-07
-2.047688023555586026e-06,-1.595643727230752624e-05
4.183542598775403176e-06,-5.291762406127772646e-05
1.382388269246550666e-05,-3.310885632040059731e-05
3.670210448496052800e-06,-6.016094963759741976e-05
9.175572793543179955e-06,-6.468221761778684313e-05
-1.073857855195022887e-06,-1.956895699137832696e-05
2.155691808990970840e-06,-2.868979166860919372e-05
-1.674990461020934496e-06,-6.199687560283394241e-06
-1.360735592480439303e-06,-4.686251046664871743e-06
6.168837327205949821e-06,-2.501607038022311250e-05
-9.500451926701596993e-07,-3.377189659482799365e-06
4.059538917856912193e-06,-1.088959137595939708e-04
-2.160427633511481553e-06,-6.060364019526945270e-05
-4.622491539415929718e-06,-7.654808834597043147e-05
1.121767754850074031e-07,-1.872640434493716663e-06
7.550272306681898704e-08,-2.843826238586859029e-06
1.099402482943178269e-07,-2.610337989225220420e-06
1.561941807230864507e-08,-3.913336389410351939e-06
6.976106466943172413e-06,-3.335392513952591082e-05
-7.219498241186876591e-07,-1.502854998872117724e-05
-3.589204042018941910e-07,-2.356280376641331593e-06
-1.936143470399962511e-07,-1.753878086329513999e-06
5.848982307874302868e-06,-7.747912752663499859e-05
1.096609737284310919e-06,-3.318435135447341498e-05
5.116991551481051866e-06,-2.473795978320766670e-05
6.476956871063759904e-07,-2.838599209624723019e-06
-1.803568984011657625e-06,-1.800580047604077963e-05
1.289041229433019566e-06,-3.523008724261704245e-06
-2.754178160187177664e-07,-4.470056003404378134e-06
-3.908929970916308537e-07,-1.729606786730964040e-05
-2.174823173771841843e-06,-5.404986688434203061e-05
-4.289597791470206317e-06,-6.690570706210164146e-05
8.423950325891039966e-06,-5.549354405971019871e-05
3.602598562967108448e-06,-2.104247892938876168e-05
-8.254010129767550747e-08,-3.849812309149461550e-07
-7.020624346566411327e-08,-3.362787312109063269e-07
-2.640586373360348338e-07,-1.860463221304934941e-06
-1.535339917712109227e-07,-1.400986902058452618e-06
-1.197472787144145354e-06,-1.504985713889137073e-05
-2.396428068578800276e-06,-4.644458869363097723e-05
-4.370993665433858269e-06,-5.657249389155637529e-05
-8.631642266274408056e-08,-7.769974530073809473e-07
-1.183701036633892132e-07,-9.429462503874140886e-07
9.891589954842787684e-06,-9.551793294100229784e-05
8.666149963036554553e-06,-1.036006924317184872e-04
-2.310001280306653770e-06,-3.771972054592965357e-05
-1.360922263723797002e-06,-1.323163509455906812e-05
-4.010600998251815061e-06,-4.520277160405378170e-05
3.798929119140249199e-06,-1.070021128521873963e-04
1.868336535493202129e-06,-4.878639308796439716e-05
3.134995670751910106e-06,-5.285112281374190941e-05
2.590388559890768128e-06,-1.167409549890511465e-04
1.822883685710318178e-06,-5.689495972852047246e-05
1.461192391686192438e-05,-9.029555073217351759e-05
4.912445061251280426e-06,-2.033971506919060674e-05
1.463232569902984406e-07,-1.480033580165895918e-06
1.080118924236454277e-07,-1.151503024151322296e-06
1.586199068611917946e-06,-6.411494438855001713e-05
1.316525909377964822e-06,-1.231172069998264125e-04
3.981514580138967474e-06,-2.492165631561341597e-05
3.950309727543974223e-06,-2.939176720902297272e-05
4.237883571085282478e-07,-9.069372511720487771e-06
9.889909359161962255e-08,-1.599305776803876058e-06
7.471067931930884241e-08,-1.301568483522279751e-06
3.128363355080684080e-08,-1.261264480151897847e-04
1.206651972669807690e-06,-7.004464732375908467e-05
7.926665729091772147e-06,-2.525045491009764260e-05
-1.431684581545430839e-06,-6.894485718913248778e-06
-1.539277071178948382e-06,-1.960024608869055153e-05
-2.611442626213013473e-06,-2.313018036573018463e-05
6.905169038117213156e-07,-7.434184591219529699e-05
-1.232084097322951260e-06,-1.258556174226916615e-04
9.976919809317681560e-08,-6.412118289572566261e-07
7.875921055925328319e-08,-5.464926759026405355e-07
8.740785985845128454e-08,-7.672258561489692249e-05
-2.345916458030271735e-06,-1.224317701753458560e-04
-4.028530876564688368e-08,-6.768559216703181503e-06
2.644315693526848985e-07,-5.197111296358509313e-06
4.175642621323436790e-06,-1.099089778337394746e-05
3.968987515115028085e-06,-1.339675817212376135e-05
3.008009246634148492e-07,-7.650893997156100231e-05
1.993585204727847755e-06,-1.128745989980784234e-04
2.533366749502906905e-06,-4.489170880624084107e-05
1.172108630249716680e-05,-2.670116449317330474e-05
-4.050443789568506205e-06,-1.078390961927511881e-04
-1.072483318425579367e-06,-7.532706057944702274e-05
1.695205061396295721e-06,-6.975351568869407983e-05
2.742649174622018731e-06,-9.323412982448026304e-05
9.324513337858049388e-08,-8.076620225955671790e-07
7.615326451326910231e-08,-6.928641002277747514e-07
-1.976231980356454960e-06,-6.662127221271922823e-05
-4.867531395651713975e-06,-8.681907049643250007e-05
8.834616096372305206e-08,-8.973135742876459043e-07
1.209291870041954870e-07,-1.115039426046447468e-06
-2.496719889128842817e-06,-1.767463718841335457e-05
2.736702937057626988e-06,-1.727190667406032487e-05
7.927639703247547757e-06,-2.308973169055621917e-05
1.603333905405662318e-06,-1.023044662468705305e-05
-1.593573795209344878e-07,-4.113613467316418188e-06
-5.257872851097890721e-07,-5.736623817382036161e-06
9.875329038457580550e-07,-1.130792388579167010e-04
-1.821095161555125003e-06,-1.514984283881602810e-05
7.207396750961895785e-06,-4.617971675439179994e-05
1.060228168740816174e-05,-2.384052956061774063e-05
2.728366864593371645e-06,-2.399147583621006564e-05
6.628099285382541215e-06,-5.830563670499201847e-05
-2.447585327612729472e-05,-8.694724511292003881e-05
1.748089575106918326e-05,-8.187041730103846511e-05
-1.207905453166960964e-05,-3.586565570242419067e-05
-8.760946342394447595e-07,-6.809632578852451634e-06
-2.725113959108800948e-07,-4.810430304301731301e-06
-1.353804342379850377e-06,-1.720621547305489982e-05
-2.832364398839680706e-07,-5.077189455653041053e-06
-5.724500531959399374e-08,-3.640806857252290599e-06
7.540044865052030088e-06,-2.335990963915566399e-05
1.193709226004584259e-06,-2.600648028584431345e-05
4.696237040221681790e-06,-2.058103863823728839e-05
-1.013412265118223595e-06,-7.177268653821336069e-06
-1.594271462074341492e-06,-9.805806248520747384e-06
1.054153649760345585e-06,-1.650886618972589759e-05
-1.784724461201502089e-06,-8.895810200224468144e-06
6.446853686373710067e-06,-5.099868672687548103e-05
2.023150433221279523e-05,-5.842140619983479031e-05
2.052638150072773843e-06,-1.981649788462853262e-05
5.030124842269090967e-06,-1.049563357461917292e-04
-1.427900168247063730e-06,-1.516415804408287060e-05
-2.763930164369292794e-05,-9.019426956270760207e-05
4.110250889528282059e-06,-2.879083444052458880e-05
2.008043392389815093e-06,-9.631761569053745933e-05
1.263506866427277446e-05,-7.180137725254049860e-05
1.014790767288581324e-05,-5.720925981610798690e-05
1.996958299888480272e-05,-5.138359687592689061e-05
6.616122008357490532e-06,-5.830056354098525341e-05
-3.029980210186723965e-06,-1.117080594009511735e-05
3.440715151950165933e-06,-1.105375779671040424e-04
-4.380673561895756041e-07,-5.762268819367679584e-06
-1.308239630921089886e-06,-8.250925879703122499e-06
5.565109547194570978e-07,-1.508252367538200977e-05
-2.831033032874049540e-07,-1.607309038887245979e-05
5.402591427001090218e-06,-3.402136461163867017e-05
-4.792859102571984167e-07,-1.238077573072948717e-06
-2.172353369701215258e-06,-1.487124779607531073e-05
1.594042103511672713e-05,-6.380418241853069424e-05
-1.394382290825715952e-06,-4.242629196736792743e-06
-8.419163120612948245e-07,-3.368944238206130773e-06
-1.980457436245823894e-06,-1.142982528647062745e-05
1.647425909067806894e-05,-4.497147243627372973e-05
1.115861876145663373e-05,-5.683861146093810971e-05
1.678247438166643509e-08,-3.428325039536596376e-06
5.313527005892029908e-08,-2.555159215410113530e-06
6.886882314508301859e-08,-1.710109059327065659e-07
7.944207164590890177e-08,-1.927947920664532156e-07
-8.608701533037703980e-07,-7.208677241197648400e-06
-1.836430604169398498e-07,-5.231457684102042097e-06
6.800894270599720653e-06,-5.692854167390212436e-05
6.548001459493426472e-06,-2.198503940785259531e-05
6.279674847118243379e-06,-2.829424328542370820e-05
-7.377897715419533129e-08,-1.863577749196428690e-07
-8.543257980443905134e-08,-2.113142915541356565e-07
2.402173591721468015e-06,-1.119209373022204566e-04
5.420601099375234850e-06,-4.831934855472426373e-05
1.126450163236967682e-05,-9.275832088387766475e-05
-5.239815110335144859e-08,-1.615721503366518839e-05
9.859202614707875532e-06,-7.103786578940478682e-05
1.528634917407898280e-05,-3.634572034096235360e-05
-2.846925816894197283e-06,-4.887708884190054135e-06
-7.024601800717095143e-07,-1.568341178809677059e-05
2.378590853935926239e-06,-1.706273534189070798e-05
6.513853641404021459e-06,-2.379473326918321967e-05
4.617070504028249037e-07,-1.635685454845289488e-05
-1.160327378781165008e-05,-3.542656729894589306e-05
-2.047941931489933250e-06,-1.550141688184178735e-05
6.875033260980327327e-06,-2.484800828322504779e-05
-1.539013980245435049e-07,-2.140345898404654235e-06
-2.784481586773929973e-07,-2.833597930754457935e-06
7.576342846040188947e-07,-1.227505208691466604e-06
-2.609992345839390563e-07,-5.338763879787067645e-06
4.354415929370427360e-07,-3.640503052758398759e-06
-6.711839590879432687e-07,-1.051070455724621503e-06
2.036090755242495688e-05,-6.759174599675747436e-05
5.503779426667190326e-06,-3.575580401165195298e-05
6.380976614941666492e-06,-5.460328750896569665e-05
7.672345795623989269e-06,-4.287645346918598290e-05
4.636448813008321276e-07,-9.399781588189598058e-07
5.589173863864675317e-06,-2.743944331850301394e-05
6.809460580786222258e-06,-5.235466579176887853e-05
3.101660361602455553e-06,-1.040316706203487024e-04
8.476215181772169644e-08,-1.173490651478234398e-05
5.497492340018682205e-06,-5.764594081281852777e-05
1.071270619164031588e-06,-1.127839964136070271e-04
-9.193054842971051914e-07,-7.837653724886968642e-06
-2.350853940315799303e-06,-1.131221091389913815e-05
-1.872608488531757708e-06,-9.179912833899987168e-06
-7.742933245152916144e-07,-6.388756728927763953e-06
5.684478661641627402e-06,-4.072071256437308315e-05
-1.064746949953085071e-07,-1.425008185545257191e-06
-1.673683536666357118e-07,-1.820294502656357495e-06
1.151753692692110318e-05,-2.552314820524856595e-05
7.262766576735264446e-06,-2.813001822283256166e-05
9.844272821815675689e-07,-1.632800053060685951e-05
-6.813848129509086370e-07,-1.237406974000468892e-05
4.264199952189910305e-06,-1.942407224065050963e-05
2.970323190221300291e-06,-4.133179210496134231e-05
1.603988758589741501e-06,-2.575476288808116221e-05
