Size 979,2
0.000000000000000000e+00,0.000000000000000000e+00
0.000000000000000000e+00,0.000000000000000000e+00
0.000000000000000000e+00,0.000000000000000000e+00
0.000000000000000000e+00,0.000000000000000000e+00
0.000000000000000000e+00,0.000000000000000000e+00
0.000000000000000000e+00,0.000000000000000000e+00
0.000000000000000000e+00,0.000000000000000000e+00
0.000000000000000000e+00,0.000000000000000000e+00
0.000000000000000000e+00,0.000000000000000000e+00
0.000000000000000000e+00,0.000000000000000000e+00
0.000000000000000000e+00,0.000000000000000000e+00
-1.129386557742637600e-06,-1.551460365740119345e-05
-1.109884884287374527e-06,-1.538947567476329215e-05
0.000000000000000000e+00,0.000000000000000000e+00
0.000000000000000000e+00,0.000000000000000000e+00
0.000000000000000000e+00,-1.126686781082686601e-04
0.000000000000000000e+00,-1.139083452334206214e-04
-1.055667898832947558e-06,-1.074330678770575982e-04
-1.917823046692031634e-05,-7.753335601252343465e-05
0.000000000000000000e+00,0.000000000000000000e+00
-1.475956352970710972e-06,-8.386920874910045663e-06
-3.557446889924196874e-07,-1.080884964390361596e-05
-2.718078415802860621e-06,-1.359579204457186737e-05
-2.724953963807272937e-06,-1.666512269088276318e-05
-1.366947368508701389e-06,-1.174579555226574580e-05
-2.166744722928505408e-06,-1.528068190500561920e-05
2.939393524181093616e-07,-1.845887847242164563e-05
-1.981875617891826159e-06,-2.215029874758129598e-05
-1.992153769856733667e-06,-6.898261285842977930e-06
-2.049130148076673515e-06,-1.487924938308299046e-05
-1.015034901774387902e-06,-1.585177565370540998e-05
1.965564471824939627e-06,-5.025864798988551675e-05
2.262852326519534048e-06,-7.813180331600348065e-06
8.263254403969126841e-06,-5.406156095333893789e-05
-3.610674921891128194e-06,-8.564252762593083850e-06
8.595345890017416608e-06,-3.060195966590939569e-05
-9.907849027101362210e-06,-3.252309455766794986e-05
-3.713673659813680144e-06,-6.683329645140087788e-05
8.501620961302043864e-07,-1.230005749084384973e-05
1.092373933590606202e-05,-6.811893490050941250e-05
-1.122748163760141315e-06,-1.035384505636844222e-04
-3.326488915271980968e-06,-6.915611482606196165e-05
-1.727741500204386271e-05,-9.385631160137583660e-05
1.069259825631407679e-05,-7.645172105999150421e-05
9.117535307542709062e-06,-3.197853354194360161e-05
3.277013508898651142e-06,-5.324245150682931619e-05
-9.894697326406094848e-06,-3.935764388679314986e-05
7.369946810918484117e-06,-6.038400745422072241e-05
-5.127206895038445909e-06,-1.064078109679807601e-05
-8.158500384422109997e-06,-1.840109264863521235e-05
-1.054981375064816263e-05,-2.788631679871495710e-05
-1.206907159794220089e-05,-3.860507037843388905e-05
-1.275799762810960008e-05,-4.985692845669571327e-05
-1.272245772539800259e-05,-6.069668581626955434e-05
-1.259294135332488260e-05,-7.089611011290327237e-05
-1.272255197870325168e-05,-8.095020681857982917e-05
-1.273524515199848799e-05,-9.135665336832474572e-05
-1.181215886930878919e-05,-1.019097420533399882e-04
-1.002715118390628116e-05,-1.112248364373040807e-04
-7.552265678748610155e-06,-1.186442199966778279e-04
-4.512863670202673971e-06,-1.236245095997206514e-04
-1.043477832528469250e-06,-1.257732067257616210e-04
2.704222366554902624e-06,-1.247995191629924989e-04
6.597929865091521263e-06,-1.205222436456489401e-04
1.050723199475771393e-05,-1.128858711107933360e-04
1.432216573582537915e-05,-1.019133372980880720e-04
1.788190405336739211e-05,-8.748247964721197686e-05
2.073013257748674564e-05,-6.946679351922548215e-05
2.137546668998836243e-05,-4.866480831529118633e-05
1.823389045128832008e-05,-2.762830998317336364e-05
1.063707413566370459e-05,-1.071250559420720723e-05
0.000000000000000000e+00,0.000000000000000000e+00
0.000000000000000000e+00,0.000000000000000000e+00
0.000000000000000000e+00,0.000000000000000000e+00
0.000000000000000000e+00,0.000000000000000000e+00
0.000000000000000000e+00,0.000000000000000000e+00
0.000000000000000000e+00,0.000000000000000000e+00
0.000000000000000000e+00,0.000000000000000000e+00
0.000000000000000000e+00,0.000000000000000000e+00
0.000000000000000000e+00,0.000000000000000000e+00
0.000000000000000000e+00,0.000000000000000000e+00
0.000000000000000000e+00,0.000000000000000000e+00
0.000000000000000000e+00,0.000000000000000000e+00
0.000000000000000000e+00,0.000000000000000000e+00
0.000000000000000000e+00,0.000000000000000000e+00
0.000000000000000000e+00,0.000000000000000000e+00
0.000000000000000000e+00,0.000000000000000000e+00
0.000000000000000000e+00,0.000000000000000000e+00
0.000000000000000000e+00,0.000000000000000000e+00
0.000000000000000000e+00,0.000000000000000000e+00
0.000000000000000000e+00,0.000000000000000000e+00
-4.073754155096407276e-06,-8.534938880780616055e-06
-6.384268663587846318e-06,-1.536399873764804263e-05
-7.989365820547373234e-06,-2.346043106118095737e-05
-8.783949506749706842e-06,-3.222527650629229977e-05
-8.845633849888241872e-06,-4.102694374871498987e-05
-8.297746863717642352e-06,-4.916356222529660912e-05
-7.515154749712808427e-06,-5.637828339197317208e-05
-6.654150963771272478e-06,-6.274535332521332168e-05
-5.574633284085373289e-06,-6.828956182967929286e-05
-4.033595046678228429e-06,-7.273895923284465161e-05
-2.176644118895725692e-06,-7.549305822455720523e-05
-1.558257497828396798e-07,-7.637069216725091288e-05
1.902053717048270607e-06,-7.526743928095287707e-05
3.859499563512011366e-06,-7.222880510011447886e-05
5.569164005130659654e-06,-6.739816660511561606e-05
6.892996804881825417e-06,-6.103209893197886188e-05
7.684733391197506045e-06,-5.351763591453024464e-05
7.772393968396948906e-06,-4.561680678812199868e-05
7.463040210365212990e-06,-3.783577098748101077e-05
7.029391765526535663e-06,-3.025537839175297005e-05
6.379975901691387724e-06,-2.275298342902963897e-05
5.103170516660408608e-06,-1.549679845412514246e-05
3.183959362673318030e-06,-9.018849983764485028e-06
0.000000000000000000e+00,0.000000000000000000e+00
0.000000000000000000e+00,0.000000000000000000e+00
0.000000000000000000e+00,0.000000000000000000e+00
0.000000000000000000e+00,0.000000000000000000e+00
0.000000000000000000e+00,0.000000000000000000e+00
0.000000000000000000e+00,0.000000000000000000e+00
0.000000000000000000e+00,0.000000000000000000e+00
0.000000000000000000e+00,0.000000000000000000e+00
0.000000000000000000e+00,0.000000000000000000e+00
0.000000000000000000e+00,0.000000000000000000e+00
0.000000000000000000e+00,0.000000000000000000e+00
0.000000000000000000e+00,0.000000000000000000e+00
0.000000000000000000e+00,0.000000000000000000e+00
0.000000000000000000e+00,0.000000000000000000e+00
0.000000000000000000e+00,0.000000000000000000e+00
0.000000000000000000e+00,0.000000000000000000e+00
0.000000000000000000e+00,0.000000000000000000e+00
0.000000000000000000e+00,0.000000000000000000e+00
0.000000000000000000e+00,0.000000000000000000e+00
0.000000000000000000e+00,0.000000000000000000e+00
-2.178550706359393012e-06,-2.228097413728758917e-06
-3.226571443951613577e-06,-5.193569210811081094e-06
-3.558330923958536292e-06,-8.501119923652809322e-06
-3.314254605652614478e-06,-1.154431680915604384e-05
-2.628058705714268054e-06,-1.390593980335012170e-05
-1.637822315295135890e-06,-1.523280056976869164e-05
-5.745686704970232985e-07,-1.538400448764983550e-05
4.303452797572522850e-07,-1.437960059932578210e-05
1.180729955191329398e-06,-1.232876727061680567e-05
1.452853237649769541e-06,-9.525548729669276892e-06
1.227844920212616515e-06,-6.282578005593852618e-06
0.000000000000000000e+00,0.000000000000000000e+00
0.000000000000000000e+00,0.000000000000000000e+00
2.628431594986011940e-07,-1.483991515219580428e-05
1.429517722565102637e-06,-1.320628205614590418e-05
2.281134921349329519e-06,-1.076535913704106223e-05
2.692880674636711351e-06,-7.802006497320528456e-06
2.573580175625581682e-06,-4.717032556133703139e-06
1.789957373850879398e-06,-1.996606815583113915e-06
-1.166828907893138147e-06,-1.561518521542328551e-05
-1.583038283900734186e-06,-1.573199894011164854e-05
-1.920990159565612913e-06,-1.575294165175174596e-05
-2.112915367611826376e-06,-1.567451699721613841e-05
-2.070358071198378248e-06,-1.555226489332794804e-05
-1.706442162619640739e-06,-1.374180134095540708e-05
-2.236601779387695131e-06,-1.106915230194142748e-05
-2.480231138870572066e-06,-7.034390521139469656e-06
-1.928981729870362542e-06,-2.733346962137162631e-06
0.000000000000000000e+00,0.000000000000000000e+00
0.000000000000000000e+00,0.000000000000000000e+00
1.981157860564152536e-06,-1.122952556578874872e-04
3.819862609403618659e-06,-1.113808830089934465e-04
5.494612725798570993e-06,-1.099911088692479515e-04
6.946909881417147724e-06,-1.082829281159743514e-04
8.231895781631266295e-06,-1.064249898848839511e-04
9.438893795714000493e-06,-1.044661534169802770e-04
1.074024977178902846e-05,-1.024786333549324821e-04
1.214598143777658834e-05,-1.002991164303845085e-04
1.366702168529523033e-05,-9.781297057858595785e-05
1.526648216185511221e-05,-9.493796237030676592e-05
1.687067547840204280e-05,-9.162831372908791273e-05
1.839713675895229050e-05,-8.789775379868017518e-05
1.975789820497323579e-05,-8.380324080979763670e-05
2.099051019084750976e-05,-7.938825853462843144e-05
2.199275432661166734e-05,-7.477097474480505761e-05
2.279539026325256600e-05,-6.996922794600204682e-05
2.336826449468986313e-05,-6.498829797636239739e-05
2.366460788196957625e-05,-5.999889433659760774e-05
2.362082480924144903e-05,-5.495539699930665018e-05
2.330125715223589232e-05,-4.999980679629536709e-05
2.262831259522484563e-05,-4.529364595834359253e-05
2.162178846380875087e-05,-4.088942761695871637e-05
2.035417113626662161e-05,-3.692149010942263139e-05
1.887028999512960177e-05,-3.342581214799104244e-05
1.727822430330131818e-05,-3.045930748480743622e-05
1.560923773538664997e-05,-2.801835184260967199e-05
1.387200273663175454e-05,-2.609458503529599315e-05
1.216155601573899554e-05,-2.467169051821587413e-05
1.039187596042521014e-05,-2.375277816526407705e-05
8.731206908190659079e-06,-2.335165842678542839e-05
7.054770735042226313e-06,-2.350635012011312999e-05
5.546985919800042797e-06,-2.417413307185053514e-05
4.146000168557490367e-06,-2.537150960775077518e-05
2.947413551551946644e-06,-2.708857911814247771e-05
1.998967695945196511e-06,-2.923701973460582379e-05
1.157389337421518846e-06,-3.178763540656156703e-05
4.670411255533606785e-07,-3.482370491526485379e-05
5.121914601581516107e-08,-3.833359675513612437e-05
-4.275772521224169391e-08,-4.226250734872607644e-05
2.979012504257263516e-07,-4.636081030641986655e-05
1.086481785451903924e-06,-5.026319629982707045e-05
2.350721842923520903e-06,-5.358868794229362185e-05
3.849345871997649586e-06,-5.598380514977035783e-05
5.765487187180092234e-06,-5.722683177024864197e-05
7.663355947326156543e-06,-5.714790117586248302e-05
9.409327663718422782e-06,-5.578990022323049774e-05
1.092180491362198022e-05,-5.342955145707310700e-05
1.217243201455223414e-05,-5.020785773794053132e-05
1.302741766600703071e-05,-4.632307687195670002e-05
1.338661702784147293e-05,-4.201190356775168157e-05
1.318690966737096266e-05,-3.770650051751962318e-05
1.259322009811253747e-05,-3.375499016872475218e-05
1.166616746246897940e-05,-3.022051686866154073e-05
1.059161594522147209e-05,-2.723756742813242165e-05
9.412022985704086500e-06,-2.475074837173643952e-05
8.204503433177608442e-06,-2.274951638815772705e-05
7.075655950151289776e-06,-2.114930697601516782e-05
6.011367552447235708e-06,-1.989419034320678557e-05
5.050808366234065753e-06,-1.893613898687624417e-05
4.201313061044352933e-06,-1.822545549497426741e-05
3.460849929664785475e-06,-1.770757728235945627e-05
2.845331080060461399e-06,-1.734087253678927691e-05
2.376832468074686165e-06,-1.710865129319308583e-05
2.067359138644938193e-06,-1.691846215637285314e-05
1.938403591441455304e-06,-1.670713334705957822e-05
2.010267593857257182e-06,-1.637506621759638308e-05
2.260601584928424166e-06,-1.580656248991368362e-05
2.667092502245600974e-06,-1.481738029005041040e-05
3.133695244257688878e-06,-1.330356496320999815e-05
3.525709249583822501e-06,-1.116519315460194798e-05
3.675183199509874152e-06,-8.413359053816086815e-06
3.337720245682418335e-06,-5.362682766920776353e-06
2.284815194123097582e-06,-2.436738977735968017e-06
0.000000000000000000e+00,-1.130910981813466437e-04
0.000000000000000000e+00,-1.135615342350885056e-04
-4.826572031605057825e-07,-1.132257839254430747e-04
-9.228455418450670961e-07,-1.112828010675431600e-04
-2.548506198629163272e-05,-8.539481900931424161e-05
-2.656363245907556570e-05,-9.335328963023560578e-05
-2.095179465884599595e-05,-9.818479068447154431e-05
-1.381441419181441853e-05,-1.022169941337642131e-04
-6.374470435380335714e-06,-1.054649078395910239e-04
-9.798318580130204123e-06,-8.837182952986746644e-06
-1.634699101881089065e-05,-2.151252179935258705e-05
-2.004652699893942237e-05,-3.829859553297517956e-05
-2.110957434617397399e-05,-5.700471713151414338e-05
0.000000000000000000e+00,0.000000000000000000e+00
-4.902752557983038959e-07,-6.141493446027658728e-06
-1.163287241996759712e-06,-8.695318445357626933e-06
-3.169783981856582331e-06,-6.368257331050770297e-06
-3.855824312456466576e-06,-8.313537548999446727e-06
-3.772331803843519170e-06,-1.085190839345889839e-05
-3.143186016578589913e-06,-1.311195637753674237e-05
-2.710654716483925379e-06,-9.967291349830938594e-06
-3.348616697118736562e-06,-1.230802933261394540e-05
-2.765347721045210610e-06,-1.377862145006625341e-05
-2.081354201017550395e-06,-1.478060875533835333e-05
-1.422753278516669436e-06,-1.539783482396901924e-05
-1.012533075413494233e-06,-1.574935919820309049e-05
-1.837424068819924542e-06,-1.523738720012059902e-05
-2.057988365628398569e-06,-1.565842803004859101e-05
-1.957008221892523835e-06,-1.590305270744839797e-05
-1.712203040525995928e-06,-1.601829484832872371e-05
-1.381265725184855290e-06,-1.600209219787875352e-05
-1.610545645565764709e-07,-4.366705185977039834e-05
-1.423491600660770009e-06,-3.796108735586890142e-05
-2.147643269283507995e-06,-3.278894595476749153e-05
-2.572153012814530527e-06,-2.824017454455675670e-05
-2.580661483757589082e-06,-2.395433596600798557e-05
-2.287400463557080010e-06,-1.973388407883475617e-05
-7.934578962548722703e-07,-1.566219274003010956e-05
6.109081159138464301e-07,-1.150331463775027308e-05
1.206018865052943061e-06,-5.269860266290334906e-05
2.655666816059631279e-06,-5.454238501852018607e-05
5.360632697437111666e-06,-5.582963051395108497e-05
8.394647276871215768e-06,-5.659990349957436210e-05
1.073048062022448195e-05,-5.682021129947212242e-05
1.075612557367231180e-05,-5.572118311190240821e-05
9.586318282526075279e-06,-4.645797087052168519e-05
1.034694858738377808e-05,-3.838345973416021378e-05
1.050711905060012202e-05,-2.999760589799471425e-05
9.961865297752607487e-06,-2.175358515962584938e-05
8.496509056969976090e-06,-1.441359176839325384e-05
5.800760404022216351e-06,-8.705861730204924196e-06
-2.696020614219987719e-06,-1.206234452211857619e-05
-1.286934962525468003e-06,-1.520022179598337236e-05
1.438461563395516618e-06,-1.771752210602970854e-05
3.899303325306378779e-06,-2.017010300132483078e-05
6.271566363847002743e-06,-2.265206901284328754e-05
8.059111632007559244e-06,-2.585012536583855802e-05
-6.324761071518192646e-06,-8.829896158758472881e-06
-8.444652243547416529e-06,-1.300796171831643463e-05
-9.614376635042064356e-06,-1.889393423097881892e-05
-1.007094781927065533e-05,-2.540751979709065028e-05
-1.220878682605436614e-05,-3.507311123740981454e-05
-9.934385705999804913e-06,-3.665029634156097358e-05
-4.580193398832006349e-06,-3.645124279596172840e-05
1.497451626408548476e-06,-3.538793791877624655e-05
6.448931375901179729e-06,-3.344983592196526485e-05
-5.162309513068757682e-06,-5.776729050096797809e-05
-5.260425152623227611e-06,-5.007665150043768410e-05
-4.897942205143642218e-06,-4.281841270065637323e-05
-4.070061284864776550e-06,-3.549675637907717636e-05
-2.954857880510516038e-06,-2.781971723637674507e-05
-1.852468944605816438e-06,-1.977437785077942347e-05
1.291100296605518101e-07,-7.070543650482300445e-05
7.054993541586107385e-06,-7.258709440151710885e-05
1.200204203662321725e-05,-7.180090691343525696e-05
1.205863288150015029e-05,-5.711922867818010406e-05
1.245755900436427827e-05,-4.639344386912597174e-05
1.216274052438988383e-05,-3.579314221150999123e-05
1.108054675181435771e-05,-2.578077550569938167e-05
8.926099387924804518e-06,-1.725856641323280050e-05
5.304390649668350340e-06,-1.114089058260462764e-05
-3.134530802462236833e-07,-1.036296817825936990e-04
-4.172021415095947554e-07,-1.013503828976912793e-04
-8.963024718625791410e-07,-9.798650659382943323e-05
-1.585672519693888189e-06,-9.363150119717994838e-05
-2.297467799410458403e-06,-8.850006865829637042e-05
-2.966293109467635213e-06,-8.263452329875167074e-05
-3.399989047886822562e-06,-7.620984228823319423e-05
-7.877651857449184260e-06,-9.933973806559248069e-05
-1.532580069460480276e-05,-9.578773435633382240e-05
-2.237479157740258703e-05,-9.279261480981662504e-05
-2.724659785270389665e-05,-9.057887822036466167e-05
-2.684916131759853435e-05,-9.151606143642416764e-05
1.162602466827772883e-05,-7.075981195663652015e-05
5.610684531617138276e-06,-6.775511751673843732e-05
-1.658754185471443121e-06,-6.732953526709226544e-05
-1.381792221004470150e-05,-1.065052404609511159e-04
-1.014544511369565625e-05,-1.160708754301233630e-04
-6.419547465386785555e-06,-1.223992845895358614e-04
-2.745328201148771086e-06,-1.254917812483787422e-04
7.257849340399249865e-07,-1.254564304469282907e-04
3.931019573258757439e-06,-1.224883548454894417e-04
6.722136587217835096e-06,-1.168686949573426425e-04
8.880691288817562238e-06,-1.090434376393073138e-04
1.038775657142916703e-05,-9.952060651727536399e-05
1.107166020724092029e-05,-8.879361385764979913e-05
9.775535790867519563e-06,-3.676470285117834955e-05
9.796528234847070920e-06,-4.210502608388067870e-05
9.405305740061960926e-06,-4.780710763444778695e-05
8.670447509540576741e-06,-5.295887696356959661e-05
7.669735007931450006e-06,-5.658359999646631896e-05
6.460056451417489717e-06,-5.778908047203855678e-05
4.968783095997589618e-06,-5.662155270347154427e-05
8.251684520016625438e-06,-3.088824859586052399e-05
3.932234412711692452e-06,-3.065238076818862356e-05
-2.492506712847046560e-06,-3.123928375258637930e-05
-8.958039109853967527e-06,-3.258319289527339955e-05
-1.205894850370606056e-05,-3.552271704905756426e-05
1.076865892786670836e-05,-5.766454498426113818e-05
1.048830269917620548e-05,-5.539407345941410761e-05
7.679508429448662229e-06,-5.422311606484513894e-05
4.478605413220356293e-06,-5.337507999387224034e-05
1.827800942844737618e-06,-5.288519149106074617e-05
8.097818790573995872e-07,-5.279296574555955059e-05
-9.968739316572717781e-06,-4.835019837540161869e-05
-9.268940816167857508e-06,-5.628736570236252194e-05
-8.024774665946082141e-06,-6.330661050927214445e-05
-6.343360949399853569e-06,-6.907370961059080866e-05
-4.356419531947400563e-06,-7.327964996602165176e-05
-2.150294176453368483e-06,-7.571003519898332750e-05
1.474365036362455118e-07,-7.623809417578739165e-05
2.333227519082285799e-06,-7.488182823077864131e-05
4.375022607702144564e-06,-7.174451795674758377e-05
6.080954916263962815e-06,-6.697794218228557916e-05
1.687536615676852388e-05,-3.475408315914759746e-05
3.268996732250036040e-06,-1.773120754088563773e-05
9.142993587218305898e-06,-2.302901003386615254e-05
6.416896292208911382e-06,-2.174735152015497128e-05
1.310020038890463424e-05,-2.656785037929573973e-05
1.939974082534299426e-05,-4.735292542359804659e-05
-1.523320480964281000e-06,-3.655051977178863930e-05
-4.174687516362648002e-07,-3.161718403300732796e-06
-1.918718165232478601e-07,-2.374068466675390638e-06
1.941396261771192292e-05,-6.316467375121118772e-05
-1.374090576402955400e-06,-1.525298462440616715e-05
5.530315939094457433e-06,-2.090544073526153990e-05
-1.825687575831633971e-06,-2.424628590263083896e-05
-2.182712515083231634e-06,-1.633497178766825280e-05
-8.142796947028889150e-08,-3.750231201396147675e-06
4.049854437391811970e-08,-2.576063459247510969e-06
-7.273205164484821308e-07,-5.117575439527955258e-05
1.267509390432641887e-06,-2.151616764626370474e-05
1.768369983003047053e-05,-7.799012168038384446e-05
1.896581227199868181e-06,-1.691231048620886644e-05
8.161283319042450171e-06,-2.797665150793607190e-05
5.660736211857342216e-06,-2.442635689349217595e-05
1.631392092108710555e-07,-2.170890442341110856e-06
1.302615310811698949e-07,-1.629617371070071908e-06
1.040559466841580189e-07,-8.617401492800623354e-07
7.820562706485802995e-08,-7.153966720941556116e-07
9.302998973972078777e-08,-6.624204033544266179e-05
4.602989041450451454e-06,-1.912972449761288617e-05
1.532185745475041596e-05,-8.613692564037449284e-05
1.332290158796704300e-05,-9.378330131076951365e-05
1.047763254199134836e-05,-9.952037578521531899e-05
-1.302027848491554814e-07,-1.358236709478645022e-06
-2.117010791394548092e-07,-1.765061423464011191e-06
-8.481356113480591890e-08,-5.964769825592148202e-07
-1.081906174774075481e-07,-7.027763184404866014e-07
6.975488819316854438e-06,-1.054646160937133099e-04
1.531080777757470101e-06,-1.655475494811422740e-05
4.507768706355756427e-06,-2.802151306417727901e-05
4.917433320892342732e-06,-1.094799943501132615e-04
9.027074494947311857e-06,-3.578110710095198314e-05
1.419030787566433449e-06,-7.810603018797280899e-05
-6.158490894473709097e-07,-1.595907139417309585e-05
7.405910084554166489e-06,-2.584746660046354327e-05
5.295475042911368960e-07,-3.285801632415704906e-05
2.552248571957803263e-06,-9.050307864132492181e-05
-4.356509853840441424e-07,-5.055449852478752248e-06
-5.161966498463833231e-07,-5.515028244913975756e-06
-4.929635214417262021e-07,-4.370559252256079363e-06
-6.308538236332038856e-07,-5.908093910284791490e-06
-4.533251966644304190e-07,-4.800188618756671698e-06
-1.169771305710172137e-08,-3.894717525229913646e-06
-7.211902456897001010e-08,-4.075864267559623118e-06
-1.934868451325194801e-07,-3.223774342727269102e-06
-1.735067195311196014e-07,-4.274854665120684952e-06
-1.742507339176141123e-07,-3.513407006210980136e-06
1.241820768346694257e-06,-1.063167683600704777e-04
4.402329899196887454e-09,-4.926547708802407675e-07
5.395960830098309819e-09,-5.669431628068515060e-07
2.231418888904503546e-06,-9.955376217364127125e-05
-4.109112332473910509e-07,-4.010051827346232977e-06
-1.154493110874789068e-06,-6.099864774980969339e-06
1.004558237998737417e-05,-4.422656881555274433e-05
3.352588068805395149e-06,-3.271539141368254706e-05
1.483823723787909267e-06,-1.550471244865781449e-05
-3.581495655312027082e-07,-4.499448241678105400e-06
-9.767861544699335336e-07,-6.609362252829061087e-06
7.047375316887171822e-07,-1.123685263196667829e-04
-2.044781719970118546e-07,-5.029337620881154774e-06
-8.666446702061739965e-07,-7.024113263797714190e-06
-1.567382926352928477e-06,-8.754228222665852668e-06
-3.611044954178846287e-07,-5.847302381467738334e-06
-2.862893773388237283e-08,-3.426120816216390473e-06
-2.333797501370417342e-07,-4.869633106001954483e-06
9.052524537180093293e-06,-5.215597108155162816e-05
-3.672271768862355404e-06,-6.900345371040022487e-06
-2.125561954538702661e-06,-5.434286022965287337e-06
2.281794919390306644e-06,-1.122801744596278175e-04
8.776161911843831046e-08,-3.850396660458297415e-07
1.051878861569957952e-07,-4.413684372391092837e-07
-4.452315715600537957e-06,-1.319185604577979586e-05
-1.600759906387272594e-06,-1.423972293844214633e-05
-4.703589180829232851e-06,-2.889021320068128765e-05
-6.811108738076733598e-06,-6.705891599352993516e-05
-1.149396440237130724e-07,-1.064626769989635765e-06
2.267336394606059136e-07,-1.396803433620901170e-06
-4.647068633354518843e-06,-1.557288677209063283e-05
-2.244499969392092459e-06,-9.599345159497880628e-06
2.986503513127827912e-06,-4.087515369896382519e-05
1.585482613207677479e-06,-1.250767711705097742e-05
2.419469858402479577e-06,-8.544127376682618196e-06
2.732718933733996052e-06,-6.166117772969080885e-06
5.478615681257339590e-06,-3.736350083360794494e-05
5.444032613336440561e-07,-5.950985958909237732e-06
3.875589716395389229e-06,-1.981252401035280881e-05
3.975409389818542307e-06,-1.671814233085458943e-05
4.171885573031341806e-06,-3.384042020961346484e-05
2.121616581606296814e-07,-1.210074745094187353e-05
4.325403560181566928e-06,-4.051877236255614173e-05
-7.526536959942685185e-07,-1.551853411709521724e-05
3.186470374884238239e-06,-5.044910620484972184e-05
3.375442871842752983e-06,-6.252683091570241769e-05
2.323787723493257915e-06,-6.361551167639898448e-05
2.988950077538347197e-06,-8.195412563945921275e-05
4.713855956007237672e-06,-4.404934946245791139e-05
2.798638617482990453e-06,-1.038522232361649401e-04
1.147028030797977691e-06,-7.357193161323419240e-05
-5.182663649667648425e-06,-1.008337609342714868e-04
1.345337955542140468e-06,-1.202027406187031780e-04
-5.417887112479322270e-07,-7.660706860729233963e-05
-7.641409502669618262e-07,-1.264356286504318596e-04
-1.933663951488884128e-06,-7.173329946674946594e-05
-2.825543738859479609e-06,-1.202636048594612746e-04
-3.051134428437295847e-06,-6.014230243791490949e-05
-3.697316359326335428e-06,-4.402924728539609346e-05
-2.026681670871498657e-07,-2.572344227847462762e-06
-1.320310854585790751e-07,-2.850376702816865272e-06
-5.245895325644807397e-08,-3.351576614089925992e-06
-2.631294669823322823e-08,-2.680124775254562362e-06
-4.013258303867450482e-07,-3.459037085619410204e-06
-2.823248110279578423e-07,-3.817744684024259642e-06
-2.116533365798756031e-07,-4.568005226261500498e-06
-9.709560273746573843e-08,-3.556037552633059486e-06
7.498854776948894335e-06,-5.701012115293678832e-05
3.542382954691638356e-06,-4.809370566152240851e-05
7.448105012624863689e-06,-3.290649542676786087e-05
-4.387385901498439305e-07,-1.526557056859919023e-05
1.517603339803389812e-06,-7.033717660666873483e-06
-4.201257290150309263e-07,-1.593020795770362722e-05
-7.373356793803593568e-07,-6.324499191274384780e-06
-2.430468433030058987e-07,-4.444427054493136919e-06
7.651941198169755678e-06,-3.018558370019507427e-05
6.636277801832036799e-06,-2.650978677888781500e-05
-1.839859085795764665e-06,-2.970462472814612936e-05
4.609382516034345353e-07,-3.172835949928362549e-05
1.525307283139616741e-06,-3.725863744514794400e-05
3.366033395861929881e-06,-3.317051055646761645e-05
4.790020147993811274e-06,-3.802069389667354443e-05
6.448909852988732189e-06,-3.429781953931718114e-05
4.905126120121017017e-06,-2.996417006430989718e-05
7.851259782715424903e-06,-3.096990615858806727e-05
6.289929600375429911e-06,-2.744079991325780202e-05
8.146126041747795142e-06,-3.917314622415155387e-05
6.018378053943258174e-06,-4.359176760241730090e-05
9.842860302213661961e-06,-4.424920641635165863e-05
8.135084895671722743e-06,-4.921258692669500557e-05
8.948601539913059950e-06,-2.821888001037345031e-05
7.412552574848897365e-06,-2.543268660495936703e-05
1.151456051282032998e-05,-3.992665982489933220e-05
1.183590308764782299e-05,-4.948589807758277783e-05
9.789629089347575951e-06,-5.463135389299487760e-05
6.279707085912423429e-06,-5.416226949710331134e-05
7.446952182369072151e-06,-6.014091053778335220e-05
1.372835191740863717e-05,-5.466782010368355480e-05
3.765830703933690878e-06,-2.656262309313140978e-05
1.077996411388753877e-05,-3.185955509801308182e-05
9.646108273376875986e-06,-2.611718117164439556e-05
8.171123248418075185e-06,-2.392412056232404350e-05
6.264726255908555044e-06,-2.335022354607441114e-05
7.106198379609691756e-06,-2.240902376807977093e-05
5.519525327897733291e-06,-2.183904850457301039e-05
6.444436516866668424e-06,-2.147447090164300492e-05
7.554412300630306206e-06,-2.203188353801944970e-05
6.991845703867610766e-06,-2.170052288993447505e-05
7.538374705818557967e-06,-2.220175029268898367e-05
5.105506827078258181e-06,-2.078603851834526575e-05
7.088915351386597169e-06,-2.245812638242863208e-05
1.003777548620246890e-05,-2.447920103661209494e-05
6.802457704867917791e-06,-2.195614831922623931e-05
7.112964679493309243e-06,-2.289096096900116050e-05
5.581122630525693160e-06,-4.947615782882803549e-05
5.343217868192374688e-06,-5.574059633426861198e-05
-2.072402373444496084e-06,-6.662272364487522365e-06
-1.044366608058976262e-06,-5.272360749332747087e-06
-2.413506904723426180e-06,-2.092077862720560471e-05
-1.431898464034958046e-06,-2.142077439911640769e-05
-2.570567794572009251e-07,-2.398263900973377033e-05
1.449176702415362046e-07,-2.150708298155460697e-05
1.694682272296211777e-06,-2.356466836692956753e-05
1.924344549472158686e-06,-2.133480548738869533e-05
4.569507577147980995e-07,-1.971337030920576695e-05
2.010387227161563690e-06,-1.965669939356627795e-05
6.948742480862390502e-07,-1.843168429303600626e-05
1.987852383970720316e-06,-1.846734183512500980e-05
7.994913450258008117e-07,-1.752074923290969019e-05
3.733876461902511912e-06,-2.320062493132693711e-05
3.597850943260365566e-06,-2.596812303986205747e-05
1.855515069681076735e-06,-1.764908955367846136e-05
7.868293602095841347e-07,-1.691747002354990101e-05
-1.361363019709945272e-07,-1.667652951629066215e-05
-1.103855511455036695e-07,-1.624703066660719526e-05
7.094914634556414643e-07,-1.657306675660690068e-05
-8.958699635171393024e-07,-1.582953455783488365e-05
-9.720035284195410120e-08,-1.609858795746565017e-05
6.066934753202381642e-07,-1.643967991895503697e-05
1.458160197408572697e-06,-1.683092096833517000e-05
-2.216243479873962579e-06,-1.913879801809009111e-05
-6.119014901889874751e-07,-1.833562776969788197e-05
3.282807391133017165e-06,-1.951018210042179601e-05
-1.322722361811553030e-06,-1.622682324348750636e-05
-1.788105606308297001e-06,-1.493092748547122827e-05
-9.100167727052894302e-07,-1.567807828602660200e-05
3.518718523220234748e-06,-1.933273648168102051e-05
-2.087787694635550190e-06,-1.451751615806608369e-05
-1.244947495930345367e-06,-1.539000955086260327e-05
2.755133808099099385e-06,-3.779094849604698565e-05
3.906735494381835267e-06,-3.260568964468839927e-05
6.257303142580959533e-06,-3.925902280803110332e-05
-7.018819312114757505e-07,-2.588039025844593026e-05
-7.131071820600620958e-06,-8.480224054669335538e-05
5.218531583124402242e-07,-1.602181034639278581e-05
3.886139365556339408e-07,-1.630056093342487501e-05
5.605783411857264933e-06,-3.051377369419017377e-05
-4.840138531204624261e-06,-3.549257586215630506e-05
6.809605167394524858e-06,-2.354146303971049050e-05
2.041528198043281549e-06,-2.903727800148663815e-05
-4.120564367199413055e-07,-6.172521567518209435e-06
-1.131884198560866866e-06,-8.783521659510517513e-06
1.281399983522200223e-06,-1.670891942815163497e-05
5.521724848874384420e-07,-1.643519355902981114e-05
2.037342171282710526e-06,-1.701589213371850517e-05
3.094228949275100035e-06,-5.739019879188566041e-05
3.793819397866933090e-06,-7.226580204725696491e-05
7.839277380960943799e-06,-2.264910823952453071e-05
-1.053214325047519883e-07,-2.207030098071093085e-06
8.612681647522856476e-09,-2.123054211586857114e-06
-5.536661582458553035e-08,-1.765327026684968285e-06
1.994794048038371642e-08,-1.684442124267926093e-06
-6.333456698510787233e-08,-1.389500254887728291e-06
9.399772242050178055e-09,-1.305734081659016105e-06
8.221479520867658156e-08,-1.626535544671594412e-06
-1.871820631736531412e-07,-2.875284810962510200e-06
-1.049890113247801109e-08,-2.732657084812039763e-06
-9.306969871374612100e-08,-2.232981235637338779e-06
1.921559228754649037e-08,-2.103334091168839440e-06
-9.174099912037235216e-08,-1.709834956016777271e-06
1.013384015239303959e-08,-1.583431044684458433e-06
1.065907863712028413e-07,-2.055709709461916745e-06
5.953098437632798792e-06,-2.529567566277123020e-05
4.121204782492880227e-06,-2.264305439696341130e-05
7.184000747163565044e-06,-2.332498975973070916e-05
3.831787889720963211e-07,-1.135273664862662468e-04
1.183168496012955392e-06,-1.129388060933079568e-04
2.324511742845181724e-06,-1.109189210824484425e-04
-1.181081746556764781e-06,-6.831960253916375833e-06
-5.414668360599758631e-07,-5.825685532081441802e-06
-2.142766418315072955e-06,-8.922439626442619471e-06
-1.360064368340819621e-06,-7.804151585585533327e-06
6.841542588764075772e-06,-3.691384112118931111e-05
-5.718181856759212556e-07,-2.789259286881072610e-05
-4.773317770084508881e-07,-1.359714842572285413e-05
6.106252487102648168e-08,-1.123742963560384831e-05
1.203888342961512377e-05,-2.922655990036043756e-05
-1.081664769368785229e-07,-1.045384120273921744e-06
-1.573998719920559217e-07,-1.303832701549450632e-06
-6.444467282810699564e-08,-1.056050197827000416e-06
7.050038745859105937e-09,-9.466404492399787798e-07
-8.498169457837788077e-08,-1.264753792662309074e-06
8.465480204310538336e-09,-1.118158959514728195e-06
-5.251709326389664800e-07,-9.173910302735271873e-06
9.947677247096603057e-07,-6.020324514713098796e-06
8.559023965091593197e-06,-2.296560858906952838e-05
9.793031124687277364e-06,-2.343036736627792903e-05
8.428898940328260694e-06,-2.252731735729135524e-05
-2.040112534246439844e-07,-7.971688096573020612e-06
-7.288667105710453316e-07,-6.649356435078964505e-06
-1.899556127280919089e-06,-1.200806142568199578e-05
-2.092564479433247281e-06,-9.758969209366325317e-06
9.287438852564456317e-07,-7.158812318007596839e-05
5.302774434871843052e-06,-7.365086074366959169e-05
5.824121301236787151e-06,-7.966562153250705152e-05
9.531281218103273610e-06,-7.549515236399560107e-05
9.952497642206452130e-06,-8.093481803415952986e-05
9.236781529275895185e-06,-6.999425435268255991e-05
1.338856787351253101e-05,-7.149330530159794177e-05
1.266657431116882603e-05,-6.630311643929756745e-05
6.496659242847283826e-06,-8.486976668223437166e-05
1.044977269027031291e-05,-8.592811068894333005e-05
4.994148683929069633e-06,-6.690727638551626822e-05
4.830816375176867422e-08,-5.928722623414897842e-05
-1.638892665628347370e-07,-1.372902703521617138e-05
1.175039878443936108e-06,-1.666010276942504298e-05
3.507936652644678347e-06,-2.107278092522206177e-05
7.349606753119637627e-06,-8.986741901549370119e-05
5.231124911248296730e-06,-9.357815264214072563e-05
8.450977195604391496e-06,-9.324319661374470944e-05
5.911681440049798856e-06,-9.697075718957318255e-05
-5.968047684748070532e-07,-4.318493829491616172e-05
1.099367935271666393e-06,-1.096421266687138259e-04
2.880803689387534675e-06,-1.081004862511977929e-04
3.182635105085899306e-06,-1.056623004911420117e-04
1.401960488773318159e-05,-8.226234698766386841e-05
1.151288081502439528e-05,-8.981986044240390665e-05
6.398413238968740959e-06,-5.762694621506749421e-05
-8.551905509224761933e-08,-8.389063652016940380e-07
-6.980149526308954493e-08,-7.184693067805040393e-07
-9.295296207107162928e-08,-4.029007681761582572e-07
-1.115058255607764751e-07,-4.638276405788608408e-07
-2.069169748924615638e-06,-2.205162990201438110e-05
-7.917592693907557133e-07,-8.052148098946971974e-06
-4.638610064183187310e-07,-1.215340811989099807e-05
1.340084391713904686e-05,-4.473268495583107237e-05
1.509296421249655226e-05,-4.035823995034781500e-05
1.266488652633455864e-05,-3.592592913393308717e-05
9.542260577946840247e-06,-3.518410904626056762e-05
2.053322137497585311e-06,-1.026711120569500838e-04
4.992821584759332240e-06,-1.005335035035368455e-04
4.783434939021426144e-06,-1.029497517184326384e-04
8.433380195376063843e-06,-9.860981405472012140e-05
7.333195682264771223e-06,-1.012842814278237005e-04
6.729367920580882481e-06,-1.035286307452660642e-04
3.258010835818135148e-06,-1.853362498095847228e-05
2.785019927659833147e-06,-4.636985639927156935e-05
-4.482132135313162093e-07,-5.546487060594719865e-06
-1.352315922694246950e-06,-8.020215590822695048e-06
1.051501757128576987e-06,-1.041172157275728423e-04
-1.415570036187104272e-06,-1.046537204372031355e-05
-1.980400076988228241e-06,-2.868307173013236205e-05
-3.417777278382511683e-06,-3.412051027278326120e-05
1.667333589893130053e-05,-6.752265796128786510e-05
1.662502594829947291e-06,-1.711864949096338949e-05
-2.686700045414987376e-06,-1.752136992177757383e-05
1.401503303353714673e-06,-5.291391385401401553e-06
8.931893503204098967e-08,-1.198674310389136720e-06
6.940010311087456384e-08,-1.003639357129307364e-06
4.719030777247625203e-06,-1.068989703260132427e-04
-1.585092196608134014e-06,-7.127913792492790077e-05
-4.669659609586312677e-06,-9.769971183733307067e-05
5.643934191364077966e-06,-2.292575015583656921e-05
1.878492660395125354e-06,-8.419427049435053813e-05
-2.121549208136810883e-07,-1.606419374374063898e-05
8.909585751992781835e-08,-2.026526111878450197e-06
1.015927293174070134e-07,-2.642957198000206567e-06
1.200866428654647617e-05,-6.057262100460517669e-05
1.646815929639024913e-05,-5.922956126329195802e-05
1.813890498522760693e-05,-5.476063842436432253e-05
1.579436773851999564e-05,-4.999661028249789089e-05
4.361304426121310608e-07,-1.012505926333587395e-05
-4.861910532141829177e-07,-7.657055491960482185e-05
-3.251107615836068824e-06,-1.163755856150798762e-04
-4.016592155994048464e-06,-1.122632201252319993e-04
6.415628251753454572e-06,-5.457603394490026310e-05
-3.487630473777439210e-06,-5.253268072565057598e-05
2.654182644267194819e-07,-1.248249155275340974e-04
-1.779623226568458898e-06,-1.249599834370232032e-04
-1.327050323654404601e-06,-7.510765188513327374e-05
-2.553699881343700237e-06,-6.665924842249247009e-05
3.960136454499241952e-06,-5.173951827465122339e-05
3.770295950002297211e-06,-4.254310893377996090e-05
-2.494444669475210084e-07,-1.431969082625820937e-05
1.793808344073028418e-05,-3.856029279280846842e-05
1.545520847989934296e-05,-3.141146541517626193e-05
1.878503462767500232e-05,-4.279244576809614802e-05
3.894657765028338501e-06,-1.833419750919256183e-05
2.730056032383689496e-06,-1.770876938014519930e-05
7.048999113253391853e-06,-2.335632747444929913e-05
5.452317032240289094e-06,-2.022122711230690855e-05
3.139743712003130999e-07,-1.877041553218379758e-05
-5.599871057463872821e-07,-1.098673197747171905e-05
-2.119464196133578077e-07,-9.373692079873757995e-06
2.338509457599118298e-06,-1.726103088235771937e-05
6.869604868652535258e-06,-2.331173096857272009e-05
4.894989934725854560e-06,-2.590564697031295211e-05
1.473984442152088671e-06,-1.620853259607605846e-05
3.546289449233302083e-06,-3.032561922918864186e-05
1.844637835549433399e-05,-7.256900206678805465e-05
1.008077137967068466e-05,-3.976741383087400858e-05
9.092902923273738519e-06,-3.162597377819034911e-05
6.290950442822330928e-06,-3.012467536563462765e-05
-4.553624126935806625e-06,-2.208255135704343221e-05
-6.581068748292235796e-06,-4.746112410668207614e-05
-5.671787779622161249e-06,-2.851092668145978448e-05
-4.416525995446300329e-06,-1.002166905790381888e-05
-2.404109233256737721e-06,-6.948236405575631363e-06
-1.914383458215887699e-06,-1.218862975526285647e-05
9.315132765929328264e-06,-1.019115765836166201e-04
1.185413329645299768e-05,-9.684843033474286168e-05
6.557121441825704268e-06,-5.809007610206689658e-05
-9.370855034248896478e-07,-1.562817366271735146e-05
5.888360915220630925e-06,-4.463125670681796636e-05
5.666022692642082514e-06,-2.665050910913962910e-05
-8.440874577063021519e-07,-1.565115143122354456e-05
-5.423865000346623196e-07,-1.343515804182048468e-05
8.728952032650692239e-07,-2.586830298317087414e-05
6.131977230380563113e-06,-2.108900033506741712e-05
5.321692646733903034e-07,-2.372117691083243802e-05
3.697971198431015174e-06,-1.110847959859930835e-04
5.964673947356901863e-06,-1.076393031954967758e-04
1.155701709417096430e-05,-2.477265413071747698e-05
1.418713261539238835e-05,-2.864002725256766495e-05
9.024111384009576902e-06,-4.883986178145937636e-05
4.845312993183340307e-06,-1.872598189111450488e-05
1.325765488268570467e-06,-1.770035836091732960e-05
3.523838848668458005e-06,-1.978192671667598163e-05
-7.123142851276949647e-07,-1.365341548701887059e-05
3.585740707360234427e-06,-3.670502381980751059e-05
4.563233183988001654e-06,-9.338719503401459235e-05
-1.606596761594612050e-06,-1.442579753549262512e-05
1.552170614090729364e-06,-1.426697242740177227e-05
1.640841125117697583e-06,-1.675534148864646068e-05
-2.596225615453235554e-06,-1.343873776349198008e-05
1.367176848785759020e-05,-7.677304234288968409e-05
1.275988852330435121e-06,-4.024401320861817572e-05
7.119338969406683310e-08,-3.360022428844546753e-07
8.367701580261231962e-08,-3.831706050691764730e-07
-2.062885947142385954e-06,-1.594716345180220463e-05
4.198753347538356141e-06,-5.233613437513686030e-05
1.381784011145380933e-05,-3.309966352214344809e-05
3.654793180325782815e-06,-6.016483297977752269e-05
9.164843574008903795e-06,-6.468808501331167217e-05
-1.028205963121229566e-06,-1.959840297693828809e-05
2.128013730124753381e-06,-2.867706826517349249e-05
-1.677677293595973387e-06,-6.187198216566620270e-06
-1.359844219604379062e-06,-4.691632963545063517e-06
6.170295143605742787e-06,-2.491920682570165910e-05
-9.510935898721052526e-07,-3.381213295509787595e-06
4.057159513318452917e-06,-1.089105547560612102e-04
-2.139746492569484086e-06,-6.022416918167078663e-05
-4.628078713783951827e-06,-7.655113860908264610e-05
1.126731556170615820e-07,-1.874566000838789337e-06
7.614437362919097559e-08,-2.846644776771026344e-06
1.092680408962575215e-07,-2.608146078547514188e-06
1.475151786537741796e-08,-3.910094591378647887e-06
6.956940060685790369e-06,-3.328540978923588732e-05
-7.205356997388314043e-07,-1.505240003012218914e-05
-3.590739542745550311e-07,-2.354006175532086499e-06
-1.935051082563846500e-07,-1.755818522126748363e-06
5.848227443774752972e-06,-7.748783285481731001e-05
1.081305072240663557e-06,-3.303011593362759383e-05
5.090735536730530734e-06,-2.471865335936285121e-05
6.489518777085702485e-07,-2.841987458349783622e-06
-1.760307753294654353e-06,-1.803502461467290229e-05
1.293044162678132513e-06,-3.530282062818090936e-06
-2.750777017702987210e-07,-4.479249886363912612e-06
-3.656030394283134370e-07,-1.734349882894922624e-05
-2.151667105534158965e-06,-5.371675369859854648e-05
-4.295513725243025950e-06,-6.690723096365467021e-05
8.358948895619531483e-06,-5.500551186818892043e-05
3.563481489077393333e-06,-2.100908260960372280e-05
-8.249912919008578169e-08,-3.848282030906676029e-07
-7.024162946165141110e-08,-3.364115567931417060e-07
-2.640335288018155249e-07,-1.858975143924984593e-06
-1.535784959691102435e-07,-1.402271888960411896e-06
-1.197995230868018892e-06,-1.507365963098276794e-05
-2.369534145912082554e-06,-4.616929098608752515e-05
-4.377289753434804876e-06,-5.657182980953035889e-05
-8.639449777143789261e-08,-7.774352233342297128e-07
-1.182813555417896986e-07,-9.424435670325830639e-07
9.886070884257080362e-06,-9.553213848733453487e-05
8.662444595622534007e-06,-1.036155531269290688e-04
-2.283101077152897698e-06,-3.751237674934214161e-05
-1.361993886609505106e-06,-1.325150980985261193e-05
-4.017002241914243120e-06,-4.519938547178365535e-05
3.797191862142236057e-06,-1.070133171292319191e-04
1.849320110501352364e-06,-4.853876757108176279e-05
3.117484534869027239e-06,-5.285208234615663519e-05
2.588184183633265507e-06,-1.167525709911545958e-04
1.804178428435899581e-06,-5.659462187315437200e-05
1.460676880969378637e-05,-9.030897956401761793e-05
4.865236720138266087e-06,-2.029020213474062406e-05
1.460903769956111229e-07,-1.478903115616595210e-06
1.082042048277308857e-07,-1.152475738216748590e-06
1.569080704705254698e-06,-6.376345096044017959e-05
1.313864265688073556e-06,-1.231288198930873868e-04
3.964789927878937418e-06,-2.480873097024163866e-05
3.944798200324684823e-06,-2.938510939687116394e-05
4.253427028614989234e-07,-9.081904768443312229e-06
9.879292608373782227e-08,-1.598314961065999927e-06
7.480025917529433660e-08,-1.302423937818261276e-06
2.818050602965665575e-08,-1.261376985208949775e-04
1.192368890815422550e-06,-6.964677381310569121e-05
7.890044300278984730e-06,-2.528102753124829489e-05
-1.433261078481769210e-06,-6.903524163242590805e-06
-1.518276023428914707e-06,-1.952336103726230423e-05
-2.617644992741836414e-06,-2.312243149856442169e-05
6.805377172927598997e-07,-7.390608553972632369e-05
-1.235614845150381419e-06,-1.258661885803633517e-04
9.969861602091232524e-08,-6.408909645713435419e-07
7.882008664967609166e-08,-5.467692250068548916e-07
8.292200473438085506e-08,-7.626105379890859974e-05
-2.349847142303831192e-06,-1.224413889270921808e-04
-4.549195733146298186e-08,-6.762398849542522271e-06
2.733703779794333123e-07,-5.195428731888100901e-06
4.160662419482148917e-06,-1.096642679480969843e-05
3.962121354676784301e-06,-1.338865804101527790e-05
3.024874787891832580e-07,-7.603550602232445163e-05
1.990059251523175303e-06,-1.128825828198254356e-04
2.582619641493933759e-06,-4.445897197107813366e-05
1.171720202128073959e-05,-2.668368543650502487e-05
-4.055115118566307948e-06,-1.078462483642812867e-04
-1.065463670411449998e-06,-7.485841028623581989e-05
1.689053496286390657e-06,-6.931453917411084292e-05
2.738574417890280940e-06,-9.323933674469299545e-05
9.319119998187211987e-08,-8.072831260301223681e-07
7.620004951536873947e-08,-6.931914630396732648e-07
-1.958794038958220384e-06,-6.620264342993926663e-05
-4.872870157746889537e-06,-8.682338445205736645e-05
8.846591337240669907e-08,-8.979607596229068406e-07
1.207873560721289079e-07,-1.114287105529736511e-06
-2.448897903453370661e-06,-1.769380488735198745e-05
2.737710552684985181e-06,-1.733630506028359814e-05
7.945574863987219205e-06,-2.303888532733442513e-05
1.609691695138823900e-06,-1.025463694318142081e-05
-1.579291692406570837e-07,-4.118032613196611420e-06
-5.277139054704127531e-07,-5.731495238067755835e-06
9.870528202721646031e-07,-1.130941871453603913e-04
-1.822796491905266694e-06,-1.517635472982230348e-05
7.187137300934881666e-06,-4.590696763718525337e-05
1.061159913538903896e-05,-2.380939457086673816e-05
2.697157468702724863e-06,-2.397167605442087471e-05
6.588864363056631072e-06,-5.769190495412618232e-05
-2.447967161178198341e-05,-8.695722443392831153e-05
1.747570209790064220e-05,-8.188189087502770343e-05
-1.201818644884414917e-05,-3.569042022417908837e-05
-8.796816126348298302e-07,-6.803288736050999380e-06
-2.697896740623632419e-07,-4.815785518491091809e-06
-1.319428832399239876e-06,-1.724417524284557073e-05
-2.846760137675445913e-07,-5.072907998064492835e-06
-5.621531290242639166e-08,-3.644509131367042868e-06
7.507525298750459952e-06,-2.340764920602598202e-05
1.240323143941182351e-06,-2.600323516750497786e-05
4.688607777440922190e-06,-2.064263112471604626e-05
-1.004968004723720717e-06,-7.192665244718001346e-06
-1.601967022180669892e-06,-9.786307785922937667e-06
1.058424178893778935e-06,-1.656075507809348936e-05
-1.773987753194265756e-06,-8.914311736157132810e-06
6.428009037726078945e-06,-5.045249721325576766e-05
2.022648385461926949e-05,-5.842522360216952597e-05
2.010172558119685777e-06,-1.977966703498703073e-05
5.026427106944799742e-06,-1.049709082540203122e-04
-1.409529936019132968e-06,-1.520956138839066191e-05
-2.764361721905860770e-05,-9.020480262640399817e-05
4.126266272701175818e-06,-2.877128951177583633e-05
2.000536677348278886e-06,-9.633147434232696945e-05
1.263083979998047992e-05,-7.180439830162976171e-05
1.009175293158673816e-05,-5.684854545044646930e-05
1.996486358108034783e-05,-5.138453482579168730e-05
6.599861412215910716e-06,-5.770726345816391692e-05
-3.011154917151621766e-06,-1.119431228497161434e-05
3.438909477866535228e-06,-1.105523406493223704e-04
-4.319795753468009919e-07,-5.769229686481945731e-06
-1.315652627974031726e-06,-8.241601639723402259e-06
5.604203538452187036e-07,-1.512349443815824319e-05
-2.809715481392822443e-07,-1.612366324198244753e-05
5.404508156845375337e-06,-3.378760420700517494e-05
-4.800391663644708074e-07,-1.240305793494357392e-06
-2.141985095841095484e-06,-1.490829183142177896e-05
1.593338976848502286e-05,-6.380999116311661357e-05
-1.395836708199016327e-06,-4.236004005336605595e-06
-8.399655711528396286e-07,-3.374028152162556486e-06
-1.990592461313165994e-06,-1.140727678392183124e-05
1.646789107311830386e-05,-4.496955061586806798e-05
1.111723405337766892e-05,-5.647461084267712134e-05
1.625271274088550224e-08,-3.425550550845877014e-06
5.353622028578504626e-08,-2.557564648779497699e-06
6.889850038703424827e-08,-1.710736384282959605e-07
7.940777590001276351e-08,-1.927221081205308477e-07
-8.658650926938233691e-07,-7.198422354958018790e-06
-1.785948675429536640e-07,-5.239929635223807747e-06
6.779046460077280951e-06,-5.639618753986101442e-05
6.499081646906829107e-06,-2.191254852553380482e-05
6.267832059157432807e-06,-2.815060408930373606e-05
-7.381115003698094214e-08,-1.864249571639974433e-07
-8.539546855239315361e-08,-2.112369943819079973e-07
2.400896306912481177e-06,-1.119357617654569522e-04
5.404148821112621950e-06,-4.831846264496598471e-05
1.125882756385363793e-05,-9.277211411863013960e-05
-4.979409436634332389e-08,-1.621059847819005307e-05
9.851366648961562349e-06,-7.104153730686852590e-05
1.528084417211199387e-05,-3.633886487583170850e-05
-2.847421987955687658e-06,-4.888303178819958120e-06
-6.942698525981875597e-07,-1.573564918983055242e-05
2.382300280935288487e-06,-1.712225645634656942e-05
6.520668114693223037e-06,-2.371795876702582751e-05
4.646229513910734690e-07,-1.640962700624390346e-05
-1.155102811325828474e-05,-3.524977829263100022e-05
-2.051385449071606057e-06,-1.553069662550277520e-05
6.850329093767271934e-06,-2.474828074283321413e-05
-1.538812476095014261e-07,-2.142273521948186249e-06
-2.785117192674382777e-07,-2.831372036537632883e-06
7.597956081222955339e-07,-1.229899017636894664e-06
-2.657491702214138970e-07,-5.334533703023841744e-06
4.383693716891290340e-07,-3.644274589822231430e-06
-6.719943265318542574e-07,-1.052181757471873859e-06
2.035593946019928800e-05,-6.759890188614927123e-05
5.509089753855637853e-06,-3.565102244169370736e-05
6.364517627401440570e-06,-5.399794420209277148e-05
7.644494587321078202e-06,-4.266144153111660375e-05
4.644280888693477486e-07,-9.410117072330314479e-07
5.583366866563798326e-06,-2.743953114372650400e-05
6.792945465193234338e-06,-5.195703926018423944e-05
3.097424878813127507e-06,-1.040460508016208306e-04
8.699515041137317831e-08,-1.176361022214565360e-05
5.477275914158028114e-06,-5.701338273572360507e-05
1.070894350415568796e-06,-1.127990894234448473e-04
-9.107386408152180765e-07,-7.840017689458355371e-06
-2.361770445120010835e-06,-1.130539663834751314e-05
-1.882148685415892803e-06,-9.171294992284466076e-06
-7.663707968832739154e-07,-6.394056208228585259e-06
5.678625417099567366e-06,-4.036713591048000189e-05
-1.065525791364779680e-07,-1.426061860338938457e-06
-1.672895187472145710e-07,-1.819082782207607657e-06
1.151659571819425082e-05,-2.550219690455193615e-05
7.223030835413185496e-06,-2.798780436342703567e-05
9.892060618778635239e-07,-1.637719299502836436e-05
-6.912083001342551266e-07,-1.236626215706559034e-05
4.258120881965260729e-06,-1.949235285733009161e-05
2.949516038814509249e-06,-4.132694672643564019e-05
1.573522313740019860e-06,-2.573926590017868474e-05
