Size 979,2
0.000000000000000000e+00,0.000000000000000000e+00
0.000000000000000000e+00,0.000000000000000000e+00
0.000000000000000000e+00,0.000000000000000000e+00
0.000000000000000000e+00,0.000000000000000000e+00
0.000000000000000000e+00,0.000000000000000000e+00
0.000000000000000000e+00,0.000000000000000000e+00
0.000000000000000000e+00,0.000000000000000000e+00
0.000000000000000000e+00,0.000000000000000000e+00
0.000000000000000000e+00,0.000000000000000000e+00
0.000000000000000000e+00,0.000000000000000000e+00
0.000000000000000000e+00,0.000000000000000000e+00
-1.104424466931266337e-06,-1.538465499373970028e-05
-8.183251697439425738e-07,-1.524275792619255011e-05
0.000000000000000000e+00,0.000000000000000000e+00
0.000000000000000000e+00,0.000000000000000000e+00
0.000000000000000000e+00,-1.177933806371470613e-04
0.000000000000000000e+00,-1.191688444417293458e-04
-1.939152952097703409e-07,-1.130631303576747261e-04
-2.017414328489985180e-05,-8.154015715756802811e-05
0.000000000000000000e+00,0.000000000000000000e+00
-1.366989256526176220e-06,-8.328488317464996355e-06
-2.551404437487900022e-07,-1.074498050441050694e-05
-2.482650358945322744e-06,-1.347848726592506127e-05
-2.497045946840614549e-06,-1.656403590784161708e-05
-1.628499515343762808e-06,-1.231172641125819638e-05
-2.569093297715281029e-06,-1.673640468449572605e-05
-1.430987692693078115e-07,-1.949124214515571995e-05
-2.530363470725246334e-06,-2.429946129732131065e-05
-1.928762039866099770e-06,-6.807995000014470231e-06
-2.015304999748991453e-06,-1.476226225500577600e-05
-7.054737040294519374e-07,-1.569260765748565443e-05
2.620498950728668083e-06,-5.029018114627827664e-05
2.308864149684950128e-06,-7.810899269590560514e-06
8.235378134413526193e-06,-5.407320170357171423e-05
-3.805034696350699659e-06,-8.977313685099780471e-06
9.489357739765387709e-06,-3.040630449057999706e-05
-9.950618378998150011e-06,-3.250240747182234403e-05
-3.264463215235755434e-06,-7.418574270452264741e-05
8.003855115830767856e-07,-1.348484777379210584e-05
1.172739885017788751e-05,-7.462776400132399937e-05
-1.086112844485233911e-07,-1.092215274665454881e-04
-2.670774321057617124e-06,-7.678456969729715155e-05
-1.820972102218894312e-05,-9.868062663905810463e-05
1.135786395564745921e-05,-8.355681401319377580e-05
1.017605739301363278e-05,-3.160653352472379872e-05
3.997095629574590250e-06,-5.331546144572941938e-05
-9.940280827728380941e-06,-3.923524869173094511e-05
7.332013248550930608e-06,-6.040990778175115398e-05
-5.638074805485791442e-06,-1.160000606814635405e-05
-8.972955842632484596e-06,-2.009871417429397243e-05
-1.159277304268538479e-05,-3.051936263874153560e-05
-1.322896609717882987e-05,-4.230647726703270264e-05
-1.391383658743585386e-05,-5.466406419202296426e-05
-1.374819729837156379e-05,-6.650873110122448991e-05
-1.341831325348429832e-05,-7.752179325650569437e-05
-1.333560322690399878e-05,-8.817706773732844801e-05
-1.315409315879609825e-05,-9.900082218442654634e-05
-1.204534753702992363e-05,-1.098207653704779758e-04
-1.008451768959722331e-05,-1.192522008913229751e-04
-7.443140771666537560e-06,-1.266475227150068807e-04
-4.245920694630083432e-06,-1.314688245154958725e-04
-6.274651707831030251e-07,-1.333322406988460035e-04
3.259832990150014334e-06,-1.319546737601851125e-04
7.283793184896029024e-06,-1.271625323609630652e-04
1.131423719241285344e-05,-1.189089098604611779e-04
1.524274212532769333e-05,-1.072286695953359218e-04
1.892034743921617950e-05,-9.198178961423837349e-05
2.187141757865628913e-05,-7.300790396659415256e-05
2.252009382551484326e-05,-5.112320845902500340e-05
1.919050778432037049e-05,-2.900445062510031985e-05
1.118562333157248176e-05,-1.123685356473345647e-05
0.000000000000000000e+00,0.000000000000000000e+00
0.000000000000000000e+00,0.000000000000000000e+00
0.000000000000000000e+00,0.000000000000000000e+00
0.000000000000000000e+00,0.000000000000000000e+00
0.000000000000000000e+00,0.000000000000000000e+00
0.000000000000000000e+00,0.000000000000000000e+00
0.000000000000000000e+00,0.000000000000000000e+00
0.000000000000000000e+00,0.000000000000000000e+00
0.000000000000000000e+00,0.000000000000000000e+00
0.000000000000000000e+00,0.000000000000000000e+00
0.000000000000000000e+00,0.000000000000000000e+00
0.000000000000000000e+00,0.000000000000000000e+00
0.000000000000000000e+00,0.000000000000000000e+00
0.000000000000000000e+00,0.000000000000000000e+00
0.000000000000000000e+00,0.000000000000000000e+00
0.000000000000000000e+00,0.000000000000000000e+00
0.000000000000000000e+00,0.000000000000000000e+00
0.000000000000000000e+00,0.000000000000000000e+00
0.000000000000000000e+00,0.000000000000000000e+00
0.000000000000000000e+00,0.000000000000000000e+00
-4.072641019868917329e-06,-8.545967875549956934e-06
-6.384710815693289684e-06,-1.538174039564979597e-05
-7.992991244774405338e-06,-2.348187361378361338e-05
-8.791594046726727618e-06,-3.224893461738388570e-05
-8.857402674671713494e-06,-4.105132461705210791e-05
-8.313704663695293976e-06,-4.918798471050928837e-05
-7.533443849257023550e-06,-5.640122031651617434e-05
-6.671254392148310091e-06,-6.276164757205102693e-05
-5.588769445584481302e-06,-6.828970779871882855e-05
-4.048196351991650744e-06,-7.271195202641352962e-05
-2.195757775643425753e-06,-7.543430023903263378e-05
-1.833208050829545538e-07,-7.627915864614849746e-05
1.862313513275449545e-06,-7.514530347025042062e-05
3.803630604175751655e-06,-7.208145551565934802e-05
5.493305773465472629e-06,-6.723416661108559190e-05
6.793226197952798224e-06,-6.086318045014545028e-05
7.556803540235019390e-06,-5.335886928133291005e-05
7.611266972869093413e-06,-4.549095736514261975e-05
7.270260224162190086e-06,-3.776996753346663121e-05
6.815054726660032286e-06,-3.027435441290564805e-05
6.165752095289238757e-06,-2.286794596880176489e-05
4.918773796813313887e-06,-1.569596193240909798e-05
3.072288607944548112e-06,-9.252207356460783502e-06
0.000000000000000000e+00,0.000000000000000000e+00
0.000000000000000000e+00,0.000000000000000000e+00
0.000000000000000000e+00,0.000000000000000000e+00
0.000000000000000000e+00,0.000000000000000000e+00
0.000000000000000000e+00,0.000000000000000000e+00
0.000000000000000000e+00,0.000000000000000000e+00
0.000000000000000000e+00,0.000000000000000000e+00
0.000000000000000000e+00,0.000000000000000000e+00
0.000000000000000000e+00,0.000000000000000000e+00
0.000000000000000000e+00,0.000000000000000000e+00
0.000000000000000000e+00,0.000000000000000000e+00
0.000000000000000000e+00,0.000000000000000000e+00
0.000000000000000000e+00,0.000000000000000000e+00
0.000000000000000000e+00,0.000000000000000000e+00
0.000000000000000000e+00,0.000000000000000000e+00
0.000000000000000000e+00,0.000000000000000000e+00
0.000000000000000000e+00,0.000000000000000000e+00
0.000000000000000000e+00,0.000000000000000000e+00
0.000000000000000000e+00,0.000000000000000000e+00
0.000000000000000000e+00,0.000000000000000000e+00
-2.161109479895947111e-06,-2.214777164305955626e-06
-3.197591578871193544e-06,-5.161090314810961872e-06
-3.521837825060180620e-06,-8.444586818088928976e-06
-3.274468522459720889e-06,-1.146267618879640746e-05
-2.589195168874706327e-06,-1.380160967179771039e-05
-1.604210856583046048e-06,-1.511335127329566422e-05
-5.473854356160497532e-07,-1.525948240610114007e-05
4.519743087457786817e-07,-1.425887139210999862e-05
1.198097329120189065e-06,-1.221833605121346839e-05
1.465712146354402201e-06,-9.430188621542385748e-06
1.233770027382823907e-06,-6.210683800898961352e-06
0.000000000000000000e+00,0.000000000000000000e+00
0.000000000000000000e+00,0.000000000000000000e+00
2.722082401469109247e-07,-1.472587573087032949e-05
1.427801575200470473e-06,-1.311097778376022044e-05
2.272033239862575149e-06,-1.069249185824584413e-05
2.680102309772838984e-06,-7.752907146004350581e-06
2.560794465810557426e-06,-4.689962720380548468e-06
1.781110503636311125e-06,-1.986708092090105347e-06
-8.614365156475489861e-07,-1.545508580574688710e-05
-1.316710354874380997e-06,-1.556436239961213894e-05
-1.718449682182578954e-06,-1.558429536830522509e-05
-1.984357670969813319e-06,-1.551103915741540261e-05
-2.006697257234979954e-06,-1.540261479894432085e-05
-1.456609257723930866e-06,-1.363270741074559009e-05
-2.040834984546874823e-06,-1.099904458973424619e-05
-2.349174787284374383e-06,-6.997992811459251130e-06
-1.867841671914988920e-06,-2.718224026490679189e-06
0.000000000000000000e+00,0.000000000000000000e+00
0.000000000000000000e+00,0.000000000000000000e+00
1.965743828013521863e-06,-1.174462594403516755e-04
3.791277768249962230e-06,-1.166017465167889139e-04
5.452468732571612104e-06,-1.153302894583837709e-04
6.891930409252106348e-06,-1.137924335879004172e-04
8.172227417997903184e-06,-1.121613071262533292e-04
9.394559424509439495e-06,-1.104825285644710448e-04
1.073573198505814951e-05,-1.088251669988809264e-04
1.222579300652572132e-05,-1.069954265665789899e-04
1.387552051236424899e-05,-1.048596951029771238e-04
1.564626255582596663e-05,-1.023151482770454258e-04
1.745812264667053073e-05,-9.930005942344533238e-05
1.922091623718033966e-05,-9.582703209123533843e-05
2.084015297316478554e-05,-9.197720715089680878e-05
2.237506774044568391e-05,-8.777350394483500072e-05
2.369266165151642930e-05,-8.320372948513373996e-05
2.480260550243018535e-05,-7.827253463571552617e-05
2.566809721391196129e-05,-7.302826582484490329e-05
2.620551715759338168e-05,-6.767995731027868350e-05
2.635967961314164494e-05,-6.218868873462377088e-05
2.619793121505038975e-05,-5.672064327027008491e-05
2.563315289216302787e-05,-5.146181505540968026e-05
2.468716494157354498e-05,-4.647114877422293798e-05
2.343944694246491756e-05,-4.188971720897232472e-05
2.192979666929897062e-05,-3.772917862136307963e-05
2.027094540057038067e-05,-3.411495005309561423e-05
1.850910740102746887e-05,-3.109402568676547654e-05
1.665720585220463977e-05,-2.858853899594710911e-05
1.481620357145139662e-05,-2.663347525828229054e-05
1.289944947080537565e-05,-2.528172184704468000e-05
1.110417941309594267e-05,-2.451034273783736926e-05
9.292208467070293631e-06,-2.434058813623233997e-05
7.660139565152562484e-06,-2.471979145660167077e-05
6.134701776916148704e-06,-2.566236267648231735e-05
4.814589943137846221e-06,-2.716042289777623325e-05
3.748965438379156307e-06,-2.912380786024626792e-05
2.783872522362236389e-06,-3.152341000177617841e-05
1.968088019962786038e-06,-3.445057163511863865e-05
1.431290278014587869e-06,-3.789861778611024803e-05
1.216166116420509516e-06,-4.181557521019852884e-05
1.441458502072776128e-06,-4.594932801841577081e-05
2.131756852543842839e-06,-4.992422696429726925e-05
3.313787183783873646e-06,-5.334690878540004259e-05
4.747987939210511069e-06,-5.584667231547716222e-05
6.617017607980363924e-06,-5.718717740989246096e-05
8.481971496914333318e-06,-5.718338151573896800e-05
1.020252896676782137e-05,-5.587161190962380207e-05
1.169305104466357555e-05,-5.352796094561015753e-05
1.291830016735311694e-05,-5.030055342827104804e-05
1.374291710438910106e-05,-4.639992805889613136e-05
1.407297528954611287e-05,-4.206760497289595930e-05
1.384442494826912379e-05,-3.773355378432198087e-05
1.322132931549668369e-05,-3.375114829431975869e-05
1.226537161762383995e-05,-3.018941535508792463e-05
1.116283260648998314e-05,-2.718088014136263423e-05
9.955787243742470150e-06,-2.467030598744490802e-05
8.721355699260881455e-06,-2.264713898708973599e-05
7.565947744884429695e-06,-2.102670951924918196e-05
6.474974070041317431e-06,-1.975392842617834985e-05
5.487422686193767781e-06,-1.878103995430014796e-05
4.610282334930424410e-06,-1.805994378257037280e-05
3.841697969600284349e-06,-1.753941257394647199e-05
3.198112577087118734e-06,-1.717369498466949062e-05
2.700730669576960313e-06,-1.694172344540346992e-05
2.361607170510008212e-06,-1.675466881780965649e-05
2.201392195423923012e-06,-1.655111757807648437e-05
2.240970168500820521e-06,-1.623220236011140122e-05
2.458958190824135783e-06,-1.568197007502185845e-05
2.833291693714060932e-06,-1.471616849005599954e-05
3.268672387370365192e-06,-1.322915887986119865e-05
3.631122511401041171e-06,-1.111898240418942864e-05
3.752755638615602477e-06,-8.393106992890305432e-06
3.389062851919680746e-06,-5.362697232037357159e-06
2.312010280867035284e-06,-2.446848693914709126e-06
0.000000000000000000e+00,-1.182192836305157355e-04
0.000000000000000000e+00,-1.187048001571369942e-04
-1.976132434188343853e-07,-1.185333647592305359e-04
-3.498562410941013439e-07,-1.167165170341359219e-04
-2.669030231637576711e-05,-8.991575776999069926e-05
-2.754209209515211688e-05,-9.835304904591745865e-05
-2.133197642159867863e-05,-1.034620704002814091e-04
-1.357367971302589353e-05,-1.077065865047330061e-04
-5.614956236066263903e-06,-1.111003900304348733e-04
-1.028543255975344330e-05,-9.263591197125296353e-06
-1.716918647918023978e-05,-2.257161936087920151e-05
-2.106583096661121375e-05,-4.021453523449546920e-05
-2.219537598016722022e-05,-5.989653248642602982e-05
0.000000000000000000e+00,0.000000000000000000e+00
-4.081690861286617119e-07,-6.107027436327441903e-06
-1.343281808146312437e-06,-9.300357949241601496e-06
-3.109938962126374093e-06,-6.294199239813673520e-06
-3.798737464437534127e-06,-8.228006078665448629e-06
-3.721594986208963765e-06,-1.075136339195385308e-05
-3.100484832462339632e-06,-1.300020887292989697e-05
-2.581437542732659349e-06,-9.820736508221486970e-06
-3.135778455842479291e-06,-1.212531178437606754e-05
-2.494542644978778868e-06,-1.357882813373027941e-05
-1.774704419487858968e-06,-1.457613664899247278e-05
-1.097469918582233521e-06,-1.519800993048158506e-05
-6.846085389421906711e-07,-1.556413709088660829e-05
-1.780645813461083237e-06,-1.513089945510120062e-05
-1.943567919295181771e-06,-1.555427196844422924e-05
-1.775597654720556057e-06,-1.579302538110922139e-05
-1.468072273544650738e-06,-1.589728488877777747e-05
-1.090665923323044965e-06,-1.586473973106564689e-05
4.078713185888316048e-07,-4.369743668785252346e-05
-9.311031752687402037e-07,-3.797407473149730942e-05
-1.722468327469969465e-06,-3.278453568929914945e-05
-2.204374158073804608e-06,-2.822403573842903419e-05
-2.266684976396544791e-06,-2.393509381465349817e-05
-2.027490032956145100e-06,-1.972156306846811579e-05
-6.091156394376977114e-07,-1.566081364460592332e-05
7.149423960736864444e-07,-1.150766516692004042e-05
1.793214766964712325e-06,-5.270663319680464069e-05
3.139286135953732792e-06,-5.453294736028951244e-05
5.720953163675777687e-06,-5.580874385373330731e-05
8.624364481671178926e-06,-5.657306872672481364e-05
1.083598048762328426e-05,-5.679334486088673104e-05
1.076393466534057526e-05,-5.570950944821762517e-05
9.567342551218302151e-06,-4.647675617591389796e-05
1.033699108105360409e-05,-3.840319383233888333e-05
1.050590327610620702e-05,-3.001542901481097413e-05
9.969407851398030522e-06,-2.176822501026471230e-05
8.513749045828666986e-06,-1.442441807415534885e-05
5.830463508013556436e-06,-8.711235354263018816e-06
-3.073519650600032856e-06,-1.268353285037683748e-05
-1.726531046176545249e-06,-1.584494581773542046e-05
1.177156328170408108e-06,-1.826179468679486821e-05
3.922508099358909012e-06,-2.053821942617018172e-05
6.613602606162219527e-06,-2.281379015600347991e-05
8.702800919460399227e-06,-2.581223033222289194e-05
-6.469440444335599552e-06,-9.087483568315623457e-06
-8.553801101650316985e-06,-1.321067979362427542e-05
-9.688497499215622402e-06,-1.904056526194506722e-05
-1.012133301353008188e-05,-2.547838447808949803e-05
-1.215875345872444769e-05,-3.503894110999811060e-05
-9.734947212474986763e-06,-3.659293696756300319e-05
-4.213659838029294841e-06,-3.636282565693300267e-05
2.039523488648348017e-06,-3.526607293112841225e-05
7.168752349364344999e-06,-3.329228790666395577e-05
-5.075398462797806216e-06,-6.455104344836511696e-05
-5.472348859325158578e-06,-5.610182717781739552e-05
-5.331384895605031665e-06,-4.795782846015718778e-05
-4.633674479183804093e-06,-3.963548344164222355e-05
-3.523978202899087327e-06,-3.088280096294215735e-05
-2.279354943638793996e-06,-2.179136276810845569e-05
6.860426892242886411e-07,-7.800526813153599965e-05
7.850038643342453629e-06,-7.973934567417140576e-05
1.289390067433662955e-05,-7.867017544999396056e-05
1.309804697557993089e-05,-6.262397528436249299e-05
1.360700865561562785e-05,-5.087219898375090738e-05
1.331230858917487263e-05,-3.922405503011223776e-05
1.212144772627651583e-05,-2.821492073190401685e-05
9.733580122820693575e-06,-1.885498205664507660e-05
5.723374728109692390e-06,-1.216019281715078938e-05
1.023075973472673372e-06,-1.099745460245095028e-04
1.095722951496369650e-06,-1.082390222572949975e-04
6.978735770293253331e-07,-1.053749187079284149e-04
-1.258812709412507124e-08,-1.014429627702756215e-04
-8.368329153165600841e-07,-9.660537194273042714e-05
-1.718565994789383292e-06,-9.085442458692987236e-05
-2.438250295224278043e-06,-8.430441908293150922e-05
-7.218107460326113545e-06,-1.046425395183375089e-04
-1.519327241554617729e-05,-1.007879309087869818e-04
-2.285778035746346395e-05,-9.755294792278501560e-05
-2.828241930777388095e-05,-9.517396322009518837e-05
-2.813251648552423799e-05,-9.616126927237255036e-05
1.259223614452681229e-05,-7.773608900206423883e-05
6.413425921005726562e-06,-7.480435900630460794e-05
-1.106222068999548111e-06,-7.459858135954389928e-05
-1.465468973800384415e-05,-1.120952329045910159e-04
-1.087256072969601973e-05,-1.223299529259864245e-04
-7.028288977759578747e-06,-1.292303050455311604e-04
-3.226766783894021318e-06,-1.327924406960531213e-04
3.795916978113792010e-07,-1.331177605850760739e-04
3.730734478466892654e-06,-1.303940084003961679e-04
6.678463542494046981e-06,-1.248936998630656924e-04
8.998951003070171573e-06,-1.170566540574376712e-04
1.068055722294739609e-05,-1.073839232907132778e-04
1.154450509356537661e-05,-9.635923244360870311e-05
1.096762422549417589e-05,-3.628351928000688429e-05
1.104625169530475422e-05,-4.159391661944242334e-05
1.064831427440673768e-05,-4.736046855225600240e-05
9.860328874724181601e-06,-5.263529837914042621e-05
8.763484346793384212e-06,-5.640950743231735776e-05
7.437892484102290899e-06,-5.774423893237435506e-05
5.818928866769273406e-06,-5.666222028696991318e-05
9.065901401267445774e-06,-3.054877311090006624e-05
4.552467335097850750e-06,-3.035062166567774295e-05
-2.065792993777895235e-06,-3.097807730810253353e-05
-8.718522777824349804e-06,-3.236511472091414376e-05
-1.198518065821740961e-05,-3.535500549554515678e-05
1.078232443995627258e-05,-5.772110773993231026e-05
1.060501432059372643e-05,-5.547527019896874255e-05
7.930294703545641752e-06,-5.431386757495285073e-05
4.865570783489091276e-06,-5.346948992808469328e-05
2.340400439331865891e-06,-5.297689646689271236e-05
1.423189228431660146e-06,-5.287512773377888087e-05
-1.003205438131137911e-05,-4.820053282078118844e-05
-9.345880814072730301e-06,-5.611784383967291290e-05
-8.112077325795263592e-06,-6.313256760479530965e-05
-6.437518754965871500e-06,-6.890859567335651812e-05
-4.453726814183997038e-06,-7.313383561676286984e-05
-2.247179808648077482e-06,-7.559087090204173970e-05
5.469378648265639792e-08,-7.614992406779373863e-05
2.248409459191720876e-06,-7.482586725394510681e-05
4.301864635626346123e-06,-7.171902092278189449e-05
6.022960851562979758e-06,-6.697880068433509913e-05
1.946044854750894322e-05,-3.927777907002035922e-05
3.658655598805570141e-06,-1.756059920521239312e-05
1.122831192568706367e-05,-2.433504116685391888e-05
6.906438172738099893e-06,-2.163446017838477434e-05
1.548604302502135471e-05,-2.927578886466259531e-05
2.194064077316755501e-05,-5.369513861255113146e-05
-1.582590566129319247e-06,-4.086975476242511696e-05
-4.711866084461726495e-07,-3.340574772976794379e-06
-1.869727354987176015e-07,-2.354576817073200957e-06
2.153748718689147331e-05,-7.101266926291207487e-05
-1.047453782520804117e-06,-1.505651389982202376e-05
5.872911632764932560e-06,-2.142105592028379496e-05
-1.457451246989766242e-06,-2.420213686304281361e-05
-1.901392213220860600e-06,-1.621081272935502262e-05
-1.102726853891657205e-07,-4.053493551566087609e-06
4.358681384604860406e-08,-2.568968169973005735e-06
-3.036196871481624120e-07,-5.737627978054756677e-05
1.131495094923866543e-06,-2.323549655378867091e-05
1.920599858223549607e-05,-8.637734904061534287e-05
2.214040740492551647e-06,-1.673790792396947868e-05
8.716433338431507923e-06,-2.792729285239390098e-05
7.490393986717982707e-06,-2.480484063383469294e-05
1.694505113522771111e-07,-2.305183679956688725e-06
1.296093273134460520e-07,-1.624659281555591227e-06
1.101029549612402874e-07,-8.971424754886454491e-07
7.779120404289100592e-08,-7.136333516722994714e-07
9.442961361650737688e-07,-7.373524442097044039e-05
5.040824519767185465e-06,-1.898014127694826439e-05
1.645927951221475791e-05,-9.425335915199715780e-05
1.401683756956094461e-05,-1.013536620026815854e-04
1.089605344755042908e-05,-1.064205512094396110e-04
-1.294328282260934255e-07,-1.351704742831985152e-06
-2.322063100285981032e-07,-1.861248286029468802e-06
-8.455175052370389598e-08,-5.950260040265345894e-07
-1.139011914581588638e-07,-7.283056717277826805e-07
7.191658054263200023e-06,-1.113825712838517525e-04
1.790241910066225498e-06,-1.639667006027282792e-05
6.103219505974396412e-06,-2.794444674707570602e-05
5.014433999748481501e-06,-1.148983686698563722e-04
9.640468624678514013e-06,-3.578993636036564710e-05
2.671589727806885781e-06,-8.631587239129820139e-05
-2.991901301842345524e-07,-1.577160834378647368e-05
8.382394662184911426e-06,-2.585827123523265727e-05
1.018377548994256952e-06,-3.284654226391862692e-05
3.910205637202035431e-06,-9.853058172791802718e-05
-5.309032997138357180e-07,-5.318777836518089684e-06
-6.235317061184508543e-07,-5.836101702961624165e-06
-5.682474260754803794e-07,-4.633076643485951939e-06
-7.491674231083224380e-07,-6.286500188949330934e-06
-5.265499480237606341e-07,-5.102596027814616313e-06
3.271842975658447619e-09,-3.860797570668241896e-06
-6.135518193990935945e-08,-4.047182388974824001e-06
-1.887370256798426353e-07,-3.202234559905897630e-06
-1.646883646853950750e-07,-4.249417216362487018e-06
-1.710254045916178855e-07,-3.493910489907537732e-06
1.994502890307788295e-06,-1.119997570610807726e-04
4.352555558496849648e-09,-4.916844693507076172e-07
5.580354447343898072e-09,-5.848213037429579893e-07
3.449649701951727652e-06,-1.067048224051313275e-04
-3.980709027555477840e-07,-3.997990045577743259e-06
-1.311505457616539884e-06,-6.641288658744555079e-06
1.072815990247017239e-05,-4.428514807501642117e-05
4.831277595067605887e-06,-3.237371671682461179e-05
1.688387995040232767e-06,-1.538121779998663424e-05
-3.465015694444380415e-07,-4.481441421293214218e-06
-1.126981947252949256e-06,-7.147403819433076875e-06
1.023499648325641625e-06,-1.176677776369404200e-04
-1.846880036609767110e-07,-4.999027232303739677e-06
-1.038566598306791584e-06,-7.475300207054031211e-06
-1.811673184456987277e-06,-9.525000689178094319e-06
-3.324848940889710586e-07,-5.821153833039312477e-06
-2.529004636617386006e-08,-3.413607516369494375e-06
-2.879988780588812747e-07,-5.233106174196018331e-06
9.809272191414527618e-06,-5.224502825661687331e-05
-3.863793021352320976e-06,-7.193482327049410589e-06
-2.073564285443762123e-06,-5.364944318871912968e-06
2.312977725198376078e-06,-1.174598598783523204e-04
8.751406536302156206e-08,-3.843227501444764108e-07
1.093456293063298453e-07,-4.549370623126820595e-07
-4.669696221817977284e-06,-1.383293607004639530e-05
-1.567751540872524213e-06,-1.412209323300357213e-05
-4.807915820331717114e-06,-2.891947795456373951e-05
-7.141395068995208060e-06,-7.048156080999560169e-05
-1.123209867757171465e-07,-1.059423592592722316e-06
2.519418974432410824e-07,-1.398608813994138996e-06
-4.782688506877391019e-06,-1.576135522430118351e-05
-2.201101141012942868e-06,-9.504373305178416529e-06
4.272828215552346323e-06,-4.039933159376164203e-05
1.731040104316978603e-06,-1.243759248121606061e-05
2.583460438496236132e-06,-9.324494975237925123e-06
2.755321931196281405e-06,-6.171401200036925572e-06
5.786728601217820343e-06,-3.923268479474100660e-05
5.468342172106416667e-07,-5.914972729366350834e-06
4.208096468051673133e-06,-2.165330963385415434e-05
3.984470213345315826e-06,-1.673363095628337935e-05
4.165580984258833818e-06,-3.386146062055557315e-05
2.215405962981225121e-07,-1.201588263720263742e-05
4.717934888962444255e-06,-4.442327706719040992e-05
-7.302599222240697654e-07,-1.539476310426080014e-05
3.166054879189681562e-06,-5.046851090604756267e-05
3.642755334168649399e-06,-6.854526337450677590e-05
2.287073702402946054e-06,-6.363261447361618500e-05
3.191836495010958082e-06,-8.929522160406420527e-05
5.345258056534712190e-06,-4.409007870885367047e-05
2.882925247485721473e-06,-1.118223165485545274e-04
1.089702004627648225e-06,-7.353669927620702976e-05
-5.448222992770231794e-06,-1.060566274658699277e-04
1.313259517348693385e-06,-1.282136087431030586e-04
-6.149522928653919499e-07,-7.650553701556789211e-05
-8.725672205201689793e-07,-1.339536337122373586e-04
-2.016342467821845645e-06,-7.157689072040918055e-05
-3.007435299099049527e-06,-1.268409453015333381e-04
-3.140364472832900110e-06,-5.996750164992509474e-05
-3.787826575325010692e-06,-4.389464407859537931e-05
-2.005774403832518010e-07,-2.557240799213387645e-06
-1.311674243897268755e-07,-2.836380288728281182e-06
-5.142181176071118908e-08,-3.336600311554879766e-06
-2.652203428391471219e-08,-2.669094542626955463e-06
-4.520183993859963117e-07,-3.665982672200841213e-06
-3.226493353479898449e-07,-4.047405996773881207e-06
-2.562551530532746003e-07,-4.861437314904802492e-06
-1.179729241700672049e-07,-3.767242284177150353e-06
8.339247970334899755e-06,-5.706189215577404960e-05
4.693572317464221172e-06,-4.768355900830561865e-05
8.702855228519871492e-06,-3.251269454908656850e-05
-1.935339949070387688e-07,-1.513129360820298295e-05
1.600050191619388808e-06,-7.016058851237683759e-06
-1.391904849660340881e-07,-1.577097319902176636e-05
-8.660285485365469392e-07,-6.785144630307091750e-06
-2.341803284146757743e-07,-4.424120613262851946e-06
8.838606273783105417e-06,-2.993873928020169246e-05
7.904420524582884443e-06,-2.651754148973538538e-05
-2.141414227996850196e-06,-3.302500375376023168e-05
5.767928634807110777e-07,-3.538517550320029810e-05
1.926722776694816199e-06,-4.175114040053078129e-05
3.922746787134356514e-06,-3.710921058668176627e-05
5.623170309363789198e-06,-4.270972719509981186e-05
7.441967528701466113e-06,-3.848710593513829885e-05
5.613526172919922870e-06,-3.341169966695579035e-05
9.014706181963270151e-06,-3.464100587244796370e-05
7.174933530664005208e-06,-3.042489587104095809e-05
9.407278331300664484e-06,-4.412838958009864454e-05
7.073774147656066260e-06,-4.906289881253567581e-05
1.133149106569389695e-05,-4.993054380229012255e-05
9.467242996615904204e-06,-5.542090956610926734e-05
1.029800414702206291e-05,-3.137243585244284548e-05
8.489082025951573838e-06,-2.795955214683579852e-05
1.320168593707653565e-05,-4.509620227745254938e-05
1.353966784658911542e-05,-5.585255258224763907e-05
1.130476162677360883e-05,-6.146990435429230287e-05
7.472303898887916653e-06,-6.083325624218523790e-05
8.798273572660394700e-06,-6.740957794386049837e-05
1.558228629808390786e-05,-6.163633204081745277e-05
4.227314818542474125e-06,-2.937335857908402275e-05
1.240593904936855565e-05,-3.574519088794876251e-05
1.118190922694745362e-05,-2.878337076948104753e-05
9.443613868156594798e-06,-2.600070267925472654e-05
7.093048414643961213e-06,-2.533693132558326229e-05
8.137613640397034151e-06,-2.399495379778989531e-05
6.132828056061764042e-06,-2.336236838552085339e-05
7.267619585589575471e-06,-2.265390556804201615e-05
8.787618869448887747e-06,-2.325883523812962241e-05
8.018428059153675066e-06,-2.257229044528664001e-05
8.946852527292601710e-06,-2.310339572421335564e-05
5.532719245105138621e-06,-2.190824191255505576e-05
8.298260268836860187e-06,-2.304527309627328423e-05
1.178937617284379189e-05,-2.664342616798435085e-05
7.674691570165008894e-06,-2.251530198731615921e-05
8.665292807057836810e-06,-2.351890072582884061e-05
6.276085645653714039e-06,-4.953022042979402141e-05
6.344119978711642572e-06,-5.555395280029162863e-05
-2.237072887610715146e-06,-6.998064148059315954e-06
-1.003208732261877707e-06,-5.214335335042766855e-06
-2.094631056744471050e-06,-2.086983331236900503e-05
-1.066138500005610271e-06,-2.134563006195924355e-05
1.551843113124537105e-07,-2.391853682488325245e-05
5.485868454446037370e-07,-2.141524016755809654e-05
2.140042218618516895e-06,-2.348521067846751987e-05
2.356502957920312988e-06,-2.122981820941039413e-05
8.513936875672292548e-07,-1.959578024112823514e-05
2.428317858743785442e-06,-1.952789442441404404e-05
1.080386567270446757e-06,-1.829200378770795419e-05
2.391537619151963301e-06,-1.831814157573549622e-05
1.176281696463026914e-06,-1.736226011686446355e-05
4.205969144901775767e-06,-2.311085462019975346e-05
4.088255715234528040e-06,-2.590547099247737697e-05
2.243901363536090742e-06,-1.748373354363289139e-05
1.153237383991658746e-06,-1.674425460397716738e-05
2.181137280044942339e-07,-1.651127694902333059e-05
2.384760473794713518e-07,-1.606713066736157830e-05
1.063209424440298662e-06,-1.638936319643966775e-05
-5.615357172947055385e-07,-1.565932050877548535e-05
2.439439203797803822e-07,-1.590874193526056429e-05
9.444728080980057962e-07,-1.625122178163696080e-05
1.809865830540597345e-06,-1.664819140320240398e-05
-1.894087866391821801e-06,-1.905125996112912504e-05
-2.526203775044649633e-07,-1.820746000591440619e-05
3.714493141967021698e-06,-1.937274424336390114e-05
-1.001057613900069189e-06,-1.607890728139683235e-05
-1.482273221361594695e-06,-1.477142333882219487e-05
-5.813340893164714554e-07,-1.548117146296499428e-05
3.520585012069415263e-06,-2.001523708078700294e-05
-1.782910555873287762e-06,-1.433332784868370875e-05
-1.218360733850582675e-06,-1.526529366706043346e-05
3.316300202860984435e-06,-3.780456222341148224e-05
4.446715803275061210e-06,-3.259138480067720297e-05
6.869338614661989411e-06,-3.928452987979073256e-05
-9.219401886318372416e-07,-2.862647336159507589e-05
-7.495124404279478989e-06,-8.915392873838873071e-05
7.699696550329545293e-07,-1.587321700472932943e-05
6.667786393462246431e-07,-1.613299034284471913e-05
7.007652157554012734e-06,-3.024655871250237139e-05
-4.935715321590985914e-06,-3.543272770211162488e-05
8.182323780561397201e-06,-2.393010223578999330e-05
2.529369736310436085e-06,-2.900156935912827699e-05
-3.564789692336013028e-07,-6.136578611388059946e-06
-1.366291125237037980e-06,-9.290987918739846931e-06
1.610804662127072169e-06,-1.652586297746718133e-05
8.710179587281116699e-07,-1.624906645988670329e-05
2.383115070118495599e-06,-1.683774095692766845e-05
3.063138908782652991e-06,-5.741050144413954194e-05
4.066371247874325334e-06,-7.906535276486094507e-05
9.620622704073818960e-06,-2.358280384922888234e-05
-1.050924922431855252e-07,-2.197379506705734625e-06
8.087305371433385007e-09,-2.115275636439097669e-06
-5.541431504217570299e-08,-1.758806832984436098e-06
1.951117187152380318e-08,-1.679035553815944979e-06
-6.323925675897897901e-08,-1.385121974045937527e-06
9.166374164559773549e-09,-1.302128638304841768e-06
8.146463938738508812e-08,-1.621445573511535994e-06
-2.091230921340932321e-07,-3.034448638444199906e-06
-1.711502595287824995e-08,-2.879583986179979322e-06
-1.033625576382745090e-07,-2.344880588341746963e-06
1.806318305281091586e-08,-2.204217440956088179e-06
-9.914503548975098253e-08,-1.786660508178091935e-06
9.876067015319274177e-09,-1.650284309075879374e-06
1.113561368158493747e-07,-2.159778563983068036e-06
6.467129645286150762e-06,-2.522325232458917307e-05
4.505198610659714485e-06,-2.451904445842623917e-05
7.928980260655009508e-06,-2.354556987331313603e-05
5.283503620468554597e-07,-1.187447339429440585e-04
1.332962535908076630e-06,-1.181447872644846676e-04
2.621518397728480886e-06,-1.162682024033464352e-04
-1.121288753085976524e-06,-6.763850499104401738e-06
-5.003763112638223312e-07,-5.778088743237860543e-06
-2.341074273243541958e-06,-9.359778500708677829e-06
-1.535649753807747050e-06,-8.208233697237363386e-06
8.124923137945517775e-06,-3.643629065187579193e-05
-1.419094058362854926e-07,-2.785752518785391391e-05
-5.617828024862483078e-07,-1.483177683848036940e-05
6.887726602226923803e-08,-1.125152674615148254e-05
1.395378969953361988e-05,-3.261310688336062260e-05
-1.076905410110139005e-07,-1.041640794407442406e-06
-1.696583583281734636e-07,-1.365577450830576411e-06
-6.430909489831808620e-08,-1.053241985131048147e-06
6.927519243205972562e-09,-9.444071835836626864e-07
-9.017125039925682883e-08,-1.314885419269925097e-06
8.625172168834727773e-09,-1.159443497514392724e-06
-6.680858958622884149e-07,-1.004058825186886088e-05
1.023991908045201422e-06,-6.007152803194985136e-06
1.003232891171798241e-05,-2.462643410095859380e-05
1.171448748663478762e-05,-2.512756125148383785e-05
1.007394621595245705e-05,-2.379742375424195812e-05
-1.514863266634419196e-07,-7.935869033498501245e-06
-6.794240883551969513e-07,-6.612417645867280371e-06
-2.223823382348233565e-06,-1.313606096459347846e-05
-2.424836493036586513e-06,-1.057228150489178955e-05
2.026391081637119898e-06,-7.950587258455003121e-05
6.648309083228464653e-06,-8.176281121800559200e-05
7.199237589076496729e-06,-8.793881740207180734e-05
1.101241160390891597e-05,-8.374152842111504819e-05
1.136466856987986778e-05,-8.923648694498578229e-05
1.073880767109125507e-05,-7.801615037538379603e-05
1.503584236492299067e-05,-7.968182940148261844e-05
1.435077124904327247e-05,-7.419853728451994489e-05
7.839734947369720897e-06,-9.310194028682407187e-05
1.173009465576603322e-05,-9.410897128966919166e-05
6.250494473133433399e-06,-7.462782799317069238e-05
6.918244947005200770e-07,-6.624197324137426931e-05
3.235134094230507456e-08,-1.363138071037861288e-05
1.480131688207242269e-06,-1.648204965334700519e-05
3.959063294221657479e-06,-2.095788601555621043e-05
8.579131115298175981e-06,-9.788083557422416921e-05
6.436414179276138445e-06,-1.013537646361079063e-04
9.503100412176610526e-06,-1.009922345346104942e-04
6.940798450900572830e-06,-1.043895101899084608e-04
-3.389069633969833287e-07,-4.843443394253485690e-05
1.644760947668983670e-06,-1.151183834616020894e-04
3.358675240559914289e-06,-1.136780018661352081e-04
3.787277714951496232e-06,-1.115318536840940235e-04
1.538353550306084143e-05,-9.055814356166525067e-05
1.259122958182072102e-05,-9.777387893734918606e-05
7.360696261103068224e-06,-5.755196338077325920e-05
-8.940198423267935864e-08,-8.678639232642279907e-07
-6.965639139787709145e-08,-7.168663340834517264e-07
-9.273066333737619423e-08,-4.020820194743435091e-07
-1.160070990693110149e-07,-4.784772395366856576e-07
-2.558554181323422667e-06,-2.430550559602849252e-05
-7.608046121284387666e-07,-7.965480695810609016e-06
-6.282484209185399617e-07,-1.238349745272589429e-05
1.529425732100456796e-05,-5.059370472453499572e-05
1.724687565863443995e-05,-4.570103028842549661e-05
1.453801698937018567e-05,-4.054072808963745772e-05
1.096811566728085012e-05,-3.959545114816637423e-05
3.064629176618282186e-06,-1.092271214421088000e-04
5.870086654569932050e-06,-1.074394349581389769e-04
5.453605166418801964e-06,-1.093599030685285073e-04
9.147958161469661636e-06,-1.057259167394363516e-04
7.912899824814894267e-06,-1.079745054657095239e-04
7.156687100923909471e-06,-1.097991681657064275e-04
3.674515922382940718e-06,-1.837830078994741575e-05
3.517177475809349403e-06,-5.208895351894613987e-05
-4.220816546503735983e-07,-5.517447114130957557e-06
-1.585171840408933111e-06,-8.627782637289081564e-06
1.920349656568213613e-06,-1.101073845578295581e-04
-1.393757176120436420e-06,-1.039412029067079996e-05
-1.984531335944805188e-06,-2.870479515889769528e-05
-3.756995390033742185e-06,-3.738241187093174452e-05
1.852995552471467522e-05,-7.559163073850149611e-05
2.033844835209368355e-06,-1.694188385495897135e-05
-2.425510342075591697e-06,-1.746160708609110210e-05
1.479315963846870907e-06,-5.542340258301453513e-06
9.387395911599022436e-08,-1.245711534866239533e-06
6.901533594177770888e-08,-1.001179001467711475e-06
5.082674152195191011e-06,-1.126323805557603679e-04
-1.618107834060849000e-06,-7.126369423159594190e-05
-4.772315186688303057e-06,-1.055459231912001287e-04
6.136380256610180277e-06,-2.282906095034310139e-05
3.223581737588890411e-06,-9.243782312601901479e-05
1.155396204965696894e-07,-1.587107813681579507e-05
8.824675835788847168e-08,-2.019618542725493705e-06
1.023149283941551256e-07,-2.793247377539160204e-06
1.369436011685577546e-05,-6.802566446132505954e-05
1.848297242349194268e-05,-6.669357470416905351e-05
2.037540481301685529e-05,-6.185750711658425391e-05
1.789182592636340570e-05,-5.654476510594451480e-05
5.097941139714934324e-07,-1.009470143075020733e-05
-5.334764513751533013e-07,-7.648991238074366161e-05
-3.231138590914657815e-06,-1.244319295163683504e-04
-4.241644638826376890e-06,-1.182163221791821309e-04
7.204058929843829226e-06,-5.465784841012512839e-05
-3.577945666100592291e-06,-5.236958446599326205e-05
1.886642934634709965e-07,-1.326484945541718877e-04
-1.926264272133975284e-06,-1.320604868645184064e-04
-1.405542237663701493e-06,-7.497529341115979548e-05
-2.640233123609949403e-06,-6.648768612326980132e-05
4.307281763752830446e-06,-5.674698013673710729e-05
3.756832377581281652e-06,-4.256476431940133621e-05
-2.338846797369247056e-07,-1.421255049833318622e-05
2.054615119514085903e-05,-4.372387806252958805e-05
1.795045879110731106e-05,-3.527474682302985168e-05
2.137958797584661995e-05,-4.856168728799285957e-05
4.309128180947281953e-06,-1.817171339373719035e-05
3.122299043586087688e-06,-1.753914188069733492e-05
8.102201654203880382e-06,-2.367328937076221718e-05
5.915198483486039606e-06,-2.008810537984856960e-05
1.524616504445539198e-07,-1.893257915981017188e-05
-5.312582745602343076e-07,-1.088307525233762442e-05
-8.215589393231397825e-08,-9.330530625463314624e-06
2.708598974533130245e-06,-1.708460942039173892e-05
8.761598729380896364e-06,-2.397377871885354917e-05
6.622736434625673543e-06,-2.604989322022142775e-05
1.707734916855817313e-06,-1.606408325679591144e-05
5.107754694724886364e-06,-3.010602107894613057e-05
2.020786667999178245e-05,-8.090387823469370320e-05
1.072985007269999788e-05,-3.980272953516309723e-05
9.680215752651215498e-06,-3.160550319138452868e-05
6.841120926488570637e-06,-3.009290584977153166e-05
-4.670835976503136177e-06,-2.219891086057802310e-05
-6.899965081382464884e-06,-4.985054563035548489e-05
-5.946990586226398703e-06,-2.992467347555931745e-05
-4.583598070828414769e-06,-1.025751749660823020e-05
-2.354723180408897849e-06,-6.869919235270115916e-06
-1.876685673010734004e-06,-1.207983687091270264e-05
9.607043439622063761e-06,-1.084240349212703338e-04
1.240111895292483534e-05,-1.041042739510961336e-04
6.935469109277716258e-06,-6.103464338378152552e-05
-9.109367745201139377e-07,-1.550315542655965410e-05
7.118209785116397692e-06,-4.415154946036699410e-05
7.168738457925691527e-06,-2.667663484070382664e-05
-5.090066499362881941e-07,-1.546403267407427486e-05
-5.148954393241020267e-07,-1.331957995122891418e-05
7.140988342069389113e-07,-2.594080272763058483e-05
6.759863485908420666e-06,-2.185867043759497696e-05
4.076209057268919054e-07,-2.602970630713022550e-05
3.761592759628865429e-06,-1.163615511996472378e-04
6.107472024275493785e-06,-1.132587645988062985e-04
1.380221835824946355e-05,-2.691500222678251534e-05
1.661475180937230543e-05,-3.188787201434917874e-05
9.742289414262762134e-06,-4.891472230696713340e-05
5.108472958937211291e-06,-1.964645688090943908e-05
1.019258605046339483e-06,-1.852005241017578378e-05
3.587212583542076679e-06,-2.079027036143449251e-05
-5.541127499067301315e-07,-1.361487592395208101e-05
4.949546917854656714e-06,-3.625490360338688695e-05
4.865166199030516391e-06,-9.819830325358798267e-05
-2.049276862642701644e-06,-1.514079724448612376e-05
1.726524637044192902e-06,-1.416947795395620067e-05
1.927205869248907785e-06,-1.658715387205767590e-05
-2.330371050288383351e-06,-1.328667600872889683e-05
1.521210088604139074e-05,-8.510904461700174474e-05
1.141712686456948308e-06,-4.014781758544175153e-05
7.101175798917322138e-08,-3.353948765833918713e-07
8.665249032551942493e-08,-3.945270898115990725e-07
-2.466705856868307549e-06,-1.752581991238707479e-05
5.269024274025201388e-06,-5.202537555461432084e-05
1.592937868339882988e-05,-3.726630046948768178e-05
4.684814342821363780e-06,-6.730721469119445332e-05
1.065797857844114436e-05,-7.236926680123016795e-05
-6.658242387639483160e-07,-1.949436007421708934e-05
2.400711510255014707e-06,-3.187619313271351421e-05
-1.852968658468502927e-06,-6.416554236901842876e-06
-1.324312990215548999e-06,-4.632694353810646822e-06
7.675155876874533819e-06,-2.512921214993902054e-05
-9.400461195617798923e-07,-3.361724639792562008e-06
4.327815326735311204e-06,-1.144080813726510554e-04
-2.165295585722038643e-06,-6.024422205512353046e-05
-4.860606253585114497e-06,-8.358486596760863368e-05
1.130224051451628037e-07,-1.869190375799251350e-06
7.652227478356410999e-08,-2.836306321217486522e-06
1.068509449056450104e-07,-2.794186606245662615e-06
-4.621904597801938079e-09,-4.173408611469383874e-06
7.534571174165647113e-06,-3.327589343775684425e-05
-6.941324410053491153e-07,-1.492873992046462538e-05
-3.995081753119741518e-07,-2.491595154161807427e-06
-1.908206270863778611e-07,-1.743137439214339415e-06
6.200828895665584395e-06,-8.144613043742593515e-05
9.317109512173647794e-07,-3.300891823310586344e-05
5.723282380463475192e-06,-2.711064640918483889e-05
6.481105398229820764e-07,-2.826641296611065716e-06
-1.437466348882080531e-06,-1.791890505988574691e-05
1.337531891330865539e-06,-3.531730994287139497e-06
-2.047325625800062973e-07,-4.467597124127058706e-06
-1.079215477698579520e-08,-1.719674740309072754e-05
-2.172854189490035804e-06,-5.373949083877793562e-05
-4.587935848955055231e-06,-7.327512758720044041e-05
9.155055055478083115e-06,-5.509242385594060069e-05
3.742101927828072571e-06,-2.242211704033318464e-05
-8.547708319001749677e-08,-3.964744550071306575e-07
-7.009982695442747692e-08,-3.357690286150143337e-07
-2.915658880246917738e-07,-1.965780597719216217e-06
-1.523015595305998326e-07,-1.394071301789910630e-06
-1.171288577865886287e-06,-1.495705843225252540e-05
-2.384637704393181663e-06,-4.619218102637345097e-05
-4.740191440215124583e-06,-6.203642240160841506e-05
-8.605945136965352746e-08,-7.751224859558398712e-07
-1.261357948291215150e-07,-9.819881720740200456e-07
1.071207051693134966e-05,-1.030107203012879533e-04
8.845116290757203234e-06,-1.098220456664206977e-04
-2.292736361305564763e-06,-3.753549712503417743e-05
-1.337106214362253298e-06,-1.315504129538319498e-05
-4.387093685609976124e-06,-4.956579287514442287e-05
4.093500128393333621e-06,-1.126195388963877872e-04
1.731535458348589574e-06,-4.839008417088953981e-05
3.976291502797379275e-06,-5.929158934843400600e-05
2.849318407897776512e-06,-1.230368139319336037e-04
1.700691226835155022e-06,-5.642499484186860051e-05
1.548852239949757305e-05,-9.815633025535602156e-05
5.151577400937252241e-06,-2.110724299892067444e-05
1.544902050904403066e-07,-1.558884043708992883e-06
1.075227750848021532e-07,-1.149074570630597831e-06
1.479169090452320104e-06,-6.359039207400343731e-05
1.535655157455604447e-06,-1.299942377522000101e-04
3.966053127160941272e-06,-2.482746702613710787e-05
4.297416562776716798e-06,-3.217643776542074714e-05
4.308629595237891025e-07,-9.022545040263497891e-06
1.040350526542646546e-07,-1.669814130739281986e-06
7.423976099096667318e-08,-1.298774959427393626e-06
2.062580602411330737e-07,-1.334786438873874169e-04
1.115054198339986747e-06,-6.948395176834393217e-05
8.423780438339818722e-06,-2.520699435639787899e-05
-1.415114818165379561e-06,-6.859971903035095756e-06
-1.516595848681877392e-06,-1.954221582647816649e-05
-2.897164193641617717e-06,-2.528586352665901837e-05
6.147422972292741687e-07,-7.376429813998829055e-05
-1.106773439700825781e-06,-1.335721719344929435e-04
1.046426069773291332e-07,-6.635965611469226345e-07
7.850690201932887298e-08,-5.455947346753402927e-07
2.713392870739187992e-08,-7.614808898195288582e-05
-2.275815449938603047e-06,-1.303902531409052408e-04
-9.130478625949228947e-08,-7.367627724896413030e-06
2.825087121816254562e-07,-5.201844253230566836e-06
4.177977937177455488e-06,-1.097740386078305078e-05
4.284834071360031002e-06,-1.460929465757396353e-05
2.375311242592661818e-07,-7.596812674221072243e-05
2.014383429225005899e-06,-1.209437325393860946e-04
3.797096639846694787e-06,-4.400556419830562479e-05
1.371366677469978183e-05,-2.945890824176812829e-05
-4.094945407421613646e-06,-1.158713204877182890e-04
-1.105048629089141233e-06,-7.481178060663469639e-05
1.642497391192259442e-06,-6.930857459085392218e-05
2.873353205361643539e-06,-1.009691853127036741e-04
9.718337136091381688e-08,-8.347668048982706090e-07
7.592145976400604266e-08,-6.917307960761672042e-07
-1.986973664564077317e-06,-6.621170182670023754e-05
-5.038767135380020317e-06,-9.434260831060413118e-05
8.791764796728842184e-08,-8.954973866251401587e-07
1.282181122202344687e-07,-1.166869923268993157e-06
-2.164572928012538251e-06,-1.759038003117127541e-05
3.101433322272811133e-06,-1.716344868448056908e-05
1.001960153611260141e-05,-2.400713307571709459e-05
1.726308908066975544e-06,-1.021078141898432753e-05
-1.524430838987447262e-07,-4.097318898617626227e-06
-6.260147442011572312e-07,-6.117632300510386849e-06
1.030511782954557943e-06,-1.182434796771660018e-04
-1.780399732890388132e-06,-1.505228163928816385e-05
7.860359171514771112e-06,-4.596198911712850332e-05
1.289188596544366738e-05,-2.551953521700900518e-05
2.909274156007308722e-06,-2.624483858247586760e-05
7.473285223473082679e-06,-5.768052543282179410e-05
-2.570931631476405522e-05,-9.145621596945684986e-05
1.879537643141719445e-05,-9.017858158891502401e-05
-1.200732567622969477e-05,-3.560509319767264457e-05
-1.040512641739930756e-06,-7.276742069539061261e-06
-2.555825604047421323e-07,-4.789648915154035846e-06
-9.901580029176655146e-07,-1.711085003990020425e-05
-3.473214441026923286e-07,-5.422446985488851124e-06
-5.334316063372798989e-08,-3.629031139141063478e-06
8.022895439181042235e-06,-2.331401985384455518e-05
1.693850493149644337e-06,-2.594688280533161923e-05
5.148855316274511585e-06,-2.051811905899520908e-05
-9.338447056982027176e-07,-7.135778312130110648e-06
-1.829476020101439246e-06,-1.026494577029592492e-05
1.340376525566806268e-06,-1.639084602530148214e-05
-1.669168357320783586e-06,-8.820738493134488368e-06
7.589687415039236395e-06,-5.007172557911235901e-05
2.254922150395403417e-05,-6.590640410176630657e-05
1.869662603550351446e-06,-2.096413159949122036e-05
5.503389764316241696e-06,-1.109794134319485296e-04
-1.086895061192765537e-06,-1.502942735578814199e-05
-2.883746322728683600e-05,-9.489185115978709842e-05
4.642959794662210259e-06,-2.873078726853931121e-05
3.339037317240611013e-06,-1.038943750734845780e-04
1.354025632374868548e-05,-7.865354327011667168e-05
1.007619288111456299e-05,-5.686733701985913946e-05
2.246082167517354786e-05,-5.818264467047126173e-05
7.501218651629090803e-06,-5.771741448257482502e-05
-2.825936190851914089e-06,-1.106647544857106933e-05
3.617478832484404976e-06,-1.159013177145559585e-04
-3.933133615633483606e-07,-5.736302661999411473e-06
-1.566333360273275947e-06,-8.801504211319364940e-06
7.737836002043434366e-07,-1.500182635162707847e-05
1.668079398109692731e-08,-1.594847796635860725e-05
6.763626987340001234e-06,-3.338767828809188244e-05
-4.518468234519612984e-07,-1.237336069408340682e-06
-1.859051197522965145e-06,-1.477037766284848787e-05
1.783192790760956728e-05,-7.161819521479913708e-05
-1.536736683647211330e-06,-4.438692128630969017e-06
-8.106119939953264007e-07,-3.335442473663886304e-06
-2.267415389461152172e-06,-1.194491231772447689e-05
1.871911686317209500e-05,-5.094972388138368472e-05
1.116969734866992607e-05,-5.649660272847812574e-05
3.376563919668370740e-09,-3.637873129457250168e-06
5.315338938715403194e-08,-2.548092348202263410e-06
6.875603648514613620e-08,-1.707952290522678872e-07
8.192722435271872848e-08,-1.979328483142348048e-07
-1.035778991847644737e-06,-7.615251230600928447e-06
-1.514123053691225332e-07,-5.204485952405413439e-06
7.615869102090623361e-06,-5.645522113172594112e-05
7.121208575789194975e-06,-2.235868146085853904e-05
7.622784572272445221e-06,-2.803462743128862578e-05
-7.366500585869723595e-08,-1.860942201675424049e-07
-8.819375633752443526e-08,-2.172066189180151665e-07
2.536918652071447350e-06,-1.171782870939211413e-04
6.444226440697963035e-06,-5.433283082363639767e-05
1.217544778825985071e-05,-1.004934732275865946e-04
2.616145377267119353e-07,-1.602517781498009980e-05
1.074992526524194548e-05,-7.805313584395166728e-05
1.754517542604175763e-05,-4.108683695915181809e-05
-2.987211554136670617e-06,-5.120960622282803401e-06
-3.607177316507162184e-07,-1.554124920595435376e-05
2.721588692193836688e-06,-1.695022138291435915e-05
8.157304677232346795e-06,-2.416353133299531763e-05
7.631036275772744193e-07,-1.623106033902322113e-05
-1.142435459604012002e-05,-3.513999116581050197e-05
-1.966765775686731117e-06,-1.540304484190614323e-05
8.063546626852132412e-06,-2.492404297201084135e-05
-1.529663744516360631e-07,-2.131404289023071306e-06
-3.107998101321057493e-07,-2.994015272720160931e-06
7.778708259746079062e-07,-1.234640032751347612e-06
-3.410475361181065241e-07,-5.822676969271314772e-06
4.529500600376609331e-07,-3.640721424215041690e-06
-6.656890141095520623e-07,-1.046524744079731033e-06
2.237631648695392029e-05,-7.574475150134120306e-05
6.088053982466479185e-06,-3.565471341170158194e-05
7.460395614928567643e-06,-5.372459687315740131e-05
8.294510818231969309e-06,-4.270502040024399940e-05
4.628875027209410574e-07,-9.366201523540770310e-07
6.108068500473824823e-06,-2.738709299385099982e-05
7.539893504348960374e-06,-5.203386636668217932e-05
3.813687355527356770e-06,-1.101784649587720467e-04
2.457676143160825040e-07,-1.169486710861170956e-05
6.400173878216563079e-06,-5.691797149519988960e-05
1.080084701155055867e-06,-1.179375842901830964e-04
-8.360651125854456665e-07,-7.793136802054613575e-06
-2.732281492640085717e-06,-1.228790783961635948e-05
-2.194569573148245777e-06,-9.852927479877944970e-06
-7.040133748887837033e-07,-6.356664161607639802e-06
6.953411665978899523e-06,-3.987485618526149411e-05
-1.061527011944835541e-07,-1.420177400724138149e-06
-1.828350231785945541e-07,-1.912629510569326225e-06
1.359558517715990015e-05,-2.792406771295254000e-05
8.344838218563647552e-06,-2.788863949921790465e-05
1.249488692747471338e-06,-1.621844952854630375e-05
-8.952031620601386555e-07,-1.356071004262501485e-05
4.699292124268890467e-06,-1.935063828842103535e-05
3.612736967163909450e-06,-4.641105057592967474e-05
1.676961495525381052e-06,-2.841218451429580508e-05
