Size 979,2
0.000000000000000000e+00,0.000000000000000000e+00
0.000000000000000000e+00,0.000000000000000000e+00
0.000000000000000000e+00,0.000000000000000000e+00
0.000000000000000000e+00,0.000000000000000000e+00
0.000000000000000000e+00,0.000000000000000000e+00
0.000000000000000000e+00,0.000000000000000000e+00
0.000000000000000000e+00,0.000000000000000000e+00
0.000000000000000000e+00,0.000000000000000000e+00
0.000000000000000000e+00,0.000000000000000000e+00
0.000000000000000000e+00,0.000000000000000000e+00
0.000000000000000000e+00,0.000000000000000000e+00
-1.194437197965149459e-06,-1.787224156676785482e-05
-1.544918211064162655e-06,-1.955654779544272858e-05
0.000000000000000000e+00,0.000000000000000000e+00
0.000000000000000000e+00,0.000000000000000000e+00
0.000000000000000000e+00,-1.126538604565933944e-04
0.000000000000000000e+00,-1.138844798437002110e-04
-1.091521932862065654e-06,-1.074012550594807217e-04
-1.917477782589765091e-05,-7.750768209648282677e-05
0.000000000000000000e+00,0.000000000000000000e+00
-1.299860423673980245e-06,-9.172528242713368199e-06
-1.149108317813845303e-07,-1.109630932734657583e-05
-2.176065894832441492e-06,-1.483439571122845751e-05
-2.216624596536174769e-06,-1.722804777505109158e-05
-1.403566626869936563e-06,-1.173600688255803476e-05
-2.209107839818842324e-06,-1.526796470498736349e-05
2.086529085317451749e-07,-1.844558931236753801e-05
-2.065295489158266828e-06,-2.212532510048567826e-05
-2.061987929061066054e-06,-7.465610739102728401e-06
-2.260235053040804512e-06,-1.715190379135076221e-05
-1.186085254438015181e-06,-1.959873462214823298e-05
1.573095594412323492e-06,-4.993949213863807356e-05
2.404559766258809836e-06,-8.073486207513310773e-06
8.274037809896327868e-06,-5.387594098417496726e-05
-3.626066135861346506e-06,-8.575378572387090534e-06
8.398142819906756083e-06,-3.062442739346103238e-05
-9.885567121305159193e-06,-3.252711886083385656e-05
-3.813122661729944518e-06,-6.675998282405022806e-05
8.243619417816824541e-07,-1.227406875688130188e-05
1.090217126887237358e-05,-6.804917889933578714e-05
-1.164360669690628072e-06,-1.035059633052178263e-04
-3.426059478235901085e-06,-6.907713188432288277e-05
-1.727435783719177714e-05,-9.382557625441671951e-05
1.067277681917263081e-05,-7.637095090782913787e-05
8.894273279536070071e-06,-3.201531673811406682e-05
2.853594213360972574e-06,-5.289170265102069305e-05
-9.863539797376687341e-06,-3.935578591336488932e-05
7.389331823850472380e-06,-6.013789756447767478e-05
-5.129131548777132647e-06,-1.061697040354801894e-05
-8.162034013772573229e-06,-1.836665163075315791e-05
-1.055413336960011746e-05,-2.784289750369302351e-05
-1.207383972794098344e-05,-3.855326067485805719e-05
-1.276315767992141128e-05,-4.979724389675308584e-05
-1.272798294126461034e-05,-6.062945071973580393e-05
-1.259924108544202612e-05,-7.082178014809844440e-05
-1.273049167931289007e-05,-8.087007251670976274e-05
-1.274546457424074690e-05,-9.127313331873906953e-05
-1.182438697534637856e-05,-1.018258735764559190e-04
-1.004096940667956380e-05,-1.111428346272302442e-04
-7.567278027345426361e-06,-1.185658803331360198e-04
-4.528685652513777561e-06,-1.235513287435166584e-04
-1.059723372405155200e-06,-1.257063451342663326e-04
2.687946271197393356e-06,-1.247398148407320652e-04
6.582017854904268244e-06,-1.204702119064641135e-04
1.049208706595206575e-05,-1.128416877398740690e-04
1.430820797236696621e-05,-1.018766239265246067e-04
1.786913532017311824e-05,-8.745276236122922825e-05
2.071841536168108209e-05,-6.944397688811904156e-05
2.136508678318753206e-05,-4.864910363739197060e-05
1.822588425180432894e-05,-2.761953159046686088e-05
1.063268269146384865e-05,-1.070905956995573593e-05
0.000000000000000000e+00,0.000000000000000000e+00
0.000000000000000000e+00,0.000000000000000000e+00
0.000000000000000000e+00,0.000000000000000000e+00
0.000000000000000000e+00,0.000000000000000000e+00
0.000000000000000000e+00,0.000000000000000000e+00
0.000000000000000000e+00,0.000000000000000000e+00
0.000000000000000000e+00,0.000000000000000000e+00
0.000000000000000000e+00,0.000000000000000000e+00
0.000000000000000000e+00,0.000000000000000000e+00
0.000000000000000000e+00,0.000000000000000000e+00
0.000000000000000000e+00,0.000000000000000000e+00
0.000000000000000000e+00,0.000000000000000000e+00
0.000000000000000000e+00,0.000000000000000000e+00
0.000000000000000000e+00,0.000000000000000000e+00
0.000000000000000000e+00,0.000000000000000000e+00
0.000000000000000000e+00,0.000000000000000000e+00
0.000000000000000000e+00,0.000000000000000000e+00
0.000000000000000000e+00,0.000000000000000000e+00
0.000000000000000000e+00,0.000000000000000000e+00
0.000000000000000000e+00,0.000000000000000000e+00
-3.998736032003653025e-06,-8.686063935894579321e-06
-6.262512756335662082e-06,-1.549941430383456811e-05
-7.841477312740145945e-06,-2.354281034108817556e-05
-8.625381496179943932e-06,-3.223880849609509711e-05
-8.687791158808149444e-06,-4.096487746958337876e-05
-8.151520519555824934e-06,-4.902841496759779890e-05
-7.389434319618702099e-06,-5.618174868910408363e-05
-6.554339644379822595e-06,-6.250610163789922899e-05
-5.501228513350356901e-06,-6.802879846127258385e-05
-3.983409248113488371e-06,-7.247596598092339735e-05
-2.146049671644080624e-06,-7.524196959704975080e-05
-1.414210303572112466e-07,-7.614238682785584317e-05
1.903604328407237879e-06,-7.507017247345234732e-05
3.851548172210046524e-06,-7.206795826219835114e-05
5.555095151502423799e-06,-6.727633499988214792e-05
6.876206471823128604e-06,-6.094908217567467361e-05
7.668685271935860856e-06,-5.347033002577998719e-05
7.760663556742999957e-06,-4.559768392987526215e-05
7.456182923216426092e-06,-3.783566334872421629e-05
7.026288039855536616e-06,-3.026621006800520131e-05
6.379090450072121811e-06,-2.276894267483422181e-05
5.103634870915795299e-06,-1.551361489460451474e-05
3.185079902120766515e-06,-9.031951271178175961e-06
0.000000000000000000e+00,0.000000000000000000e+00
0.000000000000000000e+00,0.000000000000000000e+00
0.000000000000000000e+00,0.000000000000000000e+00
0.000000000000000000e+00,0.000000000000000000e+00
0.000000000000000000e+00,0.000000000000000000e+00
0.000000000000000000e+00,0.000000000000000000e+00
0.000000000000000000e+00,0.000000000000000000e+00
0.000000000000000000e+00,0.000000000000000000e+00
0.000000000000000000e+00,0.000000000000000000e+00
0.000000000000000000e+00,0.000000000000000000e+00
0.000000000000000000e+00,0.000000000000000000e+00
0.000000000000000000e+00,0.000000000000000000e+00
0.000000000000000000e+00,0.000000000000000000e+00
0.000000000000000000e+00,0.000000000000000000e+00
0.000000000000000000e+00,0.000000000000000000e+00
0.000000000000000000e+00,0.000000000000000000e+00
0.000000000000000000e+00,0.000000000000000000e+00
0.000000000000000000e+00,0.000000000000000000e+00
0.000000000000000000e+00,0.000000000000000000e+00
0.000000000000000000e+00,0.000000000000000000e+00
-2.437623121320492788e-06,-2.456250278094184072e-06
-3.635432699492249054e-06,-5.776910724403901789e-06
-4.038522513675209129e-06,-9.530186775475658792e-06
-3.785089495781655651e-06,-1.303453192098138344e-05
-3.009268241580750377e-06,-1.580775041134657315e-05
-1.845928974402049109e-06,-1.740852227506645299e-05
-5.612443408938200119e-07,-1.762215105141062889e-05
6.654273591543076436e-07,-1.643453725951641873e-05
1.562384870975501193e-06,-1.398158851244809984e-05
1.849444175016446918e-06,-1.066262191313581280e-05
1.510805244293032074e-06,-6.917031127466885360e-06
0.000000000000000000e+00,0.000000000000000000e+00
0.000000000000000000e+00,0.000000000000000000e+00
4.263391575988527212e-07,-1.695066025277769864e-05
1.745564429434512755e-06,-1.498889948627057177e-05
2.680462133324581083e-06,-1.214084327480260939e-05
3.104846098063047673e-06,-8.740460754873003975e-06
2.928871804707099108e-06,-5.247204180877117702e-06
2.015645769098596890e-06,-2.203946698494133582e-06
-1.324287907721968360e-06,-1.940950572077679935e-05
-1.654118009959535197e-06,-1.917471211363083603e-05
-2.005094846247715017e-06,-1.886742169604582693e-05
-2.256668265132441969e-06,-1.848291990805406559e-05
-2.273889470437133876e-06,-1.808349392423441821e-05
-2.528574582482800456e-06,-1.827143309776082551e-05
-3.394554977470772568e-06,-1.530145186228765327e-05
-3.799604605695766930e-06,-1.006188845355061345e-05
-2.965281545808173703e-06,-4.084606877478910833e-06
0.000000000000000000e+00,0.000000000000000000e+00
0.000000000000000000e+00,0.000000000000000000e+00
1.976563330254953550e-06,-1.122799638502072891e-04
3.810571779689247864e-06,-1.113643731173678125e-04
5.480538316453331138e-06,-1.099726559907981369e-04
6.927948312263976235e-06,-1.082619090294072753e-04
8.207955102292798107e-06,-1.064008286391941922e-04
9.409857085193378015e-06,-1.044382792882473060e-04
1.070605584950014681e-05,-1.024465118896220002e-04
1.210633929558152831e-05,-1.002623256661714762e-04
1.362160090922563175e-05,-9.777124365212313184e-05
1.521489232763918336e-05,-9.489123703011604466e-05
1.681251378123022131e-05,-9.157677082839853927e-05
1.833201726483704128e-05,-8.784177255431133710e-05
1.968553253954212587e-05,-8.374345606666418489e-05
2.091050680133245233e-05,-7.932534836711554029e-05
2.190495034044041836e-05,-7.470584993049174686e-05
2.269960587278133836e-05,-6.990293510298545082e-05
2.326426783175818518e-05,-6.492187989905618805e-05
2.355250052894129970e-05,-5.993343577094240574e-05
2.350055552393533323e-05,-5.489197759411161906e-05
2.317287712277889624e-05,-4.993948583004235146e-05
2.249190174552583005e-05,-4.523742045700344987e-05
2.147747168593208805e-05,-4.083825568598052370e-05
2.020212837087895030e-05,-3.687629051005913489e-05
1.871073702302084252e-05,-3.338729339702284040e-05
1.711138460856036846e-05,-3.042805191246644256e-05
1.543527586922005310e-05,-2.799485538667819301e-05
1.369099684736569289e-05,-2.607917498531612234e-05
1.197358473748177119e-05,-2.466458416598685710e-05
1.019697811932962783e-05,-2.375409981526900580e-05
8.529450299193433156e-06,-2.336141950955586622e-05
6.846268880198098746e-06,-2.352427237059151165e-05
5.331693682881562962e-06,-2.419975529712231399e-05
3.923946956319139466e-06,-2.540414946039261910e-05
2.718655551863414274e-06,-2.712725781029058178e-05
1.763586756524531892e-06,-2.928012740444860487e-05
9.167831244089482854e-07,-3.183283814695489884e-05
2.227877919405601340e-07,-3.486578382847753280e-05
-1.965460308165641082e-07,-3.836463755660494978e-05
-2.937556497703591517e-07,-4.227198410970358809e-05
4.298258351457510080e-08,-4.633670834471721701e-05
8.231012425659794322e-07,-5.019403864897687594e-05
2.073636650793900797e-06,-5.346453685374024333e-05
3.550843730106827771e-06,-5.579996276463444657e-05
5.436778934133961021e-06,-5.698443999030414821e-05
7.295311708417430507e-06,-5.685746489890004471e-05
8.995055853579032905e-06,-5.546933431929731685e-05
1.045666120149829545e-05,-5.309997671899547152e-05
1.165285115166875305e-05,-4.989264148591498137e-05
1.245323485400797488e-05,-4.604414627890615809e-05
1.275165772727372621e-05,-4.179162704212965900e-05
1.248960222126202979e-05,-3.756519074030205597e-05
1.183690222318683623e-05,-3.371644808367082856e-05
1.084898289483156846e-05,-3.030842168750316531e-05
9.715496692976178210e-06,-2.747269842938517183e-05
8.473300311780961633e-06,-2.515134706168061003e-05
7.197872205998075032e-06,-2.333530621344663412e-05
5.996565601992379935e-06,-2.194459958728535461e-05
4.852361024082920691e-06,-2.093236936288804219e-05
3.808316578097121035e-06,-2.026548359228555680e-05
2.884347333957722078e-06,-1.993593836326172845e-05
2.088021896721011360e-06,-1.983457341023661072e-05
1.437932704924283703e-06,-1.985861156605194910e-05
9.539171055316810871e-07,-2.002854785226245582e-05
6.574271972610091011e-07,-2.026212374454190975e-05
5.915972874644560995e-07,-2.052499623124338262e-05
8.062231300424901910e-07,-2.063802074927965915e-05
1.277337189254055193e-06,-2.039536224007080161e-05
1.994651801258693291e-06,-1.957554103715306872e-05
2.859328298601948029e-06,-1.800721246717161539e-05
3.696682178765409515e-06,-1.548402433576984217e-05
4.255527813502125523e-06,-1.194329430434965112e-05
4.144874748501253129e-06,-7.800124112275158106e-06
3.007182441087943963e-06,-3.656623433547287941e-06
0.000000000000000000e+00,-1.130749425617902777e-04
0.000000000000000000e+00,-1.135435056307273718e-04
-4.945594840179188600e-07,-1.132010362132799088e-04
-9.467136955372816755e-07,-1.112557030047671837e-04
-2.548241361042815842e-05,-8.536449973557067852e-05
-2.656809648118077212e-05,-9.331930902797739397e-05
-2.096726321482460156e-05,-9.814949306955491031e-05
-1.384072484125710426e-05,-1.021812250028037317e-04
-6.409753662146201131e-06,-1.054295618514972761e-04
-9.796017857209716651e-06,-8.834904531519625410e-06
-1.634319062817514011e-05,-2.150639600130322830e-05
-2.004202843459802828e-05,-3.828704035518529979e-05
-2.110512142922491295e-05,-5.698676979339597820e-05
0.000000000000000000e+00,0.000000000000000000e+00
-3.805372232720521362e-07,-6.449147168617347905e-06
-1.194265277825500608e-06,-8.689687147514877513e-06
-3.471054173035639539e-06,-6.986624010433277480e-06
-4.303498080741552132e-06,-9.266061145649520192e-06
-4.249870114317999430e-06,-1.224501396806614854e-05
-3.545789322052571541e-06,-1.494559225549821468e-05
-2.585680150242169120e-06,-1.079733546305971704e-05
-3.020672653536352218e-06,-1.354729236859607840e-05
-2.317775788735549343e-06,-1.548575156707231819e-05
-1.680288742489682303e-06,-1.702471510103375200e-05
-1.154227847549918358e-06,-1.818751494405896189e-05
-9.450264093532513147e-07,-1.906985743054056976e-05
-1.939534333852861115e-06,-1.774549542503343620e-05
-2.138697440490133482e-06,-1.845226587960970948e-05
-1.978832893770153065e-06,-1.896271267536546091e-05
-1.703049433133652801e-06,-1.932642808532569631e-05
-1.408382886283134212e-06,-1.953941458982543270e-05
-4.766553051213109968e-07,-4.338342839372496824e-05
-1.621049701663731419e-06,-3.776050466802164421e-05
-2.190232963281341193e-06,-3.270488080891864439e-05
-2.441421509403347800e-06,-2.829804655673395135e-05
-2.279452152931273356e-06,-2.416192888560190450e-05
-1.853886567515397129e-06,-2.007566336475986182e-05
-3.315792449191512572e-07,-1.608648040772239017e-05
9.332681379198730792e-07,-1.191708880532073723e-05
8.496332056696024655e-07,-5.240387213469397808e-05
2.349815166379616974e-06,-5.427053066320387727e-05
5.115288849198332408e-06,-5.557905158896629823e-05
8.216481947216700536e-06,-5.636911907980252546e-05
1.062301086507787844e-05,-5.660783416254564632e-05
1.071984640840179860e-05,-5.552551869527593399e-05
9.589458654203669485e-06,-4.634248431599968321e-05
1.035228449199060052e-05,-3.833979032250471933e-05
1.052406802204988601e-05,-3.002295766914964449e-05
9.999237968736874192e-06,-2.183855012904316337e-05
8.561838270890147811e-06,-1.454285495893312327e-05
5.899852582917609621e-06,-8.866242039927925070e-06
-2.735202538393925566e-06,-1.208229180804302108e-05
-1.357971212381169835e-06,-1.522444536478371480e-05
1.338194966451834594e-06,-1.774302417296374669e-05
3.775441904013327913e-06,-2.019683565148526618e-05
6.123663185754496387e-06,-2.268077648178502790e-05
7.886234100901988881e-06,-2.587937548078927030e-05
-6.333661291556836391e-06,-8.841011371092612455e-06
-8.447217717238701497e-06,-1.302123483873793458e-05
-9.609561386580323211e-06,-1.890789358546787196e-05
-1.005787332791438413e-05,-2.541900211522206854e-05
-1.219141256365176709e-05,-3.506710375954064741e-05
-9.953119228370160514e-06,-3.663975502341522769e-05
-4.647802736931623130e-06,-3.644370037594453992e-05
1.378283723147138659e-06,-3.538685830996596423e-05
6.283975944359854619e-06,-3.345870969056004605e-05
-5.263410043139538074e-06,-5.769267709332490546e-05
-5.359899184274159713e-06,-5.000345289337819769e-05
-4.993164392315069478e-06,-4.274849191577450355e-05
-4.157018519180078481e-06,-3.543171931918188955e-05
-3.027489495842030299e-06,-2.776277872082911848e-05
-1.900176277710416545e-06,-1.973103180601766660e-05
4.626683039434439957e-08,-7.063686419817300345e-05
6.995076492999078763e-06,-7.252090767110050222e-05
1.196581050137870053e-05,-7.173482944847914006e-05
1.203609368539385053e-05,-5.705502636857003539e-05
1.243397055602830636e-05,-4.633618788842994418e-05
1.213815335964500034e-05,-3.574350151891454556e-05
1.105506661833848545e-05,-2.573936239165083221e-05
8.900057577319142832e-06,-1.722574526829378616e-05
5.278459025295194650e-06,-1.111614218733879370e-05
-3.673796763862547407e-07,-1.035902350645834827e-04
-4.814415558334149118e-07,-1.013040707617827226e-04
-9.697028151002314750e-07,-9.793317616766279981e-05
-1.667020812674090831e-06,-9.357136086606747220e-05
-2.385558592927419983e-06,-8.843384917835798715e-05
-3.059810174609924467e-06,-8.256314308441770229e-05
-3.497430948346129210e-06,-7.613446866119329528e-05
-7.912213858084380053e-06,-9.931059148149515335e-05
-1.535120791280221854e-05,-9.576072941726223187e-05
-2.238943351279959392e-05,-9.276692858978306897e-05
-2.725075452832169745e-05,-9.055357205872422831e-05
-2.684616031787601299e-05,-9.148869365844802543e-05
1.158811065307888805e-05,-7.067467865703851995e-05
5.546932746432963626e-06,-6.766922752292738388e-05
-1.746070275086867420e-06,-6.724539010453134424e-05
-1.381498957884825433e-05,-1.064664934476808349e-04
-1.014309696173380732e-05,-1.160243892431477090e-04
-6.418141796661478529e-06,-1.223451155687821324e-04
-2.745230386205507024e-06,-1.254302198093185030e-04
7.242108671524637265e-07,-1.253880686250767715e-04
3.927386586420048001e-06,-1.224140909472106430e-04
6.716046597161894353e-06,-1.167897487936940244e-04
8.871808539659180599e-06,-1.089613294384734923e-04
1.037566206224452343e-05,-9.943714727716260985e-05
1.105603691389488615e-05,-8.871080951250597435e-05
9.512370829312323634e-06,-3.678949216907916259e-05
9.492224085686050479e-06,-4.210503993770788956e-05
9.060068841498929328e-06,-4.775747598709655664e-05
8.283796864666844318e-06,-5.283889362955000176e-05
7.249789357227655205e-06,-5.637963651160682598e-05
6.017391797697867030e-06,-5.750580858493757131e-05
4.522468034569501105e-06,-5.628186192901602001e-05
8.067537482233576602e-06,-3.093063515846707155e-05
3.792777667905977030e-06,-3.069548641039711182e-05
-2.576933520089184408e-06,-3.127879612838841436e-05
-8.986459103428002192e-06,-3.261508927605697073e-05
-1.204633111549448394e-05,-3.553933674790630659e-05
1.072298327737965698e-05,-5.740251097678618944e-05
1.036894102646846206e-05,-5.511384616272217127e-05
7.486302677361666211e-06,-5.392595104250671301e-05
4.216021541864129520e-06,-5.306254020132095286e-05
1.503826129126273052e-06,-5.255897310781451642e-05
4.361855863222529629e-07,-5.245486585405538819e-05
-9.921854064868772949e-06,-4.831935365230640339e-05
-9.210284306867348364e-06,-5.622415735673114297e-05
-7.957551271141566099e-06,-6.320691310741471643e-05
-6.270748429800722451e-06,-6.893556443774941827e-05
-4.281602158897033518e-06,-7.310371723948337608e-05
-2.076546628850316146e-06,-7.549960932358276342e-05
2.167341830555648741e-07,-7.599919647852679608e-05
2.395047182767709362e-06,-7.462312312826631106e-05
4.425866025456198551e-06,-7.147725912444360258e-05
6.118088899159977832e-06,-6.671564109870636297e-05
1.672493935130013159e-05,-3.471034565121345998e-05
2.218900153354108552e-06,-1.961380883627803138e-05
8.952653045682073797e-06,-2.303253542368248111e-05
5.546689612662268580e-06,-2.241132431166529423e-05
1.292963892204119905e-05,-2.654657709407871752e-05
1.927046582538289573e-05,-4.729272593928328226e-05
-1.622725674075324844e-06,-3.648648481757268053e-05
-4.185812155523601841e-07,-3.162435210962774946e-06
-1.818388978718856233e-07,-2.519941021839146060e-06
1.930765060044693627e-05,-6.309643208335627049e-05
-1.155800833209379097e-06,-1.750088092102527223e-05
5.386027202134809499e-06,-2.092264180028492856e-05
-1.709268481095710912e-06,-2.450023025636141130e-05
-1.784110735953657956e-06,-1.730975296280938498e-05
-8.308716405005188572e-08,-3.745594599627257304e-06
6.723729948712890721e-08,-2.669534230807421340e-06
-8.309539616190751340e-07,-5.110292957813733142e-05
1.163618812373446257e-06,-2.149506919747699242e-05
1.759917372583511125e-05,-7.792443364870667343e-05
8.367693349714212318e-07,-1.991154007641724247e-05
7.458686359108778103e-06,-2.814364382869631397e-05
5.447715690447266758e-06,-2.445396249387542738e-05
1.629357773419262722e-07,-2.169078776726435994e-06
1.441305991830570646e-07,-1.690041060597209677e-06
1.040280560836886037e-07,-8.613963101735569242e-07
8.174714324469970544e-08,-7.331512627435777682e-07
-8.358566024963041560e-09,-6.616648751467423591e-05
3.653276826406360067e-06,-2.029265883301429598e-05
1.524959460213007819e-05,-8.607680248488436411e-05
1.326456483273882399e-05,-9.373265737274501415e-05
1.043105078312478642e-05,-9.947964363142624644e-05
-1.339509263908146780e-07,-1.406755777952826739e-06
-2.115787115411264975e-07,-1.764785763849839748e-06
-8.736995697700564657e-08,-6.085646650367190099e-07
-1.081345612579287496e-07,-7.026165656434934790e-07
6.944465643812890905e-06,-1.054364798476809293e-04
5.200574721498659639e-07,-2.051038038073593753e-05
4.279071172903188973e-06,-2.806047329709058182e-05
4.898755769979712577e-06,-1.094589906611750766e-04
8.421817157076957040e-06,-3.566714054052865987e-05
1.326128934860759568e-06,-7.803276071202311891e-05
-8.319706465387705183e-07,-1.920900774003337811e-05
7.213047403504073882e-06,-2.587544070978622595e-05
2.900263220227261678e-07,-3.278891530409317113e-05
2.473141034054147926e-06,-9.044069591896401099e-05
-4.396783196760215684e-07,-5.056684872883359205e-06
-5.196020451442789078e-07,-5.514442685695543464e-06
-4.941168694515052526e-07,-4.370224371875239668e-06
-6.336740339890860909e-07,-5.906206432186221807e-06
-4.540539530681784352e-07,-4.798739342027841222e-06
5.645348661175169104e-08,-4.184457923903548957e-06
-6.812019297632243059e-09,-4.329467778808166432e-06
-1.694254277954800973e-07,-3.395372477617059407e-06
-1.142438091168692873e-07,-4.495948420445378719e-06
-1.483531820626782446e-07,-3.675539518680347657e-06
1.206075237525475356e-06,-1.062861285245376297e-04
4.496957982084324586e-09,-5.013741366192903158e-07
5.409810966633992743e-09,-5.668071201318767959e-07
2.168675005072073557e-06,-9.950557534792754796e-05
-3.661791496993751967e-07,-4.140880707578653975e-06
-1.159929216353592844e-06,-6.092508094835875446e-06
9.493861968168462953e-06,-4.396055299011822766e-05
3.106893313707588504e-06,-3.275868836519011941e-05
7.002536289303407738e-07,-2.011854018128734123e-05
-3.039869461428059402e-07,-4.663143184761482018e-06
-9.810311814347921099e-07,-6.603435058125281330e-06
6.891059279980087382e-07,-1.123455925181807288e-04
-1.028996751359705468e-07,-5.314185012061659055e-06
-8.737167123567029932e-07,-7.021100577256887596e-06
-1.578687097917427646e-06,-8.746301310811613737e-06
-2.782305579308150733e-07,-6.040237517578348836e-06
7.448302358599267428e-09,-3.558163641072385119e-06
-2.348564752406044712e-07,-4.865209450730951103e-06
8.576665267226632857e-06,-5.181940409263052517e-05
-3.680593764787380441e-06,-6.910743407605316193e-06
-2.242342440830131156e-06,-5.893528674458298215e-06
2.274096932951660842e-06,-1.122632942349607426e-04
8.985640479248072051e-08,-3.918330124287692982e-07
1.051629850360719687e-07,-4.412529931883884539e-07
-4.451987509012037404e-06,-1.318814451913186547e-05
-1.711349676241322040e-06,-1.630706905051133290e-05
-4.692424101773160908e-06,-2.890085633630034998e-05
-6.812073944218494582e-06,-6.703728149650140368e-05
-1.244836628032400829e-07,-1.162974585998116678e-06
1.531059563170697576e-07,-2.104206421802040259e-06
-4.646470281605839028e-06,-1.558847848624402173e-05
-2.430872079875552050e-06,-1.075786590378059892e-05
2.718604188585698775e-06,-4.089154886625910883e-05
1.169412600381051690e-06,-1.705833112976347268e-05
2.399334463112667050e-06,-8.522993524790389505e-06
2.856614557967050390e-06,-6.344644122780430705e-06
5.474337853414472945e-06,-3.735187428055992400e-05
6.417382633707983342e-07,-6.632152376463606373e-06
3.856368154782744346e-06,-1.977630359473226844e-05
4.060282205264154468e-06,-1.684032009761570899e-05
4.231945805437905144e-06,-3.383793493271826798e-05
3.013126502087529313e-07,-1.368181562791811517e-05
4.307442937928258162e-06,-4.046542054125111434e-05
-7.898677670146698871e-07,-1.778403853016956510e-05
3.240817174140884235e-06,-5.029846574251970392e-05
3.358904434924602032e-06,-6.245917987193491205e-05
2.372623170306110862e-06,-6.336141089714874956e-05
2.974258735583050017e-06,-8.187217122914198131e-05
4.283126349465373761e-06,-4.376698065182343863e-05
2.787271153703032526e-06,-1.037685148520870972e-04
1.199267763368332439e-06,-7.330525984712279932e-05
-5.185471936174419754e-06,-1.007988595783017050e-04
1.337020813447558950e-06,-1.201253283884541173e-04
-4.900729393985353155e-07,-7.638001755344865488e-05
-7.704200334899243860e-07,-1.263702185980851878e-04
-1.889599818968515532e-06,-7.157678269313432450e-05
-2.829968034455611707e-06,-1.202130338821222284e-04
-3.016717573224154101e-06,-6.006313640413830739e-05
-3.675823206433633149e-06,-4.401549377967258419e-05
-1.966567225699875113e-07,-2.687985571316386074e-06
-1.226787963526859746e-07,-2.967087047159864403e-06
-2.868842369810057454e-08,-3.489921415428883383e-06
-1.540058527174500108e-08,-2.781190176719767188e-06
-4.014846108809470476e-07,-3.458565228972765122e-06
-2.822641659256635536e-07,-3.816486707197347629e-06
-2.119574614968759869e-07,-4.565567488935055525e-06
-9.696311553735115018e-08,-3.554329102924634198e-06
7.090199947822158363e-06,-5.669362509960811048e-05
3.250148846716721130e-06,-4.805038086099615177e-05
7.201239589266098907e-06,-3.294408715421588669e-05
-1.170889608629988039e-06,-1.970099235662509395e-05
1.518349744266774468e-06,-1.006074891526101888e-05
-9.701839238856896906e-07,-1.993677748309284669e-05
-7.404116675351611428e-07,-6.320128056797672927e-06
-1.851766133785618313e-07,-4.632377568738665933e-06
7.427149152635497485e-06,-3.021818976454203283e-05
6.426742378426613238e-06,-2.654001913701026802e-05
-1.931376021270703252e-06,-2.964918306298521154e-05
3.549974925565001670e-07,-3.167393287967525513e-05
1.416401310275219207e-06,-3.719674643605488040e-05
3.250243438709903021e-06,-3.311677147767866911e-05
4.673251911267569606e-06,-3.796072263983461825e-05
6.324689037331657152e-06,-3.424506771124173941e-05
4.781547567463729522e-06,-2.991906981905729699e-05
7.718214008146297048e-06,-3.092553362970306075e-05
6.157100749878436648e-06,-2.740423192454838385e-05
8.022820446509674468e-06,-3.911437561786629047e-05
5.902952356345712716e-06,-4.352654579043540564e-05
9.721630272935534266e-06,-4.418596445915748720e-05
8.020648747427207664e-06,-4.914438572045383668e-05
8.805539844605856327e-06,-2.818340517229384583e-05
7.269127482603771809e-06,-2.540496090438782031e-05
1.138533968365350808e-05,-3.986954041932315007e-05
1.171744082253825544e-05,-4.941956687837087994e-05
9.677914552259243299e-06,-5.456108872582410014e-05
6.170496323873869433e-06,-5.409073817740280845e-05
7.340875100269140675e-06,-6.006797467477435423e-05
1.361378402166880658e-05,-5.459949347905533178e-05
3.644127829046420391e-06,-2.652577269410999786e-05
1.063897994296869186e-05,-3.181621909506322668e-05
9.492624352786862904e-06,-2.609056913991048893e-05
8.016072129597238074e-06,-2.390572552338455045e-05
6.121958687815150372e-06,-2.333026006045538060e-05
6.950600254703919389e-06,-2.239861005843814474e-05
5.378064934376234540e-06,-2.182686116329410087e-05
6.288904926835838052e-06,-2.147217175379189061e-05
7.385515010006801548e-06,-2.203119877534090998e-05
6.822100508881063362e-06,-2.170767329207261509e-05
7.356275577098383732e-06,-2.221059284916914253e-05
4.966006140231147043e-06,-2.078278508129968521e-05
6.904873856443631581e-06,-2.247411986791786678e-05
9.871955763208023913e-06,-2.446261927325531620e-05
6.631584763528400389e-06,-2.197121451493756864e-05
6.918250818594096630e-06,-2.290838855479672396e-05
5.131357791515826547e-06,-4.915272625746901929e-05
5.002120486680016602e-06,-5.556862196899503868e-05
-2.081928453116770382e-06,-6.666722693373023250e-06
-1.038899751464777952e-06,-5.697579054392595455e-06
-2.116658351188429470e-06,-2.130683773563625479e-05
-1.321376455997507711e-06,-2.186778120662206511e-05
-3.295322048013105996e-07,-2.429700723116712651e-05
5.435295209287774001e-08,-2.201960425697095411e-05
1.427964073075863382e-06,-2.394435379105204384e-05
1.620962954753106204e-06,-2.192300664702626572e-05
3.395866555679898289e-07,-2.045194325080058821e-05
1.664357199881744317e-06,-2.049256000187739586e-05
5.406901300079101773e-07,-1.943406648457980164e-05
1.592826262510820155e-06,-1.959294953780939131e-05
6.011779301533761162e-07,-1.883157771571737676e-05
3.259592679105764250e-06,-2.364133645664516406e-05
3.174549479089714630e-06,-2.620962243267585840e-05
1.401754338498415602e-06,-1.911749169784423115e-05
5.303374543157261828e-07,-1.858432927919534115e-05
-1.508934414556978344e-07,-1.815314937341558078e-05
-1.850745448031867845e-07,-1.809110260149226750e-05
3.753209946615730794e-07,-1.864828275424889020e-05
-7.391199995751192379e-07,-1.744561391679290370e-05
-2.582665411127372746e-07,-1.835297079327970776e-05
1.801886976860216842e-07,-1.896535275511395004e-05
8.392730014913639757e-07,-1.914176990487490492e-05
-1.939657304130221952e-06,-1.970272779791872855e-05
-5.511057765048766283e-07,-1.922326439951484734e-05
2.713991782408317127e-06,-2.044804571063605963e-05
-1.064245385626175570e-06,-1.748402868694643808e-05
-1.411422274896712342e-06,-1.643031206939480089e-05
-8.993447395223100459e-07,-1.845382631734512939e-05
3.397055268996375437e-06,-1.934517066905384598e-05
-1.683212922228911826e-06,-1.630535002338171229e-05
-1.329497271416234413e-06,-1.769619447869963540e-05
2.383920771867555092e-06,-3.760082100430736413e-05
3.489613685151750609e-06,-3.256022430516341886e-05
5.770866945038664448e-06,-3.905620613054168575e-05
-8.010477222222424249e-07,-2.583976803020448200e-05
-7.132277012136680974e-06,-8.477442880069923801e-05
-2.393345939639609203e-07,-2.029478061767797317e-05
-2.782670952863677179e-07,-2.013985304414592556e-05
5.368170829867703591e-06,-3.055367042900211292e-05
-4.822572578299653627e-06,-3.549593972664870823e-05
6.612917258576292800e-06,-2.356393952551803089e-05
1.735093189569171924e-06,-2.911453142997373305e-05
-2.374229931191646141e-07,-6.616263835513826990e-06
-1.152628634585902735e-06,-8.777077774464822301e-06
5.724735882170724513e-07,-1.948202496349562694e-05
1.957356259372273476e-08,-1.942890967154355762e-05
1.118885923817628479e-06,-1.953481160113841003e-05
3.144692296613174080e-06,-5.717640785102215000e-05
3.778447280082440118e-06,-7.219041590617840539e-05
7.647043442159835589e-06,-2.265993377991712949e-05
-1.043044629380113802e-07,-2.286257373028639758e-06
1.397983196244529659e-08,-2.194022174602096271e-06
-5.557840152847409485e-08,-1.820027746438973980e-06
2.260914152645989109e-08,-1.733544569936687786e-06
-6.513029658208279160e-08,-1.426701133443115775e-06
1.035043762295979971e-08,-1.338350412240041384e-06
8.881251906791144040e-08,-1.677199191872864210e-06
-1.869519677991389034e-07,-2.874427534770509972e-06
-1.032862926659630149e-08,-2.731486410725311835e-06
-9.288347247805320962e-08,-2.232300078392606828e-06
1.933388716602711327e-08,-2.102543892363040613e-06
-9.161386132524928399e-08,-1.709338130667797306e-06
1.020350727208148472e-08,-1.582913552626617767e-06
1.066355130883227820e-07,-2.054704129760125717e-06
5.328510985358792390e-06,-2.560374876647510443e-05
3.993710748495018766e-06,-2.262207643123735425e-05
7.011090451358920759e-06,-2.334928635506571361e-05
3.758417013586785752e-07,-1.135060350377652447e-04
1.173580564323750060e-06,-1.129190783403088841e-04
2.305672003783354690e-06,-1.108965287108779247e-04
-1.128856125846089654e-06,-7.418392232471949580e-06
-4.505473886702577756e-07,-6.293924115467538806e-06
-2.160192619327316077e-06,-8.924287016011863289e-06
-1.372946249364964865e-06,-7.802711078456964547e-06
6.572635080685029172e-06,-3.694354846061753407e-05
-6.688459394013536940e-07,-2.799938178075627457e-05
-4.903863490805244875e-07,-1.356768836164058577e-05
1.701639585501203384e-07,-1.139236630792721334e-05
1.188635948470682635e-05,-2.919202791493400335e-05
-1.121877027797840397e-07,-1.074945588112568413e-06
-1.572850849275146915e-07,-1.303527324115880149e-06
-6.640017296352324533e-08,-1.080216166715341806e-06
7.412666961990929753e-09,-9.667924573913866702e-07
-8.490084438553176114e-08,-1.264413483046262200e-06
8.500891506749219382e-09,-1.117841587162935148e-06
-5.411072014393955526e-07,-9.159633896560298393e-06
1.094326828839394153e-06,-6.218263466309035381e-06
8.391632393019450762e-06,-2.295680524452345039e-05
9.615174969742028825e-06,-2.342389203381613964e-05
8.248934609254083194e-06,-2.252852318303251620e-05
-7.514204509982704475e-08,-8.204419715898139746e-06
-6.035144449473280104e-07,-6.890876803057504415e-06
-1.922046138563089559e-06,-1.199597005994026578e-05
-2.111146701421058277e-06,-9.752724552881018389e-06
8.311552366679894681e-07,-7.151170791909355787e-05
5.208029529107362923e-06,-7.357691520891971888e-05
5.735466091617532230e-06,-7.959494563193211748e-05
9.439804020331248746e-06,-7.542392832307399681e-05
9.867877452896275153e-06,-8.086697838951005567e-05
9.139133078977335639e-06,-6.992136591950970966e-05
1.329325452999069817e-05,-7.142266083404237597e-05
1.256506942317936762e-05,-6.623149697065162586e-05
6.414535049093087794e-06,-8.480343134155244960e-05
1.037262617722221909e-05,-8.586488970597542744e-05
4.893328343135731334e-06,-6.683248991604576043e-05
-5.392779799109529484e-08,-5.921324126297403280e-05
-9.459679269241059974e-07,-1.836583949122105674e-05
3.827712005056516085e-07,-1.989832180000553199e-05
2.994633357424317208e-06,-2.174198437936002853e-05
7.275530747921545473e-06,-8.980687724811680023e-05
5.160621822068651963e-06,-9.352140098467396018e-05
8.384359739265772148e-06,-9.318800692153578940e-05
5.849320265155274882e-06,-9.692019104526363436e-05
-7.006591378097876594e-07,-4.311589514850485002e-05
1.073300293849900431e-06,-1.096155629727452174e-04
2.852374782399288155e-06,-1.080738379427246951e-04
3.146112333341922205e-06,-1.056316352436493280e-04
1.393960116204205529e-05,-8.219769221041336419e-05
1.144348461340173564e-05,-8.976179677375352569e-05
6.010662578743079444e-06,-5.738180749330258222e-05
-8.546760047678843995e-08,-8.387027383819575352e-07
-7.156352625532941895e-08,-7.324141133727059542e-07
-9.507407819486206025e-08,-4.098483688997485620e-07
-1.114650074656193694e-07,-4.637303497176132276e-07
-2.141389851033152951e-06,-2.201211755820026408e-05
-7.428294365491082265e-07,-8.939635275623976227e-06
-4.651645291819695525e-07,-1.216891973641979725e-05
1.327493656293137881e-05,-4.467128866910941530e-05
1.495796728711580148e-05,-4.030319162218202664e-05
1.252693183211202321e-05,-3.587598024022000618e-05
9.410716080285951810e-06,-3.513267779001785210e-05
2.001288665442795020e-06,-1.026310392028270473e-04
4.938939592420949853e-06,-1.004902085656121907e-04
4.738555841154977432e-06,-1.029132227411757189e-04
8.379900552415036304e-06,-9.856491569454404848e-05
7.286576440035725223e-06,-1.012452038699273660e-04
6.690129477880454963e-06,-1.034951724573141468e-04
2.573024081935729342e-06,-1.977952232165264320e-05
2.676280793606668500e-06,-4.630056074372211990e-05
-3.447391226190059008e-07,-5.787277202727081799e-06
-1.361700172200232037e-06,-8.015124379039238964e-06
1.008100379445576526e-06,-1.040835414112506837e-04
-1.586123641235614540e-06,-1.178197485966236662e-05
-1.872033720049124903e-06,-2.872499330452293835e-05
-3.429265648006373755e-06,-3.407182416224667444e-05
1.657321250998077219e-05,-6.745297310534987081e-05
1.134014514254791525e-06,-1.898652254476486129e-05
-2.230886098862451773e-06,-1.799181801206360112e-05
1.400403433021047318e-06,-5.289905173327948266e-06
8.932369900613329245e-08,-1.198272226853287092e-06
7.215725779275824714e-08,-1.026899428350165227e-06
4.689073376111615765e-06,-1.068718428508558683e-04
-1.528822008903151930e-06,-7.101118141129900260e-05
-4.681482059974410841e-06,-9.761544120041174195e-05
4.959180246276056945e-06,-2.342334239233397693e-05
1.791268644356577448e-06,-8.412538086633452206e-05
-4.606661484622536309e-07,-1.883061642349895295e-05
1.005470589673621754e-07,-2.097768780918385618e-06
1.016184794334878324e-07,-2.641383130145241405e-06
1.190117696440330241e-05,-6.050138242243334268e-05
1.635745942162002955e-05,-5.916080796736549396e-05
1.802152262348683448e-05,-5.469458511784816362e-05
1.567249693936770917e-05,-4.993213055342954674e-05
6.324330931765509443e-07,-1.041829419093843135e-05
-4.490616070737634722e-07,-7.632911716560505195e-05
-3.262885953863406836e-06,-1.162954725205957954e-04
-4.020147804408184367e-06,-1.122204580202920422e-04
5.970397150674544512e-06,-5.422617200995871143e-05
-3.459102512557158637e-06,-5.248860156136440469e-05
2.582470144725291822e-07,-1.247530376787062004e-04
-1.784916061600920089e-06,-1.249017725468740906e-04
-1.278439140395153161e-06,-7.491391599746957198e-05
-2.513961795602591514e-06,-6.654173747904454665e-05
3.942857261167692037e-06,-5.167853953460498355e-05
3.825660112798613793e-06,-4.246481621709273936e-05
-2.145410362045241388e-07,-1.630139139420641115e-05
1.779466723829693843e-05,-3.851015523002135772e-05
1.529838258684552700e-05,-3.137470158080691988e-05
1.864866355747722991e-05,-4.273677663117759329e-05
2.912446662658091156e-06,-1.981263660392685368e-05
1.986977521817098250e-06,-1.937296657397139478e-05
6.862858451274175378e-06,-2.337861752945115054e-05
4.539117346917693612e-06,-2.112001684341476284e-05
3.151633471934260509e-07,-1.878720344378886570e-05
-4.799166474224369155e-07,-1.238448064944723697e-05
-8.738824505802093971e-07,-1.316806007277760693e-05
1.518129209018048888e-06,-1.934071351711169143e-05
6.665508952711163183e-06,-2.333128620745653569e-05
4.674547313456354975e-06,-2.593948186253873842e-05
5.630225875883602380e-07,-2.052459795788701382e-05
3.308750583827500767e-06,-3.036819046130923486e-05
1.835365774193557843e-05,-7.250114088918011295e-05
9.486966804001675685e-06,-3.957159842703542822e-05
8.424006816603118265e-06,-3.164016961494591049e-05
5.736300567310925122e-06,-3.018223070054137309e-05
-4.547897259290974045e-06,-2.209757575544926312e-05
-6.581500759943323129e-06,-4.744635151727061311e-05
-5.671801645083360315e-06,-2.850240059554982411e-05
-4.420888208790235042e-06,-1.003504409501699659e-05
-2.582196159444104209e-06,-7.669031121154534696e-06
-2.067084291146043680e-06,-1.382332635653890328e-05
9.274893885655793735e-06,-1.018761152605238070e-04
1.180165936435650811e-05,-9.680262014980704852e-05
6.551442078930062538e-06,-5.807148075655884403e-05
-9.929150698310830849e-07,-1.791774115477537098e-05
5.587147272648616964e-06,-4.461927521573774648e-05
5.447153969503984935e-06,-2.668431209946255664e-05
-7.546711288232949907e-07,-1.766881793236868334e-05
-4.676717659858578374e-07,-1.531068445591409662e-05
8.760894427626227187e-07,-2.588252832781575869e-05
5.976619816532999266e-06,-2.109724373047108269e-05
4.289737003378794680e-07,-2.369171455373110999e-05
3.684676437394262526e-06,-1.110661458031028101e-04
5.940300553317606335e-06,-1.076152901795692217e-04
1.138013103690621263e-05,-2.475978569592783140e-05
1.402357702055521733e-05,-2.861096645696451518e-05
8.522408648478365197e-06,-4.852313386614970830e-05
4.842218950496853765e-06,-1.872031606951994937e-05
1.227956589399243587e-06,-1.770363392340711084e-05
3.401999610410818031e-06,-1.977962727716716794e-05
-2.786680619509168272e-07,-1.408061750349531351e-05
3.326995484306026019e-06,-3.673998831971545003e-05
4.555986666849112199e-06,-9.335545689776379404e-05
-1.666606750611849361e-06,-1.443148736798921869e-05
9.513627306078252516e-07,-1.899031163556992195e-05
5.849197142601981923e-07,-2.026809349687062206e-05
-2.089159552728666516e-06,-1.482178598133398338e-05
1.358351030360136740e-05,-7.670450146131468189e-05
1.282718208042315647e-06,-4.023935729704112099e-05
7.265736383695085300e-08,-3.416295794464350451e-07
8.366184034738637021e-08,-3.830783811708179216e-07
-2.099509718572244309e-06,-1.592356387272690220e-05
3.887256272541664670e-06,-5.223592469822799960e-05
1.367086872051346447e-05,-3.305665710779324398e-05
3.550301491889467316e-06,-6.009079352414231900e-05
9.062062739497750931e-06,-6.461501952179714661e-05
-9.389804872409406140e-07,-2.024942630122107142e-05
2.014888688141586656e-06,-2.863225079442058011e-05
-1.681873165181198457e-06,-6.197155793348057464e-06
-1.385135372439385710e-06,-5.108796825909711616e-06
5.961162979013062364e-06,-2.494782951234334622e-05
-1.063621014755194105e-06,-3.738864805467093377e-06
4.033856886683282127e-06,-1.088868921203971012e-04
-2.059395146033437578e-06,-5.999519412775738454e-05
-4.639170953416358588e-06,-7.647294569832640719e-05
1.314282019754648922e-07,-1.946119775388274546e-06
1.010250598520495349e-07,-2.958090498242121979e-06
1.086617849203306599e-07,-2.605338675197002148e-06
1.426654094723623709e-08,-3.906992782651451664e-06
6.403640228394554518e-06,-3.323465770205809940e-05
-7.033944027716219557e-07,-1.725321263706275184e-05
-3.594446118048432341e-07,-2.354301746820411799e-06
-1.932034613333341903e-07,-1.845461551168191862e-06
5.841750936074265754e-06,-7.746249843584322920e-05
1.086558477951084107e-06,-3.303783425085652248e-05
4.959480928919999722e-06,-2.469006180142316662e-05
7.447669307424912397e-07,-3.139781607060940925e-06
-1.511838831635481398e-06,-1.882249683580037271e-05
1.473831980054379666e-06,-5.204922408051491024e-06
-7.324985401418563919e-07,-6.547304358109875324e-06
-3.253441890203096553e-07,-1.849732630388013175e-05
-2.060422094939741228e-06,-5.353845566487302929e-05
-4.306635391177049936e-06,-6.683561798445797895e-05
7.915791551824246953e-06,-5.466659808416135345e-05
3.440683322826919094e-06,-2.099583801076803890e-05
-8.246920338226916269e-08,-3.847460053899812361e-07
-7.167921289039995310e-08,-3.419989268655798854e-07
-2.640199583998458311e-07,-1.858904637027297213e-06
-1.563897047945638332e-07,-1.460511694794759259e-06
-1.323080651892946043e-06,-1.721098816770046407e-05
-2.268665139355282299e-06,-4.605952384185304734e-05
-4.388578662425744697e-06,-5.650760852480474401e-05
-8.954144971533472449e-08,-7.961711160386359653e-07
-1.182042766606000024e-07,-9.422207546142561814e-07
9.826715025375275462e-06,-9.548198836024155269e-05
8.627677014284984496e-06,-1.035842454099787185e-04
-2.176936654195709976e-06,-3.748028462155047666e-05
-1.521286357372728701e-06,-1.502813687522574041e-05
-4.028369311119225395e-06,-4.514275088541905138e-05
3.788591157169518008e-06,-1.069742152029917211e-04
1.855892654291866930e-06,-4.851089033319818663e-05
3.010817073673228596e-06,-5.278001692532457181e-05
2.578724538779364593e-06,-1.167056433338546688e-04
1.813063721529556166e-06,-5.653403489024604490e-05
1.454211055814945519e-05,-9.025368817601232840e-05
4.728151526264442442e-06,-2.029648345346185784e-05
1.460121663641702127e-07,-1.477935294645654451e-06
1.162794806719023335e-07,-1.191099537072309118e-06
1.581273941242853054e-06,-6.366534667017711058e-05
1.303653882467009184e-06,-1.230740109218431632e-04
4.036638187974489550e-06,-2.487758144277870266e-05
3.926503912003316363e-06,-2.934021557212787408e-05
5.239897797292937410e-07,-1.019481843750896014e-05
9.881863249718392975e-08,-1.597672341131049874e-06
7.896073028751088284e-08,-1.337638221244716459e-06
1.735093205098949000e-08,-1.260753154725202468e-04
1.208887675840398619e-06,-6.950898155091335558e-05
7.108998210437535824e-06,-2.561273055402289709e-05
-1.607603983202371436e-06,-7.707661575399885070e-06
-1.409011708560953172e-06,-1.963354134448781494e-05
-2.629174276596127842e-06,-2.308285321042886633e-05
7.026431398268860059e-07,-7.372904502065212161e-05
-1.246918429006110830e-06,-1.257967994446739662e-04
9.967299311016958808e-08,-6.406872529090003814e-07
8.143894350435227934e-08,-5.581645466053120215e-07
1.121563092809433034e-07,-7.604815168836377508e-05
-2.361439140798595003e-06,-1.223659220359197674e-04
-5.641333307712687014e-08,-6.745179263447076774e-06
3.714165560424317190e-07,-5.330595813414755823e-06
4.258939909351475295e-06,-1.111812571413288614e-05
3.941163801269773997e-06,-1.336002721203463520e-05
3.546577723814054285e-07,-7.578294074359667037e-05
1.980184074592174440e-06,-1.128010616096326038e-04
2.308540064085635949e-06,-4.445069651281505105e-05
1.155513660200985197e-05,-2.665869029144123372e-05
-4.066969858880327181e-06,-1.077630419850271134e-04
-1.019202230202257026e-06,-7.459738354115927220e-05
1.740113079827442327e-06,-6.904683290793193129e-05
2.725536677539629393e-06,-9.315543938055434513e-05
9.318143845674922208e-08,-8.070570021212144968e-07
7.827673380924858525e-08,-7.067866296518573313e-07
-1.891522609643949996e-06,-6.594314657772906881e-05
-4.884511253848596193e-06,-8.674043271745358408e-05
9.361094719391397561e-08,-9.240944188968439344e-07
1.207479410061188483e-07,-1.113721473168406554e-06
-2.060770785028101627e-06,-1.835191241930114208e-05
1.615706529009506160e-06,-1.963476845160065355e-05
7.746148142594913358e-06,-2.305130591223567094e-05
1.395857086386020890e-06,-1.431176168477229780e-05
-1.107324587481216631e-07,-4.303930083089949350e-06
-5.294795123328196569e-07,-5.728589524269332966e-06
9.824596352553007301e-07,-1.130768691988772611e-04
-1.976498843932057038e-06,-1.757494267425146849e-05
6.703101527235327315e-06,-4.561245382731537773e-05
1.042598674525660216e-05,-2.380505451350875488e-05
2.580250926758176396e-06,-2.394279871097879686e-05
6.213010449910638087e-06,-5.741854825087779334e-05
-2.447559511187264857e-05,-8.692873200420089808e-05
1.739762723261719372e-05,-8.181895687489436483e-05
-1.199399083593495895e-05,-3.569196971699724032e-05
-8.846043758995817679e-07,-6.799837012683441769e-06
-1.902493033277831017e-07,-5.045335235643638968e-06
-1.106298377092181155e-06,-1.825399907121650985e-05
-2.857759301024734256e-07,-5.069426094310797681e-06
-1.917661087168169703e-08,-3.795400539393911886e-06
6.650553611275709940e-06,-2.389900209358069284e-05
1.009904755027779134e-06,-2.622410543622058095e-05
3.973929618949841413e-06,-2.141878364564568950e-05
-8.768080551816136178e-07,-7.826841309241403539e-06
-1.625122184155039764e-06,-9.782196186763246620e-06
2.357411322421924967e-07,-2.022451568764469787e-05
-1.624913766123528174e-06,-9.728901482352216007e-06
6.092710977016324473e-06,-5.037735253905102753e-05
2.011318235744820519e-05,-5.835860209529960852e-05
1.903450720047880475e-06,-1.976845016864254754e-05
4.989951044039797367e-06,-1.049399244151480459e-04
-1.142393094104514761e-06,-1.701488609711345604e-05
-2.764358784310004980e-05,-9.017560224062172122e-05
3.682342391509313733e-06,-2.887553952574637583e-05
1.929902548216936435e-06,-9.627701133877781701e-05
1.260197261831189213e-05,-7.172930590441669674e-05
1.007569346159258323e-05,-5.662732604857290467e-05
1.984136321106703583e-05,-5.132143227809969410e-05
6.183329226016106840e-06,-5.740416588979320260e-05
-2.695417497383977721e-06,-1.222505991435202787e-05
3.421488900149888993e-06,-1.105313840197937503e-04
-2.892494861445168052e-07,-6.085077107895404086e-06
-1.329835818436968917e-06,-8.236723897317312123e-06
-1.885230483946310773e-07,-1.971410425742038620e-05
-7.277587822139287872e-07,-1.970676801152635140e-05
5.152191906220173144e-06,-3.382709454634497576e-05
-8.041271636713624635e-07,-1.873569718213066265e-06
-1.704663143012814323e-06,-1.620022169907566330e-05
1.582852646889512243e-05,-6.374007173473567435e-05
-1.400831089139764470e-06,-4.240378766674185221e-06
-8.350576306084805106e-07,-3.645441099867897037e-06
-2.021590255008700468e-06,-1.141013403066500749e-05
1.633821806790432553e-05,-4.490994410635013186e-05
1.104271751672707082e-05,-5.623926655123771460e-05
1.618363400741700462e-08,-3.423316502164841341e-06
7.008415328050159768e-08,-2.654501336033586480e-06
7.014919748766328618e-08,-1.736789021554550219e-07
7.939024493945487922e-08,-1.926790684593110896e-07
-8.753996984508895941e-07,-7.195746525757613887e-06
-6.382849737352851700e-08,-5.597742770782013566e-06
6.348240445664072685e-06,-5.606230023830825439e-05
6.337959666364009169e-06,-2.193067919671523914e-05
6.045492622273449864e-06,-2.818502345045561613e-05
-7.514712047821463507e-08,-1.892580768028067870e-07
-8.537270586045416593e-08,-2.111961806091480042e-07
2.388455832292410976e-06,-1.119164581683780102e-04
5.292646703518102585e-06,-4.824947234264498265e-05
1.119512140090039210e-05,-9.271822185593465385e-05
-4.647120294764990050e-07,-1.943667946883904737e-05
9.803244199471153116e-06,-7.096652656462021955e-05
1.513785242113634990e-05,-3.629051337088256098e-05
-2.847047552823454231e-06,-4.887026776443948290e-06
-7.050703711443685294e-07,-1.812815138855586598e-05
1.184444970837728409e-06,-1.979343975869738139e-05
6.316761107924554115e-06,-2.374137448581690050e-05
-1.405818037025627774e-07,-1.984137392434820609e-05
-1.155019944660241986e-05,-3.525530342415489517e-05
-2.188705556121961034e-06,-1.817424960742892271e-05
6.651628842050794230e-06,-2.477446455670730501e-05
-1.533183993429235270e-07,-2.226687585674007373e-06
-2.783733760765956952e-07,-2.830787502283174387e-06
9.155572567883412132e-07,-1.857106394527225579e-06
-2.762969416117957779e-07,-5.324409881410384877e-06
5.203089529732031520e-07,-3.760879624756540663e-06
-7.518280998460295466e-07,-1.151638052045877722e-06
2.025606530069959822e-05,-6.753106668920649922e-05
5.031286679485463454e-06,-3.552716208247603548e-05
6.008670099145456540e-06,-5.386453953421451737e-05
7.135927383101428447e-06,-4.240860360063048086e-05
5.272813175776759475e-07,-1.030791083504375819e-06
5.031724207376261215e-06,-2.761744292137321649e-05
6.334123305727272012e-06,-5.161629067982934999e-05
3.055033163632943774e-06,-1.040120933968044433e-04
-5.930785200500636629e-07,-1.613170390138794419e-05
5.134643670841826398e-06,-5.679454503033243572e-05
1.067557743901308572e-06,-1.127831374269298425e-04
-7.595061582631936664e-07,-8.094849848505324152e-06
-2.389605511263930956e-06,-1.129845351304130868e-05
-1.904926510039915360e-06,-9.165981095177734326e-06
-6.150844482879518823e-07,-6.689930178751292907e-06
5.397633559184226357e-06,-4.038233918949377381e-05
-1.094226960341307514e-07,-1.471866276478832914e-06
-1.671254903754579286e-07,-1.818674819388232340e-06
1.134763798766647542e-05,-2.548349583709866756e-05
7.014949937050235561e-06,-2.801652054816175595e-05
1.555765020601901455e-07,-2.040216164896573687e-05
-7.155865034443578626e-07,-1.234758992778940563e-05
3.483590163745435140e-06,-2.050412004331236276e-05
2.838618514851139204e-06,-4.126183349555370743e-05
1.462704136523187645e-06,-2.570288547942257919e-05
