Size 979,2
0.000000000000000000e+00,0.000000000000000000e+00
0.000000000000000000e+00,0.000000000000000000e+00
0.000000000000000000e+00,0.000000000000000000e+00
0.000000000000000000e+00,0.000000000000000000e+00
0.000000000000000000e+00,0.000000000000000000e+00
0.000000000000000000e+00,0.000000000000000000e+00
0.000000000000000000e+00,0.000000000000000000e+00
0.000000000000000000e+00,0.000000000000000000e+00
0.000000000000000000e+00,0.000000000000000000e+00
0.000000000000000000e+00,0.000000000000000000e+00
0.000000000000000000e+00,0.000000000000000000e+00
-4.889478263687409560e-06,-2.047551992929073184e-05
-2.490275990102104448e-05,-1.160391079281943170e-05
0.000000000000000000e+00,0.000000000000000000e+00
0.000000000000000000e+00,0.000000000000000000e+00
0.000000000000000000e+00,-7.434346242264449050e-05
0.000000000000000000e+00,-7.428215973854215479e-05
-5.992472827286897275e-06,-6.721129421156944500e-05
-1.097275763037908032e-05,-5.001633507884056627e-05
0.000000000000000000e+00,0.000000000000000000e+00
-2.533656036964429851e-05,-1.754059393372034238e-05
-2.312287266982221149e-05,-4.605527142520961118e-05
-5.778551083986211367e-05,-3.394438965492494278e-05
-6.585702966946404592e-05,-6.772377185071143954e-05
1.800187601019758438e-05,-8.048527083487804271e-05
2.330271268136323932e-05,-3.811539687408027464e-05
6.456437057233699046e-05,-1.224413088858482843e-04
4.964274246674017847e-05,-6.334834657287520651e-05
-1.518299011281671919e-05,-2.233529380699514347e-05
-6.369843403256833503e-06,-2.030238283365191519e-05
-2.964395096152483829e-05,-1.436820939567590372e-05
-1.119500546068721218e-04,-4.338512439505767164e-04
4.287504410088878043e-06,-2.434259913343182652e-05
5.104365537401251812e-05,-3.994534703893731493e-04
-1.644354150243020144e-05,-5.472716372543774124e-05
6.209338636238743991e-05,-4.340632648685828444e-04
-7.631154912450114128e-05,-3.363933229542744778e-04
7.769337670577898338e-06,-4.001727544421017851e-05
1.600541444716057087e-05,-3.342594201556880047e-05
1.318704999205661927e-05,-4.754264586332000600e-05
-6.791786795773456686e-06,-6.364713259894406810e-05
4.540536929560745555e-06,-3.847648163134696243e-05
-9.476562528253143898e-06,-6.155729295141125111e-05
1.328905260860038753e-05,-5.155115451514951042e-05
4.566757735917702330e-05,-5.042645213189737028e-04
-1.025622408948162863e-04,-5.042519434563537796e-04
-6.977579065751076488e-05,-3.883310112970610032e-04
4.358347470801528017e-05,-4.364729674433349472e-04
2.325829103538059089e-06,-2.406930242176781026e-05
4.135622999658075087e-06,-3.080671137512629561e-05
4.811508844946213635e-06,-3.543419358868644942e-05
4.881310615551874397e-06,-3.936728368893486953e-05
4.584515729514335020e-06,-4.286568482885456461e-05
3.824852769906357957e-06,-4.620535963628801695e-05
2.493743902684373989e-06,-5.002910881953420594e-05
8.454192808742647833e-07,-5.500145310186143439e-05
-4.708699979356614682e-07,-6.124656259311624768e-05
-8.706996237648889529e-07,-6.815505312279200026e-05
-4.567371328676655825e-07,-7.451594425232700475e-05
5.966217862514461492e-07,-7.971484800519635316e-05
2.159945693267308254e-06,-8.326402123094748208e-05
4.098521951394314509e-06,-8.480898563727110571e-05
6.265300124302788014e-06,-8.410098511037273554e-05
8.526307066899328774e-06,-8.100171197005972331e-05
1.074651606438303357e-05,-7.549356820399092858e-05
1.279558299516916961e-05,-6.766519436322788799e-05
1.451650051324311488e-05,-5.761296821619821203e-05
1.566008017285604778e-05,-4.545449533324773494e-05
1.540127082502598674e-05,-3.177927989950311979e-05
1.280137415460855760e-05,-1.812035237356814576e-05
7.385704997030721556e-06,-7.129109412373023048e-06
0.000000000000000000e+00,0.000000000000000000e+00
0.000000000000000000e+00,0.000000000000000000e+00
0.000000000000000000e+00,0.000000000000000000e+00
0.000000000000000000e+00,0.000000000000000000e+00
0.000000000000000000e+00,0.000000000000000000e+00
0.000000000000000000e+00,0.000000000000000000e+00
0.000000000000000000e+00,0.000000000000000000e+00
0.000000000000000000e+00,0.000000000000000000e+00
0.000000000000000000e+00,0.000000000000000000e+00
0.000000000000000000e+00,0.000000000000000000e+00
0.000000000000000000e+00,0.000000000000000000e+00
0.000000000000000000e+00,0.000000000000000000e+00
0.000000000000000000e+00,0.000000000000000000e+00
0.000000000000000000e+00,0.000000000000000000e+00
0.000000000000000000e+00,0.000000000000000000e+00
0.000000000000000000e+00,0.000000000000000000e+00
0.000000000000000000e+00,0.000000000000000000e+00
0.000000000000000000e+00,0.000000000000000000e+00
0.000000000000000000e+00,0.000000000000000000e+00
0.000000000000000000e+00,0.000000000000000000e+00
-3.411121449180560942e-05,-3.966774544391567936e-05
-5.556556890891821237e-05,-8.654970314069782120e-05
-7.080933833936594289e-05,-1.476488894367260457e-04
-7.866260404326069560e-05,-2.168196687431683573e-04
-7.916439664187799590e-05,-2.881458918627322801e-04
-7.222008370062186924e-05,-3.532017350309539982e-04
-6.188209825353719793e-05,-4.071412990634918770e-04
-5.194940422256237784e-05,-4.500457065728866168e-04
-4.341378094672494357e-05,-4.847803268399040219e-04
-3.416303781126047508e-05,-5.133443355496311545e-04
-2.428084537768025413e-05,-5.336056472728988379e-04
-1.394603526290833630e-05,-5.451779016432300095e-04
-3.258444153062693121e-06,-5.476133831792049083e-04
7.643185164640842164e-06,-5.407665691050737551e-04
1.856820266069532624e-05,-5.245474873868972163e-04
2.938435112958102680e-05,-4.989739662508104780e-04
3.998510213789820714e-05,-4.642424625306371274e-04
5.028966747455492197e-05,-4.210381797245338559e-04
6.107031794682768933e-05,-3.681029733621077999e-04
7.140670663627163262e-05,-3.026442081927523424e-04
7.514003653758273538e-05,-2.250946714993583525e-04
6.535095811420905390e-05,-1.441219169335962826e-04
4.186338016258105734e-05,-7.361604143433929826e-05
0.000000000000000000e+00,0.000000000000000000e+00
0.000000000000000000e+00,0.000000000000000000e+00
0.000000000000000000e+00,0.000000000000000000e+00
0.000000000000000000e+00,0.000000000000000000e+00
0.000000000000000000e+00,0.000000000000000000e+00
0.000000000000000000e+00,0.000000000000000000e+00
0.000000000000000000e+00,0.000000000000000000e+00
0.000000000000000000e+00,0.000000000000000000e+00
0.000000000000000000e+00,0.000000000000000000e+00
0.000000000000000000e+00,0.000000000000000000e+00
0.000000000000000000e+00,0.000000000000000000e+00
0.000000000000000000e+00,0.000000000000000000e+00
0.000000000000000000e+00,0.000000000000000000e+00
0.000000000000000000e+00,0.000000000000000000e+00
0.000000000000000000e+00,0.000000000000000000e+00
0.000000000000000000e+00,0.000000000000000000e+00
0.000000000000000000e+00,0.000000000000000000e+00
0.000000000000000000e+00,0.000000000000000000e+00
0.000000000000000000e+00,0.000000000000000000e+00
0.000000000000000000e+00,0.000000000000000000e+00
-3.314658156472131127e-06,-2.747049958513708838e-06
-5.372056970205397195e-06,-6.240295146269517588e-06
-6.678486111900153563e-06,-1.027929579787876438e-05
-7.350675908579537449e-06,-1.421666531673718437e-05
-7.528235961698573997e-06,-1.758465163978433131e-05
-7.365416449342556730e-06,-1.995928451645761104e-05
-7.198837453806129540e-06,-2.135487388590825004e-05
-6.994704879538456876e-06,-2.204122425989056959e-05
-6.422549958195355531e-06,-2.199979197954360252e-05
-5.137725678528509735e-06,-2.077296688630256985e-05
-2.706144808273449481e-06,-1.694659717559224385e-05
0.000000000000000000e+00,0.000000000000000000e+00
0.000000000000000000e+00,0.000000000000000000e+00
-2.722504655585513885e-06,-1.872716212116442959e-05
-9.006118844935178382e-07,-1.606361213189089304e-05
5.365491818402640594e-07,-1.268245231585777422e-05
1.481806978556864078e-06,-8.896027567881526439e-06
1.838027856879119462e-06,-5.150944486479864394e-06
1.447745546715592671e-06,-2.005362287856484131e-06
-2.889418077483828329e-05,-1.501328044896526278e-05
-2.562538822107861212e-05,-1.779280657780452773e-05
-1.997905063931252980e-05,-1.979275172562447986e-05
-1.340176934752296411e-05,-2.104949077650601432e-05
-7.909355996920903610e-06,-2.125142311830159936e-05
-1.853819326019988403e-05,-6.843865509338205809e-06
-1.314056771456663921e-05,-3.571518081378865842e-06
-8.158465367666293215e-06,-1.606756777385213251e-06
-3.610278845196999745e-06,-6.773347338127691485e-07
0.000000000000000000e+00,0.000000000000000000e+00
0.000000000000000000e+00,0.000000000000000000e+00
1.384251605008194114e-06,-7.389556997916106064e-05
2.623326595120365032e-06,-7.277801412657470669e-05
3.702255534650412842e-06,-7.102810785314976280e-05
4.543749806656145441e-06,-6.876076267306856509e-05
5.136090069657850806e-06,-6.612594629713534531e-05
5.484754281081056024e-06,-6.323528721601190611e-05
5.674747331784645498e-06,-6.016371650588189481e-05
5.632103694562703357e-06,-5.699848966897448182e-05
5.348849142819568857e-06,-5.379017599125443202e-05
4.787076353919945928e-06,-5.063085143677587588e-05
3.907876587937871491e-06,-4.760931818205811844e-05
2.679291962726372868e-06,-4.481916088796022741e-05
1.137168237222324306e-06,-4.246163659865290755e-05
-7.996861271491206953e-07,-4.051068620094188354e-05
-3.025623256675006024e-06,-3.914327896655218442e-05
-5.600001619716604916e-06,-3.844040655054397373e-05
-8.664625915416138079e-06,-3.832694832548393495e-05
-1.204842706226811625e-05,-3.905577489622551922e-05
-1.602482991882129562e-05,-4.052574975587986051e-05
-2.042687751106507022e-05,-4.284740903232976737e-05
-2.550335546556996272e-05,-4.620200580585451114e-05
-3.137381242516596580e-05,-5.064831665409401867e-05
-3.810450328578680461e-05,-5.654483039237255261e-05
-4.587038370336276336e-05,-6.394827389802354304e-05
-5.466848160754793546e-05,-7.343825667781331919e-05
-6.465091957257986595e-05,-8.559976967327963726e-05
-7.621386920412046018e-05,-1.008264125977800790e-04
-8.893063241364714336e-05,-1.200081266514435715e-04
-1.038792333269638148e-04,-1.439841687573038625e-04
-1.191802410452478969e-04,-1.747375765646437702e-04
-1.359101320308639892e-04,-2.154250684984516939e-04
-1.509649803587706854e-04,-2.631333001032802555e-04
-1.656187276046608469e-04,-3.153823956122190470e-04
-1.787208233289070824e-04,-3.757353484067888589e-04
-1.882848405018590452e-04,-4.461449645658015152e-04
-1.941207546048259367e-04,-5.242256393286361636e-04
-1.931276309846354411e-04,-6.058920457042287237e-04
-1.827864464008715031e-04,-6.873301830808279441e-04
-1.605807865281208557e-04,-7.626585408642646592e-04
-1.261593354192901714e-04,-8.194855758614233302e-04
-8.626584955789983367e-05,-8.529283855357969483e-04
-4.049778552254791619e-05,-8.603103464262266617e-04
2.038646988692931013e-06,-8.376817253240960914e-04
4.489420902588911396e-05,-7.863269101012534262e-04
7.672345369858514757e-05,-7.128270528613389742e-04
9.676701487269354811e-05,-6.260192183461057470e-04
1.053027242296442756e-04,-5.384182448220940559e-04
1.068916084356007201e-04,-4.558460929228674656e-04
1.051116638848009782e-04,-3.768774526968982682e-04
9.743251023908756513e-05,-3.042970445530526302e-04
8.570424552592384275e-05,-2.439012494038372174e-04
7.355383230871010358e-05,-1.948510000745099868e-04
5.974248360023867607e-05,-1.551970424064220272e-04
4.709418500841710138e-05,-1.244797899761646552e-04
3.510176021776532045e-05,-1.007004340527432868e-04
2.453253078689588286e-05,-8.261754513567142486e-05
1.605085760815824978e-05,-6.848779043389628413e-05
9.145972417847983714e-06,-5.764540622416223316e-05
3.841034198372006612e-06,-4.903770162986232831e-05
-1.521231077896541771e-07,-4.208973925470626100e-05
-3.060614781418008338e-06,-3.630658866969828813e-05
-5.074424012520142956e-06,-3.123788364425515165e-05
-6.386650055166323355e-06,-2.672757474232868074e-05
-7.079417306054717721e-06,-2.242123706732864925e-05
-7.379202633380093466e-06,-1.843421525003314661e-05
-7.342062051271405513e-06,-1.471565745672260913e-05
-6.976306004627873960e-06,-1.119488479459526496e-05
-6.406522094292252078e-06,-7.936167958004792039e-06
-5.696803188792240452e-06,-5.010656361311110686e-06
-4.883146197121717433e-06,-2.586313871200971420e-06
-3.932652976652799977e-06,-7.922045844302998496e-07
-2.817333830251049355e-06,3.380144138343563724e-07
-1.588201637680701090e-06,7.237300934617571022e-07
0.000000000000000000e+00,-7.458498880742485870e-05
0.000000000000000000e+00,-7.478719527155231947e-05
-2.148325381434662892e-06,-7.347654751492784463e-05
-4.229754828131602421e-06,-7.124651956861565859e-05
-1.621632385172888655e-05,-5.440960287589902415e-05
-1.883515934523002271e-05,-5.898638191464945589e-05
-1.709243060629888012e-05,-6.165116924946082398e-05
-1.402748215698879833e-05,-6.389784560913444676e-05
-1.013856245676514009e-05,-6.574775982436850935e-05
-5.997168230134281932e-06,-5.625279436837594144e-06
-9.910973190226982812e-06,-1.382663037494665182e-05
-1.199031406461857925e-05,-2.471361462124087373e-05
-1.240380858765925470e-05,-3.684384514080326695e-05
0.000000000000000000e+00,0.000000000000000000e+00
-1.579608603440883760e-05,-1.873464271659717147e-05
1.106263287971495353e-05,-3.471317917825346319e-05
-1.346024402359013593e-05,-1.760680336159890094e-05
-1.210343521181822955e-05,-1.899077236114618978e-05
-1.013670665891067231e-05,-2.075865868965396147e-05
-8.126683453551274090e-06,-2.132892269270969564e-05
-3.176787894121149578e-05,-3.489871529924416300e-05
-5.008227556254898829e-05,-3.836613792179374184e-05
-5.649219866657733020e-05,-3.505631536020875627e-05
-5.341632452377777592e-05,-2.874337890126219859e-05
-4.616866020354516942e-05,-2.276070297534019292e-05
-3.779272207226372994e-05,-1.792230515847730623e-05
-7.709740888328286406e-06,-1.800771704903439874e-05
-1.261039496833297877e-05,-1.617285958674637020e-05
-1.855150812106887763e-05,-1.509272865622034304e-05
-2.415967449756236659e-05,-1.441946633646276251e-05
-2.822228545494448403e-05,-1.417362147563777197e-05
-1.143915964171172278e-04,-3.325064514447101643e-04
-1.104645954858064761e-04,-2.546060619118467377e-04
-1.019601096534304393e-04,-1.934951900422721919e-04
-9.380205699810824002e-05,-1.473588454438278146e-04
-8.329684861843097553e-05,-1.099954044096841053e-04
-7.184108649893851059e-05,-7.859226274510073716e-05
-4.974794252321305119e-05,-5.308738490389004625e-05
-2.223456077019201168e-05,-3.314635753038547609e-05
-1.424569586340455776e-04,-4.505303227156412494e-04
-1.301583467580189285e-04,-4.601578066689668051e-04
-9.040949172101042078e-05,-4.630685781275659129e-04
-3.682725751729857373e-05,-4.598129161707648310e-04
1.647005779284820468e-05,-4.503157190327655257e-04
4.912270297587240678e-05,-4.275291431106778822e-04
6.508672423404116686e-05,-3.331150731290378575e-04
7.171792227256089782e-05,-2.666905604677096602e-04
7.192910749791656935e-05,-1.992097938643346445e-04
6.574128640093560721e-05,-1.349821605149448581e-04
5.252172129081849613e-05,-8.012577589187341062e-05
3.102872139646487118e-05,-3.916850054398138704e-05
1.367317503502292154e-05,-7.669634359709862092e-05
4.257000894251751711e-05,-1.144344453342707442e-04
6.493674614655578557e-05,-1.593263744601149329e-04
7.233097230726438570e-05,-2.136923856551461369e-04
7.544780427085462490e-05,-2.741487033758630790e-04
7.237836572493913374e-05,-3.469683999920086066e-04
-4.939587263158769383e-05,-6.968682982304333872e-05
-7.356079513807079037e-05,-1.180545748714388008e-04
-8.579403764561265955e-05,-1.837876585852466480e-04
-8.707510010238544886e-05,-2.561084770779223688e-04
-8.128240629938936798e-05,-3.749642649489427597e-04
-5.456528680701372967e-05,-4.086600302679043741e-04
-4.507609836810942934e-06,-4.276345822665237662e-04
4.430177160967971659e-05,-4.384104988010891629e-04
7.263196531495212129e-05,-4.406395670214810858e-04
1.424681794813871351e-05,-3.870424749371557911e-05
2.248283333489416538e-05,-4.093386827003469685e-05
3.126548136032968137e-05,-4.569457525648151493e-05
3.919481610781313515e-05,-5.198344364229391527e-05
4.223837721227198169e-05,-5.646542619898123366e-05
3.072204223619308058e-05,-5.144821209625823289e-05
1.000664852341342660e-05,-4.343271557760299781e-05
1.293849556111250987e-05,-4.609675864967599913e-05
1.462584431402337412e-05,-4.756908855052908319e-05
1.338232676687348459e-05,-4.462827068375943763e-05
1.398267641460099292e-05,-4.148921520411605839e-05
1.488870591671101145e-05,-3.800800753121087695e-05
1.592084314721270609e-05,-3.390912147465448973e-05
1.664933890676232318e-05,-2.935497612916107291e-05
1.645449312049268370e-05,-2.541525180448894180e-05
-7.496524835651229971e-06,-6.059546981390042818e-05
-8.013175980943912659e-06,-5.647805361041704662e-05
-8.072361464456817540e-06,-5.206556367721523900e-05
-7.477815579907108419e-06,-4.766080314685332519e-05
-6.161502451855327836e-06,-4.369533440102306096e-05
-3.873747449528040690e-06,-4.044850913790429779e-05
-3.951106740204092113e-07,-3.835028124240989170e-05
-1.088135199311754143e-05,-6.213718019541626474e-05
-1.473830316551144816e-05,-6.081929529225543215e-05
-1.775383128642367016e-05,-5.969234253615102463e-05
-1.904197579126598860e-05,-5.890615369047908666e-05
-1.695556030503460408e-05,-5.995435542029153462e-05
1.385849512920687422e-05,-4.747859713001066851e-05
1.184270531159185201e-05,-4.376715745217001161e-05
8.581247722608054669e-06,-4.102038794103684221e-05
-6.707176281238576742e-06,-7.058315613606086579e-05
-3.706096858248733565e-06,-7.743867010997513157e-05
-6.062241228223698444e-07,-8.200637576327893220e-05
2.487782127204907215e-06,-8.424687219920651445e-05
5.433491072858006638e-06,-8.422347256141887977e-05
8.149506782092600079e-06,-8.209227622175049584e-05
1.049129148163761395e-05,-7.810225715316043823e-05
1.227135674986603239e-05,-7.265095827356701493e-05
1.343141377247512052e-05,-6.620828783007510923e-05
1.383875661210264018e-05,-5.926464259700774389e-05
3.128561265676224590e-05,-6.384047967733555949e-04
5.803425113405676406e-06,-7.537225707761544945e-04
-2.231195158751293672e-05,-8.349854406223141366e-04
-5.183547918623934101e-05,-8.688550623175008520e-04
-7.435195297830573158e-05,-8.434932106811083652e-04
-9.200792032407759590e-05,-7.614818177722536101e-04
-1.024577757480537915e-04,-6.434465511694396163e-04
6.907087691441464591e-05,-4.562686546364764996e-04
5.425273225687415657e-05,-4.190716205474597986e-04
6.636249500433518744e-06,-3.920903432162941389e-04
-5.096997747179763484e-05,-3.747003364286294216e-04
-8.691121326224062577e-05,-3.730770438733070930e-04
5.167820845586147487e-05,-4.175043224377589126e-04
1.433853508045714644e-05,-4.096910600806518842e-04
-4.391798608634491608e-05,-4.153211608885285910e-04
-9.837444279643401735e-05,-4.272831792996693856e-04
-1.348852520926415008e-04,-4.461186508930235751e-04
-1.376290384264648703e-04,-4.723515691556580192e-04
-5.999503538924854258e-05,-4.378256057408093762e-04
-4.945007087022973804e-05,-4.777483201495849640e-04
-3.866181517755502346e-05,-5.087150973938418764e-04
-2.770440597108594249e-05,-5.307307872498767069e-04
-1.677008252693778161e-05,-5.437485705166714882e-04
-5.776892452769805410e-06,-5.477643497511210319e-04
5.122038070227755803e-06,-5.428012011881241938e-04
1.544416877968416441e-05,-5.291761617914746575e-04
2.553774314626030160e-05,-5.072181659766324298e-04
3.492350997208024837e-05,-4.769972424534196461e-04
-3.477843310263202358e-05,-5.831168239061659944e-05
-7.391157844614171340e-06,-3.824784428170793570e-05
-8.138434159542447829e-05,-1.542366384650799640e-04
8.529814661383234743e-06,-7.427336975447921695e-05
-5.576972234551372709e-05,-9.018496239382793567e-05
-1.965839075779256866e-05,-4.333326474767262371e-05
3.006678365182962890e-05,-5.046432351537763066e-05
4.928005132411254253e-07,-1.497326081911088903e-05
-1.791331534033127399e-06,-6.631669524362356835e-06
-8.944700040323900559e-06,-3.768226834373643509e-05
-4.658612083287840238e-05,-2.968299705906327405e-05
6.273729103739632360e-05,-2.086775404971941421e-04
-8.342833938678133451e-05,-1.126442786865922911e-04
-6.203181273915699687e-05,-5.321545352574313557e-05
2.399219180116699914e-06,-1.119301956003693068e-05
-9.737846418332849431e-07,-7.498248859767640492e-06
1.398339201055218951e-05,-3.969984293889462296e-05
4.977912594582667660e-05,-9.747157411777689474e-05
-2.475687712542159711e-06,-3.944737087338274199e-05
-1.126720324133762447e-05,-2.494298685692877550e-05
2.004067473526904538e-05,-1.321794646060566803e-04
-1.155518724494326095e-04,-2.835420966900884616e-04
1.324328310849497772e-06,-7.053692246324501652e-06
2.042641944591291773e-07,-3.909397700950042234e-06
3.898977817898642730e-07,-2.294530449207610774e-06
1.992367066189960258e-07,-1.361150772904818306e-06
3.994202073099582296e-06,-3.805896611238070919e-05
-2.321035158727000486e-06,-5.196794085745274375e-05
-4.073591263523401979e-08,-4.308023867431965494e-05
2.159738709919201813e-06,-4.897195216489298134e-05
2.812381506174038587e-06,-5.537022082205831828e-05
-5.229688356639350625e-07,-3.340569545678695100e-06
-4.893875115958581787e-07,-5.650046113625599895e-06
-1.884551313898334420e-07,-1.091416335930284753e-06
-3.135020802143411805e-07,-1.671542225653972720e-06
2.603911349808388073e-06,-6.431672146936024586e-05
-1.071108048274274367e-05,-1.670100063474780328e-05
-1.136880627164789826e-04,-4.075607862182438370e-04
2.377781867625775127e-06,-7.010127711291719267e-05
2.740638025433450139e-05,-2.189112864839185837e-04
-2.096244014558689100e-06,-3.834354665352726984e-05
-3.049006808724265933e-05,-1.959204216238132835e-05
2.770577002174065865e-05,-3.423564626951829354e-04
-8.056199512781460033e-05,-1.928378018327253900e-04
-4.406845151145253323e-06,-4.486598647869771103e-05
4.909535605899806117e-06,-2.851569174135366844e-05
4.994571351454413218e-06,-2.616560432674380638e-05
1.672447533214082940e-06,-1.824582349635139370e-05
4.623615648006403663e-06,-2.378912604740931506e-05
1.890026550972784381e-06,-1.784421432123630942e-05
-4.303953389028946512e-06,-1.028719164885350654e-05
-3.823196993005394416e-06,-1.081682252071018703e-05
-2.213029491773077830e-06,-8.795702069776038147e-06
-3.727310722667121469e-06,-1.175101627784204168e-05
-1.967156168938401772e-06,-9.510418290647257362e-06
-3.674765200268122696e-06,-6.595076476745279277e-05
1.307322930566783425e-08,-8.311759379073613211e-07
1.226596327121393303e-08,-1.267870397872786820e-06
-4.981123670757135795e-06,-5.400955476419113234e-05
-4.688907843990983531e-06,-1.289541648551224042e-05
3.725328870510548312e-06,-1.621447790168563984e-05
4.466717621054153755e-05,-3.370987654514699260e-04
-1.300044755400511548e-04,-5.471612887707604520e-04
-9.780952175962829849e-06,-9.973473293726155302e-06
-4.501762305450207953e-06,-1.406508421932734505e-05
4.407428378292784310e-06,-1.948059785097178557e-05
-1.525178096106997815e-06,-7.287966370259436660e-05
-6.565539938395019639e-06,-1.374382529889675854e-05
8.121489223306966918e-06,-3.032403339827714826e-05
7.399328959978163123e-06,-2.371196708328488965e-05
-6.887282728673166019e-06,-2.014361186275419197e-05
-1.580717574932552964e-06,-9.744829170281877321e-06
3.045541338828299678e-06,-1.540311672975760234e-05
4.029073706768589278e-05,-4.930815799388368935e-04
-1.913802763120128758e-05,-4.669022503789595999e-05
-1.255280255988771422e-05,-1.713690763557455774e-05
1.241536818187389983e-06,-7.365606810737594103e-05
1.688220033112025639e-07,-6.380025447516117070e-07
2.734818055606227528e-07,-9.887076980559883795e-07
-2.369581026822321326e-06,-8.523127751655069185e-06
-7.363609754827485670e-06,-2.154710716444727074e-05
-3.202169542131676807e-05,-2.950520320001594329e-04
-2.872419977717716597e-06,-4.344680796050010322e-05
-5.721503715899710148e-07,-1.158723845334400363e-06
-1.477550363353136809e-06,2.253401137776197531e-07
-3.304154473386109782e-05,-1.465411338292848446e-04
-9.912081500863452420e-06,-2.051309659532147504e-05
-1.155022095186846077e-04,-7.362979881919570974e-04
-7.659669934002079575e-06,-4.137855320856576824e-06
1.506591141373358796e-05,-2.392004312693881283e-05
8.054103960901962678e-06,-2.124554568660477310e-05
4.703423908239116184e-06,-2.429757411200303259e-05
-8.832522685975067219e-07,-6.776103596406088912e-06
1.313723517965864690e-05,-3.131760384934954307e-05
1.936744220560678725e-05,-9.661821565090155728e-05
2.251328636015967138e-05,-2.297471499593345629e-04
-2.506059417712835914e-06,-1.458131703437339860e-05
1.142984239638880366e-05,-3.984279903361858321e-05
-4.870070539298382744e-06,-2.010454779867412760e-05
1.417379431064775790e-05,-3.664876992258054331e-04
1.019862961253059194e-05,-4.623081491661300697e-05
1.006676635423654797e-05,-4.562863061514997967e-04
9.092142029113661281e-06,-5.502439534467217446e-05
-5.032707276979083853e-05,-3.336524146317508457e-04
8.418328086541652968e-06,-6.916563686050169178e-05
3.873255792244637069e-06,-5.188819091495816896e-04
-8.162679831585396119e-07,-6.662773163638397518e-05
6.593011700889974030e-06,-8.055635486879678890e-05
-3.838341769490003011e-06,-5.479426500987423553e-04
4.157855407502656619e-06,-8.504678686193503710e-05
-1.082450056896255027e-05,-5.402370137103214504e-04
1.738284591168226940e-06,-8.057269207255659833e-05
-1.749562555651086907e-05,-4.961753461981593992e-04
-2.484530627553217805e-05,-4.153126531415537916e-04
-1.322469297776595117e-06,-6.879771443690684677e-06
-9.558874458156839548e-07,-7.356408801128299702e-06
-1.085581730001308917e-06,-8.818531926978153136e-06
-4.166711899929808103e-07,-6.636493487133324356e-06
2.074956236739995774e-07,-1.275653163519634165e-05
5.821726545280739263e-07,-1.319051949142793866e-05
1.892162302696761160e-06,-1.567813714737635627e-05
8.555633688607589120e-07,-1.167598136184269459e-05
2.448594331530657781e-05,-6.755857711121914921e-04
-8.492342980687603011e-05,-8.393435692219415991e-04
-2.047210133896206979e-05,-5.408477297705022819e-04
-1.706143654335921559e-05,-1.001426396199096842e-05
-4.604840146532171411e-06,-5.393911537673506139e-07
-2.164427047914112731e-05,-1.392923426938157319e-05
4.642536680522424603e-06,-2.138880351609368072e-05
-3.869615062043768712e-06,-1.289944245207239585e-05
6.847239467460461060e-07,-4.543868077640591824e-04
-2.471006840687046857e-05,-3.575028777791860275e-04
3.933892963316919971e-05,-5.614747499789362792e-05
2.977917138833817052e-05,-5.503842289732943665e-05
2.071692980100400542e-05,-4.917345249443978380e-05
1.850344921394152229e-05,-5.391927732299157348e-05
1.055688156766505071e-05,-4.821020600611982429e-05
6.120015286840969493e-06,-5.311524032659146793e-05
1.450445349897831657e-05,-6.072558959013711415e-05
-2.753538765065726255e-07,-6.042449920596785980e-05
8.434321247742365476e-06,-7.050356665473162714e-05
-2.414705547552296658e-07,-4.720396655147848401e-05
5.020789004765142426e-06,-4.319408723314101245e-05
-4.422267188986296152e-06,-4.295594724590013090e-05
-6.540648272564666559e-07,-3.992735626845551157e-05
-9.069815691359294676e-06,-7.068463713283641497e-05
2.242433484826946125e-07,-8.363820254905428525e-05
-1.031488665096495241e-05,-4.714213994462057247e-05
-7.376937764406051318e-06,-4.009383275568263239e-05
-3.569179885648387887e-06,-3.794482398343674027e-05
1.697719719078916072e-06,-3.813693158730443826e-05
-1.120049015953577517e-06,-3.689252104171422832e-05
-8.566993503484752860e-06,-3.836337337422440649e-05
2.326511528391110833e-05,-7.010347439539724927e-05
-1.479082726562623351e-05,-6.018164334097075228e-05
-2.008535368975334606e-05,-8.351262612758547112e-05
-1.079734465647811976e-05,-1.009405645477022800e-04
1.257845021667411940e-05,-1.003088423151679619e-04
2.662308876060017705e-06,-1.222983571824314052e-04
2.732026374452453760e-05,-1.205702729222391087e-04
1.867158277324205932e-05,-1.472486027339088956e-04
-1.166539961009979425e-05,-1.495169153248803806e-04
5.848182522879557415e-06,-1.808619627584068669e-04
-3.015234071161820880e-05,-1.841974580955894685e-04
4.369298581122065401e-05,-1.439222530275911436e-04
-1.202263191422784957e-05,-2.226523589984410773e-04
-3.620865683945617393e-05,-1.016804151957215966e-04
2.316386254057281144e-05,-2.187932565987575997e-04
-5.326738505061414536e-05,-2.250916983025690250e-04
-4.344982261688653874e-05,-4.250148573588231849e-04
-3.208772884396912510e-05,-8.545861846366284214e-04
-4.571293253700885619e-06,-4.094875454055644799e-05
-1.027971036361599923e-05,-1.536206911721042876e-05
-7.990634920001019308e-05,-8.869976781952603048e-05
-7.401350690106783033e-05,-8.853307867921567716e-05
-6.979655008079186436e-05,-1.065053061301494801e-04
-5.906732869988673537e-05,-8.372455459080730572e-05
-4.801540911242028532e-05,-9.790291374358139442e-05
-3.949155920462240536e-05,-7.728013474327852488e-05
-5.000181517327917727e-05,-6.728929035433047585e-05
-3.309226319117572284e-05,-6.218047217443434878e-05
-4.258339845868209416e-05,-5.513768946254944816e-05
-2.846390740841113126e-05,-5.126341924091800989e-05
-3.707514886030479967e-05,-4.599304566702778151e-05
-2.411057531840704132e-05,-9.055032887196689617e-05
-3.165732631544285251e-05,-1.168908358097045692e-04
-2.525958758300099602e-05,-4.301989314309796845e-05
-3.283521647355261132e-05,-3.892039240332784893e-05
-4.322852976959054827e-05,-4.182348056343182437e-05
-3.877711988543352178e-05,-3.561472733847157075e-05
-2.917266068060730050e-05,-3.309922326623900235e-05
-4.779670639640704765e-05,-3.810683638453659093e-05
-3.445385168522109733e-05,-3.049602028706937149e-05
-2.580792281039055017e-05,-2.799646305177838290e-05
-2.035267901573339816e-05,-3.096809275346765905e-05
-7.356595743906839402e-05,-7.480882195326516847e-05
-5.573209075806539786e-05,-5.968121757062152611e-05
-1.856554540704791372e-05,-5.797008053018021674e-05
-5.488845826173209633e-05,-4.530747237633898434e-05
-5.546835401024079762e-05,-3.753317297315457267e-05
-3.818637279283835042e-05,-2.401524374456999507e-05
6.807452922185417787e-05,-1.681790796960444046e-04
-5.493418729200035580e-05,-3.412693401708904539e-05
-5.992275886376406387e-06,-2.098749923308831789e-05
-6.481655991981763454e-05,-2.491618169705959052e-04
-4.027477383103693554e-05,-1.857138293043089834e-04
-1.737782539874023469e-05,-2.652014096861559961e-04
4.068893334415192554e-05,-6.058832768189384985e-05
-2.610673108879393962e-06,-5.532270819893512017e-05
-1.476710248501644943e-05,-1.284962276276931848e-05
-1.812967689065634133e-05,-1.626272445904306999e-05
-7.105389154568651864e-05,-4.790027985817645918e-04
-3.380427109453754874e-05,-3.569054184570400411e-04
-3.578547188155884248e-05,-2.626867781427475422e-04
-5.613415367019220723e-05,-1.500157580002717142e-04
-1.427708080478745127e-05,-1.494093386897795629e-05
1.491157112735701133e-05,-4.695232718177393615e-05
-1.815467586558646785e-05,-2.619196206888482433e-05
-2.242975901277329188e-05,-2.344208315868259048e-05
-1.340572485326782301e-05,-2.953672866644649315e-05
1.523892488311819038e-05,-4.175926358028091059e-04
9.881183516260189323e-06,-4.980216944081321593e-05
-6.843700555282462080e-05,-1.872027908058848341e-04
-4.883729046531260597e-07,-5.339327148243436923e-06
-7.002728198031022900e-08,-4.884364431182946011e-06
-2.091202775698778722e-07,-3.941477075013916153e-06
3.767472965441363281e-08,-3.586265972863825473e-06
-1.778102436972500565e-07,-2.873647971905113102e-06
2.831829827586335941e-08,-2.568454889750007653e-06
2.022956304934985557e-07,-3.524714099423419814e-06
-6.695858814958474654e-08,-9.232006611648559816e-06
4.451369768256343703e-07,-8.436791142382161471e-06
-9.828673259358992205e-08,-6.622191084093650659e-06
2.390265145530705310e-07,-6.051020766078033237e-06
-2.331249741325911789e-07,-4.695039730585824781e-06
8.698489322235053271e-08,-4.205767047248583876e-06
6.476622335990537463e-07,-6.138620944993881073e-06
-2.613208358384914494e-06,-1.073273576233377605e-04
3.298832914587386262e-05,-9.966049637293997513e-05
4.655103477389803721e-05,-2.784043517897840975e-04
-6.624550057652301613e-07,-7.426516127108262369e-05
-1.834784499738788420e-07,-7.391020862518238516e-05
-3.674942977363789325e-07,-7.149608148267764174e-05
-1.463355817972090294e-05,-1.827124909519184913e-05
-1.063761703789288060e-05,-1.452988939937533447e-05
-1.317609998375487267e-07,-5.768929956018230623e-05
5.069625177788510470e-06,-4.681478681970495333e-05
-4.431218432361682703e-05,-6.474751239095072244e-04
-8.128861745209266774e-05,-1.430228383776332675e-04
1.058003138705401440e-05,-2.777278800914243992e-05
-9.888936646650279519e-06,-5.665765721606220133e-05
-2.861859117100168406e-05,-7.020045045321665026e-05
-3.310084166262050741e-07,-2.270720417793813838e-06
-4.747454307644221202e-07,-3.670444071592880216e-06
-1.481395592694384178e-07,-2.019020382770050033e-06
2.272171385718142543e-08,-1.727245771395771774e-06
-2.421719733048588715e-07,-3.204373483699205185e-06
3.680478380093819975e-08,-2.738329041082595346e-06
1.023700971527800741e-05,-2.426158484607253505e-05
-2.112123960072212267e-07,-1.918610916519171669e-05
-2.583514756271443051e-05,-1.226183185338383685e-04
-5.535255279401607556e-05,-1.249896410518807060e-04
-4.479878284898269463e-05,-1.513415886895273690e-04
-1.043566055830839893e-05,-3.014450144090503195e-05
-1.299016915999766609e-05,-2.365759845143734584e-05
1.256478215621539077e-05,-2.993386389264074540e-05
1.108771875145784216e-05,-2.928849464552424223e-05
2.399066340298785591e-07,-3.729745656371431729e-05
-2.010296606178094413e-06,-3.721330598145542796e-05
-2.743510238993808666e-06,-3.883500234016373109e-05
-3.148303452873349225e-06,-3.771895619776654900e-05
-2.695065697469770203e-06,-3.962454431869027836e-05
-3.270857349240138572e-06,-3.673353695615816193e-05
-4.455839736788408007e-06,-3.721993693866372906e-05
-5.125298134472804563e-06,-3.671789202917523777e-05
-2.887361173690200306e-06,-4.131107720241715951e-05
-1.897974127824618480e-06,-4.229515514502616037e-05
-4.915747557364504576e-07,-3.675030303989850546e-05
8.720092102206549085e-06,-3.799110628242927129e-05
-1.232439582144048179e-05,-6.051846013687910357e-06
-1.604967884179424125e-05,-2.201506379674713970e-05
-2.118616516532514574e-05,-7.164822828357211544e-05
-2.437326427580473569e-06,-4.470262941302809211e-05
-3.176110033073184325e-06,-4.762445881690474046e-05
-1.359889987973143542e-06,-4.762541029679329108e-05
-2.297691411146309178e-06,-5.118416656872477237e-05
2.034611084285772764e-05,-4.438721940349394236e-05
-2.614994182211210016e-06,-6.975082820755764421e-05
-1.106188916903824938e-06,-6.798151215909760121e-05
-1.721228168480696954e-06,-6.451627338552223183e-05
-1.772170859418820111e-06,-4.069928986953426402e-05
-5.687789915796225093e-07,-4.512920672581332822e-05
-3.335903851711309343e-05,-8.032086771707424655e-04
-2.277749253432142883e-07,-1.958450804028575314e-06
-1.357630249542170296e-07,-1.272322137857717656e-06
-1.758914665852108739e-07,-6.849953838067702817e-07
-2.820788856189611476e-07,-1.020954702372418420e-06
4.358397957220014861e-05,-5.496694477118642982e-05
-8.117957998160352156e-06,-1.967229932914624457e-05
9.163816906839880981e-06,-1.071410188880442688e-04
-1.215194141423927088e-05,-4.327577193078752164e-05
-1.961563145687424435e-05,-4.793102739476804618e-05
-1.750620822542291494e-05,-5.297944874824409868e-05
-6.168332036517935706e-06,-5.275282449795699500e-05
-4.410561161935899196e-06,-5.887208115217294150e-05
-2.129403846535079260e-06,-5.579338568071414437e-05
-1.253367490208930371e-06,-5.983207302552363577e-05
2.676389799298054653e-07,-5.365669791637987606e-05
5.040710332331518820e-07,-5.740408345974621577e-05
1.124450877824705574e-06,-6.103859129411204245e-05
-1.439174268685341771e-05,-4.853663569514521619e-05
1.100600325462310402e-05,-4.171491117046195128e-05
-8.176462799868463547e-06,-1.724667689644570156e-05
8.668352396129526998e-06,-2.747584459522485050e-05
-4.484176867287219800e-06,-6.263179414021427234e-05
-4.404598855667631280e-06,-1.257013451493554512e-05
-2.524197964329291316e-05,-1.884032785096179748e-04
8.368845055368288961e-06,-3.784426762107631311e-05
-6.325951031165682190e-06,-3.719822625217996721e-05
-2.270005011216117175e-05,-3.646633242248781075e-05
-7.233642203069883317e-05,-6.955276475548857816e-05
1.213254067228571653e-06,-3.469418418609108889e-06
3.108562438383422791e-07,-3.071805567533413005e-06
1.693705796491420657e-07,-1.879604965154349395e-06
5.608087837220337372e-07,-6.627379762371564560e-05
-1.657560922349387046e-05,-5.036796847390110840e-04
4.023290831125195248e-06,-6.515976784155152145e-05
-2.038643233055738021e-06,-8.553967317169013920e-05
-3.607003107460276738e-06,-4.085745180770000912e-05
-3.066174762045794267e-05,-2.488477740712822221e-05
1.190369697971202892e-07,-4.725366338460930102e-06
1.058985578729154054e-06,-8.383840755835071805e-06
-5.586272601211879593e-06,-3.692566045278538044e-05
-9.322988864165019575e-06,-3.773495622977172400e-05
-1.285952536872664668e-05,-3.926733918973512535e-05
-1.315565460319458534e-05,-4.061055764180235576e-05
-1.235850426234968646e-05,-3.762525736930642204e-05
-9.774316661171229340e-06,-5.433291087596823056e-04
3.776245727439218255e-06,-7.796203876299159243e-05
4.351605412154315977e-07,-7.480137957878450533e-05
-3.127751683616261132e-05,-5.540149800393441917e-04
-2.127743718548697987e-05,-4.606667811065790321e-04
5.362273443109012090e-06,-8.387536508374843539e-05
2.956458323787253699e-06,-8.397679947242475500e-05
-7.643439283413875376e-06,-5.487130497187139985e-04
-1.418923535776488416e-05,-5.227131053543216830e-04
1.074417786721197915e-05,-4.319724553318456367e-05
1.935206687271523449e-05,-3.007846847469793994e-04
-3.675944678318541882e-06,-1.783271230625344488e-05
-2.900482356086384191e-05,-5.191074104693323810e-05
-4.035959121445433694e-05,-6.643409432189642495e-05
-2.406811729707515339e-05,-4.695305148760138932e-05
-5.489852822814744806e-06,-4.463431165867477892e-05
-1.473782157302316801e-05,-4.035382753900899617e-05
8.402812246443946056e-06,-2.675895826695683989e-04
2.405844462835412120e-06,-6.129944382152174018e-05
1.554540724627219455e-05,-1.819689828277998203e-04
-7.610446307431650917e-06,-2.162808091059195752e-05
-7.832946042039507252e-06,-1.918641766560918592e-06
-1.439054694002077277e-05,-3.452237907586007686e-05
-9.869417647628946088e-05,-2.297555834268271118e-04
-1.197110587111717677e-04,-3.386351462942450009e-04
-1.051475458748390591e-05,-1.346543609412919934e-05
-1.329157996042533852e-04,-4.775914895556308717e-04
-4.611821605737569144e-06,-3.806560675828281370e-05
4.270402839504517517e-05,-2.706121582999928415e-04
2.928493391317802289e-05,-1.705762526264602795e-04
-5.112801507344913567e-06,-1.559013861227913844e-04
-3.212474328902559044e-05,-2.197927590296319656e-04
-3.041751890673744416e-06,-3.074095832236952607e-05
-2.802245380168835596e-06,-1.845667578785052884e-05
-2.873842593838357449e-05,-8.425352432063283094e-05
-1.160956076345391125e-05,-1.819063380860392833e-05
-8.480403026403451018e-06,-2.169626262862785351e-05
3.128954795927264384e-06,-5.882181850016101802e-05
2.556178554711116035e-06,-5.208653573245961759e-05
5.870075531775787517e-06,-3.777170664418994834e-05
-6.184893892284569334e-06,-2.089871457408532337e-05
-6.515920233654975437e-05,-7.980871349687089023e-04
-7.584959679123527059e-05,-3.633400087797798283e-04
-4.337982769431694024e-05,-3.283548986955517134e-05
-7.253770147095108386e-06,-2.208064289314800083e-05
1.858886830074712182e-05,-2.607496522537740020e-04
3.892874614282489104e-05,-1.835662689537796005e-04
4.229010045425645484e-05,-7.245793345258003061e-05
1.896791289435246448e-06,-7.216056172007564594e-05
2.619890651930853391e-06,-6.756088667691740538e-05
-6.313515001510714580e-05,-1.074965931255685188e-04
-4.715663528389245454e-05,-7.718930230527041182e-05
3.021486085454298015e-05,-4.178278952498132022e-04
3.855980728852688993e-06,-1.222562889138089566e-05
6.716725402811735081e-05,-1.319027574287957752e-04
6.057061186393392018e-05,-1.415691863715674024e-04
-4.264425282090175348e-05,-4.989266035156229341e-05
-1.143349616295385378e-04,-6.479514581680648113e-04
5.638636789893686719e-06,-6.149885141335907233e-05
3.675417973627078939e-05,-9.878598560346217713e-05
-8.826842555335244017e-06,-6.762972007125171223e-06
-1.104721519355663642e-05,-2.035418962799405800e-05
-5.821205032787383083e-05,-3.494725427685747317e-05
-3.252470646202376732e-06,-3.847470306773516580e-05
1.154003570105701745e-05,-3.888741470655842020e-04
1.300725679236894228e-07,-5.491503091682570862e-07
2.010354749351013174e-07,-8.361415239172383076e-07
2.178853102026683669e-05,-3.854272230628130611e-05
-5.901036845618099055e-05,-8.671663492086824224e-04
-2.712395647986208392e-05,-5.960360148949063230e-05
3.399245254138756323e-06,-3.726431318696695518e-05
-3.037069534282033094e-06,-3.658183193074595962e-05
-6.449285321244664952e-05,-7.210566813683597944e-05
2.787163445633033919e-05,-6.067868343512035654e-05
-1.687985396441947637e-06,-4.466017488245492182e-05
-9.159967070743668403e-06,-1.440570754816094372e-05
-6.461398064375271097e-05,-3.083871654616259818e-04
-2.186972077102137157e-06,-3.904467262819200810e-06
7.931599088435124933e-07,-6.912826088630272020e-05
-2.178497131752658665e-05,-4.346183840718127159e-04
5.527875621020028539e-06,-5.231153659015539374e-05
-1.123268765921568795e-07,-4.932352646950913016e-06
-4.745173281760167670e-07,-7.458213575060108658e-06
1.731690459864066027e-06,-8.372186386502689941e-06
2.176136902532095974e-06,-1.286453892948586096e-05
7.048948493748257853e-08,-1.905226562304400406e-04
-6.747688187897552773e-06,-2.173054263826855478e-05
-2.527098578145750700e-07,-9.578402294995978309e-06
-1.188542063823245026e-06,-4.887032542011150828e-06
5.946211171712300391e-06,-5.061787796490047438e-05
1.564577698735631779e-05,-3.316792316515280721e-04
1.910420172323296496e-05,-8.331212650308366134e-05
-9.421301433417103713e-08,-3.090028793279756141e-06
-6.507888281716133632e-05,-6.356079397540912237e-05
-2.520871604065754521e-06,3.469894256762290091e-07
-4.183080450005194685e-06,-2.948775560137374245e-07
-4.924938732844490701e-05,-4.968775889447559532e-05
-2.413175170251559854e-05,-3.892063637509492972e-04
6.576609532025518683e-06,-4.806091205809673495e-05
3.461842470937916941e-05,-5.794196935264676624e-04
4.770238644508329541e-05,-1.196051766702197719e-04
-1.983671279251648044e-07,-8.333460730920017309e-07
-1.241443652357460547e-07,-5.590500083238600786e-07
-4.450249145401285404e-07,-6.529233609101106449e-06
-7.306452544030786113e-07,-3.696986557310412347e-06
-5.757645258733587496e-06,-1.926373606156381324e-05
-2.785285004497852233e-05,-3.304202117256430917e-04
7.284683822403482318e-06,-4.469512998541312409e-05
-2.286045397207967120e-07,-1.552595155821044991e-06
-3.696819506121595438e-07,-2.442906192877771303e-06
2.609937988294285018e-07,-5.019148719822269088e-05
3.575156043252581823e-06,-6.155356849541190390e-05
-2.763760374619768576e-05,-2.595480710299060399e-04
-5.151538479127796168e-06,-1.635945991646746276e-05
7.868525077268716483e-06,-4.140552136399362461e-05
5.666296211353207851e-06,-7.114224249729289378e-05
1.051829181234159748e-05,-4.398819492329058048e-04
7.405014616615720864e-06,-3.880947122009100375e-05
5.333817358191477030e-06,-7.814291039945842814e-05
7.423547700923885067e-06,-4.801654631502077011e-04
1.371668516133298703e-06,-4.602067105524563557e-05
5.710176401437588813e-05,-1.677204720711577993e-04
8.097496088451756312e-07,-4.601524083972861513e-06
2.646275580282527744e-07,-2.547377666994847861e-06
4.078531209725449863e-06,-5.113122271254652313e-04
4.938504910101665600e-06,-8.275926689842486809e-05
2.029992573052459903e-05,-1.580879495392133226e-04
1.207449402359140031e-05,-3.586867294162397713e-05
-1.633375899366536387e-06,-1.063480448252126934e-05
4.355242549689734492e-07,-4.435173413041056874e-06
1.973007887052304465e-07,-2.623170954851933056e-06
4.525761872687572758e-06,-8.494367304303249654e-05
6.574667893640047552e-07,-5.333977832193329384e-04
1.914040570915095314e-05,-1.059345461710299444e-04
-3.583025392000467175e-06,-8.113588534294568239e-06
-2.141153261978924471e-05,-1.172012795918587168e-04
8.873102184515204501e-06,-3.342692482349305028e-05
-2.927404092425804881e-06,-5.462037496702610781e-04
4.136427283812827090e-06,-8.474695885101526114e-05
3.103460587114484533e-07,-1.559641309993957898e-06
1.766457901347024435e-07,-9.665586784956540507e-07
-6.504037164120874601e-06,-5.494404770373976458e-04
3.873543903876049721e-06,-8.227900422830650986e-05
9.611404782561046441e-06,-1.860535356261844468e-05
-6.970806142497352200e-06,-1.964615658771561770e-05
1.972289876094921078e-05,-5.496549225126059980e-05
1.449293372772789419e-05,-2.723787375724990279e-05
-2.524759413373560057e-07,-5.375901242770372368e-04
7.490331851571903639e-06,-7.539165119146824475e-05
-1.099327700431031927e-04,-7.953268342108427190e-04
-3.906630912972124624e-05,-8.462189766420243953e-05
3.808513676910627435e-06,-7.201621916389068588e-05
-1.320419295953912388e-05,-5.278116185736369658e-04
6.256090199220913643e-06,-4.914169795056564337e-04
8.713993529621306768e-06,-6.212719964154417827e-05
2.595565282590097923e-07,-1.901682668544103640e-06
1.588682206393117696e-07,-1.208006672862554800e-06
-1.943449099791254869e-05,-4.720642231960735062e-04
4.571250091864041448e-06,-5.817096268605166437e-05
2.358823034353342589e-07,-1.838676898074136898e-06
5.387802510131229441e-07,-3.225436011540377736e-06
-6.908931871255190327e-05,-6.746778102636315450e-05
-8.551459274176195199e-06,-3.289975374568886808e-05
-1.001766630268634040e-04,-1.902396185856391250e-04
-6.325901450574238190e-06,-2.136300618125076806e-06
-2.821067256666935314e-06,-1.140710914466307067e-05
3.724660585196420329e-06,-2.066654919141272238e-05
3.472712691471820956e-07,-7.442121361280420078e-05
-6.398387717130226901e-06,-1.975284623124314980e-05
-8.341081481241919930e-06,-3.637825309351369412e-04
-7.862015363317982988e-05,-1.286872319010281347e-04
3.375669257386539063e-05,-8.145587190920986951e-05
1.250169560166524498e-05,-7.588923520447916991e-04
-1.494002970942084936e-05,-5.635099647631400786e-05
-9.054052785576542285e-07,-4.106914152801602780e-05
-8.653762940647230961e-05,-3.679394488318802063e-04
6.386030225683338098e-06,-2.530800493809081178e-05
-5.365800668495266762e-06,-1.385012339150228673e-05
-5.837824399937242641e-05,-5.405949494583417361e-05
3.031109556899694699e-06,-1.718058332323019142e-05
-1.712850238588031506e-06,-9.976428040872351572e-06
1.712747456897395913e-05,-8.883460114654534055e-05
-5.864838948969713206e-05,-1.218579372714787408e-04
-6.957356787541766219e-06,-6.602361367798600608e-05
-1.737668701879642032e-05,-1.669638000663739105e-05
9.587708840084844329e-06,-6.397134212381941527e-05
-1.479119058058464508e-05,-1.845720930077075544e-05
-2.541333606567748926e-05,-2.388740021982662987e-05
-5.619520773546965442e-05,-8.603412727635542916e-04
-1.185687868382452114e-05,-3.866951791807700172e-05
5.991765856076609664e-05,-1.248434892236778690e-04
-5.184079576063972663e-10,-6.335084451848515413e-05
-5.014710637029290370e-05,-3.481047468720514549e-05
-1.844759967903943573e-05,-5.808215013990208821e-05
-3.062167566654614722e-05,-1.442016996658672054e-04
-5.287978948511941945e-06,-5.017769158172696913e-05
1.435210069928445937e-05,-4.855597547343457033e-05
5.549608999656031926e-05,-4.195176505070064986e-04
-1.666550863291545279e-05,-4.111016672472425453e-05
-3.464298607694110026e-05,-7.225653262467973638e-04
-4.538915013272241136e-05,-3.201900770632371755e-05
1.008541647080803286e-06,-7.127382628339827737e-05
-1.115748533180131323e-05,-1.651438022846429230e-05
1.207072231229278027e-05,-3.451935155995076011e-05
-1.244423949967892362e-05,-9.070433966119895164e-06
-2.419353785310437700e-05,-1.723112115455815527e-05
-7.618649243563850907e-05,-5.709482027080708651e-04
-1.665979830688414287e-06,-7.242797053331425974e-08
-5.850558972678916069e-05,-3.970548186204345793e-05
-7.346724363826270339e-06,-3.713336091324807739e-05
-1.220662006502404302e-06,-2.652836077092818779e-05
-7.552928665368252065e-06,-1.007436493230024005e-05
1.142815103627491043e-05,-7.796830635796863924e-05
-1.778159583531675259e-05,-4.412647671212760161e-05
3.801124624346238057e-05,-4.271237950061280509e-04
1.436114257713178922e-06,-1.122398658869916860e-05
-2.333318038268199498e-07,-6.363459226223412819e-06
1.171796168047887451e-07,-2.686525243630531020e-07
1.799445818404386929e-07,-4.025508406843253209e-07
8.770815302701945285e-06,-3.680208744399527965e-05
-7.925040439734088921e-06,-1.337634911426033665e-05
-2.067900445255849306e-05,-6.360184079393039949e-04
4.767436986422575842e-05,-2.312847059965872853e-04
-4.607931594642626541e-05,-4.060901455632805689e-04
-1.262765038650898204e-07,-3.009795015789049083e-07
-1.927630578710768628e-07,-4.384886717567081075e-07
6.530328211466679711e-07,-7.295466447973900667e-05
4.940800250960240639e-06,-4.053339006584440418e-05
2.278811909060533314e-07,-4.764142771437863776e-05
-2.540770093039925877e-05,-2.064642132749994953e-05
1.369821603536769893e-05,-4.646847678750519803e-05
-2.588675987232509567e-05,-5.394104550287754561e-05
-1.597882716379815467e-06,-3.147101255976424334e-06
-3.875271086802515436e-05,-2.856140754387557603e-05
-8.709107599173283786e-06,-2.873035811089789401e-05
-7.426889914015012597e-05,-2.605774760175085143e-04
-2.011465293766540933e-05,-1.955606209724815428e-05
-7.475768145477806653e-05,-3.838237773149769669e-04
-9.845593012708967292e-06,-1.894738880193728726e-05
-1.392343172259430124e-05,-3.068880178744715494e-04
-7.854462649528566206e-07,-5.448669293458467086e-06
-1.712418675233061527e-07,-9.604296283152688552e-06
-1.039103019004027403e-06,3.556742622725598598e-07
7.970113043175745067e-06,-1.481275840113273690e-05
-3.206110572322684736e-06,-1.153047245676596512e-05
-1.220544271465834006e-06,-1.236140246282765004e-06
-6.916428377929545275e-06,-3.781853875903618629e-05
-2.325484366659855530e-05,-2.203499063890858030e-04
-5.206489734376235377e-05,-8.687719577396764729e-04
1.986743508971896861e-06,-3.127051105294247329e-04
1.790453589655616304e-07,-9.570281286584045064e-07
-1.037116749650852613e-05,-1.289010304960156296e-04
-1.956947293017401811e-05,-4.828001321839383545e-04
-2.425971586166567540e-06,-6.193405770180544475e-05
-9.584974483155491958e-06,-3.764482460631765056e-06
-2.007209687106051610e-06,-8.185910986905239840e-04
6.229778742701054673e-07,-7.431684099912794759e-05
-1.838783567664215916e-05,-3.052408232977733512e-05
1.368015963383372385e-05,-3.185302610756266000e-05
1.315699444412605730e-05,-3.378285066643979827e-05
-1.602991194256373256e-05,-2.078264475232331713e-05
-6.936576087648787061e-05,-7.226037423646667485e-04
-3.798782751873630265e-07,-3.302549223139384436e-06
-3.833727468554446524e-07,-5.487464311634299992e-06
-4.856319262062157673e-05,-9.610199672900035430e-05
5.852687893133987814e-06,-3.916878482638523271e-04
-1.371159348456075594e-05,-1.548015431148333436e-05
1.455817800371223247e-05,-3.133617850960958653e-05
-7.678674404507506319e-06,-5.604899397703153795e-05
1.377476173257480197e-05,-4.531054498960789071e-05
3.412994863800634216e-05,-6.808846046912298499e-05
