Size 979,2
0.000000000000000000e+00,0.000000000000000000e+00
0.000000000000000000e+00,0.000000000000000000e+00
0.000000000000000000e+00,0.000000000000000000e+00
0.000000000000000000e+00,0.000000000000000000e+00
0.000000000000000000e+00,0.000000000000000000e+00
0.000000000000000000e+00,0.000000000000000000e+00
0.000000000000000000e+00,0.000000000000000000e+00
0.000000000000000000e+00,0.000000000000000000e+00
0.000000000000000000e+00,0.000000000000000000e+00
0.000000000000000000e+00,0.000000000000000000e+00
0.000000000000000000e+00,0.000000000000000000e+00
-1.126912659706588778e-06,-1.549119444566538428e-05
-1.108880523601412085e-06,-1.536198553873849954e-05
0.000000000000000000e+00,0.000000000000000000e+00
0.000000000000000000e+00,0.000000000000000000e+00
0.000000000000000000e+00,-1.126694448041486748e-04
0.000000000000000000e+00,-1.139086916069771807e-04
-1.057301376891464841e-06,-1.074330629040508777e-04
-1.917840081931426760e-05,-7.753317807983930434e-05
0.000000000000000000e+00,0.000000000000000000e+00
-1.467753604491151202e-06,-8.355649523092658056e-06
-3.536496104825552078e-07,-1.076035614526661884e-05
-2.700294033290184660e-06,-1.353801877800093677e-05
-2.713788908419242517e-06,-1.658478613543502110e-05
-1.369991636712312734e-06,-1.174371666707652128e-05
-2.169942837648937810e-06,-1.527971497122481334e-05
2.871943451429488848e-07,-1.845574808377757731e-05
-1.987873487938113681e-06,-2.214839883932946459e-05
-1.985964794167539414e-06,-6.872901229784965753e-06
-2.045242173303042035e-06,-1.485578084310433010e-05
-1.010267761299662188e-06,-1.581768172212897830e-05
1.928070507222984036e-06,-5.011352940951595400e-05
2.256686143627048490e-06,-7.776485987592743587e-06
8.248757034268974791e-06,-5.394080358548983923e-05
-3.611824925242137897e-06,-8.564033788453120951e-06
8.582517015211008597e-06,-3.058935319696557922e-05
-9.902415108488760466e-06,-3.250873347977821081e-05
-3.719004551085489746e-06,-6.683113256108897510e-05
8.481894301782487371e-07,-1.229835849421904299e-05
1.092260104952727053e-05,-6.811661955545400126e-05
-1.124643019655714340e-06,-1.035384055308250905e-04
-3.331711620719381291e-06,-6.915376086502081582e-05
-1.727759472612826970e-05,-9.385609033492744926e-05
1.069152643968381724e-05,-7.644905493971958894e-05
9.103311918889723384e-06,-3.196458388337645003e-05
3.240557883956048786e-06,-5.310559178985321290e-05
-9.887985433198344642e-06,-3.933633006821404354e-05
7.358843939832870555e-06,-6.025590677154406651e-05
-5.127616033310294290e-06,-1.063925743784676233e-05
-8.159180901482866188e-06,-1.839910187872154161e-05
-1.055066213095212698e-05,-2.788408824814542043e-05
-1.207001160607831457e-05,-3.860271888066340597e-05
-1.275897407114921397e-05,-4.985452413813383569e-05
-1.272341620204389677e-05,-6.069423449309167731e-05
-1.259387024429493844e-05,-7.089358381592369225e-05
-1.272348780379547843e-05,-8.094760707070065744e-05
-1.273622717943972248e-05,-9.135404943995791222e-05
-1.181317511856768104e-05,-1.019072502553221331e-04
-1.002818170409347399e-05,-1.112225293767979585e-04
-7.553291414498172841e-06,-1.186421502516640363e-04
-4.513865935868545768e-06,-1.236227147480236689e-04
-1.044437870049969283e-06,-1.257717083506558269e-04
2.703323455979744034e-06,-1.247983233134830486e-04
6.597111118014027504e-06,-1.205213408000208470e-04
1.050651301003927235e-05,-1.128852355904052173e-04
1.432156767120527373e-05,-1.019129163642856501e-04
1.788142882594629703e-05,-8.748220897131109438e-05
2.072976816677136333e-05,-6.946661821481275878e-05
2.137519702274871648e-05,-4.866469607537517584e-05
1.823371195386065924e-05,-2.762824714057856112e-05
1.063698562945932843e-05,-1.071247394143168499e-05
0.000000000000000000e+00,0.000000000000000000e+00
0.000000000000000000e+00,0.000000000000000000e+00
0.000000000000000000e+00,0.000000000000000000e+00
0.000000000000000000e+00,0.000000000000000000e+00
0.000000000000000000e+00,0.000000000000000000e+00
0.000000000000000000e+00,0.000000000000000000e+00
0.000000000000000000e+00,0.000000000000000000e+00
0.000000000000000000e+00,0.000000000000000000e+00
0.000000000000000000e+00,0.000000000000000000e+00
0.000000000000000000e+00,0.000000000000000000e+00
0.000000000000000000e+00,0.000000000000000000e+00
0.000000000000000000e+00,0.000000000000000000e+00
0.000000000000000000e+00,0.000000000000000000e+00
0.000000000000000000e+00,0.000000000000000000e+00
0.000000000000000000e+00,0.000000000000000000e+00
0.000000000000000000e+00,0.000000000000000000e+00
0.000000000000000000e+00,0.000000000000000000e+00
0.000000000000000000e+00,0.000000000000000000e+00
0.000000000000000000e+00,0.000000000000000000e+00
0.000000000000000000e+00,0.000000000000000000e+00
-4.064908647465168005e-06,-8.502718987337907149e-06
-6.372631997574152502e-06,-1.531331049451944268e-05
-7.977006158196806119e-06,-2.339140789970345171e-05
-8.772551732753139673e-06,-3.213900300350871537e-05
-8.836511941213757261e-06,-4.092537698124808980e-05
-8.292069634227142418e-06,-4.904958885294470795e-05
-7.513746289620476453e-06,-5.625552760336631952e-05
-6.657491465567792502e-06,-6.261805481911525992e-05
-5.582647417471039342e-06,-6.816218970833034596e-05
-4.045597067759178178e-06,-7.261576853334870431e-05
-2.191816579771626289e-06,-7.537733326946995701e-05
-1.733818147802177416e-07,-7.626496676847629563e-05
1.882890573512370238e-06,-7.517363179621014998e-05
3.839510549481469919e-06,-7.214816286084243461e-05
5.549137918116617441e-06,-6.733128736493827846e-05
6.873724949097237388e-06,-6.097892920017289206e-05
7.667022716025501892e-06,-5.347744989971433557e-05
7.757082412369667164e-06,-4.558788640265306220e-05
7.450341907442048844e-06,-3.781597619067589115e-05
7.019203897525261769e-06,-3.024270019149426881e-05
6.372145547330102815e-06,-2.274577670819568132e-05
5.097763220722087663e-06,-1.549361413379090908e-05
3.181099098143370736e-06,-9.018050310192531074e-06
0.000000000000000000e+00,0.000000000000000000e+00
0.000000000000000000e+00,0.000000000000000000e+00
0.000000000000000000e+00,0.000000000000000000e+00
0.000000000000000000e+00,0.000000000000000000e+00
0.000000000000000000e+00,0.000000000000000000e+00
0.000000000000000000e+00,0.000000000000000000e+00
0.000000000000000000e+00,0.000000000000000000e+00
0.000000000000000000e+00,0.000000000000000000e+00
0.000000000000000000e+00,0.000000000000000000e+00
0.000000000000000000e+00,0.000000000000000000e+00
0.000000000000000000e+00,0.000000000000000000e+00
0.000000000000000000e+00,0.000000000000000000e+00
0.000000000000000000e+00,0.000000000000000000e+00
0.000000000000000000e+00,0.000000000000000000e+00
0.000000000000000000e+00,0.000000000000000000e+00
0.000000000000000000e+00,0.000000000000000000e+00
0.000000000000000000e+00,0.000000000000000000e+00
0.000000000000000000e+00,0.000000000000000000e+00
0.000000000000000000e+00,0.000000000000000000e+00
0.000000000000000000e+00,0.000000000000000000e+00
-2.175669142346865773e-06,-2.225902371713237706e-06
-3.221768185263342871e-06,-5.188106361669134881e-06
-3.552251936605650147e-06,-8.491471220549951527e-06
-3.307583014296788384e-06,-1.153019344095514831e-05
-2.621467784242397367e-06,-1.388760332101402888e-05
-1.632000068494770828e-06,-1.521126804908026737e-05
-5.698391980266860129e-07,-1.536077323224759096e-05
4.339502536235678243e-07,-1.435623141316430089e-05
1.183408349762795177e-06,-1.230661781534410965e-05
1.454759636467945616e-06,-9.505591703437889104e-06
1.228551615128004368e-06,-6.266329856950505146e-06
0.000000000000000000e+00,0.000000000000000000e+00
0.000000000000000000e+00,0.000000000000000000e+00
2.630539391700687687e-07,-1.481955482513079828e-05
1.428157093224634237e-06,-1.318951352654314615e-05
2.278801388965987346e-06,-1.075269542375948151e-05
2.690168864334695556e-06,-7.793555167629307270e-06
2.571079814383025418e-06,-4.712403152552671611e-06
1.788305017765892889e-06,-1.994910055385504496e-06
-1.159116103579646580e-06,-1.558701239533823654e-05
-1.572949417098431385e-06,-1.570370421703770614e-05
-1.911504155841035287e-06,-1.572511042645424845e-05
-2.105683249976459714e-06,-1.564771137224704593e-05
-2.065645829842936572e-06,-1.552700923664758527e-05
-1.707810599747486241e-06,-1.372227543244460815e-05
-2.238743767630226713e-06,-1.105696678076647118e-05
-2.481873965922485172e-06,-7.028398545398042414e-06
-1.929542705504046990e-06,-2.732011637356254460e-06
0.000000000000000000e+00,0.000000000000000000e+00
0.000000000000000000e+00,0.000000000000000000e+00
1.980933199859115238e-06,-1.122960026748974233e-04
3.819408362083590995e-06,-1.113815799917451113e-04
5.493924230017254110e-06,-1.099917276375906542e-04
6.945982110844023203e-06,-1.082834471289877045e-04
8.230726643785595963e-06,-1.064253911184957297e-04
9.437483242457916859e-06,-1.044664174724639866e-04
1.073860317546300955e-05,-1.024787423713644993e-04
1.214409677776224238e-05,-1.002990491206131181e-04
1.366489546353684565e-05,-9.781270758133769742e-05
1.526410785133801347e-05,-9.493748825512743925e-05
1.686804470979134517e-05,-9.162762008072936656e-05
1.839424018620893156e-05,-8.789683897908928591e-05
1.975472716739463849e-05,-8.380211094219155847e-05
2.098705444081754698e-05,-7.938692414702491220e-05
2.198900826747373399e-05,-7.476945584286752368e-05
2.279135027224403278e-05,-6.996754943820298603e-05
2.336392797895474641e-05,-6.498648732462886991e-05
2.365998186144255164e-05,-5.999697813750840084e-05
2.361591540201398291e-05,-5.495340394451300514e-05
2.329607196156298877e-05,-4.999776581061311418e-05
2.262286620807711312e-05,-4.529158289336453403e-05
2.161610243660975654e-05,-4.088736763627537547e-05
2.034827477678269618e-05,-3.691945111327607124e-05
1.886422322132780600e-05,-3.342380384371130918e-05
1.727203428204497960e-05,-3.045731660449462516e-05
1.560297683525036037e-05,-2.801634266571657953e-05
1.386573748707171680e-05,-2.609250328466711225e-05
1.215534785654342020e-05,-2.466944486946004021e-05
1.038582055606326338e-05,-2.375025939795414391e-05
8.725360371285306805e-06,-2.334868026190411623e-05
7.049253837930477277e-06,-2.350268857525636982e-05
5.541829405965005869e-06,-2.416949675339105815e-05
4.141299918075847115e-06,-2.536557436175334722e-05
2.943240541052941293e-06,-2.708092307536793093e-05
1.995376708549958787e-06,-2.922712852966700172e-05
1.154709299821313738e-06,-3.177489615205345464e-05
4.655835338999291708e-07,-3.480700353240342179e-05
5.103375769384614295e-08,-3.831142476920539112e-05
-4.152572179440246026e-08,-4.223298258376595026e-05
3.005652774729498101e-07,-4.632185775976370868e-05
1.090010926333747050e-06,-5.021279432300480481e-05
2.354552056890357429e-06,-5.352493380004351333e-05
3.852498609848921298e-06,-5.590543345507546303e-05
5.767088868268429059e-06,-5.713328992325400718e-05
7.662282354176159601e-06,-5.703966707705175317e-05
9.404734228524447225e-06,-5.566832345531659755e-05
1.091312927195441359e-05,-5.329653126106684210e-05
1.215944116843004651e-05,-5.006545573202428469e-05
1.301025057270295310e-05,-4.617294651201770029e-05
1.336494021326746231e-05,-4.185506164513436210e-05
1.316024067138818128e-05,-3.754136303812540513e-05
1.256156609800077227e-05,-3.358474786890812105e-05
1.162980451397843463e-05,-3.005192547181923329e-05
1.055214990806354053e-05,-2.707416751926186143e-05
9.370556397184051604e-06,-2.459447825659194438e-05
8.162121154311452782e-06,-2.260142006271110562e-05
7.033124694754572157e-06,-2.100985109513536556e-05
5.969046116809173900e-06,-1.976406252676885013e-05
5.008827945901727826e-06,-1.881617770881128686e-05
4.159750309883620136e-06,-1.811739184423052088e-05
3.420290121294697743e-06,-1.761600461451238420e-05
2.807139480454692205e-06,-1.726572167421964939e-05
2.341977800894015878e-06,-1.704495932163232322e-05
2.035358224622175874e-06,-1.686416938436282163e-05
1.909199028768685514e-06,-1.666108948052949425e-05
1.983796624735818790e-06,-1.633648802312243995e-05
2.236809650488923488e-06,-1.577486146817280989e-05
2.646005831342715280e-06,-1.479198302308606780e-05
3.115398912575348964e-06,-1.328400023320844178e-05
3.510369277948485608e-06,-1.115091123526276786e-05
3.663053873343123295e-06,-8.403767959316766855e-06
3.329102058706165518e-06,-5.356986405875612094e-06
2.280095799376886142e-06,-2.434066140961839910e-06
0.000000000000000000e+00,-1.130918005331284801e-04
0.000000000000000000e+00,-1.135621480392139251e-04
-4.831988300866695526e-07,-1.132260931805324528e-04
-9.239323261420066709e-07,-1.112830107095821045e-04
-2.548532923455469617e-05,-8.539454768691628883e-05
-2.656419841017631126e-05,-9.335296779304746691e-05
-2.095275675454653783e-05,-9.818448409735913024e-05
-1.381575601993098889e-05,-1.022167289614413520e-04
-6.376120765304140386e-06,-1.054647124947630233e-04
-9.798354918592530266e-06,-8.837194869645732798e-06
-1.634705902135857536e-05,-2.151251845869394880e-05
-2.004662781696900628e-05,-3.829855676893966643e-05
-2.110970805787043688e-05,-5.700462478668949203e-05
0.000000000000000000e+00,0.000000000000000000e+00
-4.877264921931512198e-07,-6.119256375687705040e-06
-1.165663533935484444e-06,-8.694495149985585110e-06
-3.162946683746102058e-06,-6.350656816677335907e-06
-3.848396386797734455e-06,-8.295283482165041850e-06
-3.765503692539111524e-06,-1.083137237241256297e-05
-3.137600348785948137e-06,-1.308961513709472048e-05
-2.696490630793060044e-06,-9.927153858317413443e-06
-3.328190198316377370e-06,-1.225856314049500727e-05
-2.746124355488157579e-06,-1.372484105477695826e-05
-2.064375153664571946e-06,-1.472656238251986719e-05
-1.409007026914468046e-06,-1.534752885941193900e-05
-1.002758583357770579e-06,-1.570600631896124888e-05
-1.833444836414410556e-06,-1.521380400219086007e-05
-2.051645468102298872e-06,-1.563369756548757194e-05
-1.948430619901688231e-06,-1.587668547173731623e-05
-1.702462684526360840e-06,-1.598983940720193192e-05
-1.372453787418609993e-06,-1.597106131177239432e-05
-1.964540905616237157e-07,-4.351121645816725134e-05
-1.452616557295018503e-06,-3.780271303446544400e-05
-2.167500564523798750e-06,-3.263593252024001755e-05
-2.582563041688047118e-06,-2.809947668959132693e-05
-2.582712090839701753e-06,-2.383141735632349467e-05
-2.284110564064575745e-06,-1.963264140034832463e-05
-7.928868627405589473e-07,-1.558339759103351794e-05
6.084266029884864020e-07,-1.144698183294479580e-05
1.163032350890268216e-06,-5.255848951085634975e-05
2.612024631147754551e-06,-5.440675907163313260e-05
5.320005604551621199e-06,-5.569798991361387476e-05
8.359672231064590013e-06,-5.647178213338335670e-05
1.070287430981878983e-05,-5.669520090407290374e-05
1.073703784327026960e-05,-5.559908656999921686e-05
9.567393659943386388e-06,-4.634783356786279434e-05
1.032485002773137241e-05,-3.828616150271740788e-05
1.048299861302587283e-05,-2.991459864017049418e-05
9.937223011369062476e-06,-2.168658200955240469e-05
8.473927405969936238e-06,-1.436345381286490063e-05
5.784504291546850245e-06,-8.670457478910520980e-06
-2.699142413868436761e-06,-1.206195851875598830e-05
-1.292444397239597576e-06,-1.519902224469278686e-05
1.430900501428033858e-06,-1.771513789764978328e-05
3.890306178239942423e-06,-2.016618273956774702e-05
6.261113851705494192e-06,-2.264633214814327865e-05
8.047253620612188736e-06,-2.584180991673397907e-05
-6.324622859165947723e-06,-8.829427989553988667e-06
-8.443138578310456708e-06,-1.300599231557512673e-05
-9.611500303534100165e-06,-1.888916507055000735e-05
-1.006677087466481829e-05,-2.539871686126407151e-05
-1.220022078617442474e-05,-3.505626086364925596e-05
-9.928195960383383032e-06,-3.663201137212933713e-05
-4.579404836165252645e-06,-3.643323141092675210e-05
1.492063358795232157e-06,-3.537095644046491541e-05
6.438446032148806071e-06,-3.343464422616434996e-05
-5.167984762624651965e-06,-5.776486771004739383e-05
-5.266304971178618299e-06,-5.007401665165812243e-05
-4.903905337202563644e-06,-4.281557088690742484e-05
-4.075874964162036174e-06,-3.549370341491630101e-05
-2.960056901799655938e-06,-2.781660579327822485e-05
-1.856085433562695947e-06,-1.977169368423552885e-05
1.246927461945556283e-07,-7.070349538321904167e-05
7.051863925362809292e-06,-7.258521749404758989e-05
1.200018692575388453e-05,-7.179892461865397275e-05
1.205748846794997027e-05,-5.711683976013475476e-05
1.245635399223809402e-05,-4.639106897225992062e-05
1.216143228963111479e-05,-3.579083419320018805e-05
1.107909830259675877e-05,-2.577861687340985943e-05
8.924486201826176542e-06,-1.725666585345325495e-05
5.302608477160069746e-06,-1.113932397127260235e-05
-3.159081469375308729e-07,-1.036294290985998124e-04
-4.201569043764622225e-07,-1.013498831656419586e-04
-8.997273168568526286e-07,-9.798572911340953137e-05
-1.589535625758199245e-06,-9.363042621498009438e-05
-2.301733642191126401e-06,-8.849869408636714915e-05
-2.970926480617514260e-06,-8.263284804524293403e-05
-3.404946381913702283e-06,-7.620786775212034646e-05
-7.879294919700340378e-06,-9.933975691490291241e-05
-1.532712777188419251e-05,-9.578777590322457383e-05
-2.237574122387104723e-05,-9.279265337185418070e-05
-2.724716548032283636e-05,-9.057888544920656283e-05
-2.684943336570825144e-05,-9.151597039977395773e-05
1.162410777697621781e-05,-7.075687564192504231e-05
5.607359118058067519e-06,-6.775217235476724265e-05
-1.663406019555269433e-06,-6.732676677662144382e-05
-1.381809015236847093e-05,-1.065047953930085595e-04
-1.014562198810076435e-05,-1.160701880740044547e-04
-6.419750384372773635e-06,-1.223983242498697820e-04
-2.745574679745842335e-06,-1.254905287027643685e-04
7.254771031514680545e-07,-1.254548812004672726e-04
3.930632242742329477e-06,-1.224865191337076937e-04
6.721650997965186807e-06,-1.168665981673483651e-04
8.880090316310165603e-06,-1.090411199584287851e-04
1.038702084737487958e-05,-9.951812210629089024e-05
1.107077340196166226e-05,-8.879102500394633923e-05
9.758346773236879085e-06,-3.674416204477015245e-05
9.776305690365969049e-06,-4.207547618384069657e-05
9.382008939711597087e-06,-4.776414290877740770e-05
8.643581960651335641e-06,-5.289871179131082281e-05
7.639668235365974945e-06,-5.650323596631132096e-05
6.426951755461934555e-06,-5.768766732135650378e-05
4.933374534285734084e-06,-5.650057723214407302e-05
8.239369636294297168e-06,-3.087569317388827537e-05
3.924393075689660620e-06,-3.064021353962710024e-05
-2.493833038707720532e-06,-3.122656361162931370e-05
-8.952846807807779037e-06,-3.256904439897682435e-05
-1.205074902188299154e-05,-3.550539658896650067e-05
1.074807061227991662e-05,-5.753446433678891008e-05
1.045910757740189110e-05,-5.526191945891566665e-05
7.642820437474093055e-06,-5.408900704901363179e-05
4.436402360587649945e-06,-5.323950448725333295e-05
1.783184777349465122e-06,-5.274868150129065938e-05
7.670543733896086965e-07,-5.265608542512552912e-05
-9.959762409577574223e-06,-4.831769084735734651e-05
-9.258573303671161801e-06,-5.624276717699973094e-05
-8.013757608604524661e-06,-6.324893626923271757e-05
-6.332434455117756929e-06,-6.900249436712047014e-05
-4.346325801310496124e-06,-7.319504052579420695e-05
-2.141796383171953283e-06,-7.561279241103764572e-05
1.535504062418897785e-07,-7.612961393865844519e-05
2.336250149772535430e-06,-7.476412042175118854e-05
4.374129125144425744e-06,-7.162019194648390334e-05
6.075470209124018683e-06,-6.685016785965834142e-05
1.686936831189738624e-05,-3.475201400078267906e-05
3.238755966870224659e-06,-1.763575257010531700e-05
9.136520673309818000e-06,-2.302633331296092734e-05
6.380768877540746294e-06,-2.160752745587759429e-05
1.309380636560161702e-05,-2.656580216428547006e-05
1.939438626370705568e-05,-4.735080621653298572e-05
-1.529350937033606804e-06,-3.654761504739855756e-05
-4.176177667636564231e-07,-3.161507861643312803e-06
-1.907903843847608713e-07,-2.366161896030804208e-06
1.940941716078478749e-05,-6.316274495875935559e-05
-1.361850863754844200e-06,-1.519584345631252925e-05
5.520635954103907128e-06,-2.090130609868671332e-05
-1.835926221529973063e-06,-2.412136221877147840e-05
-2.172699081107818316e-06,-1.625738098545015178e-05
-8.162334630304005280e-08,-3.749831797759703124e-06
4.053403437223306413e-08,-2.566109089133094417e-06
-7.329950900266952912e-07,-5.117321057554705013e-05
1.260482741663196740e-06,-2.151355439557978982e-05
1.767998919754019591e-05,-7.798864752647757294e-05
1.871902761114277010e-06,-1.685288261668770740e-05
8.126718004408307289e-06,-2.781630372701459399e-05
5.654635372033840684e-06,-2.442113653880970678e-05
1.630908543428763571e-07,-2.170675291200598231e-06
1.297892465416889161e-07,-1.624820959731757479e-06
1.040478624358677182e-07,-8.616877899078332984e-07
7.797327939342499197e-08,-7.140974468470765910e-07
8.781808177804694638e-08,-6.623980917922954947e-05
4.569578144183560262e-06,-1.900982675778292193e-05
1.531861840769649881e-05,-8.613581774356592394e-05
1.332023246036764573e-05,-9.378266002890344388e-05
1.047545690654871733e-05,-9.952014910102863860e-05
-1.296032441976458317e-07,-1.354716499181171403e-06
-2.116928550429692057e-07,-1.764966544456942741e-06
-8.461099598461392557e-08,-5.955590297044950821e-07
-1.081829173628048710e-07,-7.027467522405456440e-07
6.974016273026394932e-06,-1.054648530880927533e-04
1.509308028523199758e-06,-1.651282919176220960e-05
4.501226713110075334e-06,-2.801270567508971842e-05
4.916540992262726648e-06,-1.094805003772229889e-04
8.995185531034384459e-06,-3.561653495919269970e-05
1.414481135977968609e-06,-7.810421244398278479e-05
-6.133530858297056083e-07,-1.591278091449860291e-05
7.394912319919879928e-06,-2.583950650320193359e-05
5.009127210840981167e-07,-3.270344416436106119e-05
2.548496228633778545e-06,-9.050190802551711506e-05
-4.363962997314669863e-07,-5.054957451720639340e-06
-5.167331189122987716e-07,-5.514492041306357974e-06
-4.931538271250528782e-07,-4.370227558960211280e-06
-6.312864108300781376e-07,-5.907571288361000379e-06
-4.534843181476633611e-07,-4.799815205184097713e-06
-1.086381560565829555e-08,-3.881181766018261531e-06
-7.101104539476604873e-08,-4.062055263201607038e-06
-1.921999272820815462e-07,-3.213287957163802245e-06
-1.719509460989241755e-07,-4.260401197358093245e-06
-1.730347423010365991e-07,-3.502153542055258670e-06
1.240180927478505806e-06,-1.063168311631080285e-04
4.395990237660326740e-09,-4.920055200354422121e-07
5.396806920206034591e-09,-5.669200395314361799e-07
2.228497044138376174e-06,-9.955321241504479603e-05
-4.086069267029785538e-07,-3.993122622978071532e-06
-1.155030770116143438e-06,-6.099312351911789257e-06
1.002062174528455546e-05,-4.407198619568688700e-05
3.346655046536806979e-06,-3.270147871839797535e-05
1.466648054546010887e-06,-1.547633276811518952e-05
-3.558330625978402157e-07,-4.481996518260832680e-06
-9.772811641529999986e-07,-6.608796461048262156e-06
7.040206844048242763e-07,-1.123689220835184457e-04
-2.025252030833160306e-07,-5.011729392614337449e-06
-8.675085063490185469e-07,-7.023408167723121389e-06
-1.568435589436164285e-06,-8.753561748302143511e-06
-3.579340474649129781e-07,-5.822924296544440397e-06
-2.810980270796904798e-08,-3.413856348543217567e-06
-2.336053438056156366e-07,-4.869166378422445521e-06
9.033770017167698748e-06,-5.201709635123968363e-05
-3.673146396787816651e-06,-6.900388554212140904e-06
-2.118390171065733506e-06,-5.416484876465920133e-06
2.281425992832921518e-06,-1.122808481338958262e-04
8.760932384665732215e-08,-3.845425343852990962e-07
1.051828168364324661e-07,-4.413495597444987155e-07
-4.452382421036428773e-06,-1.319185332503389217e-05
-1.596434912322763691e-06,-1.421642994261027405e-05
-4.703343196688914687e-06,-2.887905066096023841e-05
-6.811317344341549660e-06,-6.705877944579773456e-05
-1.145655614805042190e-07,-1.063774084931911466e-06
2.249862002289713869e-07,-1.395867095546810605e-06
-4.647343708136445262e-06,-1.556994734136682063e-05
-2.238444758454662695e-06,-9.579677569709995933e-06
2.980918079844948988e-06,-4.084858164593044104e-05
1.572993936321535232e-06,-1.249116703672130722e-05
2.417961582135974360e-06,-8.542711926746025778e-06
2.723312723014183067e-06,-6.138705317739064095e-06
5.478436367093920949e-06,-3.736343719631500673e-05
5.444965177073957577e-07,-5.944860432353294976e-06
3.874265039187378332e-06,-1.981047632923956919e-05
3.963003641296868931e-06,-1.666313384470398615e-05
4.159644705092395853e-06,-3.375060718452671120e-05
2.131017135818267354e-07,-1.208598541858224561e-05
4.324235237785059631e-06,-4.051640647359443058e-05
-7.498364911546987353e-07,-1.549632518890336791e-05
3.177093857807795937e-06,-5.033278723560571564e-05
3.374357585571131469e-06,-6.252443660269488821e-05
2.316612762332951185e-06,-6.348658404068607483e-05
2.987983641210060225e-06,-8.195148084790020897e-05
4.681186703020072890e-06,-4.389351928677443697e-05
2.797847280310685024e-06,-1.038497744697651758e-04
1.143400349315684127e-06,-7.344934210209720085e-05
-5.182982160566164287e-06,-1.008334216738086787e-04
1.344706767766633533e-06,-1.202007398236734008e-04
-5.428049896609652285e-07,-7.650315235748354520e-05
-7.646578055310178697e-07,-1.264342116731261598e-04
-1.934036936081373372e-06,-7.165515909099541374e-05
-2.825953415162377721e-06,-1.202627748789674637e-04
-3.051051518023440361e-06,-6.009135045437327596e-05
-3.697456024615203311e-06,-4.400275346034326017e-05
-2.015539447489672725e-07,-2.564523718058730755e-06
-1.312359649243283034e-07,-2.841957706751140515e-06
-5.188169511639727545e-08,-3.341047062226683070e-06
-2.603008673552640311e-08,-2.672504235007384902e-06
-4.013782399936795258e-07,-3.458811228057738737e-06
-2.823654888176196729e-07,-3.817468357391426385e-06
-2.117617979388970242e-07,-4.567619220706514367e-06
-9.712600755328724610e-08,-3.555760580033756014e-06
7.485812916485189179e-06,-5.689489932024469911e-05
3.536115933863547972e-06,-4.805053452312511197e-05
7.435432825615254194e-06,-3.289175392092659776e-05
-4.450287384354459633e-07,-1.523924996487808529e-05
1.510021086021551470e-06,-7.026696335071802071e-06
-4.244667525918694190e-07,-1.589647805647861786e-05
-7.377644172802468247e-07,-6.323933022134637859e-06
-2.412049498391705974e-07,-4.428550832441926511e-06
7.639940065680038148e-06,-3.017376235703402148e-05
6.626685767899127326e-06,-2.650176219021380843e-05
-1.845834036692444546e-06,-2.970169749551981276e-05
4.546309774204153130e-07,-3.172564468775680442e-05
1.519198774103270255e-06,-3.725592824063538581e-05
3.359691493703140419e-06,-3.316795618888795883e-05
4.783941692099692487e-06,-3.801815945708131544e-05
6.442641000117650778e-06,-3.429540734081419206e-05
4.898553965882576749e-06,-2.996177941361547254e-05
7.844790700114675114e-06,-3.096762785101779542e-05
6.283124548305407613e-06,-2.743851736688073518e-05
8.140162217623379042e-06,-3.917075324804755336e-05
6.012585217155726044e-06,-4.358928888507117088e-05
9.837180893905290665e-06,-4.424686062196348814e-05
8.129580701662301239e-06,-4.921021860690116785e-05
8.941950351467309029e-06,-2.821670174765779823e-05
7.405522380710287895e-06,-2.543045171034498660e-05
1.150871252472482868e-05,-3.992438140840790103e-05
1.183050763860512757e-05,-4.948362796007086512e-05
9.784396488908050492e-06,-5.462909062289378006e-05
6.274339819304238067e-06,-5.415992348939116703e-05
7.441861935562066863e-06,-6.013869233856632520e-05
1.372323676996118507e-05,-5.466564206905315021e-05
3.758999315981424551e-06,-2.656025999372584167e-05
1.077365275949460977e-05,-3.185737824600948866e-05
9.639326015294469530e-06,-2.611504860750859212e-05
8.163914783937867739e-06,-2.392185264684011268e-05
6.257251873451192020e-06,-2.334783035866382195e-05
7.098450647144346382e-06,-2.240649131985683742e-05
5.511536033417777225e-06,-2.183638035223234425e-05
6.436052550170175823e-06,-2.147154760536866512e-05
7.546531763979672167e-06,-2.202907904699673007e-05
6.983213858380679886e-06,-2.169711538272094814e-05
7.530530584450937605e-06,-2.219844502891318898e-05
5.096948551184600562e-06,-2.078302367355621574e-05
7.080237317796613462e-06,-2.245394939961049604e-05
1.003094456599765208e-05,-2.447703307912681931e-05
6.793001334428543596e-06,-2.195187037018388464e-05
7.105381166791931181e-06,-2.288690917885043827e-05
5.550408126680136414e-06,-4.932960177541156026e-05
5.333415410306388164e-06,-5.566649198647590386e-05
-2.073531504221829951e-06,-6.661903158607184059e-06
-1.040417637036247239e-06,-5.253153869818432249e-06
-2.414361610986221628e-06,-2.081386078229351908e-05
-1.439135484219660086e-06,-2.130766826010689280e-05
-2.735802794737794070e-07,-2.385424223436705487e-05
1.315346049025532429e-07,-2.138794757274857216e-05
1.673301615872242517e-06,-2.343180692828501430e-05
1.905401647355618254e-06,-2.121041297220771225e-05
4.462673369126210473e-07,-1.960273809061784304e-05
1.993546944081061568e-06,-1.954127286827359147e-05
6.862233076964217461e-07,-1.832945766278344402e-05
1.972712867182142535e-06,-1.836128963422138408e-05
7.925169924065874078e-07,-1.742757270677244207e-05
3.707714566136273405e-06,-2.306285768279132221e-05
3.570040574891777173e-06,-2.582233116039320671e-05
1.841753308870223353e-06,-1.755337571014943665e-05
7.810401388233034603e-07,-1.683399719498827218e-05
-1.358663541949972224e-07,-1.659487420864973924e-05
-1.091553691138166134e-07,-1.617403429596281649e-05
7.039872723368862286e-07,-1.649964138603829050e-05
-8.891814320972234792e-07,-1.575817323817666976e-05
-9.629121628395650735e-08,-1.603361285079896544e-05
6.003965175819990589e-07,-1.637598603768837400e-05
1.444856572284867915e-06,-1.675847726302211342e-05
-2.214549176970951978e-06,-1.904066945500325380e-05
-6.146149473682499241e-07,-1.823800106335797292e-05
3.259953100512746141e-06,-1.939161890165106661e-05
-1.315687487327728046e-06,-1.614948804796639394e-05
-1.775524455182685175e-06,-1.486641753308264717e-05
-9.021015035784774031e-07,-1.562566273263428800e-05
3.510047626129856112e-06,-1.932952998382520850e-05
-2.071656938843678134e-06,-1.445993872953398272e-05
-1.241430756087612068e-06,-1.536638399948714055e-05
2.722011038961482729e-06,-3.763127096749847237e-05
3.874852531408976116e-06,-3.244771267080546968e-05
6.225164495545908267e-06,-3.909886807725725691e-05
-7.082911824649404589e-07,-2.587795921508165503e-05
-7.131316944203688839e-06,-8.480204196529247983e-05
5.096353054699550732e-07,-1.598879609860262175e-05
3.781623534939774967e-07,-1.626072464011292604e-05
5.596721913557313271e-06,-3.050217568379011735e-05
-4.839477959995464654e-06,-3.547555895171920076e-05
6.801234823129957725e-06,-2.353642182716824039e-05
2.013589400454013221e-06,-2.888783735925189690e-05
-4.092956144777413165e-07,-6.150680947175894713e-06
-1.133846473973557404e-06,-8.782317344429314403e-06
1.266840627742849991e-06,-1.664722206979253564e-05
5.439006309713417578e-07,-1.638033318667377617e-05
2.015458692802999188e-06,-1.694536966792540528e-05
3.085848372161678563e-06,-5.726540652406933234e-05
3.792820946896691831e-06,-7.226329388036769577e-05
7.832339440662874731e-06,-2.264587319521759319e-05
-1.047903526688707573e-07,-2.201227029359366322e-06
8.663252660212055714e-09,-2.117735107410744959e-06
-5.509906622219223064e-08,-1.761266100773085524e-06
1.992042091917308297e-08,-1.680780782824850449e-06
-6.310484516498877182e-08,-1.386719087866156082e-06
9.386877712345095592e-09,-1.303305935868477823e-06
8.194875469455590851e-08,-1.622751609616809878e-06
-1.871793027896545335e-07,-2.875099749616998333e-06
-1.050434341775607497e-08,-2.732464566241783110e-06
-9.306103593338964687e-08,-2.232848343634723885e-06
1.921650425320534895e-08,-2.103202109436749630e-06
-9.173102309543465295e-08,-1.709742590347635696e-06
1.013622484591885161e-08,-1.583343881953917055e-06
1.065790590513856441e-07,-2.055560014396692915e-06
5.921235272891232182e-06,-2.514560584887524285e-05
4.113696204343927025e-06,-2.264053001954283552e-05
7.173329509236312661e-06,-2.331905688972240291e-05
3.828417746927495838e-07,-1.135278300024746944e-04
1.182723470800320066e-06,-1.129393454996751721e-04
2.323637822172957624e-06,-1.109193489360715107e-04
-1.176417157681886463e-06,-6.806647826557210283e-06
-5.389088701297994645e-07,-5.804715406207192589e-06
-2.144357092825065947e-06,-8.921526044286470856e-06
-1.361440337421891545e-06,-7.803209058792194051e-06
6.828612758636229368e-06,-3.689366269632289390e-05
-5.929113494196075786e-07,-2.775106541076870933e-05
-4.784094995212421484e-07,-1.359532423502724737e-05
5.730587852487175243e-08,-1.119668790146776202e-05
1.203248103285443793e-05,-2.922448017961996002e-05
-1.077653879461323611e-07,-1.043158571453085318e-06
-1.573874965282264262e-07,-1.303766263522284781e-06
-6.426804359803449727e-08,-1.054237311873871327e-06
7.038918478696461147e-09,-9.451407379232178747e-07
-8.497349692877121827e-08,-1.264692655690556819e-06
8.467162340996117809e-09,-1.118105279446440281e-06
-5.264902207379389704e-07,-9.172932237110096316e-06
9.926125919054787181e-07,-5.992635366447677014e-06
8.551747965575924845e-06,-2.296320754188193488e-05
9.786267970829170157e-06,-2.342802997827263798e-05
8.421693007430237598e-06,-2.252460774150000133e-05
-2.011086590238166457e-07,-7.936662395056494376e-06
-7.239673384091120121e-07,-6.622833351926592104e-06
-1.901413767897156318e-06,-1.200717711431032978e-05
-2.094216236538985513e-06,-9.758280497032217855e-06
9.238693224025885685e-07,-7.158600897960713967e-05
5.298226976314936980e-06,-7.364893067543085614e-05
5.819916433912903909e-06,-7.966395925746377156e-05
9.527040586543066768e-06,-7.549339197236993031e-05
9.948595815033798825e-06,-8.093330533243531233e-05
9.232228052582164897e-06,-6.999230011456144737e-05
1.338427442390208076e-05,-7.149148749443881600e-05
1.266197451246975509e-05,-6.630113095321500183e-05
6.492802850390726002e-06,-8.486837402465650330e-05
1.044623027955206079e-05,-8.592686844159317793e-05
4.989238004906418241e-06,-6.690514506312078742e-05
4.289953015535262812e-08,-5.928489910344206514e-05
-1.718937799819058541e-07,-1.370972027983071039e-05
1.158828115066929419e-06,-1.660753326624335002e-05
3.483675179148927932e-06,-2.094451544531566290e-05
7.346158927897209323e-06,-8.986632978898134413e-05
5.227828025465866073e-06,-9.357724707611733955e-05
8.447892834820047418e-06,-9.324236066970082381e-05
5.908778168450561891e-06,-9.697012293542980909e-05
-6.026997099889649314e-07,-4.318219993263528134e-05
1.098174089837536493e-06,-1.096423655751873824e-04
2.879486990291484099e-06,-1.081007369283903382e-04
3.180937485965240031e-06,-1.056624013324803025e-04
1.401600462131884170e-05,-8.226099276435935566e-05
1.150970725006498345e-05,-8.981887968721413121e-05
6.380608997881685779e-06,-5.753512167368668038e-05
-8.551279746664504637e-08,-8.388705828962377666e-07
-6.966281947551181447e-08,-7.174222237941357845e-07
-9.279098029950741614e-08,-4.023736078431200033e-07
-1.114997244039258363e-07,-4.638102373088487877e-07
-2.074376226406100992e-06,-2.204916795657758919e-05
-7.869520683501987045e-07,-8.033568324443112071e-06
-4.662743791318824031e-07,-1.215190438750404686e-05
1.339526832306845198e-05,-4.473043823077459249e-05
1.508721423884001647e-05,-4.035605602574300269e-05
1.265886119523254611e-05,-3.592373508434676030e-05
9.536109988465085754e-06,-3.518181914271932683e-05
2.050909597032237339e-06,-1.026708695341600389e-04
4.990312558097356614e-06,-1.005331583311434650e-04
4.781340291223398172e-06,-1.029496590911735447e-04
8.430895772106830705e-06,-9.860941674829486745e-05
7.331018488028286590e-06,-1.012841084204259046e-04
6.727525157001030897e-06,-1.035286656545179179e-04
3.234495008554792825e-06,-1.842347401888253577e-05
2.779282011475840113e-06,-4.636729094226186475e-05
-4.448548587760017799e-07,-5.525703175529134353e-06
-1.353316426491206162e-06,-8.019533608391707830e-06
1.049495263612666914e-06,-1.041171827768282789e-04
-1.412184563071478164e-06,-1.045310335677588792e-05
-1.981229280864442117e-06,-2.860300787086807108e-05
-3.418826036759958585e-06,-3.411818460867768374e-05
1.666894557484350264e-05,-6.752078610554527300e-05
1.649530502666387868e-06,-1.703442733071328533e-05
-2.679399896695222373e-06,-1.743464019495487530e-05
1.401456494533024908e-06,-5.291387609829676512e-06
8.931446249661571801e-08,-1.198609471702029163e-06
6.922385318885281930e-08,-1.001922573577595926e-06
4.717625790098154291e-06,-1.068992258037943307e-04
-1.592517383799587302e-06,-7.115312982283501927e-05
-4.670582545063907271e-06,-9.769716169831727578e-05
5.612306069632800026e-06,-2.278348604409711936e-05
1.874289641690508463e-06,-8.419274728364305638e-05
-2.118515383121338662e-07,-1.600849659817755067e-05
8.882418219408570196e-08,-2.021100795889566321e-06
1.015642605649387081e-07,-2.642737349553470364e-06
1.200376360450599193e-05,-6.057049816182497379e-05
1.646333115678468405e-05,-5.922750193220559082e-05
1.813389802634860019e-05,-5.475854820779452132e-05
1.578908621686126747e-05,-4.999443106864429721e-05
4.361660198356024285e-07,-1.007833000226031431e-05
-4.952120163651687210e-07,-7.646024908363873449e-05
-3.251955977616774057e-06,-1.163734222447672595e-04
-4.016953179504338159e-06,-1.122626522391555382e-04
6.389249917919576533e-06,-5.444415875885607345e-05
-3.487503085805312057e-06,-5.249448585967881296e-05
2.648494542384937967e-07,-1.248232014418515967e-04
-1.780083680875249306e-06,-1.249588659015944507e-04
-1.327544715830872927e-06,-7.501624090265923185e-05
-2.553728713290646308e-06,-6.659478277061111283e-05
3.959016327272748164e-06,-5.173711744861408989e-05
3.759346948379892368e-06,-4.243869231125968727e-05
-2.476330740842278264e-07,-1.430077874629399426e-05
1.793227883556136750e-05,-3.855818824702414194e-05
1.544903838907067054e-05,-3.140943016630407707e-05
1.877944807313176734e-05,-4.279032309877299869e-05
3.863027188343148353e-06,-1.822504603140868133e-05
2.708461428842913654e-06,-1.761226843021233333e-05
7.039300993840782894e-06,-2.335089820324120349e-05
5.417358507425226999e-06,-2.009127102897812121e-05
3.106020107606594896e-07,-1.876584829646774243e-05
-5.557808917823107037e-07,-1.096560384047515927e-05
-2.179899349948378745e-07,-9.364039883604554081e-06
2.317598125425852089e-06,-1.717774613149898079e-05
6.863216774833483663e-06,-2.330773065976872051e-05
4.888842636840885785e-06,-2.589893375055059274e-05
1.454518022143735088e-06,-1.617325417568463568e-05
3.540498417948414216e-06,-3.031446788695582481e-05
1.844234762719396852e-05,-7.256732459375458304e-05
1.005209024348787503e-05,-3.960644381231000227e-05
9.059401907706702737e-06,-3.146041822800480691e-05
6.258430957578767067e-06,-2.996534667445731792e-05
-4.553757764109422280e-06,-2.207610575021598425e-05
-6.581233078383824204e-06,-4.746105020866450848e-05
-5.671903348744937242e-06,-2.851089730049903285e-05
-4.417083175640205376e-06,-1.002091522258204081e-05
-2.397016974926259791e-06,-6.930960586253159693e-06
-1.909259505180692075e-06,-1.216676581641895330e-05
9.313235431143878211e-06,-1.019115508405704976e-04
1.185170636027852535e-05,-9.684799893640459929e-05
6.556871186693136527e-06,-5.808995750245745423e-05
-9.330937825710735379e-07,-1.560513834518799427e-05
5.875403853220189606e-06,-4.459695330842716434e-05
5.658211014726793047e-06,-2.664281235629385990e-05
-8.366877019755687493e-07,-1.558698913056009817e-05
-5.384125073847707019e-07,-1.341225426377586958e-05
8.685159388800844175e-07,-2.585931661645044877e-05
6.122734104742469157e-06,-2.108538944352379807e-05
5.254854870282402537e-07,-2.371893274422848228e-05
3.697335277928587939e-06,-1.110853965559324442e-04
5.963511982803641360e-06,-1.076396934069590798e-04
1.155054751951915316e-05,-2.477050205491918860e-05
1.418082236087908175e-05,-2.863800440300906077e-05
9.001222573245005061e-06,-4.869280884793123344e-05
4.845199785700686158e-06,-1.872595409621260641e-05
1.318314234422842987e-06,-1.769771552525668346e-05
3.515504820583206075e-06,-1.977888823195020986e-05
-7.104530235364659546e-07,-1.358799192369506994e-05
3.579029299518417660e-06,-3.668556119227962988e-05
4.562840823646890207e-06,-9.338690918206346049e-05
-1.611391926495298152e-06,-1.442411441260871840e-05
1.537454646208671131e-06,-1.424498157275971957e-05
1.617462740996357357e-06,-1.670589229790428974e-05
-2.578325679790904761e-06,-1.338385369223329239e-05
1.366779585896959421e-05,-7.677142562286162211e-05
1.269777973623703960e-06,-4.022196803493203305e-05
7.108527597654049565e-08,-3.355876342193629478e-07
8.367366980493042260e-08,-3.831552702458817454e-07
-2.065722343364561101e-06,-1.594564752461153691e-05
4.191663070721457038e-06,-5.227904875014886138e-05
1.381170265650478562e-05,-3.309755457022244511e-05
3.649537775039792632e-06,-6.016254812364156535e-05
9.160023608361729286e-06,-6.468598872546161942e-05
-1.032826570751521846e-06,-1.949356331531208847e-05
2.121433404242092364e-06,-2.867459783445164840e-05
-1.679157183409812282e-06,-6.187284466261348007e-06
-1.353747574147452815e-06,-4.677725042454348592e-06
6.162484219882104672e-06,-2.491308244481547400e-05
-9.493554267273806000e-07,-3.377958164107689186e-06
4.056065884408003410e-06,-1.089109422023876563e-04
-2.144287553320956464e-06,-6.009743515992773582e-05
-4.629034124483594586e-06,-7.654856632871362009e-05
1.122967854801566310e-07,-1.868164166704508846e-06
7.606725684048762359e-08,-2.837425865479077864e-06
1.091744728469826020e-07,-2.607862578511831982e-06
1.464005865409978214e-08,-3.909720484815919946e-06
6.924066739764401559e-06,-3.312290858877187268e-05
-7.165892472512527440e-07,-1.502874058192262590e-05
-3.591238070203120038e-07,-2.353875987636801335e-06
-1.925179327394712991e-07,-1.750298449179614800e-06
5.847909211832668125e-06,-7.748764901432753582e-05
1.076032103146251924e-06,-3.301538281517710178e-05
5.083588107930661433e-06,-2.471631278860835369e-05
6.486271476803130726e-07,-2.839399691842465446e-06
-1.757205805638098162e-06,-1.794310905106036815e-05
1.288384007897364204e-06,-3.527097657949195228e-06
-2.783511510977692484e-07,-4.475821627438183893e-06
-3.663683056182488288e-07,-1.725386666395146954e-05
-2.154855744028126874e-06,-5.359628124920409482e-05
-4.296503850172381854e-06,-6.690475274792133636e-05
8.342896064186256091e-06,-5.487703164677998748e-05
3.555619413480772837e-06,-2.100625687768275864e-05
-8.249479248189265927e-08,-3.848138464253374798e-07
-7.013360438599036375e-08,-3.359908969439765570e-07
-2.640389561061098277e-07,-1.858877212207584513e-06
-1.528304289908143450e-07,-1.398261745568708779e-06
-1.193908826663352957e-06,-1.505290948517798101e-05
-2.371387514915780778e-06,-4.605923025716783894e-05
-4.378323136538531835e-06,-5.656941372659248857e-05
-8.612429470282396527e-08,-7.760136821664872251e-07
-1.182717192253407823e-07,-9.423995334462930521e-07
9.883329725783604613e-06,-9.553152333459820876e-05
8.660791325696103456e-06,-1.036156816128906309e-04
-2.284231506223262874e-06,-3.741629117704588974e-05
-1.358156392465973333e-06,-1.323466095047563919e-05
-4.018049708217979492e-06,-4.519699298125378728e-05
3.796705076795399718e-06,-1.070128513051194272e-04
1.841486902420233578e-06,-4.850632625582898620e-05
3.111977222727233456e-06,-5.284965226292125476e-05
2.587622266981918385e-06,-1.167518602919183449e-04
1.795487460688275935e-06,-5.654990111483740138e-05
1.460384348125902978e-05,-9.030811968850974408e-05
4.856229451348189393e-06,-2.028684064790209099e-05
1.460678610007126526e-07,-1.478775411831949184e-06
1.078100996464895183e-07,-1.149566287319255791e-06
1.559776202888745662e-06,-6.370535827082702814e-05
1.313231805248344393e-06,-1.231278274912668623e-04
3.952563562455285955e-06,-2.473594844131222868e-05
3.943568189308738787e-06,-2.938285052919579330e-05
4.258134936484870920e-07,-9.071707005224547378e-06
9.878661215227462530e-08,-1.598214514029062473e-06
7.457592419361952370e-08,-1.299816585040141899e-06
2.748343361187813285e-08,-1.261364050080742241e-04
1.182671161176753983e-06,-6.957477065256482940e-05
7.853911360850097525e-06,-2.512654624943448583e-05
-1.430405250431937764e-06,-6.896129572270378046e-06
-1.519050800315712291e-06,-1.946232386129117609e-05
-2.618679447793429843e-06,-2.312027367139132694e-05
6.707335528336077319e-07,-7.382021830025295027e-05
-1.236370327234054018e-06,-1.258645871903367995e-04
9.969253672596271883e-08,-6.408585536614995664e-07
7.863623814512361726e-08,-5.459363577867729029e-07
7.340881821017126167e-08,-7.616206202217725026e-05
-2.350652203612597673e-06,-1.224394892291452708e-04
-4.640677980564562599e-08,-6.761236597904748332e-06
2.698995078613474465e-07,-5.173679438610642426e-06
4.147899646016426839e-06,-1.092569987524533285e-05
3.960650477993514454e-06,-1.338689574795419069e-05
3.000451070815324554e-07,-7.592082077335002006e-05
1.989344083808377844e-06,-1.128803274617705665e-04
2.578375544328024487e-06,-4.442489015363875414e-05
1.171066747616346521e-05,-2.668161779417750043e-05
-4.056003295393072830e-06,-1.078438597509784764e-04
-1.073784114853778683e-06,-7.473875097582741037e-05
1.683620787686374071e-06,-6.918696764508090898e-05
2.737690793490550678e-06,-9.323675448802451980e-05
9.318717586957928227e-08,-8.072458631920827272e-07
7.605278760069082611e-08,-6.921885227861963857e-07
-1.964967655584735129e-06,-6.607392487476342025e-05
-4.873818482264278252e-06,-8.682075616729104019e-05
8.816254591070171127e-08,-8.960343184058976098e-07
1.207749361735323552e-07,-1.114206092942125029e-06
-2.441565540781570839e-06,-1.760603498553727452e-05
2.708198268600921418e-06,-1.725605270778202943e-05
7.939344929611684187e-06,-2.303564377450812396e-05
1.599399491415041745e-06,-1.024288189756267010e-05
-1.565723634161679605e-07,-4.104128604504399877e-06
-5.280172690991761552e-07,-5.730995407700463870e-06
9.868360021624858708e-07,-1.130948359116923076e-04
-1.819212087471816406e-06,-1.515264216190078093e-05
7.158416091502531063e-06,-4.575423892798740331e-05
1.060521312871695483e-05,-2.380704570756768230e-05
2.690138007899339981e-06,-2.396928121314036663e-05
6.579098306677299224e-06,-5.759114873583682300e-05
-2.447987432501290620e-05,-8.695703683074983614e-05
1.747225633499636547e-05,-8.188060083753304248e-05
-1.200991824710048077e-05,-3.567270847809291050e-05
-8.803125444691848271e-07,-6.802683398826719637e-06
-2.676143718774961423e-07,-4.798730471242362806e-06
-1.315729241075217839e-06,-1.715738477697213048e-05
-2.848853545798679428e-07,-5.072445115906945484e-06
-5.549813702662955025e-08,-3.632255772542537742e-06
7.470061855011141946e-06,-2.325931844468632264e-05
1.216986189090446959e-06,-2.586370528645685074e-05
4.659151858954493334e-06,-2.051283911930660100e-05
-9.999410240950943787e-07,-7.166337486298054939e-06
-1.604057059166562680e-06,-9.784885524744057155e-06
1.042025165740405321e-06,-1.651572524797174490e-05
-1.764812984383315559e-06,-8.880375912615791684e-06
6.411863590370326857e-06,-5.040223403157308840e-05
2.022170286427682232e-05,-5.842322019639318925e-05
2.002608519449768762e-06,-1.977666567637808280e-05
5.024719501855755535e-06,-1.049710198152070602e-04
-1.398149170726605472e-06,-1.514652823508148519e-05
-2.764401450012215700e-05,-9.020463473025146445e-05
4.096020771779758524e-06,-2.861813169607897169e-05
1.997225213080014118e-06,-9.633066479692781506e-05
1.262937471727957363e-05,-7.180193937330779045e-05
1.007504108843858780e-05,-5.672376276485291283e-05
1.995971803783455677e-05,-5.138244548890905799e-05
6.577728298678032602e-06,-5.759902668479805675e-05
-2.993058325362578065e-06,-1.114951983518291316e-05
3.438088887285859839e-06,-1.105528389194713340e-04
-4.287262904455266150e-07,-5.748337447687151751e-06
-1.317088818635441097e-06,-8.240757887242156727e-06
5.487217832192201358e-07,-1.509783478311488495e-05
-2.845071544011259491e-07,-1.608210488578500682e-05
5.394940861791609570e-06,-3.377209534416996544e-05
-4.808413624371214378e-07,-1.239726129437130395e-06
-2.128677082209099536e-06,-1.484202110519350145e-05
1.592877644103594750e-05,-6.380801268828807920e-05
-1.396897857937016728e-06,-4.235910062841469466e-06
-8.361108323983584713e-07,-3.362410244367591635e-06
-1.993218638773815300e-06,-1.140595103156599892e-05
1.646238311748199625e-05,-4.496737424690408816e-05
1.109330809226189102e-05,-5.634755610461690583e-05
1.619649610593832885e-08,-3.425248515727808146e-06
5.349122184050555253e-08,-2.549985316397847386e-06
6.880655825307862160e-08,-1.708828480276090523e-07
7.940457822203828506e-08,-1.927149605355136078e-07
-8.669896689172403549e-07,-7.197592791001711137e-06
-1.769393867522282728e-07,-5.221542287716005931e-06
6.756560537166041462e-06,-5.627488176042921576e-05
6.489078855291223802e-06,-2.190784168405380240e-05
6.258448363050994215e-06,-2.814120058933957926e-05
-7.371013403744789501e-08,-1.862100636277457139e-07
-8.539181916163185250e-08,-2.112298129303673565e-07
2.400311539699441005e-06,-1.119363261041894897e-04
5.398539548610535374e-06,-4.831600817648972775e-05
1.125590467749721005e-05,-9.277133070222815805e-05
-5.343948885097152770e-08,-1.616183006565318194e-05
9.848892501058277200e-06,-7.103914425762997956e-05
1.527489894233595427e-05,-3.633673408561699958e-05
-2.847453061717855059e-06,-4.888307103328533053e-06
-6.881563278814547844e-07,-1.567655108728291418e-05
2.352287232814079733e-06,-1.705360533763786903e-05
6.513445281382794951e-06,-2.371315504991978727e-05
4.549662916653194414e-07,-1.636270741925561080e-05
-1.154322258722673606e-05,-3.523283379862381776e-05
-2.046039994061957920e-06,-1.550579963428166301e-05
6.840893513685799047e-06,-2.474179262015046177e-05
-1.530871921539372611e-07,-2.136269854966618227e-06
-2.785193187091700727e-07,-2.831195670847792587e-06
7.576269594922523721e-07,-1.228787719938860654e-06
-2.666389957053625754e-07,-5.333833277106453387e-06
4.363661893749866493e-07,-3.627797499387505027e-06
-6.709766417906902031e-07,-1.051258706934312621e-06
2.035167481175591137e-05,-6.759710472127196108e-05
5.476263513842392558e-06,-3.548992924198260835e-05
6.347428738456335880e-06,-5.393377147195326925e-05
7.614813360858622579e-06,-4.250424139241610472e-05
4.640881260230635955e-07,-9.402751110835608057e-07
5.551871572301994299e-06,-2.728574594798626254e-05
6.766473511725549448e-06,-5.181697469687406103e-05
3.095452203828611878e-06,-1.040460346529131476e-04
7.910817442859493105e-08,-1.174927087332908586e-05
5.471345376340403790e-06,-5.692714150200150092e-05
1.070733877291926452e-06,-1.127998029015300671e-04
-9.052816456767304638e-07,-7.807751858265426755e-06
-2.364017185076123402e-06,-1.130468556951591168e-05
-1.884134771084071745e-06,-9.170511046631957050e-06
-7.616795901956108476e-07,-6.370006790603526498e-06
5.667114554384919284e-06,-4.034121038473872250e-05
-1.060952272884654224e-07,-1.422668028138174592e-06
-1.672780625338607103e-07,-1.818983529778333006e-06
1.151003322944996514e-05,-2.550009794220534743e-05
7.212047182177673623e-06,-2.797803511050757193e-05
9.731562249648919448e-07,-1.633829768733050008e-05
-6.931414664800236784e-07,-1.236501912602084158e-05
4.229201564499515923e-06,-1.937088566946109245e-05
2.943581066226488776e-06,-4.132433098555709708e-05
1.566795774857300148e-06,-2.573689993897040966e-05
