Number of nodes 335 
     0 :  0.0000000e+00  1.0000000e+00 
     1 :  0.0000000e+00  0.0000000e+00 
     2 :  1.0000000e+00  1.0000000e+00 
     3 :  1.0000000e+00  7.5000000e-01 
     4 :  5.0000000e-01  7.5000000e-01 
     5 :  5.0000000e-01  2.5000000e-01 
     6 :  1.0000000e+00  2.5000000e-01 
     7 :  1.0000000e+00  0.0000000e+00 
     8 :  0.0000000e+00  9.5000000e-01 
     9 :  0.0000000e+00  9.0000000e-01 
    10 :  0.0000000e+00  8.5000000e-01 
    11 :  0.0000000e+00  8.0000000e-01 
    12 :  0.0000000e+00  7.5000000e-01 
    13 :  0.0000000e+00  7.0000000e-01 
    14 :  0.0000000e+00  6.5000000e-01 
    15 :  0.0000000e+00  6.0000000e-01 
    16 :  0.0000000e+00  5.5000000e-01 
    17 :  0.0000000e+00  5.0000000e-01 
    18 :  0.0000000e+00  4.5000000e-01 
    19 :  0.0000000e+00  4.0000000e-01 
    20 :  0.0000000e+00  3.5000000e-01 
    21 :  0.0000000e+00  3.0000000e-01 
    22 :  0.0000000e+00  2.5000000e-01 
    23 :  0.0000000e+00  2.0000000e-01 
    24 :  0.0000000e+00  1.5000000e-01 
    25 :  0.0000000e+00  1.0000000e-01 
    26 :  0.0000000e+00  5.0000000e-02 
    27 :  9.5000000e-01  1.0000000e+00 
    28 :  9.0000000e-01  1.0000000e+00 
    29 :  8.5000000e-01  1.0000000e+00 
    30 :  8.0000000e-01  1.0000000e+00 
    31 :  7.5000000e-01  1.0000000e+00 
    32 :  7.0000000e-01  1.0000000e+00 
    33 :  6.5000000e-01  1.0000000e+00 
    34 :  6.0000000e-01  1.0000000e+00 
    35 :  5.5000000e-01  1.0000000e+00 
    36 :  5.0000000e-01  1.0000000e+00 
    37 :  4.5000000e-01  1.0000000e+00 
    38 :  4.0000000e-01  1.0000000e+00 
    39 :  3.5000000e-01  1.0000000e+00 
    40 :  3.0000000e-01  1.0000000e+00 
    41 :  2.5000000e-01  1.0000000e+00 
    42 :  2.0000000e-01  1.0000000e+00 
    43 :  1.5000000e-01  1.0000000e+00 
    44 :  1.0000000e-01  1.0000000e+00 
    45 :  5.0000000e-02  1.0000000e+00 
    46 :  1.0000000e+00  7.9166667e-01 
    47 :  1.0000000e+00  8.3333333e-01 
    48 :  1.0000000e+00  8.7500000e-01 
    49 :  1.0000000e+00  9.1666667e-01 
    50 :  1.0000000e+00  9.5833333e-01 
    51 :  9.5000000e-01  7.5000000e-01 
    52 :  9.0000000e-01  7.5000000e-01 
    53 :  8.5000000e-01  7.5000000e-01 
    54 :  8.0000000e-01  7.5000000e-01 
    55 :  7.5000000e-01  7.5000000e-01 
    56 :  7.0000000e-01  7.5000000e-01 
    57 :  6.5000000e-01  7.5000000e-01 
    58 :  6.0000000e-01  7.5000000e-01 
    59 :  5.5000000e-01  7.5000000e-01 
    60 :  4.5122742e-01  7.4519632e-01 
    61 :  4.0432914e-01  7.3096988e-01 
    62 :  3.6110744e-01  7.0786740e-01 
    63 :  3.2322330e-01  6.7677670e-01 
    64 :  2.9213260e-01  6.3889256e-01 
    65 :  2.6903012e-01  5.9567086e-01 
    66 :  2.5480368e-01  5.4877258e-01 
    67 :  2.5000000e-01  5.0000000e-01 
    68 :  2.5480368e-01  4.5122742e-01 
    69 :  2.6903012e-01  4.0432914e-01 
    70 :  2.9213260e-01  3.6110744e-01 
    71 :  3.2322330e-01  3.2322330e-01 
    72 :  3.6110744e-01  2.9213260e-01 
    73 :  4.0432914e-01  2.6903012e-01 
    74 :  4.5122742e-01  2.5480368e-01 
    75 :  5.5000000e-01  2.5000000e-01 
    76 :  6.0000000e-01  2.5000000e-01 
    77 :  6.5000000e-01  2.5000000e-01 
    78 :  7.0000000e-01  2.5000000e-01 
    79 :  7.5000000e-01  2.5000000e-01 
    80 :  8.0000000e-01  2.5000000e-01 
    81 :  8.5000000e-01  2.5000000e-01 
    82 :  9.0000000e-01  2.5000000e-01 
    83 :  9.5000000e-01  2.5000000e-01 
    84 :  1.0000000e+00  4.1666667e-02 
    85 :  1.0000000e+00  8.3333333e-02 
    86 :  1.0000000e+00  1.2500000e-01 
    87 :  1.0000000e+00  1.6666667e-01 
    88 :  1.0000000e+00  2.0833333e-01 
    89 :  5.0000000e-02  0.0000000e+00 
    90 :  1.0000000e-01  0.0000000e+00 
    91 :  1.5000000e-01  0.0000000e+00 
    92 :  2.0000000e-01  0.0000000e+00 
    93 :  2.5000000e-01  0.0000000e+00 
    94 :  3.0000000e-01  0.0000000e+00 
    95 :  3.5000000e-01  0.0000000e+00 
    96 :  4.0000000e-01  0.0000000e+00 
    97 :  4.5000000e-01  0.0000000e+00 
    98 :  5.0000000e-01  0.0000000e+00 
    99 :  5.5000000e-01  0.0000000e+00 
   100 :  6.0000000e-01  0.0000000e+00 
   101 :  6.5000000e-01  0.0000000e+00 
   102 :  7.0000000e-01  0.0000000e+00 
   103 :  7.5000000e-01  0.0000000e+00 
   104 :  8.0000000e-01  0.0000000e+00 
   105 :  8.5000000e-01  0.0000000e+00 
   106 :  9.0000000e-01  0.0000000e+00 
   107 :  9.5000000e-01  0.0000000e+00 
   108 :  5.0537486e-02  7.9993988e-01 
   109 :  2.4894254e-01  4.9897233e-02 
   110 :  4.9613577e-02  2.4926979e-01 
   111 :  2.4893699e-01  9.5016299e-01 
   112 :  2.6133371e-01  6.7077941e-01 
   113 :  3.4783724e-01  9.5033617e-01 
   114 :  3.9887579e-01  4.9810752e-02 
   115 :  4.9996678e-02  4.0089035e-01 
   116 :  5.1904049e-02  7.0081984e-01 
   117 :  1.9649298e-01  5.4091216e-01 
   118 :  4.4220856e-01  7.8470364e-01 
   119 :  5.2638138e-01  2.0138225e-01 
   120 :  8.0101663e-01  9.5059958e-01 
   121 :  6.5004276e-01  9.5019221e-01 
   122 :  6.1040770e-01  2.0135519e-01 
   123 :  8.0059502e-01  2.1683524e-01 
   124 :  2.5742152e-01  3.3891485e-01 
   125 :  3.8452919e-01  2.3387910e-01 
   126 :  2.0826750e-01  4.0909215e-01 
   127 :  3.6942784e-01  7.6117920e-01 
   128 :  5.0028397e-01  9.4932763e-01 
   129 :  5.0369933e-02  6.0375549e-01 
   130 :  5.5074151e-01  5.0074141e-02 
   131 :  5.9903820e-01  8.1039754e-01 
   132 :  9.9942876e-02  9.5001429e-01 
   133 :  8.9548903e-01  8.0183162e-01 
   134 :  7.0046385e-01  4.9431842e-02 
   135 :  8.5263951e-01  4.6978870e-02 
   136 :  8.0000003e-01  7.9999999e-01 
   137 :  9.5459533e-01  8.4691163e-02 
   138 :  4.9898436e-02  1.4990839e-01 
   139 :  1.4978828e-01  4.9928724e-02 
   140 :  9.5572009e-01  8.7183086e-01 
   141 :  9.0271277e-01  9.5350773e-01 
   142 :  9.5375416e-01  9.1289805e-01 
   143 :  9.5176920e-01  7.9320513e-01 
   144 :  8.9692025e-01  1.9058445e-01 
   145 :  9.5653557e-01  1.2506531e-01 
   146 :  9.5593178e-01  1.6365778e-01 
   147 :  5.5044227e-01  9.5000231e-01 
   148 :  3.9766078e-01  9.4987240e-01 
   149 :  5.0002179e-02  5.5531647e-01 
   150 :  5.0137775e-02  5.0577993e-01 
   151 :  4.9745798e-02  3.4892174e-01 
   152 :  3.4836386e-01  4.9858858e-02 
   153 :  5.0043548e-01  4.9982511e-02 
   154 :  4.9957604e-02  9.9964318e-02 
   155 :  4.9984717e-02  4.9986257e-02 
   156 :  4.9980939e-02  9.5000238e-01 
   157 :  1.4979341e-01  9.5004345e-01 
   158 :  7.0001096e-01  7.8395491e-01 
   159 :  4.9973057e-02  8.9999240e-01 
   160 :  6.5084939e-01  4.9533127e-02 
   161 :  6.7114477e-01  1.9436054e-01 
   162 :  8.0143935e-01  4.8614146e-02 
   163 :  7.0503558e-01  2.1529541e-01 
   164 :  7.0008693e-01  9.5023419e-01 
   165 :  4.8629126e-01  7.9381180e-01 
   166 :  3.2612167e-01  2.5310543e-01 
   167 :  3.2770019e-01  7.4995286e-01 
   168 :  2.0759990e-01  4.4892685e-01 
   169 :  9.5221462e-01  4.2778611e-02 
   170 :  9.5227034e-01  2.0428458e-01 
   171 :  9.5175242e-01  9.5606274e-01 
   172 :  4.3204420e-01  2.1873300e-01 
   173 :  4.1138218e-01  7.7482265e-01 
   174 :  2.3774471e-01  6.3238406e-01 
   175 :  2.4041371e-01  3.6852463e-01 
   176 :  2.1242364e-01  5.9900414e-01 
   177 :  1.8261785e-01  6.3345217e-01 
   178 :  3.3084593e-01  1.9746811e-01 
   179 :  2.0731273e-01  3.1798750e-01 
   180 :  3.3230734e-01  8.0449682e-01 
   181 :  4.2795544e-01  8.2520868e-01 
   182 :  1.7095037e-01  4.0789108e-01 
   183 :  3.9618600e-01  9.9305782e-02 
   184 :  9.9657659e-02  6.1351488e-01 
   185 :  5.5427483e-01  1.0094402e-01 
   186 :  5.5166529e-01  9.0105235e-01 
   187 :  6.2101425e-01  1.5781722e-01 
   188 :  6.5006955e-01  9.0116862e-01 
   189 :  8.5678732e-01  9.3799242e-02 
   190 :  6.5801882e-01  1.3445012e-01 
   191 :  3.4261878e-01  9.0155006e-01 
   192 :  1.0935535e-01  4.0363067e-01 
   193 :  9.0733635e-01  8.8303334e-02 
   194 :  8.5199624e-01  9.5155509e-01 
   195 :  8.4999997e-01  2.0000001e-01 
   196 :  8.4902936e-01  7.8341859e-01 
   197 :  9.9171101e-02  5.6875527e-01 
   198 :  4.4881765e-01  9.4891437e-01 
   199 :  5.0805174e-02  4.5454659e-01 
   200 :  5.1373906e-02  6.5268128e-01 
   201 :  4.9572542e-02  2.9864268e-01 
   202 :  2.9835566e-01  4.9901940e-02 
   203 :  4.4965807e-01  4.9821460e-02 
   204 :  2.9808975e-01  9.5030635e-01 
   205 :  5.1435814e-02  7.5019934e-01 
   206 :  4.9698926e-02  1.9963793e-01 
   207 :  1.9936575e-01  4.9889178e-02 
   208 :  1.9938796e-01  9.5010513e-01 
   209 :  9.9402774e-02  1.4976069e-01 
   210 :  6.0022020e-01  9.5040868e-01 
   211 :  6.0123560e-01  4.9895980e-02 
   212 :  5.0108415e-02  8.4998639e-01 
   213 :  9.9876453e-02  9.0003796e-01 
   214 :  9.9753975e-02  9.9904804e-02 
   215 :  9.9900088e-02  4.9957163e-02 
   216 :  7.0175602e-01  9.7236972e-02 
   217 :  6.5000003e-01  7.9999999e-01 
   218 :  7.5002515e-01  8.0446841e-01 
   219 :  7.5073237e-01  4.9140112e-02 
   220 :  7.5032575e-01  9.5047532e-01 
   221 :  7.5266260e-01  2.0025316e-01 
   222 :  5.7572489e-01  2.0139503e-01 
   223 :  5.3483852e-01  7.9971065e-01 
   224 :  9.5502172e-01  8.3298247e-01 
   225 :  2.8629503e-01  2.9939250e-01 
   226 :  2.9047655e-01  7.0843871e-01 
   227 :  2.0268383e-01  4.9314621e-01 
   228 :  4.7014641e-01  8.3906749e-01 
   229 :  4.7893485e-01  2.0668260e-01 
   230 :  1.8918869e-01  5.7725499e-01 
   231 :  9.0311977e-01  4.4589129e-02 
   232 :  2.0423991e-01  6.6662728e-01 
   233 :  9.1414476e-01  1.2991789e-01 
   234 :  9.2310810e-01  1.5978871e-01 
   235 :  9.1021587e-01  8.6372960e-01 
   236 :  9.0458754e-01  9.0729435e-01 
   237 :  3.7036813e-01  1.9164350e-01 
   238 :  3.8375795e-01  8.0189308e-01 
   239 :  2.0408330e-01  3.6942618e-01 
   240 :  2.9518421e-01  9.9767431e-02 
   241 :  9.8010552e-02  2.9513940e-01 
   242 :  1.0335578e-01  7.5115969e-01 
   243 :  1.9851220e-01  9.0035639e-01 
   244 :  8.4964484e-01  8.4434358e-01 
   245 :  1.5826543e-01  6.6465400e-01 
   246 :  4.4994835e-01  9.9445220e-02 
   247 :  2.9485770e-01  9.0105112e-01 
   248 :  9.8403704e-02  1.9901098e-01 
   249 :  7.5152455e-01  9.7174670e-02 
   250 :  1.0031080e-01  5.1870680e-01 
   251 :  4.1820158e-01  1.8926788e-01 
   252 :  4.1628681e-01  8.5577724e-01 
   253 :  1.0307411e-01  6.5758555e-01 
   254 :  1.4917395e-01  3.3337892e-01 
   255 :  3.3682616e-01  8.5327409e-01 
   256 :  4.4531632e-01  8.8886163e-01 
   257 :  3.3793032e-01  1.4855117e-01 
   258 :  1.4927286e-01  5.3209311e-01 
   259 :  8.5268031e-01  9.0209031e-01 
   260 :  5.1122608e-01  1.5094708e-01 
   261 :  5.1599588e-01  8.4754164e-01 
   262 :  8.6841133e-01  1.4036825e-01 
   263 :  8.0091242e-01  9.0155687e-01 
   264 :  1.0246751e-01  4.6561321e-01 
   265 :  1.6125109e-01  4.3611605e-01 
   266 :  5.0343365e-01  1.0019332e-01 
   267 :  9.9984955e-02  3.4405976e-01 
   268 :  3.4442504e-01  9.9366012e-02 
   269 :  5.5015226e-01  8.4983966e-01 
   270 :  1.4944605e-01  9.0017013e-01 
   271 :  6.0034615e-01  9.0289972e-01 
   272 :  1.9824714e-01  9.9757626e-02 
   273 :  7.9999997e-01  8.5000001e-01 
   274 :  6.0583873e-01  9.9992248e-02 
   275 :  1.4817429e-01  1.5011237e-01 
   276 :  8.0372106e-01  9.6844892e-02 
   277 :  1.0010632e-01  8.5017617e-01 
   278 :  5.0367930e-01  8.9713089e-01 
   279 :  1.4911120e-01  9.9873825e-02 
   280 :  6.5436369e-01  9.7735140e-02 
   281 :  7.0238074e-01  1.5142509e-01 
   282 :  6.4998778e-01  8.4998782e-01 
   283 :  7.0005423e-01  8.4515318e-01 
   284 :  7.0012909e-01  9.0088716e-01 
   285 :  8.0358433e-01  1.5325860e-01 
   286 :  5.6310898e-01  1.5201315e-01 
   287 :  2.8826265e-01  7.6819225e-01 
   288 :  2.4733067e-01  2.7531524e-01 
   289 :  2.8491535e-01  1.9595228e-01 
   290 :  2.2643675e-01  7.0127026e-01 
   291 :  1.3871661e-01  6.2402933e-01 
   292 :  1.4965118e-01  3.7701134e-01 
   293 :  9.1977983e-01  8.3395187e-01 
   294 :  3.8184544e-01  8.5483050e-01 
   295 :  3.9055580e-01  9.0025800e-01 
   296 :  1.5161219e-01  5.9025611e-01 
   297 :  1.9629451e-01  1.5033922e-01 
   298 :  2.9060316e-01  1.4854788e-01 
   299 :  2.9120718e-01  8.5237400e-01 
   300 :  1.4387844e-01  2.8745691e-01 
   301 :  1.4477303e-01  1.9929290e-01 
   302 :  1.0508718e-01  7.0334365e-01 
   303 :  2.4683228e-01  9.0073227e-01 
   304 :  1.4964189e-01  8.5062927e-01 
   305 :  9.7346038e-02  2.4705339e-01 
   306 :  1.0114996e-01  8.0072218e-01 
   307 :  2.4650284e-01  9.9703550e-02 
   308 :  7.5020829e-01  8.6645472e-01 
   309 :  6.0017287e-01  8.6824626e-01 
   310 :  7.5234064e-01  1.3355217e-01 
   311 :  7.5035760e-01  9.0269370e-01 
   312 :  3.8835418e-01  1.4693668e-01 
   313 :  1.5345850e-01  4.8070012e-01 
   314 :  2.8904893e-01  8.0458326e-01 
   315 :  1.8439073e-01  2.7125419e-01 
   316 :  2.7269925e-01  2.3757522e-01 
   317 :  2.5140384e-01  7.4800597e-01 
   318 :  1.6369216e-01  7.0156198e-01 
   319 :  4.5437721e-01  1.4855401e-01 
   320 :  1.5084538e-01  8.0194107e-01 
   321 :  1.9808029e-01  8.5118375e-01 
   322 :  1.9382068e-01  2.0739572e-01 
   323 :  2.4543725e-01  8.0325692e-01 
   324 :  2.4207571e-01  1.9549337e-01 
   325 :  1.7197821e-01  2.4241776e-01 
   326 :  2.4530559e-01  8.5186669e-01 
   327 :  2.1866856e-01  2.4662150e-01 
   328 :  2.4360648e-01  1.4929889e-01 
   329 :  1.9871937e-01  7.2116817e-01 
   330 :  1.5346290e-01  7.5412141e-01 
   331 :  1.4121266e-01  2.4402178e-01 
   332 :  1.9915638e-01  8.0251530e-01 
   333 :  1.9947178e-01  7.5524156e-01 
   334 :  2.4328712e-01  2.2680828e-01 
Number of edges 108 
     0 :      0      8 
     1 :      8      9 
     2 :      9     10 
     3 :     10     11 
     4 :     11     12 
     5 :     12     13 
     6 :     13     14 
     7 :     14     15 
     8 :     15     16 
     9 :     16     17 
    10 :     17     18 
    11 :     18     19 
    12 :     19     20 
    13 :     20     21 
    14 :     21     22 
    15 :     22     23 
    16 :     23     24 
    17 :     24     25 
    18 :     25     26 
    19 :     26      1 
    20 :      2     27 
    21 :     27     28 
    22 :     28     29 
    23 :     29     30 
    24 :     30     31 
    25 :     31     32 
    26 :     32     33 
    27 :     33     34 
    28 :     34     35 
    29 :     35     36 
    30 :     36     37 
    31 :     37     38 
    32 :     38     39 
    33 :     39     40 
    34 :     40     41 
    35 :     41     42 
    36 :     42     43 
    37 :     43     44 
    38 :     44     45 
    39 :     45      0 
    40 :      3     46 
    41 :     46     47 
    42 :     47     48 
    43 :     48     49 
    44 :     49     50 
    45 :     50      2 
    46 :      3     51 
    47 :     51     52 
    48 :     52     53 
    49 :     53     54 
    50 :     54     55 
    51 :     55     56 
    52 :     56     57 
    53 :     57     58 
    54 :     58     59 
    55 :     59      4 
    56 :      4     60 
    57 :     60     61 
    58 :     61     62 
    59 :     62     63 
    60 :     63     64 
    61 :     64     65 
    62 :     65     66 
    63 :     66     67 
    64 :     67     68 
    65 :     68     69 
    66 :     69     70 
    67 :     70     71 
    68 :     71     72 
    69 :     72     73 
    70 :     73     74 
    71 :     74      5 
    72 :      5     75 
    73 :     75     76 
    74 :     76     77 
    75 :     77     78 
    76 :     78     79 
    77 :     79     80 
    78 :     80     81 
    79 :     81     82 
    80 :     82     83 
    81 :     83      6 
    82 :      7     84 
    83 :     84     85 
    84 :     85     86 
    85 :     86     87 
    86 :     87     88 
    87 :     88      6 
    88 :      1     89 
    89 :     89     90 
    90 :     90     91 
    91 :     91     92 
    92 :     92     93 
    93 :     93     94 
    94 :     94     95 
    95 :     95     96 
    96 :     96     97 
    97 :     97     98 
    98 :     98     99 
    99 :     99    100 
   100 :    100    101 
   101 :    101    102 
   102 :    102    103 
   103 :    103    104 
   104 :    104    105 
   105 :    105    106 
   106 :    106    107 
   107 :    107      7 
Number of quads 280 
     0 :    193    233    262    189
     1 :    231    193    189    135
     2 :    265    192    292    182
     3 :    289    298    257    178
     4 :    235    244    133    293
     5 :    119    229    319    260
     6 :    299    255    191    247
     7 :    267    241    300    254
     8 :    298    240    268    257
     9 :    192    265    313    264
    10 :    253    245    318    302
    11 :    296    197    250    258
    12 :    261    278    256    228
    13 :    144    234    146    170
    14 :    323    314    299    326
    15 :    141    236    142    171
    16 :    167    180    314    287
    17 :    226    317    290    112
    18 :    318    330    242    302
    19 :    258    250    264    313
    20 :    244    235    236    259
    21 :    233    234    144    262
    22 :    256    252    181    228
    23 :    107      7     84    169
    24 :     83    170     88      6
    25 :     27    171     50      2
    26 :    285    262    144    195
    27 :    269    186    278    261
    28 :    133    143    224    293
    29 :    286    260    266    185
    30 :    259    263    273    244
    31 :    133    244    136    196
    32 :    194    259    236    141
    33 :    260    319    246    266
    34 :    330    320    306    242
    35 :    302    116    200    253
    36 :    194    141     28     29
    37 :    171     27     28    141
    38 :    286    187    122    222
    39 :    195    144     82     81
    40 :    170     83     82    144
    41 :    324    322    297    328
    42 :    264    250    150    199
    43 :    143    133     52     51
    44 :    259    194    120    263
    45 :    267    151    201    241
    46 :    323    326    321    332
    47 :    269    309    271    186
    48 :    269    131    282    309
    49 :    311    284    283    308
    50 :    273    308    283    218
    51 :     29     30    120    194
    52 :    262    285    276    189
    53 :      4     59    223    165
    54 :    197    184    129    149
    55 :    286    185    274    187
    56 :    256    198    148    295
    57 :    270    243    208    157
    58 :    240    202    152    268
    59 :    133    196     53     52
    60 :    151    267    192    115
    61 :    272    207    109    307
    62 :    249    219    162    276
    63 :     75      5    229    119
    64 :    246    203    153    266
    65 :    247    204    111    303
    66 :    213    159    212    277
    67 :    131    269    261    223
    68 :    272    297    275    279
    69 :    257    268    183    312
    70 :    305    241    201    110
    71 :    254    292    192    267
    72 :    255    294    295    191
    73 :    245    253    184    291
    74 :    186    271    210    147
    75 :    119    260    286    222
    76 :    199    115    192    264
    77 :    149    150    250    197
    78 :    302    242    205    116
    79 :    207    272    279    139
    80 :    113    191    295    148
    81 :    114    183    268    152
    82 :    200    129    184    253
    83 :    203    246    183    114
    84 :    297    322    301    275
    85 :    198    256    278    128
    86 :    197    296    291    184
    87 :    131    223     59     58
    88 :    305    248    301    331
    89 :    307    328    297    272
    90 :    241    305    331    300
    91 :    204    247    191    113
    92 :    108    205    242    306
    93 :    243    270    304    321
    94 :    202    240    307    109
    95 :    321    304    320    332
    96 :    306    320    304    277
    97 :    275    301    248    209
    98 :    130    185    266    153
    99 :    208    243    303    111
   100 :    331    301    322    325
   101 :    110    206    248    305
   102 :    273    263    311    308
   103 :    303    243    321    326
   104 :    277    304    270    213
   105 :    209    214    279    275
   106 :    206    138    209    248
   107 :    198    128     36     37
   108 :    149    129     15     16
   109 :    149     16     17    150
   110 :    199    150     17     18
   111 :    148    198     37     38
   112 :    115    199     18     19
   113 :    113    148     38     39
   114 :    151    115     19     20
   115 :    203    114     96     97
   116 :    204    113     39     40
   117 :    129    200     14     15
   118 :    244    273    218    136
   119 :    114    152     95     96
   120 :    201    151     20     21
   121 :    271    309    282    188
   122 :    110    201     21     22
   123 :    152    202     94     95
   124 :    200    116     13     14
   125 :    157    132    213    270
   126 :    153    203     97     98
   127 :    111    204     40     41
   128 :    147    128    278    186
   129 :    206    110     22     23
   130 :    202    109     93     94
   131 :    138    154    214    209
   132 :    116    205     12     13
   133 :    208    111     41     42
   134 :    128    147     35     36
   135 :    189    276    162    135
   136 :    306    277    212    108
   137 :    274    280    190    187
   138 :    130    153     98     99
   139 :    214    215    139    279
   140 :    274    211    160    280
   141 :    285    221    281    310
   142 :    276    285    310    249
   143 :    205    108     11     12
   144 :    215    214    154    155
   145 :    138    206     23     24
   146 :    109    207     92     93
   147 :    211    130     99    100
   148 :    157    208     42     43
   149 :    210    271    188    121
   150 :    132    156    159    213
   151 :    280    216    281    190
   152 :    310    281    216    249
   153 :    147    210     34     35
   154 :    160    211    100    101
   155 :    195    123    221    285
   156 :    108    212     10     11
   157 :    207    139     91     92
   158 :    263    120    220    311
   159 :    101    102    134    160
   160 :    138     24     25    154
   161 :    139    215     90     91
   162 :    283    282    131    217
   163 :    157     43     44    132
   164 :    156    132     44     45
   165 :    217    131     58     57
   166 :    154     25     26    155
   167 :     26      1     89    155
   168 :    215    155     89     90
   169 :    212    159      9     10
   170 :    159    156      8      9
   171 :     45      0      8    156
   172 :    211    274    185    130
   173 :    187    190    281    161
   174 :    282    283    284    188
   175 :    134    216    280    160
   176 :    311    220    164    284
   177 :    217    158    218    283
   178 :    188    284    164    121
   179 :    221    163    161    281
   180 :    210    121     33     34
   181 :    231    135    105    106
   182 :     54    136    218     55
   183 :     56     55    218    158
   184 :    163    221     79     78
   185 :    162    219    103    104
   186 :    102    103    219    134
   187 :     32     33    121    164
   188 :    196    136     54     53
   189 :    222    122     77     76
   190 :    187    161     77    122
   191 :     77    161    163     78
   192 :    195     81     80    123
   193 :    104    105    135    162
   194 :    220    120     30     31
   195 :    220     31     32    164
   196 :    221    123     80     79
   197 :    217     57     56    158
   198 :    219    249    216    134
   199 :     76     75    119    222
   200 :    319    251    237    312
   201 :    319    229    172    251
   202 :    313    227    117    258
   203 :    289    324    328    298
   204 :    225     71     70    124
   205 :    227     67     66    117
   206 :    226     63     62    167
   207 :    125    237    251    172
   208 :    165    118     60      4
   209 :    296    258    117    230
   210 :    146    234    233    145
   211 :     64     63    226    112
   212 :    240    298    328    307
   213 :     72     71    225    166
   214 :    247    303    326    299
   215 :    317    287    314    323
   216 :    179    315    327    288
   217 :    179    288    225    124
   218 :     68     67    227    168
   219 :    289    316    334    324
   220 :    181    118    165    228
   221 :    228    165    223    261
   222 :    327    322    324    334
   223 :    142    236    235    140
   224 :    169     84     85    137
   225 :    172    229      5     74
   226 :    170    146     87     88
   227 :     73     72    166    125
   228 :     65     64    112    174
   229 :     69    175    124     70
   230 :     74     73    125    172
   231 :    239    175     69    126
   232 :    238    127     61    173
   233 :    171    142     49     50
   234 :     61    127    167     62
   235 :     66     65    174    176
   236 :     61     60    118    173
   237 :     69     68    168    126
   238 :    333    330    318    329
   239 :    224     47     48    140
   240 :     51      3     46    143
   241 :    224    143     46     47
   242 :    313    265    168    227
   243 :    316    289    178    166
   244 :    293    224    140    235
   245 :    106    107    169    231
   246 :    166    225    288    316
   247 :    167    287    317    226
   248 :    118    181    238    173
   249 :    145    233    193    137
   250 :    296    230    176    177
   251 :    327    334    316    288
   252 :    239    179    124    175
   253 :    238    180    167    127
   254 :    290    232    174    112
   255 :    265    182    126    168
   256 :     66    176    230    117
   257 :    166    178    237    125
   258 :    231    169    137    193
   259 :    176    174    232    177
   260 :     85     86    145    137
   261 :     87    146    145     86
   262 :     48     49    142    140
   263 :    180    255    299    314
   264 :    179    254    300    315
   265 :    180    238    294    255
   266 :    238    181    252    294
   267 :    312    237    178    257
   268 :    126    182    292    239
   269 :    177    232    318    245
   270 :    179    239    292    254
   271 :    296    177    245    291
   272 :    232    290    329    318
   273 :    315    325    322    327
   274 :    333    329    290    317
   275 :    325    315    300    331
   276 :    256    295    294    252
   277 :    317    323    332    333
   278 :    246    319    312    183
   279 :    320    330    333    332
Number of domains 8
  Domain :      0 
  Name : Symmetry
  Number of elements :     20
     0     1     2     3     4     5     6     7     8     9
    10    11    12    13    14    15    16    17    18    19
  Domain :      1 
  Name : Top
  Number of elements :     20
    20    21    22    23    24    25    26    27    28    29
    30    31    32    33    34    35    36    37    38    39
  Domain :      2 
  Name : SideTop
  Number of elements :      6
    40    41    42    43    44    45
  Domain :      3 
  Name : Entity 3 
  Number of elements :     10
    46    47    48    49    50    51    52    53    54    55
  Domain :      4 
  Name : Entity 4 
  Number of elements :     16
    56    57    58    59    60    61    62    63    64    65
    66    67    68    69    70    71
  Domain :      5 
  Name : Entity 5 
  Number of elements :     10
    72    73    74    75    76    77    78    79    80    81
  Domain :      6 
  Name : Entity 6 
  Number of elements :      6
    82    83    84    85    86    87
  Domain :      7 
  Name : Bottom
  Number of elements :     20
    88    89    90    91    92    93    94    95    96    97
    98    99   100   101   102   103   104   105   106   107
