Number of nodes 640 
     0 :  0.0000000e+00  1.0000000e+00 
     1 :  0.0000000e+00  0.0000000e+00 
     2 :  1.0000000e+00  1.0000000e+00 
     3 :  1.0000000e+00  7.5000000e-01 
     4 :  5.0000000e-01  7.5000000e-01 
     5 :  5.0000000e-01  2.5000000e-01 
     6 :  1.0000000e+00  2.5000000e-01 
     7 :  1.0000000e+00  0.0000000e+00 
     8 :  0.0000000e+00  9.6428571e-01 
     9 :  0.0000000e+00  8.9285714e-01 
    10 :  0.0000000e+00  8.2142857e-01 
    11 :  0.0000000e+00  7.5000000e-01 
    12 :  0.0000000e+00  6.7857143e-01 
    13 :  0.0000000e+00  6.0714286e-01 
    14 :  0.0000000e+00  5.3571429e-01 
    15 :  0.0000000e+00  4.6428571e-01 
    16 :  0.0000000e+00  3.9285714e-01 
    17 :  0.0000000e+00  3.2142857e-01 
    18 :  0.0000000e+00  2.5000000e-01 
    19 :  0.0000000e+00  1.7857143e-01 
    20 :  0.0000000e+00  1.0714286e-01 
    21 :  0.0000000e+00  3.5714286e-02 
    22 :  0.0000000e+00  9.2857143e-01 
    23 :  0.0000000e+00  8.5714286e-01 
    24 :  0.0000000e+00  7.8571429e-01 
    25 :  0.0000000e+00  7.1428571e-01 
    26 :  0.0000000e+00  6.4285714e-01 
    27 :  0.0000000e+00  5.7142857e-01 
    28 :  0.0000000e+00  5.0000000e-01 
    29 :  0.0000000e+00  4.2857143e-01 
    30 :  0.0000000e+00  3.5714286e-01 
    31 :  0.0000000e+00  2.8571429e-01 
    32 :  0.0000000e+00  2.1428571e-01 
    33 :  0.0000000e+00  1.4285714e-01 
    34 :  0.0000000e+00  7.1428571e-02 
    35 :  9.6428571e-01  1.0000000e+00 
    36 :  8.9285714e-01  1.0000000e+00 
    37 :  8.2142857e-01  1.0000000e+00 
    38 :  7.5000000e-01  1.0000000e+00 
    39 :  6.7857143e-01  1.0000000e+00 
    40 :  6.0714286e-01  1.0000000e+00 
    41 :  5.3571429e-01  1.0000000e+00 
    42 :  4.6428571e-01  1.0000000e+00 
    43 :  3.9285714e-01  1.0000000e+00 
    44 :  3.2142857e-01  1.0000000e+00 
    45 :  2.5000000e-01  1.0000000e+00 
    46 :  1.7857143e-01  1.0000000e+00 
    47 :  1.0714286e-01  1.0000000e+00 
    48 :  3.5714286e-02  1.0000000e+00 
    49 :  9.2857143e-01  1.0000000e+00 
    50 :  8.5714286e-01  1.0000000e+00 
    51 :  7.8571429e-01  1.0000000e+00 
    52 :  7.1428571e-01  1.0000000e+00 
    53 :  6.4285714e-01  1.0000000e+00 
    54 :  5.7142857e-01  1.0000000e+00 
    55 :  5.0000000e-01  1.0000000e+00 
    56 :  4.2857143e-01  1.0000000e+00 
    57 :  3.5714286e-01  1.0000000e+00 
    58 :  2.8571429e-01  1.0000000e+00 
    59 :  2.1428571e-01  1.0000000e+00 
    60 :  1.4285714e-01  1.0000000e+00 
    61 :  7.1428571e-02  1.0000000e+00 
    62 :  1.0000000e+00  7.8125000e-01 
    63 :  1.0000000e+00  8.4375000e-01 
    64 :  1.0000000e+00  9.0625000e-01 
    65 :  1.0000000e+00  9.6875000e-01 
    66 :  1.0000000e+00  8.1250000e-01 
    67 :  1.0000000e+00  8.7500000e-01 
    68 :  1.0000000e+00  9.3750000e-01 
    69 :  9.6428571e-01  7.5000000e-01 
    70 :  8.9285714e-01  7.5000000e-01 
    71 :  8.2142857e-01  7.5000000e-01 
    72 :  7.5000000e-01  7.5000000e-01 
    73 :  6.7857143e-01  7.5000000e-01 
    74 :  6.0714286e-01  7.5000000e-01 
    75 :  5.3571429e-01  7.5000000e-01 
    76 :  9.2857143e-01  7.5000000e-01 
    77 :  8.5714286e-01  7.5000000e-01 
    78 :  7.8571429e-01  7.5000000e-01 
    79 :  7.1428571e-01  7.5000000e-01 
    80 :  6.4285714e-01  7.5000000e-01 
    81 :  5.7142857e-01  7.5000000e-01 
    82 :  4.6442129e-01  7.4745536e-01 
    83 :  3.9614625e-01  7.2740800e-01 
    84 :  3.3628482e-01  6.8893739e-01 
    85 :  2.8968662e-01  6.3516020e-01 
    86 :  2.6012676e-01  5.7043314e-01 
    87 :  2.5000000e-01  5.0000000e-01 
    88 :  2.6012676e-01  4.2956686e-01 
    89 :  2.8968662e-01  3.6483980e-01 
    90 :  3.3628482e-01  3.1106261e-01 
    91 :  3.9614625e-01  2.7259200e-01 
    92 :  4.6442129e-01  2.5254464e-01 
    93 :  4.2956686e-01  7.3987324e-01 
    94 :  3.6483980e-01  7.1031338e-01 
    95 :  3.1106261e-01  6.6371518e-01 
    96 :  2.7259200e-01  6.0385375e-01 
    97 :  2.5254464e-01  5.3557871e-01 
    98 :  2.5254464e-01  4.6442129e-01 
    99 :  2.7259200e-01  3.9614625e-01 
   100 :  3.1106261e-01  3.3628482e-01 
   101 :  3.6483980e-01  2.8968662e-01 
   102 :  4.2956686e-01  2.6012676e-01 
   103 :  5.3571429e-01  2.5000000e-01 
   104 :  6.0714286e-01  2.5000000e-01 
   105 :  6.7857143e-01  2.5000000e-01 
   106 :  7.5000000e-01  2.5000000e-01 
   107 :  8.2142857e-01  2.5000000e-01 
   108 :  8.9285714e-01  2.5000000e-01 
   109 :  9.6428571e-01  2.5000000e-01 
   110 :  5.7142857e-01  2.5000000e-01 
   111 :  6.4285714e-01  2.5000000e-01 
   112 :  7.1428571e-01  2.5000000e-01 
   113 :  7.8571429e-01  2.5000000e-01 
   114 :  8.5714286e-01  2.5000000e-01 
   115 :  9.2857143e-01  2.5000000e-01 
   116 :  1.0000000e+00  3.1250000e-02 
   117 :  1.0000000e+00  9.3750000e-02 
   118 :  1.0000000e+00  1.5625000e-01 
   119 :  1.0000000e+00  2.1875000e-01 
   120 :  1.0000000e+00  6.2500000e-02 
   121 :  1.0000000e+00  1.2500000e-01 
   122 :  1.0000000e+00  1.8750000e-01 
   123 :  3.5714286e-02  0.0000000e+00 
   124 :  1.0714286e-01  0.0000000e+00 
   125 :  1.7857143e-01  0.0000000e+00 
   126 :  2.5000000e-01  0.0000000e+00 
   127 :  3.2142857e-01  0.0000000e+00 
   128 :  3.9285714e-01  0.0000000e+00 
   129 :  4.6428571e-01  0.0000000e+00 
   130 :  5.3571429e-01  0.0000000e+00 
   131 :  6.0714286e-01  0.0000000e+00 
   132 :  6.7857143e-01  0.0000000e+00 
   133 :  7.5000000e-01  0.0000000e+00 
   134 :  8.2142857e-01  0.0000000e+00 
   135 :  8.9285714e-01  0.0000000e+00 
   136 :  9.6428571e-01  0.0000000e+00 
   137 :  7.1428571e-02  0.0000000e+00 
   138 :  1.4285714e-01  0.0000000e+00 
   139 :  2.1428571e-01  0.0000000e+00 
   140 :  2.8571429e-01  0.0000000e+00 
   141 :  3.5714286e-01  0.0000000e+00 
   142 :  4.2857143e-01  0.0000000e+00 
   143 :  5.0000000e-01  0.0000000e+00 
   144 :  5.7142857e-01  0.0000000e+00 
   145 :  6.4285714e-01  0.0000000e+00 
   146 :  7.1428571e-01  0.0000000e+00 
   147 :  7.8571429e-01  0.0000000e+00 
   148 :  8.5714286e-01  0.0000000e+00 
   149 :  9.2857143e-01  0.0000000e+00 
   150 :  7.1854487e-01  1.9245287e-01 
   151 :  6.5176411e-01  1.9157290e-01 
   152 :  3.0264501e-01  8.7444931e-01 
   153 :  4.0586798e-01  8.8440971e-01 
   154 :  1.8986678e-01  6.2147038e-02 
   155 :  6.0482756e-02  4.3576928e-01 
   156 :  5.9065573e-02  4.9451345e-01 
   157 :  6.5667650e-02  5.6350987e-01 
   158 :  5.0281654e-01  9.4115848e-01 
   159 :  8.2149280e-01  8.1263226e-01 
   160 :  5.0468501e-01  8.8268285e-01 
   161 :  7.1441698e-01  7.8154207e-01 
   162 :  4.4170778e-01  1.0822016e-01 
   163 :  4.2700964e-01  2.3445925e-02 
   164 :  3.4076577e-01  1.0563110e-01 
   165 :  6.0765343e-01  9.6634833e-02 
   166 :  2.5322146e-01  1.9634428e-01 
   167 :  1.2017084e-01  4.6600738e-01 
   168 :  1.5327100e-01  6.4866068e-02 
   169 :  4.7394737e-01  7.2889697e-02 
   170 :  3.2591533e-01  2.2605777e-01 
   171 :  4.0010700e-01  1.7912439e-01 
   172 :  3.1754107e-01  1.6503142e-01 
   173 :  1.9697603e-01  2.3802155e-01 
   174 :  3.9995714e-01  7.7975334e-01 
   175 :  3.1579504e-01  8.1352144e-01 
   176 :  1.9259816e-01  8.2690177e-01 
   177 :  4.1367106e-01  8.3191808e-01 
   178 :  1.5258619e-01  3.4315207e-01 
   179 :  1.6985816e-01  5.8627146e-01 
   180 :  2.6585814e-01  8.6996370e-01 
   181 :  1.9427411e-01  4.6510921e-01 
   182 :  8.5735347e-01  1.2703285e-01 
   183 :  7.8474271e-01  3.3538574e-02 
   184 :  9.2859207e-01  8.7504075e-01 
   185 :  6.4317643e-01  7.8204033e-01 
   186 :  6.0764112e-01  7.8261400e-01 
   187 :  6.0841417e-01  8.7756537e-01 
   188 :  8.5718392e-01  9.3758120e-01 
   189 :  6.4362504e-01  8.4541935e-01 
   190 :  7.1460079e-01  9.0687875e-01 
   191 :  8.9287070e-01  7.8127745e-01 
   192 :  9.2858591e-01  9.3752890e-01 
   193 :  1.3631574e-01  5.9106266e-01 
   194 :  1.5237651e-01  7.0871734e-01 
   195 :  7.0664751e-02  6.3681188e-01 
   196 :  7.4606706e-02  7.1127557e-01 
   197 :  2.6088363e-01  5.7297053e-02 
   198 :  6.7910185e-01  8.7608728e-01 
   199 :  4.4992205e-01  1.9742853e-01 
   200 :  5.7156434e-01  9.2929654e-02 
   201 :  5.3994746e-01  1.8765264e-01 
   202 :  8.9302676e-01  1.5737217e-01 
   203 :  7.1968812e-01  1.3663187e-01 
   204 :  3.6168749e-01  1.8770374e-01 
   205 :  4.3371526e-01  9.4177345e-01 
   206 :  4.3862492e-01  8.8527205e-01 
   207 :  5.0390955e-01  8.2395939e-01 
   208 :  6.9916224e-01  7.8258924e-02 
   209 :  9.6431376e-01  1.2532564e-01 
   210 :  4.5904322e-01  2.3761649e-02 
   211 :  3.6041051e-01  2.5381253e-02 
   212 :  5.9572738e-01  3.1792734e-02 
   213 :  4.4253097e-01  7.9388601e-01 
   214 :  2.3377231e-01  2.5002636e-01 
   215 :  2.7224433e-01  1.1332269e-01 
   216 :  3.0656592e-01  1.0967719e-01 
   217 :  3.2518426e-01  9.6920491e-01 
   218 :  8.9289284e-01  8.7507124e-01 
   219 :  6.0834096e-01  8.4639828e-01 
   220 :  6.7906461e-01  8.4480504e-01 
   221 :  6.6371286e-01  1.3533121e-01 
   222 :  5.8708013e-01  1.5760878e-01 
   223 :  3.7120851e-02  8.9323460e-01 
   224 :  2.4314664e-01  7.5684037e-01 
   225 :  2.9579879e-01  5.5152131e-02 
   226 :  9.6428885e-01  6.2736026e-02 
   227 :  8.9302123e-01  1.8833815e-01 
   228 :  9.6430033e-01  9.4055052e-02 
   229 :  2.8448700e-01  1.9654478e-01 
   230 :  1.5435743e-01  7.8705298e-01 
   231 :  4.4263785e-01  8.3335202e-01 
   232 :  7.4244078e-02  3.4544756e-02 
   233 :  2.9338448e-01  9.3682926e-01 
   234 :  7.3383670e-02  9.2927645e-01 
   235 :  2.2802796e-01  8.6580310e-01 
   236 :  1.6749102e-01  1.2924548e-01 
   237 :  8.2443843e-02  2.9359574e-01 
   238 :  1.1568815e-01  6.7341108e-02 
   239 :  2.3816131e-01  1.1727954e-01 
   240 :  2.5540338e-01  2.8808909e-02 
   241 :  2.2174835e-01  1.7586678e-01 
   242 :  3.5937726e-01  7.9474044e-01 
   243 :  1.4700010e-01  9.3063915e-01 
   244 :  2.0372151e-01  1.2242663e-01 
   245 :  2.0250262e-01  3.1454916e-01 
   246 :  1.7807826e-01  1.6092505e-01 
   247 :  6.0800859e-01  9.3904176e-01 
   248 :  9.2858587e-01  8.1252881e-01 
   249 :  8.5718360e-01  8.1258286e-01 
   250 :  5.0162566e-01  8.0964113e-02 
   251 :  4.6225068e-01  9.3415661e-02 
   252 :  5.2498984e-01  2.7919513e-02 
   253 :  4.9441264e-01  1.8870032e-01 
   254 :  3.1217034e-01  1.3707071e-01 
   255 :  2.8945149e-01  9.6832974e-01 
   256 :  3.2498227e-01  7.8424987e-01 
   257 :  4.0242170e-01  9.1247658e-01 
   258 :  8.5719607e-01  8.4385767e-01 
   259 :  7.8576851e-01  7.8136431e-01 
   260 :  6.4342507e-01  9.3855899e-01 
   261 :  6.4360660e-01  9.0770287e-01 
   262 :  4.6047194e-01  1.2864399e-01 
   263 :  5.5996568e-01  3.0034008e-02 
   264 :  4.4778941e-01  8.2910870e-02 
   265 :  3.8334880e-01  8.2774004e-01 
   266 :  7.5730259e-02  8.2187860e-01 
   267 :  4.4084498e-01  8.5844621e-01 
   268 :  2.0219093e-01  5.8125218e-01 
   269 :  1.6439154e-01  5.4758725e-01 
   270 :  1.5232218e-01  2.1563630e-01 
   271 :  2.8227617e-01  1.6841404e-01 
   272 :  4.3770939e-02  1.7821231e-01 
   273 :  4.0442171e-02  1.0592768e-01 
   274 :  7.4314481e-02  8.9374053e-01 
   275 :  9.2859914e-01  9.4424450e-02 
   276 :  9.6431974e-01  1.8772409e-01 
   277 :  8.5747190e-01  1.5804756e-01 
   278 :  9.2863490e-01  1.2571627e-01 
   279 :  1.5447870e-01  7.4856955e-01 
   280 :  3.9599682e-01  9.7050687e-01 
   281 :  1.1164118e-01  8.9450813e-01 
   282 :  3.4709799e-01  1.3228105e-01 
   283 :  5.1405447e-01  5.4857894e-02 
   284 :  6.2342123e-01  1.6024096e-01 
   285 :  2.0080182e-01  4.2631853e-01 
   286 :  2.2481875e-01  4.6476085e-01 
   287 :  6.7358882e-01  1.0786867e-01 
   288 :  6.9158206e-01  1.3988781e-01 
   289 :  7.1567343e-01  1.0861489e-01 
   290 :  2.1168851e-01  6.1956970e-01 
   291 :  1.4168496e-01  6.2955454e-01 
   292 :  3.8253421e-01  7.4746804e-01 
   293 :  1.7728797e-01  3.8548524e-01 
   294 :  2.3065021e-01  1.9471893e-01 
   295 :  2.8191235e-01  2.2605050e-01 
   296 :  2.7774235e-01  1.4089593e-01 
   297 :  2.1224551e-01  1.5074862e-01 
   298 :  2.7611565e-01  3.2780836e-01 
   299 :  3.5055839e-01  7.3203586e-01 
   300 :  2.8437004e-01  6.8423256e-01 
   301 :  9.6429520e-01  8.7501848e-01 
   302 :  5.7330538e-01  8.4794476e-01 
   303 :  5.8385451e-01  6.2651220e-02 
   304 :  3.7013302e-01  2.1683588e-01 
   305 :  1.1513269e-01  3.3655644e-01 
   306 :  1.6446068e-01  3.0693575e-01 
   307 :  3.7747611e-01  8.5429767e-01 
   308 :  3.6069051e-01  9.6996040e-01 
   309 :  3.7163006e-02  7.1277487e-01 
   310 :  3.0853244e-01  8.4371936e-01 
   311 :  8.9289003e-01  8.4381599e-01 
   312 :  9.6429222e-01  9.3751315e-01 
   313 :  5.7318342e-01  9.0937036e-01 
   314 :  7.8581463e-01  8.1270943e-01 
   315 :  7.8584545e-01  8.4402031e-01 
   316 :  8.5716493e-01  7.8129501e-01 
   317 :  7.0796316e-01  3.7193820e-02 
   318 :  4.8529249e-01  1.0623151e-01 
   319 :  4.5450516e-01  4.6420297e-02 
   320 :  3.3519969e-01  7.9261624e-02 
   321 :  4.2673796e-01  6.8253937e-02 
   322 :  4.0997557e-01  2.0689516e-01 
   323 :  4.2538642e-01  1.4287069e-01 
   324 :  5.4808339e-01  5.9266417e-02 
   325 :  2.4275648e-01  3.9300998e-01 
   326 :  8.9288250e-01  9.3755018e-01 
   327 :  9.6429236e-01  8.1251303e-01 
   328 :  7.1462795e-01  8.7570107e-01 
   329 :  6.4714249e-01  2.2064568e-01 
   330 :  4.0445357e-01  9.5331284e-02 
   331 :  6.4222601e-01  1.0090415e-01 
   332 :  3.2934678e-01  2.6272764e-01 
   333 :  3.5926405e-02  3.6180009e-01 
   334 :  9.6429436e-01  9.0626713e-01 
   335 :  9.6429449e-01  8.4376705e-01 
   336 :  8.9288226e-01  8.1255061e-01 
   337 :  6.5690984e-01  7.0186544e-02 
   338 :  6.1998960e-01  6.5868222e-02 
   339 :  5.7507244e-01  2.1937527e-01 
   340 :  7.1656149e-01  2.2111827e-01 
   341 :  6.8533790e-01  1.9266851e-01 
   342 :  6.8197589e-01  2.2113595e-01 
   343 :  3.5329114e-02  6.3993680e-01 
   344 :  7.2865809e-02  6.7397492e-01 
   345 :  3.6360080e-02  6.7632800e-01 
   346 :  4.1293904e-01  7.5932389e-01 
   347 :  3.6995958e-01  7.6986030e-01 
   348 :  7.5022061e-01  8.7545056e-01 
   349 :  9.6428925e-01  7.8125702e-01 
   350 :  5.7273565e-01  9.3967133e-01 
   351 :  2.4943532e-01  7.1026146e-01 
   352 :  2.4652871e-01  2.2184357e-01 
   353 :  1.3557996e-01  2.6009193e-01 
   354 :  8.8905807e-02  1.7701816e-01 
   355 :  6.4316305e-01  9.6930675e-01 
   356 :  6.7895012e-01  8.1334638e-01 
   357 :  7.8584557e-01  9.0651307e-01 
   358 :  1.2098540e-01  1.0132304e-01 
   359 :  4.1081038e-02  2.8935389e-01 
   360 :  3.9918598e-01  7.1861410e-02 
   361 :  6.7877143e-01  9.6912711e-01 
   362 :  5.7212588e-01  9.6986184e-01 
   363 :  7.5020359e-01  9.0665811e-01 
   364 :  8.2151254e-01  8.4392135e-01 
   365 :  1.8403535e-01  3.1241292e-02 
   366 :  2.8829889e-02  4.6464868e-01 
   367 :  4.2218246e-02  1.4178799e-01 
   368 :  3.3268859e-02  3.9722340e-01 
   369 :  5.7339455e-01  8.7885501e-01 
   370 :  7.8581494e-01  9.3769924e-01 
   371 :  8.9289023e-01  9.0631563e-01 
   372 :  5.7220304e-01  7.8374237e-01 
   373 :  8.2149325e-01  9.3762802e-01 
   374 :  6.4344866e-01  8.1387567e-01 
   375 :  7.5015614e-01  8.1283176e-01 
   376 :  9.2859044e-01  8.4378765e-01 
   377 :  7.5008433e-01  7.8143204e-01 
   378 :  7.1460285e-01  8.4441900e-01 
   379 :  6.0807012e-01  8.1477707e-01 
   380 :  7.5277530e-01  1.6225315e-01 
   381 :  7.8705340e-01  1.6041590e-01 
   382 :  8.9297385e-01  1.2625005e-01 
   383 :  7.8554844e-01  9.8901307e-02 
   384 :  7.4623880e-01  6.9969106e-02 
   385 :  9.2865309e-01  1.8798838e-01 
   386 :  9.2865737e-01  1.5689884e-01 
   387 :  7.4749053e-01  3.5009379e-02 
   388 :  8.5701353e-01  6.4046016e-02 
   389 :  7.4983631e-01  1.0221626e-01 
   390 :  7.5209737e-01  1.3275939e-01 
   391 :  8.9282622e-01  6.3428219e-02 
   392 :  8.2101330e-01  6.5044094e-02 
   393 :  8.9289086e-01  9.4937184e-02 
   394 :  3.7840537e-02  7.8545578e-01 
   395 :  7.2407284e-02  9.6466844e-01 
   396 :  4.1843947e-01  8.0846637e-01 
   397 :  1.1015898e-01  9.2983504e-01 
   398 :  7.8448341e-01  6.6748656e-02 
   399 :  9.2856176e-01  3.1536118e-02 
   400 :  8.2138730e-01  9.6923192e-02 
   401 :  5.0146888e-01  9.7055549e-01 
   402 :  4.6820510e-01  9.4169172e-01 
   403 :  4.3116889e-01  9.7078343e-01 
   404 :  4.6629666e-01  9.7077958e-01 
   405 :  5.3765745e-01  9.4041511e-01 
   406 :  5.3674138e-01  9.7021662e-01 
   407 :  8.5720051e-01  8.7511590e-01 
   408 :  8.2151954e-01  8.7518377e-01 
   409 :  2.7804649e-01  8.0440631e-01 
   410 :  3.7501655e-02  8.5747100e-01 
   411 :  1.5118672e-01  8.6027621e-01 
   412 :  4.3260539e-02  2.5248063e-01 
   413 :  5.0171380e-01  7.9237216e-01 
   414 :  5.3804755e-01  8.1916862e-01 
   415 :  5.3690160e-01  7.8621247e-01 
   416 :  8.2208275e-01  1.5902651e-01 
   417 :  8.5746441e-01  1.8882582e-01 
   418 :  3.7387312e-01  1.0087307e-01 
   419 :  4.9730296e-01  2.2046894e-01 
   420 :  3.9423251e-01  2.4215718e-02 
   421 :  2.9072936e-01  2.7697453e-02 
   422 :  1.4490413e-01  9.6536055e-01 
   423 :  3.9059693e-01  8.0279255e-01 
   424 :  1.8668300e-01  8.9737668e-01 
   425 :  6.1162311e-01  2.1995769e-01 
   426 :  3.2579929e-01  2.6570101e-02 
   427 :  1.2427313e-01  2.9916012e-01 
   428 :  1.0708077e-01  3.7331483e-01 
   429 :  2.9813064e-02  4.9774906e-01 
   430 :  3.2866643e-02  5.6769941e-01 
   431 :  6.2761845e-02  5.2798990e-01 
   432 :  3.1416216e-02  5.3222443e-01 
   433 :  2.5762461e-01  3.5961705e-01 
   434 :  7.8658264e-01  1.3002901e-01 
   435 :  8.5701744e-01  3.2098394e-02 
   436 :  9.6432211e-01  1.5654649e-01 
   437 :  8.2206047e-01  1.8950647e-01 
   438 :  8.2106857e-01  3.2643620e-02 
   439 :  7.5133896e-01  2.2073426e-01 
   440 :  1.8386362e-01  9.3175540e-01 
   441 :  6.8241751e-02  5.9993265e-01 
   442 :  3.4155149e-02  6.0368763e-01 
   443 :  3.9016202e-01  1.5222719e-01 
   444 :  2.4375493e-01  6.1204976e-01 
   445 :  1.9309434e-01  5.0459744e-01 
   446 :  2.2550483e-01  5.3925813e-01 
   447 :  2.2285463e-01  5.0212538e-01 
   448 :  6.6899013e-01  3.5502004e-02 
   449 :  4.1334194e-01  1.1867386e-01 
   450 :  2.6023698e-01  6.4818007e-01 
   451 :  2.1721082e-01  2.1235110e-01 
   452 :  1.9391887e-01  1.9071554e-01 
   453 :  5.5660343e-02  4.6502195e-01 
   454 :  6.6212670e-02  4.0243991e-01 
   455 :  3.0637170e-02  4.3163145e-01 
   456 :  4.6007854e-01  7.8206344e-01 
   457 :  4.2495326e-01  7.8735619e-01 
   458 :  4.3962394e-01  7.6961297e-01 
   459 :  4.0957803e-01  8.5740791e-01 
   460 :  2.1738830e-01  9.6660460e-01 
   461 :  2.3739010e-01  7.9546147e-01 
   462 :  1.9533531e-01  7.8990474e-01 
   463 :  3.0106476e-01  8.2441020e-02 
   464 :  3.8122611e-01  1.2624792e-01 
   465 :  5.3488123e-01  8.8280119e-02 
   466 :  3.6433515e-01  9.4017892e-01 
   467 :  3.5080759e-01  8.2148553e-01 
   468 :  3.1784206e-01  7.1176287e-01 
   469 :  3.3664109e-01  7.5668189e-01 
   470 :  3.6825742e-01  7.5717231e-02 
   471 :  3.3028968e-01  5.2956954e-02 
   472 :  4.1978540e-01  2.3438103e-01 
   473 :  5.9665499e-01  1.2704965e-01 
   474 :  1.0612268e-01  6.3337984e-01 
   475 :  9.8581452e-02  5.5848747e-01 
   476 :  1.0233415e-01  5.9571379e-01 
   477 :  3.3336250e-01  9.0840948e-01 
   478 :  1.9700962e-01  7.5066808e-01 
   479 :  1.8962099e-01  8.6254060e-01 
   480 :  3.8727304e-02  7.0453834e-02 
   481 :  7.1556474e-02  3.6706528e-01 
   482 :  3.8545558e-02  3.2579562e-01 
   483 :  9.0012615e-02  4.4366035e-01 
   484 :  1.3263802e-01  4.1882467e-01 
   485 :  2.3173222e-01  8.8748114e-02 
   486 :  9.9365867e-02  4.0951682e-01 
   487 :  7.1987677e-01  1.6424602e-01 
   488 :  6.5710353e-01  1.6303949e-01 
   489 :  6.8864040e-01  1.6517676e-01 
   490 :  1.1276366e-01  7.0987471e-01 
   491 :  1.0977931e-01  6.7147147e-01 
   492 :  3.5410812e-01  1.5953340e-01 
   493 :  5.5906440e-01  1.2351566e-01 
   494 :  6.3169405e-01  1.3072737e-01 
   495 :  2.1986352e-01  2.9980623e-02 
   496 :  1.3688408e-01  1.7286941e-01 
   497 :  2.5037830e-01  1.7111998e-01 
   498 :  9.2857916e-01  7.8126560e-01 
   499 :  7.1452623e-01  9.3797020e-01 
   500 :  7.5020402e-01  8.4417519e-01 
   501 :  6.0829296e-01  9.0840843e-01 
   502 :  9.2859047e-01  9.0628767e-01 
   503 :  4.9134656e-01  1.5299546e-01 
   504 :  3.4388932e-01  8.4958728e-01 
   505 :  3.7253419e-01  8.8210272e-01 
   506 :  1.1410072e-01  8.2264573e-01 
   507 :  5.0479871e-01  8.5352147e-01 
   508 :  5.3875291e-01  8.8060622e-01 
   509 :  5.3868215e-01  8.5029962e-01 
   510 :  2.7309627e-01  2.5747859e-01 
   511 :  8.7848439e-02  2.5543504e-01 
   512 :  4.4434284e-02  2.1525924e-01 
   513 :  2.2389109e-01  3.5468929e-01 
   514 :  4.3621305e-01  9.1317945e-01 
   515 :  2.7130813e-01  8.3729697e-01 
   516 :  1.8889690e-01  3.4931914e-01 
   517 :  7.6910886e-02  3.3072361e-01 
   518 :  1.4737554e-01  6.6872417e-01 
   519 :  1.7710496e-01  6.2515738e-01 
   520 :  3.7763918e-02  8.2155330e-01 
   521 :  2.9770230e-01  9.0551872e-01 
   522 :  7.5637366e-02  7.4849060e-01 
   523 :  7.1452868e-01  8.1302770e-01 
   524 :  5.0394090e-01  9.1186339e-01 
   525 :  5.3836675e-01  9.1057314e-01 
   526 :  9.6428422e-01  3.1378582e-02 
   527 :  8.2183287e-01  1.2821837e-01 
   528 :  1.1436566e-01  7.4815084e-01 
   529 :  1.0864379e-01  9.6495740e-01 
   530 :  1.6025868e-01  4.6546771e-01 
   531 :  1.6760734e-01  4.2364501e-01 
   532 :  4.7186977e-01  8.3015388e-01 
   533 :  4.7136931e-01  8.8453526e-01 
   534 :  4.7221033e-01  8.5685588e-01 
   535 :  7.5237079e-01  1.9149210e-01 
   536 :  5.1823609e-01  1.1831941e-01 
   537 :  4.3944148e-01  1.6884577e-01 
   538 :  4.5066971e-01  6.6791034e-02 
   539 :  4.6994166e-01  9.1288637e-01 
   540 :  6.1686274e-01  1.9000777e-01 
   541 :  5.3708795e-01  2.1923678e-01 
   542 :  4.8301608e-01  5.0041718e-02 
   543 :  4.4349904e-01  8.1116422e-01 
   544 :  3.9915726e-01  9.4126344e-01 
   545 :  1.7884095e-01  2.7142335e-01 
   546 :  2.5639938e-01  2.8908793e-01 
   547 :  3.7153325e-02  3.5192927e-02 
   548 :  8.2151276e-01  9.0641837e-01 
   549 :  5.7289021e-01  8.1635627e-01 
   550 :  6.7894180e-01  9.3821111e-01 
   551 :  7.5015576e-01  9.3780748e-01 
   552 :  6.4367869e-01  8.7667770e-01 
   553 :  8.5719626e-01  9.0635653e-01 
   554 :  1.1300546e-01  8.5883279e-01 
   555 :  7.5959657e-02  7.8539041e-01 
   556 :  3.3819629e-01  8.7865669e-01 
   557 :  6.0760747e-01  9.6955120e-01 
   558 :  2.1090892e-01  3.8961400e-01 
   559 :  1.4781779e-01  3.2520519e-02 
   560 :  1.5961556e-01  9.7115891e-02 
   561 :  6.7905802e-01  9.0721117e-01 
   562 :  1.3151874e-01  5.5267896e-01 
   563 :  1.9598638e-01  5.4322653e-01 
   564 :  2.2563638e-01  5.9587599e-02 
   565 :  1.1118522e-01  3.3662479e-02 
   566 :  9.1637699e-02  2.1599418e-01 
   567 :  8.0875016e-02  1.0418268e-01 
   568 :  2.2546683e-01  6.6004715e-01 
   569 :  2.2064760e-01  9.3321007e-01 
   570 :  1.2686648e-01  5.1310449e-01 
   571 :  8.8376150e-02  4.8778758e-01 
   572 :  9.4558430e-02  5.2200050e-01 
   573 :  9.2857006e-01  6.3024013e-02 
   574 :  7.8695322e-01  1.9041406e-01 
   575 :  7.5131810e-02  8.5797119e-01 
   576 :  2.3238955e-01  8.3127479e-01 
   577 :  3.2222123e-01  1.9429494e-01 
   578 :  4.2618084e-01  4.6363632e-02 
   579 :  1.8116710e-01  9.6590628e-01 
   580 :  3.2910030e-01  9.3864102e-01 
   581 :  2.9941295e-01  7.3896575e-01 
   582 :  8.5716222e-01  9.5708335e-02 
   583 :  1.2764528e-01  1.3610649e-01 
   584 :  1.6086482e-01  5.0783778e-01 
   585 :  3.6822594e-01  9.1082137e-01 
   586 :  4.3015395e-01  8.9059210e-02 
   587 :  8.4827524e-02  1.3993912e-01 
   588 :  2.2415726e-01  8.9967449e-01 
   589 :  2.5350443e-01  9.6743315e-01 
   590 :  3.8110899e-01  2.4618296e-01 
   591 :  4.5780412e-01  2.2576753e-01 
   592 :  2.4466338e-01  1.4486132e-01 
   593 :  2.5720296e-01  9.3495126e-01 
   594 :  1.1467638e-01  7.8578364e-01 
   595 :  4.9136997e-01  2.5592859e-02 
   596 :  3.9610665e-01  4.8204293e-02 
   597 :  5.4660879e-01  1.5511811e-01 
   598 :  2.3244790e-01  5.7586194e-01 
   599 :  4.6896767e-01  8.0490910e-01 
   600 :  3.7658103e-02  7.4918080e-01 
   601 :  2.6651812e-01  8.5469818e-02 
   602 :  7.7712328e-02  4.6552422e-01 
   603 :  2.3933345e-01  3.2126052e-01 
   604 :  8.2146331e-01  7.8132198e-01 
   605 :  3.6394400e-01  5.0601223e-02 
   606 :  2.6125247e-01  9.0248599e-01 
   607 :  7.8585628e-01  8.7528853e-01 
   608 :  6.3192479e-01  3.3529337e-02 
   609 :  2.8685111e-01  7.7136499e-01 
   610 :  1.8592033e-01  6.6539512e-01 
   611 :  1.4911784e-01  8.9567710e-01 
   612 :  1.4233381e-01  3.8009103e-01 
   613 :  8.9281811e-01  3.1758254e-02 
   614 :  1.5304550e-01  8.2417741e-01 
   615 :  2.3167114e-01  4.2811353e-01 
   616 :  6.9338663e-01  1.1908555e-01 
   617 :  2.1787365e-01  2.8125353e-01 
   618 :  2.9876237e-01  2.9677522e-01 
   619 :  1.9528564e-01  7.0818395e-01 
   620 :  6.7877612e-01  7.8172496e-01 
   621 :  5.7996785e-01  1.8854864e-01 
   622 :  1.9633480e-01  9.2640226e-02 
   623 :  7.7356774e-02  6.9182213e-02 
   624 :  7.1441583e-01  9.6900095e-01 
   625 :  7.5008440e-01  9.6891481e-01 
   626 :  7.8576891e-01  9.6885712e-01 
   627 :  8.2146370e-01  9.6881901e-01 
   628 :  8.5716518e-01  9.6879385e-01 
   629 :  8.9287092e-01  9.6877717e-01 
   630 :  9.2857923e-01  9.6876569e-01 
   631 :  9.6428917e-01  9.6875713e-01 
   632 :  7.8644286e-01  2.2024164e-01 
   633 :  8.2180941e-01  2.1979752e-01 
   634 :  8.5733874e-01  2.1945097e-01 
   635 :  8.9295719e-01  2.1919666e-01 
   636 :  9.2862106e-01  2.1901150e-01 
   637 :  9.6430640e-01  2.1887032e-01 
   638 :  3.6673526e-02  9.2888274e-01 
   639 :  3.6196361e-02  9.6445734e-01 
Number of edges 150 
     0 :      0      8 
     1 :      8     22 
     2 :     22      9 
     3 :      9     23 
     4 :     23     10 
     5 :     10     24 
     6 :     24     11 
     7 :     11     25 
     8 :     25     12 
     9 :     12     26 
    10 :     26     13 
    11 :     13     27 
    12 :     27     14 
    13 :     14     28 
    14 :     28     15 
    15 :     15     29 
    16 :     29     16 
    17 :     16     30 
    18 :     30     17 
    19 :     17     31 
    20 :     31     18 
    21 :     18     32 
    22 :     32     19 
    23 :     19     33 
    24 :     33     20 
    25 :     20     34 
    26 :     34     21 
    27 :     21      1 
    28 :      2     35 
    29 :     35     49 
    30 :     49     36 
    31 :     36     50 
    32 :     50     37 
    33 :     37     51 
    34 :     51     38 
    35 :     38     52 
    36 :     52     39 
    37 :     39     53 
    38 :     53     40 
    39 :     40     54 
    40 :     54     41 
    41 :     41     55 
    42 :     55     42 
    43 :     42     56 
    44 :     56     43 
    45 :     43     57 
    46 :     57     44 
    47 :     44     58 
    48 :     58     45 
    49 :     45     59 
    50 :     59     46 
    51 :     46     60 
    52 :     60     47 
    53 :     47     61 
    54 :     61     48 
    55 :     48      0 
    56 :      3     62 
    57 :     62     66 
    58 :     66     63 
    59 :     63     67 
    60 :     67     64 
    61 :     64     68 
    62 :     68     65 
    63 :     65      2 
    64 :      3     69 
    65 :     69     76 
    66 :     76     70 
    67 :     70     77 
    68 :     77     71 
    69 :     71     78 
    70 :     78     72 
    71 :     72     79 
    72 :     79     73 
    73 :     73     80 
    74 :     80     74 
    75 :     74     81 
    76 :     81     75 
    77 :     75      4 
    78 :      4     82 
    79 :     82     93 
    80 :     93     83 
    81 :     83     94 
    82 :     94     84 
    83 :     84     95 
    84 :     95     85 
    85 :     85     96 
    86 :     96     86 
    87 :     86     97 
    88 :     97     87 
    89 :     87     98 
    90 :     98     88 
    91 :     88     99 
    92 :     99     89 
    93 :     89    100 
    94 :    100     90 
    95 :     90    101 
    96 :    101     91 
    97 :     91    102 
    98 :    102     92 
    99 :     92      5 
   100 :      5    103 
   101 :    103    110 
   102 :    110    104 
   103 :    104    111 
   104 :    111    105 
   105 :    105    112 
   106 :    112    106 
   107 :    106    113 
   108 :    113    107 
   109 :    107    114 
   110 :    114    108 
   111 :    108    115 
   112 :    115    109 
   113 :    109      6 
   114 :      7    116 
   115 :    116    120 
   116 :    120    117 
   117 :    117    121 
   118 :    121    118 
   119 :    118    122 
   120 :    122    119 
   121 :    119      6 
   122 :      1    123 
   123 :    123    137 
   124 :    137    124 
   125 :    124    138 
   126 :    138    125 
   127 :    125    139 
   128 :    139    126 
   129 :    126    140 
   130 :    140    127 
   131 :    127    141 
   132 :    141    128 
   133 :    128    142 
   134 :    142    129 
   135 :    129    143 
   136 :    143    130 
   137 :    130    144 
   138 :    144    131 
   139 :    131    145 
   140 :    145    132 
   141 :    132    146 
   142 :    146    133 
   143 :    133    147 
   144 :    147    134 
   145 :    134    148 
   146 :    148    135 
   147 :    135    149 
   148 :    149    136 
   149 :    136      7 
Number of quads 564 
     0 :    354    272    367    587
     1 :    125    139    495    365
     2 :    126    140    421    240
     3 :    256    469    347    242
     4 :    520    394    555    266
     5 :    281    554    411    611
     6 :    594    528    279    230
     7 :    629    628    188    326
     8 :    630    629    326    192
     9 :    363    190    328    348
    10 :    315    500    375    314
    11 :    604    259     78     71
    12 :    371    553    407    218
    13 :    247    350    313    501
    14 :    501    313    369    187
    15 :    503    537    323    262
    16 :    253    201    541    419
    17 :    608    212    131    145
    18 :    221    494    331    287
    19 :    541    339    110    103
    20 :    222    473    494    284
    21 :    169    538    319    542
    22 :    337    338    608    448
    23 :     98     87    447    286
    24 :    301    184    376    335
    25 :    498    191     70     76
    26 :    335    376    248    327
    27 :    302    509    414    549
    28 :    171    322    304    204
    29 :    222    284    540    621
    30 :    425    329    111    104
    31 :    595    210    129    143
    32 :    100     89    433    298
    33 :    618    332    101     90
    34 :    618     90    100    298
    35 :    190    561    198    328
    36 :    220    189    374    356
    37 :    626    625    551    370
    38 :    191    316     77     70
    39 :    360    596    578    321
    40 :    171    204    492    443
    41 :    590     91    101    332
    42 :    471    426    211    605
    43 :    151    341    342    329
    44 :    329    342    105    111
    45 :    342    340    112    105
    46 :    341    150    340    342
    47 :    195    344    345    343
    48 :    343    345     12     26
    49 :    345    309     25     12
    50 :    344    196    309    345
    51 :    395    234    397    529
    52 :    351    568    450    300
    53 :    469    299    292    347
    54 :    300    450     85     95
    55 :    261    501    187    552
    56 :    364    315    314    159
    57 :    189    219    379    374
    58 :    550    260    261    561
    59 :    468     84     94    299
    60 :    619    194    518    610
    61 :    279    194    619    478
    62 :    512    412     18     32
    63 :    547     21      1    123
    64 :    451    294    166    352
    65 :    161    620     73     79
    66 :     64    334    301     67
    67 :    502    371    218    184
    68 :    185    186     74     80
    69 :    270    353    511    566
    70 :    358    567    623    238
    71 :    270    173    545    353
    72 :    565    124    138    559
    73 :    199    591    472    322
    74 :    418    470    360    330
    75 :    493    536    465    200
    76 :    248    336    191    498
    77 :    631    630    192    312
    78 :    312    192    502    334
    79 :    628    627    373    188
    80 :    326    188    553    371
    81 :    500    378    523    375
    82 :     67    301    335     63
    83 :    551    499    190    363
    84 :    245    617    546    603
    85 :    270    496    246    452
    86 :    270    566    354    496
    87 :     29     16    368    455
    88 :    545    173    214    617
    89 :     39     53    355    361
    90 :    314    375    377    259
    91 :    370    551    363    357
    92 :     66    327    349     62
    93 :    349    498     76     69
    94 :     54     41    406    362
    95 :    350    405    525    313
    96 :    198    552    189    220
    97 :    356    374    185    620
    98 :     52     39    361    624
    99 :    620    185     80     73
   100 :     53     40    557    355
   101 :    316    604     71     77
   102 :    376    311    336    248
   103 :    561    261    552    198
   104 :    627    626    370    373
   105 :    573    391    613    399
   106 :    386    202    382    278
   107 :    417    437    416    277
   108 :    582    400    392    388
   109 :    526    399    149    136
   110 :    389    289    208    384
   111 :    278    382    393    275
   112 :    228    275    573    226
   113 :    387    317    146    133
   114 :    436    386    278    209
   115 :    113    106    439    632
   116 :    435    438    134    148
   117 :    416    381    434    527
   118 :    275    393    391    573
   119 :    380    487    203    390
   120 :    633    632    574    437
   121 :    439    340    150    535
   122 :    634    633    437    417
   123 :    182    527    400    582
   124 :    119    637    276    122
   125 :    606    180    152    521
   126 :    466    585    257    544
   127 :    152    310    504    556
   128 :    106    112    340    439
   129 :    390    203    289    389
   130 :    122    276    436    118
   131 :    535    150    487    380
   132 :     56    403    404     42
   133 :     42    404    401     55
   134 :    404    402    158    401
   135 :    403    205    402    404
   136 :     55    401    406     41
   137 :    313    525    508    369
   138 :    260    247    501    261
   139 :    401    158    405    406
   140 :     65    631    312     68
   141 :    548    357    607    408
   142 :    218    407    258    311
   143 :    374    379    186    185
   144 :    265    423    396    177
   145 :    223    410    575    274
   146 :    177    396    543    231
   147 :     44    217    308     57
   148 :    612    178    516    293
   149 :    359    482     17     31
   150 :    154    564    485    622
   151 :    241    497    166    294
   152 :    334    502    184    301
   153 :     75    415    413      4
   154 :    415    414    207    413
   155 :    553    548    408    407
   156 :    118    436    209    121
   157 :    392    398    183    438
   158 :    116    526    136      7
   159 :    388    392    438    435
   160 :    287    331    337    208
   161 :    204    577    172    492
   162 :    421    140    127    426
   163 :    596    420    163    578
   164 :    427    305    517    237
   165 :    580    477    585    466
   166 :    394    600    522    555
   167 :    224    351    581    609
   168 :    320    471    605    470
   169 :    322    472    590    304
   170 :    339    425    104    110
   171 :    211    141    128    420
   172 :    295    229    577    170
   173 :    232    547    123    137
   174 :    566    511    412    512
   175 :    432    429    156    431
   176 :    432    431    157    430
   177 :    156    453    602    571
   178 :    366    429     28     15
   179 :    512     32     19    272
   180 :    632    439    535    574
   181 :    277    416    527    182
   182 :    276    385    386    436
   183 :    384    208    317    387
   184 :    391    388    435    613
   185 :    400    383    398    392
   186 :    227    417    277    202
   187 :    636    635    227    385
   188 :    381    380    390    434
   189 :    382    182    582    393
   190 :    121    209    228    117
   191 :    120    226    526    116
   192 :    600    309    196    522
   193 :    157    441    442    430
   194 :    430    442     13     27
   195 :    442    343     26     13
   196 :    441    195    343    442
   197 :    464    282    164    418
   198 :    536    318    250    465
   199 :    262    162    251    318
   200 :    542    319    210    595
   201 :    598    446     97     86
   202 :    446    447     87     97
   203 :    447    445    181    286
   204 :    212    263    144    131
   205 :    448    608    145    132
   206 :    503    262    318    536
   207 :    208    337    448    317
   208 :     85    450    444     96
   209 :    347    292    346    174
   210 :    563    445    447    446
   211 :    427    306    178    305
   212 :    583    587    567    358
   213 :    564    197    601    485
   214 :    617    214    510    546
   215 :    366    453    156    429
   216 :    432    430     27     14
   217 :    366    455    155    453
   218 :    455    368    454    155
   219 :    213    457    458    456
   220 :    456    458     82      4
   221 :    458    346     93     82
   222 :    457    174    346    458
   223 :     46    579    460     59
   224 :    422    243    440    579
   225 :    424    479    235    588
   226 :    528    490    194    279
   227 :    440    424    588    569
   228 :    460    569    593    589
   229 :    504    467    265    307
   230 :    230    279    478    462
   231 :    175    256    242    467
   232 :    243    611    424    440
   233 :    614    230    462    176
   234 :    467    242    423    265
   235 :    503    253    199    537
   236 :    321    578    319    538
   237 :    597    493    473    222
   238 :    263    252    130    144
   239 :    351    300    468    581
   240 :    255    233    580    217
   241 :    639    638    234    395
   242 :     57    308    280     43
   243 :    216    463    320    164
   244 :    163    142    129    210
   245 :    284    494    221    488
   246 :    503    597    201    253
   247 :    195    441    476    474
   248 :    462    478    224    461
   249 :    397    281    611    243
   250 :    441    157    475    476
   251 :    521    152    556    477
   252 :     11     25    309    600
   253 :    274    575    554    281
   254 :    529    397    243    422
   255 :    546    510    332    618
   256 :    293    516    513    558
   257 :    510    295    170    332
   258 :    238    623    232    565
   259 :    273     20     34    480
   260 :    454    486    483    155
   261 :    486    484    167    483
   262 :    197    225    463    601
   263 :    150    341    489    487
   264 :    487    489    288    203
   265 :    489    488    221    288
   266 :    341    151    488    489
   267 :    196    344    491    490
   268 :    269    584    445    563
   269 :    344    195    474    491
   270 :    494    473    165    331
   271 :    419      5     92    591
   272 :    537    199    322    171
   273 :    318    251    169    250
   274 :    511    237    359    412
   275 :    236    560    622    244
   276 :    365    495    564    154
   277 :    173    451    352    214
   278 :    379    549    372    186
   279 :    192    326    371    502
   280 :     63    335    327     66
   281 :    311    258    249    336
   282 :    355    557    247    260
   283 :    378    220    356    523
   284 :    219    302    549    379
   285 :    492    172    254    282
   286 :    162    586    264    251
   287 :    540    151    329    425
   288 :    162    449    330    586
   289 :    233    521    477    580
   290 :     43    280    403     56
   291 :    518    194    490    491
   292 :    266    555    594    506
   293 :    207    414    509    507
   294 :    507    509    508    160
   295 :    552    187    219    189
   296 :    408    607    315    364
   297 :    270    452    451    173
   298 :    246    236    244    297
   299 :    587    367    273    567
   300 :    333    368     16     30
   301 :    496    354    587    583
   302 :    305    178    612    428
   303 :    575    266    506    554
   304 :     59    460    589     45
   305 :    477    556    505    585
   306 :    554    506    614    411
   307 :    513    603    298    433
   308 :    496    583    236    246
   309 :    297    592    497    241
   310 :    271    172    577    229
   311 :    193    476    475    562
   312 :    292     83     93    346
   313 :    290    268    598    444
   314 :     24     11    600    394
   315 :    180    515    310    152
   316 :     10     24    394    520
   317 :    609    581    469    256
   318 :    336    249    316    191
   319 :    187    369    302    219
   320 :    525    524    160    508
   321 :    405    158    524    525
   322 :    209    278    275    228
   323 :    437    574    381    416
   324 :    383    389    384    398
   325 :    527    434    383    400
   326 :    396    457    213    543
   327 :    461    224    609    409
   328 :    280    544    205    403
   329 :     22      9    223    638
   330 :    167    484    531    530
   331 :    530    531    285    181
   332 :    358    238    168    560
   333 :    244    239    592    297
   334 :    160    533    534    507
   335 :    507    534    532    207
   336 :    534    267    231    532
   337 :    533    206    267    534
   338 :    202    277    182    382
   339 :    399    613    135    149
   340 :    635    634    417    227
   341 :    398    384    387    183
   342 :    610    519    290    568
   343 :    304    590    332    170
   344 :    317    448    132    146
   345 :    605    211    420    596
   346 :    443    492    282    464
   347 :    158    402    539    524
   348 :    524    539    533    160
   349 :    539    514    206    533
   350 :    402    205    514    539
   351 :    262    323    449    162
   352 :    165    200    303    338
   353 :    621    540    425    339
   354 :    470    605    596    360
   355 :    234    274    281    397
   356 :    459    177    231    267
   357 :    506    594    230    614
   358 :    555    522    528    594
   359 :    566    512    272    354
   360 :    623    480    547    232
   361 :    452    246    297    241
   362 :    178    306    245    516
   363 :    624    361    550    499
   364 :    159    314    259    604
   365 :    407    408    364    258
   366 :    328    198    220    378
   367 :    188    373    548    553
   368 :    375    523    161    377
   369 :    557    362    350    247
   370 :    258    364    159    249
   371 :    369    508    509    302
   372 :     40     54    362    557
   373 :    357    363    348    607
   374 :    310    175    467    504
   375 :    593    606    521    233
   376 :    522    196    490    528
   377 :    249    159    604    316
   378 :    549    414    415    372
   379 :    607    348    500    315
   380 :    499    550    561    190
   381 :    601    463    216    215
   382 :    497    271    229    166
   383 :    592    296    271    497
   384 :    259    377     72     78
   385 :    523    356    620    161
   386 :    625    624    499    551
   387 :    184    218    311    376
   388 :    291    474    476    193
   389 :    519    179    268    290
   390 :    518    491    474    291
   391 :    285    558    325    615
   392 :    484    612    293    531
   393 :    238    565    559    168
   394 :    179    193    562    269
   395 :    610    518    291    519
   396 :    519    291    193    179
   397 :    156    571    572    431
   398 :    431    572    475    157
   399 :    268    563    446    598
   400 :    571    167    570    572
   401 :    613    435    148    135
   402 :    438    183    147    134
   403 :    272     19     33    367
   404 :     61    395    529     47
   405 :    569    588    606    593
   406 :    242    347    174    423
   407 :    544    257    514    205
   408 :    164    320    470    418
   409 :    537    171    443    323
   410 :    200    465    324    303
   411 :    330    360    321    586
   412 :     58    255    217     44
   413 :    611    411    479    424
   414 :    176    462    461    576
   415 :    117    228    226    120
   416 :    183    387    133    147
   417 :    637    636    385    276
   418 :    168    559    365    154
   419 :    485    601    215    239
   420 :    603    546    618    298
   421 :    240    421    225    197
   422 :    531    293    558    285
   423 :    412    359     31     18
   424 :    517    481    333    482
   425 :    445    584    530    181
   426 :    584    570    167    530
   427 :    269    562    570    584
   428 :    307    265    177    459
   429 :    300     95     84    468
   430 :     23     10    520    410
   431 :    299     94     83    292
   432 :    204    304    170    577
   433 :    591     92    102    472
   434 :    225    421    426    471
   435 :    426    127    141    211
   436 :    558    513    433    325
   437 :    567    273    480    623
   438 :    353    427    237    511
   439 :    565    232    137    124
   440 :    588    235    180    606
   441 :    235    576    515    180
   442 :    478    619    351    224
   443 :    324    283    252    263
   444 :    586    321    538    264
   445 :    597    222    621    201
   446 :    251    264    538    169
   447 :    559    138    125    365
   448 :    305    428    481    517
   449 :    353    545    306    427
   450 :    153    459    267    206
   451 :    217    580    466    308
   452 :    638    223    274    234
   453 :    505    307    459    153
   454 :    284    488    151    540
   455 :    282    254    216    164
   456 :    578    163    210    319
   457 :    465    250    283    324
   458 :    201    621    339    541
   459 :    472    102     91    590
   460 :    473    493    200    165
   461 :    283    542    595    252
   462 :    598     86     96    444
   463 :     45    589    255     58
   464 :    482    333     30     17
   465 :    516    245    603    513
   466 :    480     34     21    547
   467 :    428    612    484    486
   468 :    213    456    599    543
   469 :    543    599    532    231
   470 :    599    413    207    532
   471 :    456      4    413    599
   472 :      9     23    410    223
   473 :    589    593    233    255
   474 :    411    614    176    479
   475 :    423    174    457    396
   476 :     60    422    579     46
   477 :    367     33     20    273
   478 :    428    486    454    481
   479 :    155    483    602    453
   480 :    432     14     28    429
   481 :    366     15     29    455
   482 :    483    167    571    602
   483 :    481    454    368    333
   484 :    306    545    617    245
   485 :    622    485    239    244
   486 :    377    161     79     72
   487 :     62    349     69      3
   488 :    362    406    405    350
   489 :    420    128    142    163
   490 :    419    541    103      5
   491 :    503    536    493    597
   492 :    253    419    591    199
   493 :    257    153    206    514
   494 :    585    505    153    257
   495 :    515    409    175    310
   496 :    348    328    378    500
   497 :    361    355    260    550
   498 :    186    372     81     74
   499 :    372    415     75     81
   500 :    463    225    471    320
   501 :    449    464    418    330
   502 :    338    303    212    608
   503 :    410    520    266    575
   504 :    579    440    569    460
   505 :     47    529    422     60
   506 :    568    290    444    450
   507 :    239    215    296    592
   508 :    556    504    307    505
   509 :    179    269    563    268
   510 :    325     99     88    615
   511 :    560    168    154    622
   512 :    576    461    409    515
   513 :    479    176    576    235
   514 :    385    227    202    386
   515 :    434    390    389    383
   516 :    574    535    380    381
   517 :    393    582    388    391
   518 :    226    573    399    526
   519 :    308    466    544    280
   520 :    409    609    256    175
   521 :     48    639    395     61
   522 :    303    324    263    212
   523 :    252    595    143    130
   524 :    325    433     89     99
   525 :    615     88     98    286
   526 :    286    181    285    615
   527 :    208    289    616    287
   528 :    287    616    288    221
   529 :    289    203    288    616
   530 :    562    475    572    570
   531 :    581    468    299    469
   532 :    215    216    254    296
   533 :    583    358    560    236
   534 :    452    241    294    451
   535 :    214    352    295    510
   536 :    296    254    172    271
   537 :    237    517    482    359
   538 :    352    166    229    295
   539 :    351    619    610    568
   540 :     68    312    334     64
   541 :    327    248    498    349
   542 :    373    370    357    548
   543 :    331    165    338    337
   544 :    323    443    464    449
   545 :    250    169    542    283
   546 :    495    240    197    564
   547 :    139    126    240    495
   548 :     38     52    624    625
   549 :     51     38    625    626
   550 :     37     51    626    627
   551 :     50     37    627    628
   552 :     36     50    628    629
   553 :     49     36    629    630
   554 :     35     49    630    631
   555 :      2     35    631     65
   556 :    107    113    632    633
   557 :    114    107    633    634
   558 :    108    114    634    635
   559 :    115    108    635    636
   560 :    109    115    636    637
   561 :      6    109    637    119
   562 :      8     22    638    639
   563 :      0      8    639     48
Number of domains 8
  Domain :      0 
  Name : Symmetry
  Number of elements :     28
     0     1     2     3     4     5     6     7     8     9
    10    11    12    13    14    15    16    17    18    19
    20    21    22    23    24    25    26    27
  Domain :      1 
  Name : Top
  Number of elements :     28
    28    29    30    31    32    33    34    35    36    37
    38    39    40    41    42    43    44    45    46    47
    48    49    50    51    52    53    54    55
  Domain :      2 
  Name : Entity 2 
  Number of elements :      8
    56    57    58    59    60    61    62    63
  Domain :      3 
  Name : Entity 3 
  Number of elements :     14
    64    65    66    67    68    69    70    71    72    73
    74    75    76    77
  Domain :      4 
  Name : Entity 4 
  Number of elements :     22
    78    79    80    81    82    83    84    85    86    87
    88    89    90    91    92    93    94    95    96    97
    98    99
  Domain :      5 
  Name : Entity 5 
  Number of elements :     14
   100   101   102   103   104   105   106   107   108   109
   110   111   112   113
  Domain :      6 
  Name : Entity 6 
  Number of elements :      8
   114   115   116   117   118   119   120   121
  Domain :      7 
  Name : Bottom
  Number of elements :     28
   122   123   124   125   126   127   128   129   130   131
   132   133   134   135   136   137   138   139   140   141
   142   143   144   145   146   147   148   149
