Number of nodes 18 
     0 :  2.0000000e+00  1.0000000e+00 
     1 :  2.0000000e+00 -1.0000000e+00 
     2 : -2.0000000e+00 -1.0000000e+00 
     3 : -2.0000000e+00  1.0000000e+00 
     4 :  2.0000000e+00  2.7565727e-12 
     5 :  1.0000000e+00 -1.0000000e+00 
     6 :  5.5131455e-12 -1.0000000e+00 
     7 : -1.0000000e+00 -1.0000000e+00 
     8 : -2.0000000e+00 -2.7565727e-12 
     9 : -1.0000000e+00  1.0000000e+00 
    10 : -5.5131455e-12  1.0000000e+00 
    11 :  1.0000000e+00  1.0000000e+00 
    12 : -5.5885551e-01 -6.4745528e-03 
    13 :  5.9507275e-01  1.1739418e-02 
    14 : -1.3338889e+00  2.9944444e-01 
    15 :  1.3618820e+00 -3.1330320e-01 
    16 :  1.3898754e+00  3.6765322e-01 
    17 : -1.3791667e+00 -3.7916667e-01 
Number of edges 12 
     0 :     11     10 
     1 :     10      9 
     2 :      7      6 
     3 :      6      5 
     4 :      9      3 
     5 :      3      8 
     6 :      8      2 
     7 :      2      7 
     8 :      5      1 
     9 :      1      4 
    10 :      0     11 
    11 :      4      0 
Number of triangles 22 
     0 :     13     10     12 
     1 :      6     13     12 
     2 :     10     13     11 
     3 :     13      6      5 
     4 :      6     12      7 
     5 :     12     10      9 
     6 :     12     17      7 
     7 :     14      3      8 
     8 :      3     14      9 
     9 :     14     12      9 
    10 :     13     16     11 
    11 :     15      1      4 
    12 :     15     13      5 
    13 :      1     15      5 
    14 :     17     12     14 
    15 :     16      0     11 
    16 :      0     16      4 
    17 :     17      2      7 
    18 :      2     17      8 
    19 :     15     16     13 
    20 :     17     14      8 
    21 :     16     15      4 
Number of domains 1
 Domain :      0 
 Name : The full stuff 
 Number of elements :     12 
     0     1     2     3     4     5     6     7     8     9
    10    11