Size 674,2
1.506048109445807842e-04,1.121748441456331012e-06
1.453932427510853823e-04,0.000000000000000000e+00
1.511318410712482246e-04,-1.094434903474676560e-05
1.477300756208776663e-04,-1.094431299878435538e-05
1.478901778415536532e-04,-4.187304478592287006e-06
1.454868282361097777e-04,-4.229040802329645788e-08
1.455088591735982640e-04,-7.531887626338858203e-09
1.455153541944826138e-04,0.000000000000000000e+00
1.501049244841809113e-04,1.122306088898969506e-06
1.495976875680199187e-04,1.118759697261020832e-06
1.490856478722478202e-04,1.104674938149337544e-06
1.485766016295385415e-04,1.075710734628767067e-06
1.480797022396930886e-04,1.029969969017372961e-06
1.476043163505951796e-04,9.660570105533122714e-07
1.471611577070739449e-04,8.850141710136715861e-07
1.467597815513973255e-04,7.887359717778914511e-07
1.464123984902359330e-04,6.832277381471876557e-07
1.461205606939568571e-04,5.637477452106878798e-07
1.458897758798267073e-04,4.504352724929105515e-07
1.457168709813990630e-04,3.473477614020101229e-07
1.455937048061565933e-04,2.548979724728866243e-07
1.455110016316077685e-04,1.792488364979765260e-07
1.454595275171027173e-04,1.201999751075426047e-07
1.454281509767015360e-04,7.674634116996110219e-08
1.454098780478308036e-04,4.641057404476718118e-08
1.453995710001134518e-04,2.574120305731193388e-08
1.453949999729166429e-04,1.106609941009041552e-08
1.511318691899608509e-04,-1.060271751450165351e-05
1.511318643149022693e-04,-1.025229954882994716e-05
1.511317219173948282e-04,-9.892615636883326109e-06
1.511311788899611264e-04,-9.523440082338592610e-06
1.511300028885023694e-04,-9.144609774102485653e-06
1.511279828110133230e-04,-8.756110400932672573e-06
1.511248652995536741e-04,-8.357754936671151484e-06
1.511203183991935699e-04,-7.949560312909367910e-06
1.511140447482046435e-04,-7.531650693038370592e-06
1.511058074686047676e-04,-7.104585678502903424e-06
1.510948440754384509e-04,-6.668249833322939558e-06
1.510808487584595623e-04,-6.223551342362550328e-06
1.510634168820574393e-04,-5.771202980586340048e-06
1.510420633644099866e-04,-5.312193484124673313e-06
1.510163071028262070e-04,-4.847798170041202559e-06
1.509860020956119403e-04,-4.380027769253260979e-06
1.509502669312439913e-04,-3.910587035037509124e-06
1.509092504368881747e-04,-3.441392112459188808e-06
1.508645069869470371e-04,-2.975577255361714530e-06
1.508168109897179950e-04,-2.514381611294547568e-06
1.507697117782879541e-04,-2.059263599026087037e-06
1.507233627320286721e-04,-1.610242238667606981e-06
1.506810924863361380e-04,-1.167384452226233995e-06
1.506466616330979938e-04,-7.259199592609490281e-07
1.506224137525872815e-04,-2.832011184961368703e-07
1.506091353624500705e-04,1.690098132858736851e-07
1.506049951423300685e-04,6.352700519713600957e-07
1.480707743566900270e-04,-1.094416172265462690e-05
1.484112331156486506e-04,-1.094383046111767956e-05
1.487514377448237598e-04,-1.094345155762699057e-05
1.490913252072994166e-04,-1.094312862762474786e-05
1.494309868936363490e-04,-1.094301348473342072e-05
1.497707043570840218e-04,-1.094312217092666172e-05
1.501105431722745038e-04,-1.094341881511765910e-05
1.504506753904844224e-04,-1.094382015052185253e-05
1.507911346385095428e-04,-1.094418502381543921e-05
1.477300553037081971e-04,-1.061532534196703142e-05
1.477300430080355791e-04,-1.027818858436986138e-05
1.477301321084670391e-04,-9.932473402441902230e-06
1.477305838724740205e-04,-9.577978721401529007e-06
1.477315749760547633e-04,-9.214576384056973694e-06
1.477332948392206006e-04,-8.842106775326865909e-06
1.477359899729576624e-04,-8.460495509408630979e-06
1.477399090591632891e-04,-8.069878958097986176e-06
1.477453659355228393e-04,-7.670173686224507250e-06
1.477524860984522797e-04,-7.261829342951299744e-06
1.477617759006082186e-04,-6.844739150223759647e-06
1.477735721032179044e-04,-6.419329043095143081e-06
1.477881791142063111e-04,-5.986422798053048706e-06
1.478062382263798399e-04,-5.546273914582171439e-06
1.478282055860995713e-04,-5.099075681746172710e-06
1.478552620149075323e-04,-4.646118602475397884e-06
1.478984318646061821e-04,-3.705185090382920755e-06
1.478469648558326072e-04,-3.231330517363000562e-06
1.477309310822631251e-04,-2.775910806071369294e-06
1.475572695365933861e-04,-2.351552072375265092e-06
1.473311152583838403e-04,-1.958530810133206653e-06
1.470622014875118920e-04,-1.609907355966572518e-06
1.467762179038623451e-04,-1.301263463341930110e-06
1.464802700769911737e-04,-1.042143499472993018e-06
1.462184853344695686e-04,-8.264598652237541724e-07
1.459912336267565772e-04,-6.518751028980270356e-07
1.458152045601616824e-04,-5.104751156514433686e-07
1.456857358422559143e-04,-3.961478625811058786e-07
1.455980972458922038e-04,-3.040917779515081144e-07
1.455425084648064428e-04,-2.290815660690733400e-07
1.455103335124105675e-04,-1.692103820396057788e-07
1.454939717130977739e-04,-1.223440545717063544e-07
1.454865155678226017e-04,-8.580366960786974917e-08
1.454853736528513293e-04,-5.968227527080233234e-08
1.454893766440415329e-04,-3.096119577898060740e-08
1.454927030087711467e-04,-2.353096087060655368e-08
1.454957217099629122e-04,-1.869556120736086508e-08
1.454983946953475403e-04,-1.537636923062674276e-08
1.455007349672690512e-04,-1.317229121600419349e-08
1.455027656700627159e-04,-1.177273704766018100e-08
1.455043713673597372e-04,-1.088378880382866558e-08
1.455056835242942500e-04,-1.037686687499301301e-08
1.455066928143777523e-04,-1.007365977639684673e-08
1.455074624490610205e-04,-9.866864933803853972e-09
1.455080278268603398e-04,-9.715315028350646833e-09
1.455084151794960921e-04,-9.559487843584984991e-09
1.455086587922207575e-04,-9.349086081142062975e-09
1.455087899693761043e-04,-9.046416192006443269e-09
1.455088435355127651e-04,-8.636117154321292927e-09
1.455088533335882292e-04,-8.113001059970013639e-09
1.455151655813088690e-04,-1.293766365192006621e-09
1.455147349729007261e-04,-2.455007162994737044e-09
1.455141307294828925e-04,-3.499236028588041470e-09
1.455134281102486412e-04,-4.446534145236904224e-09
1.455126327240699815e-04,-5.274150724834810640e-09
1.455118066360384509e-04,-6.000103530783229404e-09
1.455109867020457602e-04,-6.611517134971464018e-09
1.455102121422220641e-04,-7.092487873897675463e-09
1.455094985579683388e-04,-7.408188035829165711e-09
1.453915213640695427e-04,0.000000000000000000e+00
1.453936056845298291e-04,0.000000000000000000e+00
1.454008543320867749e-04,0.000000000000000000e+00
1.454127097626900641e-04,0.000000000000000000e+00
1.454280958460201574e-04,0.000000000000000000e+00
1.454449751994166338e-04,0.000000000000000000e+00
1.454615497009020342e-04,0.000000000000000000e+00
1.454764256119495070e-04,0.000000000000000000e+00
1.454885683396836787e-04,0.000000000000000000e+00
1.454977314987073301e-04,0.000000000000000000e+00
1.455042547394208498e-04,0.000000000000000000e+00
1.455084532743730901e-04,0.000000000000000000e+00
1.455111106708903358e-04,0.000000000000000000e+00
1.455124481283357753e-04,0.000000000000000000e+00
1.455130331882749102e-04,0.000000000000000000e+00
1.455131940642445741e-04,0.000000000000000000e+00
1.455131501786734529e-04,0.000000000000000000e+00
1.455130290831404920e-04,0.000000000000000000e+00
1.455129312962232294e-04,0.000000000000000000e+00
1.455129042970899672e-04,0.000000000000000000e+00
1.455129607287548909e-04,0.000000000000000000e+00
1.455131163964812401e-04,0.000000000000000000e+00
1.455133599918558788e-04,0.000000000000000000e+00
1.455136747363033434e-04,0.000000000000000000e+00
1.455140467422270218e-04,0.000000000000000000e+00
1.455144710111042679e-04,0.000000000000000000e+00
1.455149112010190060e-04,0.000000000000000000e+00
1.480248410418945120e-04,-9.030532625502660961e-06
1.455084767190094319e-04,-9.479814629723195082e-09
1.455128130210424559e-04,-5.442473904609578659e-09
1.495716750866826631e-04,-1.063474415811328420e-05
1.480524926585569058e-04,-7.909780983085832606e-06
1.455064951606734492e-04,-9.939204224489212527e-09
1.455172773013155459e-04,-2.043318282017390457e-07
1.477163289655305362e-04,-1.928356002562361578e-06
1.507952539868714198e-04,-8.568635734266848234e-06
1.455129274363993106e-04,-1.755782773339434471e-09
1.455129413987707714e-04,-2.143331726134001354e-09
1.507514417754721820e-04,-6.867655467865364265e-06
1.481517081837449752e-04,-5.762384230391910980e-06
1.455001355677795359e-04,-1.618128362351800098e-08
1.503294463762723878e-04,-9.187634654128437781e-07
1.454208012529606007e-04,-1.973781885582116820e-08
1.503641105932277712e-04,-2.303603552609062457e-06
1.454695822628710149e-04,-2.154481268993811899e-08
1.454954362026877283e-04,-3.448397841988509702e-08
1.482426834615499500e-04,-4.431039859199441818e-06
1.483157256026596275e-04,6.451655280766557174e-07
1.454325020920675747e-04,6.044783369018064612e-08
1.506496497984291896e-04,-5.540390663962585227e-06
1.455127193056386377e-04,-4.067747576228552419e-09
1.482513330176080785e-04,-3.386717556437675751e-06
1.454969269029413948e-04,-7.533837268493603591e-08
1.455992522588989905e-04,-3.185958001267648518e-07
1.470661676495155581e-04,-1.170770898904122937e-06
1.455065964710877983e-04,-9.030685407449013446e-09
1.505709209077180197e-04,-4.142503030516119114e-06
1.455137996838215227e-04,-1.745927547842148032e-09
1.508246244832077442e-04,-9.707902394486007862e-06
1.463342017351455956e-04,-6.647092984382674687e-07
1.458401879936771300e-04,-4.461907951463824596e-07
1.505128885359852109e-04,-3.213501267103934608e-06
1.454948801223716567e-04,-1.572980247129226420e-08
1.455127745439934350e-04,-1.858593732911872790e-09
1.507584417832381885e-04,-7.754702832993141636e-06
1.480899327939440941e-04,-7.035658706956300365e-06
1.455047306948833920e-04,-1.073944851919442513e-08
1.455329185531706749e-04,1.324932147443453193e-07
1.473644631644188533e-04,5.590191117513419843e-07
1.480010652363900829e-04,-9.753073901647281335e-06
1.455090677505905573e-04,-9.099595649719299308e-09
1.489749862516887295e-04,-1.069423299185497553e-05
1.455112770975442880e-04,-6.887752184709253496e-09
1.493304786824685090e-04,7.213637859605393998e-07
1.454000876604387329e-04,2.057303160228176297e-08
1.457846543377788512e-04,2.337898873789267449e-07
1.465226599360128234e-04,4.134572273413257407e-07
1.455141918114323139e-04,-3.370877231866966611e-09
1.502808279787385814e-04,-1.066418828962180739e-05
1.502030532940018732e-04,-5.950919957257611501e-08
1.453973947132040066e-04,-7.482282903717855524e-09
1.455097983491517532e-04,-7.861814646937614418e-09
1.482267712784492294e-04,-1.068196053294977714e-05
1.507819293392411743e-04,-1.042285595712077418e-05
1.455145559684733970e-04,-1.412438355834235168e-09
1.479429870838667386e-04,-2.291698318719508378e-06
1.481353002470419680e-04,-1.901848346108940490e-06
1.479084233290978850e-04,-1.527679894608296623e-06
1.483497015274241632e-04,-1.528296831144801645e-06
1.481221504453568991e-04,-1.158295415071085103e-06
1.485820197635039791e-04,-1.915167126253923821e-06
1.485605780975291033e-04,-1.157582573709851445e-06
1.483107780004581325e-04,-7.923341503884925292e-07
1.487624819967565905e-04,-7.884956724018955572e-07
1.490139758633690398e-04,-1.157708093992345234e-06
1.478140363703986545e-04,-8.242257657011906616e-07
1.480574238142701865e-04,-4.439859975357901400e-07
1.476289619319717296e-04,-4.443401293811859609e-07
1.492265092929916201e-04,-7.819463804934358487e-07
1.489710176986458196e-04,-4.243710575885006548e-07
1.478268724612457361e-04,-1.004813105418940904e-07
1.473942948482203480e-04,-1.184059932238694011e-07
1.472121767309129438e-04,-4.329211851497933284e-07
1.469925718863051352e-04,-1.340227726118850092e-07
1.494807086833087448e-04,-1.154448260331055686e-06
1.492760904007399793e-04,-1.535846401986193948e-06
1.497343295302208189e-04,-1.535191892779008742e-06
1.495939839321355584e-04,-1.913377791979999099e-06
1.482815238184715344e-04,-8.979313715692461542e-08
1.494394843484182149e-04,-4.094994781480634964e-07
1.468027009151582382e-04,-4.876286969753042427e-07
1.466300536478495333e-04,-1.541953905586752684e-07
1.492332647585229387e-04,-4.523663274856259956e-08
1.455049430922219600e-04,-1.528798947556892475e-07
1.454975660731831939e-04,-1.736260558998171918e-07
1.454958320085175173e-04,-1.383762237973772118e-07
1.454809141222628531e-04,-1.408886793182585071e-07
1.454793345072138467e-04,-1.649118330092763783e-07
1.454610255863151799e-04,-1.269720859772121680e-07
1.454578144381015543e-04,-1.364778636178761960e-07
1.454408895772448104e-04,-1.017776820873901339e-07
1.454843579665847646e-04,-1.136315596532817141e-07
1.454386566824888082e-04,-9.844844391581174607e-08
1.454611273139000589e-04,-1.326142564607228204e-07
1.454446902367082829e-04,-9.078813820771315460e-08
1.454215040385516621e-04,-6.540445788365385886e-08
1.454427548519320675e-04,-7.751170769252639071e-08
1.454743679600929880e-04,-1.072944176532981935e-07
1.454958007693121216e-04,-1.070497547048835108e-07
1.454885265328434354e-04,-8.746055903528554615e-08
1.454982457409228721e-04,-7.936005613775590162e-08
1.454931765069369259e-04,-6.405817978049809012e-08
1.455009308243294117e-04,-5.708126763913079069e-08
1.454741845393380851e-04,-8.879099435127979215e-08
1.454971491277669586e-04,-1.755717876682077753e-07
1.455168235244133428e-04,-1.403333058474022384e-07
1.454566229903340687e-04,-3.572892665302880366e-08
1.454974717335499748e-04,-4.489756122325643622e-08
1.455036656141878778e-04,-3.965562112714985229e-08
1.455045682877058419e-04,-4.715624231913695418e-08
1.455066343511933447e-04,-3.325202940388324076e-08
1.455052377431855545e-04,-3.687390760761775789e-08
1.455073817067099558e-04,-2.668353338873027899e-08
1.455086405373769674e-04,-2.266637790281209542e-08
1.455092406968309482e-04,-1.889469968658003021e-08
1.455070063249858786e-04,-2.119502000351626401e-08
1.455089656559664343e-04,-1.559008811241328696e-08
1.455103547381592381e-04,-1.475819157964128227e-08
1.455062917402244254e-04,-1.697913343933858131e-08
1.455084092726712311e-04,-1.301948417824782778e-08
1.455104691176228480e-04,-1.129000155357964082e-08
1.455099708479113600e-04,-9.953033637395558966e-09
1.455079092846199172e-04,-1.125002644533886618e-08
1.455094769215769840e-04,-9.053979018647026140e-09
1.455075992134163409e-04,-1.012363259311480389e-08
1.455091276098704979e-04,-8.529449547809776295e-09
1.455106338140771307e-04,-7.270419156288917239e-09
1.455102789790772334e-04,-7.192399416222577576e-09
1.455089421720652499e-04,-8.305641438560058131e-09
1.455100517890910627e-04,-7.288868387392761804e-09
1.455088947337042035e-04,-8.295806624174925675e-09
1.455099572369692341e-04,-7.481828948387545066e-09
1.455109329604440153e-04,-6.349745752577821327e-09
1.455108219455853054e-04,-6.694614278201264681e-09
1.455099521523744608e-04,-7.730799077785001251e-09
1.455107863264760808e-04,-7.050742514236432192e-09
1.455099932753504434e-04,-7.996644325077230481e-09
1.455108057248472009e-04,-7.363341207672508705e-09
1.455115311639918830e-04,-6.317834891359098647e-09
1.455115544528068783e-04,-6.659595280887706352e-09
1.455108493817171224e-04,-7.594117269934316764e-09
1.455122103638601869e-04,-5.511638366233674806e-09
1.455122620506172206e-04,-5.871026073254250756e-09
1.455091182435483540e-04,-8.556417036889320054e-09
1.455116269500445294e-04,-5.440666372327422943e-09
1.455115717840112211e-04,-8.009609219328967360e-09
1.455121813223953159e-04,-5.068737042922990409e-09
1.455114173954876356e-04,-5.866816297833727167e-09
1.455127499374716995e-04,-4.136920306169269668e-09
1.455034498889241619e-04,-2.187841894972544500e-08
1.455118562684449527e-04,-4.859969855087411893e-09
1.455076198131760861e-04,-9.151730988867017601e-09
1.455056052278953175e-04,-1.205000712200335269e-08
1.455092856521425298e-04,-8.711204590989572960e-09
1.455084286155697976e-04,-9.182208292906530185e-09
1.454874661024827258e-04,-4.577385822053175564e-08
1.455118459037615301e-04,-5.678751882371821043e-09
1.455123184617706383e-04,-3.910953467228832424e-09
1.454288287248561449e-04,-3.041798759455241760e-08
1.455058731118977601e-04,-1.075326996697497661e-08
1.455081591031594430e-04,-9.086944956741773848e-09
1.455029614369873325e-04,-4.949477974988737367e-08
1.455010132786922479e-04,-2.763263399390807863e-08
1.456943607669340451e-04,-3.804748150875705157e-07
1.457145724808013381e-04,-2.887583766577498146e-07
1.458763294446085534e-04,-2.984598719805645107e-07
1.457503782817354905e-04,-1.439306515519427073e-07
1.459194259884294507e-04,-1.012660559962105661e-07
1.460797700682257068e-04,-2.699368398108348507e-07
1.461474643007688477e-04,-1.815279922225549556e-08
1.459740658785279969e-04,1.184232472589676152e-07
1.467819499379677132e-04,-8.967292447553248165e-07
1.455449520194570026e-04,-2.603028624620958869e-07
1.456309292320694105e-04,-1.691064641145944204e-07
1.456510329413845972e-04,-3.120103719180649930e-08
1.481902587538595686e-04,-2.927349750579753564e-06
1.486014135123856243e-04,-3.047231106351397328e-06
1.486820529341824251e-04,-3.509845946561387878e-06
1.490187304575876206e-04,-3.195016022300099751e-06
1.491189882893380662e-04,-3.631952555783179863e-06
1.494282672927330655e-04,-3.340770625187090851e-06
1.495238306320161969e-04,-3.798043849306743691e-06
1.491426658069900833e-04,-4.105850121331525894e-06
1.496444333831769126e-04,-4.258831756814653621e-06
1.493149197239183629e-04,-4.573059412771729217e-06
1.497391509220347410e-04,-4.717120385601847247e-06
1.494129141965532014e-04,-5.023543491521564515e-06
1.490002435244933664e-04,-4.894346933314679285e-06
1.490900189315295997e-04,-5.335602817551791726e-06
1.495055657097409054e-04,-5.469839277698618151e-06
1.491846517631284258e-04,-5.774748574836269038e-06
1.495975674809933058e-04,-5.909060135586536237e-06
1.492819914299245898e-04,-6.208325975010688938e-06
1.496894741416677642e-04,-6.341491957329883461e-06
1.493820652257094777e-04,-6.636045801380326359e-06
1.497809699702532253e-04,-6.766902468754101168e-06
1.494786444490050733e-04,-7.055942923261982658e-06
1.498724037965976173e-04,-7.182827427846438900e-06
1.495694112954996154e-04,-7.467623838628607451e-06
1.491815135103094362e-04,-7.344890447884647504e-06
1.492748393221766414e-04,-7.748382676054579047e-06
1.496555516497078775e-04,-7.868916258614134946e-06
1.493662135813245075e-04,-8.144002815637937804e-06
1.497394813435691128e-04,-8.262637348625449815e-06
1.494515414699031650e-04,-8.530349393934921309e-06
1.490840258098953021e-04,-8.416469479734809282e-06
1.491708567009918682e-04,-8.798341383057710032e-06
1.495329954583662544e-04,-8.908935546039526299e-06
1.492589713535287120e-04,-9.169621667410767974e-06
1.496114766769839511e-04,-9.280160528235404500e-06
1.493412990066508112e-04,-9.533559212136568324e-06
1.496895136246258185e-04,-9.642823295137025935e-06
1.489909272394331519e-04,-9.426417653142482432e-06
1.498723183738917889e-04,-9.029931085184495355e-06
1.490736113787234185e-04,-9.782695951443366459e-06
1.489746327661697163e-04,-6.511014936110273498e-06
1.493437773481038244e-04,-2.892136601161813271e-06
1.488083548310865803e-04,-8.686842601367244100e-06
1.488951132202259904e-04,-7.631380488656080226e-06
1.487171967958648749e-04,-8.305126653427533445e-06
1.499988367643443200e-04,-6.050460750876229383e-06
1.487214030266453563e-04,-9.678390861235910685e-06
1.500346209236620492e-04,-7.990638787686307152e-06
1.501518803626439291e-04,-8.426657730080989813e-06
1.486433030586530491e-04,-9.324479413026595149e-06
1.488108855510312471e-04,-1.002092059746002457e-05
1.491603309556994658e-04,-1.013378215555369615e-05
1.487977480077792977e-04,-7.232842194831806661e-06
1.486264211791711934e-04,-5.197015829712315847e-06
1.484066791455997179e-04,-8.564002323156379791e-06
1.497891110539980816e-04,-3.066025206481196572e-06
1.496596921947383339e-04,-2.618599852272966639e-06
1.492256318727604766e-04,-2.449386816857912062e-06
1.485116894586547068e-04,-2.631745068114259392e-06
1.499047052241234493e-04,-3.880702411729996207e-06
1.485017495574216038e-04,-7.516500138525424091e-06
1.484763712051368660e-04,-9.939912145387129439e-06
1.485518634383605179e-04,-1.025246234152054173e-05
1.482135161844876352e-04,-1.016861446243852641e-05
1.454989252587557435e-04,-1.083003155926676444e-07
1.455034113371383748e-04,-1.243603773660544542e-08
1.474597803449011766e-04,-1.483830847021246202e-06
1.474241845897194354e-04,-1.050736676290395727e-06
1.500815391870998232e-04,-2.699132460204288815e-06
1.504262593749846786e-04,-8.081186936093347119e-06
1.501669731968833491e-04,-6.902613426986861981e-06
1.502704107273482466e-04,-7.315996926949232546e-06
1.455127500443409655e-04,-3.340132301111032223e-09
1.455130943771944826e-04,-2.775652205845354417e-09
1.455974923076462505e-04,-2.689755786005563821e-07
1.467923671478012291e-04,1.441141491123293277e-07
1.455118487198530470e-04,-8.639824646548350133e-09
1.497146640513543606e-04,-3.841230778942488858e-08
1.462140343450984677e-04,2.272854678159890971e-07
1.483497675119311654e-04,-3.887348977430066718e-06
1.486530595468688748e-04,-4.181281791259495117e-06
1.460645567323631214e-04,-5.306610152755392795e-07
1.500107633246044883e-04,-1.915117119806272495e-06
1.501952929325275129e-04,-1.558175316087437513e-06
1.455537287103765803e-04,-6.782397390720548660e-08
1.485992618675596917e-04,-4.698760844317489614e-06
1.491207585431055069e-04,-1.979836391833685465e-06
1.483640707073512741e-04,-8.123790395908379346e-06
1.455024655455731920e-04,-1.742211834775806519e-08
1.455061372543492969e-04,-2.102882419526458698e-07
1.454988968829500236e-04,-2.234396678453025755e-08
1.455132719303450502e-04,-3.153269754207173082e-09
1.499004535751116988e-04,-4.141140326500060513e-07
1.499689908424349538e-04,3.150432868874760732e-07
1.455086539896130373e-04,-1.534129447002855751e-08
1.455107349255027865e-04,-8.097338559957908785e-09
1.464730941293468597e-04,-4.316550078002769224e-07
1.485593583351752108e-04,-8.951639077549724554e-06
1.455126493021043099e-04,-5.137299863778311467e-09
1.455117641391828883e-04,-8.596738098918838590e-09
1.455123001226115895e-04,-5.463784193798624488e-09
1.487821943707341883e-04,-5.650495458157106594e-06
1.488794489575445983e-04,-6.086908557920047745e-06
1.485208662334162899e-04,-6.438514465002727146e-06
1.486980410530499620e-04,-6.852150941155671139e-06
1.455115872030942508e-04,-6.898005680242981444e-09
1.455108820546768919e-04,-7.712652133865036581e-09
1.455101640972277302e-04,-8.318613963670149032e-09
1.455116077956659796e-04,-6.985997537989787195e-09
1.455102162413162022e-04,-8.317336908810028550e-09
1.455094554499731922e-04,-8.917265644138460059e-09
1.455094393814186648e-04,-8.818509394623101228e-09
1.505632885860072113e-04,-4.618945729977399063e-06
1.506919273695645476e-04,-5.990283189646926453e-06
1.507911785234044200e-04,-8.947706584991718098e-06
1.504594621449025914e-04,-8.738362588870949216e-06
1.504562047432456433e-04,-9.136950846801269167e-06
1.475960779545461667e-04,2.308376342301929705e-07
1.488238654346805924e-04,6.917301626976607181e-07
1.454113546835565532e-04,3.633572379371017476e-08
1.454037751302139246e-04,9.003380150760236504e-10
1.453965562908845880e-04,6.852693497896274478e-10
1.454036270662701692e-04,-2.377735792253685842e-08
1.453943217280317187e-04,1.102054291872954597e-08
1.454371848957240537e-04,-2.266975057152292809e-08
1.454308382929908182e-04,-4.300064552132103709e-08
1.454493893370538849e-04,-5.075605987540332018e-08
1.454156150880073857e-04,-3.495593452832501281e-08
1.454277385740115490e-04,-5.985764342821568775e-08
1.454136238762657781e-04,-2.997024470908833921e-08
1.498288605227306983e-04,-5.172593202505976765e-06
1.501706255132727503e-04,-4.888965048689384405e-06
1.501276620423991001e-04,-4.339950933232203651e-06
1.506132148556815753e-04,-5.090913862993148173e-06
1.454704978827359900e-04,9.388474383689208757e-08
1.488231834907412048e-04,-1.544957012260888000e-06
1.456315525184850271e-04,1.830557377546191848e-07
1.469349716402715636e-04,5.019508791343424202e-07
1.455074652000301237e-04,-9.633957520734967974e-09
1.481411329967435180e-04,-6.203523830704055720e-06
1.494241543540422408e-04,-9.892628623125405892e-06
1.497662205266866900e-04,-9.999081362291810954e-06
1.500333458634161860e-04,-9.753648503356964633e-06
1.501018070562480623e-04,-1.009705018625818983e-05
1.503514766125774323e-04,-9.834770326589931751e-06
1.504680276267561447e-04,-1.016945633903360679e-05
1.498337930409311420e-04,-1.033997801497100826e-05
1.502564007945434744e-04,-9.470807037080593524e-06
1.495028944221206836e-04,-1.025468400681688371e-05
1.492290074006425078e-04,-1.047009722047958286e-05
1.455123096260859587e-04,-6.100003384176068254e-09
1.455129319416265565e-04,-5.004681718184379025e-09
1.455130397340567846e-04,-5.190481817429025762e-09
1.455136079357912001e-04,-3.937759679759006800e-09
1.455122877162128459e-04,-6.193134015690162170e-09
1.455114879779513374e-04,-7.009835412582992113e-09
1.455108615135823776e-04,-7.707124253358224109e-09
1.455102123609383581e-04,-8.173538029253506304e-09
1.455134669278971454e-04,-3.544300299359530952e-09
1.455140109492980170e-04,-2.488014062468669527e-09
1.507325137134077158e-04,-6.432511209648781641e-06
1.508196124012043532e-04,-9.332808389691913761e-06
1.455092102510235875e-04,-8.773019875611878246e-09
1.502442769125083655e-04,-5.343244175842555304e-06
1.506851339014401319e-04,-7.334988120723851667e-06
1.455128258888499699e-04,-1.998730912129348913e-09
1.455124135219737556e-04,-3.541202376399002779e-09
1.455127753974297345e-04,-2.080101811353294656e-09
1.505587761731148118e-04,-3.667347991983195762e-06
1.501341441509895487e-04,-3.455034471431625287e-06
1.455017011390590854e-04,-1.225966462240068383e-08
1.455130180305805559e-04,-2.740810669279112154e-09
1.454924023733099867e-04,2.374163044006172994e-08
1.454840894704118785e-04,-2.253874159116877614e-08
1.454542523705166222e-04,-2.388396588428042975e-08
1.454653929345192090e-04,-4.575085219542461891e-08
1.478244326188454913e-04,6.113299421300344436e-07
1.455079257201642219e-04,-9.022782332989722293e-09
1.455065218333898935e-04,-9.778236175699618149e-09
1.480430543529140885e-04,-8.662414611902935447e-06
1.481372424684340922e-04,-7.475906564026008526e-06
1.481082239077320217e-04,-6.630270256885786783e-06
1.481899361732598311e-04,-5.324696240491973617e-06
1.508255923962601049e-04,-1.007239979854035431e-05
1.455046234822935660e-04,-2.818164591144863805e-08
1.455088318833503488e-04,-9.322128556334599897e-09
1.480258876015855263e-04,-9.396816651313204746e-06
1.483446400707334636e-04,-9.605219076307561172e-06
1.454068599245595891e-04,-1.427516393159479025e-08
1.454035372750304045e-04,-2.234199963359070190e-08
1.455057575892049486e-04,-1.402401364009684044e-08
1.455075447857793829e-04,-9.455763477633940662e-09
1.455025520874545192e-04,-6.463245621402781437e-08
1.455134981061504567e-04,-4.546774585323844994e-09
1.499564510032095764e-04,-7.590180062890482001e-06
1.498183402081651276e-04,-8.645687100728663776e-06
1.500691606508417126e-04,-6.484456228354186357e-06
1.489053713859275839e-04,-9.059573754506969467e-06
1.496678833049027205e-04,-7.697912916392364797e-07
1.455100894438893688e-04,-8.193802606698120215e-09
1.485382370250065351e-04,2.906151629558594399e-07
1.455123735096188083e-04,-4.065017754437695976e-09
1.490857421770787458e-04,-6.931982728337510337e-06
1.489935543176160474e-04,-8.027174316464138896e-06
1.455105362849095816e-04,-7.406437019712656767e-09
1.485922059055953793e-04,-1.060753566286542337e-05
1.455128437467977293e-04,-4.608422590051134500e-09
1.455080533538665214e-04,-9.568594062281665049e-09
1.454790364969781632e-04,-6.387245592984782230e-08
1.454971080234329379e-04,-5.028871402878927611e-08
1.455330145905307326e-04,-2.449860642253334102e-07
1.455115453695501350e-04,-5.903716068238818767e-09
1.454667913926583212e-04,-1.092636759683216105e-07
1.455111325441309136e-04,-6.039906349251944751e-09
1.455110800362228443e-04,-7.564780089500892244e-09
1.455107149982298471e-04,-1.304652473888454794e-08
1.455063828301976633e-04,-2.642668373837674252e-08
1.503417486223380462e-04,-7.707048443700154614e-06
1.453927301150171301e-04,-5.464493182860956187e-11
1.499364206675168616e-04,-9.390917228830019843e-06
1.455089968977468372e-04,-8.386817274569500629e-09
1.499111883631168744e-04,-5.616270956850593038e-06
1.471113248244925614e-04,-7.855124126582180392e-07
1.455011796656791728e-04,-8.949390317989805804e-08
1.486395972613291773e-04,-7.897264185289354677e-06
1.471680253054491808e-04,1.978766529115147338e-07
1.489289172227776777e-04,-2.749923614354199986e-06
1.455141742157003678e-04,-2.976813823762126034e-09
1.464349476254330124e-04,8.093195569601516043e-08
1.455121863801592296e-04,-4.557740126655972220e-09
1.480574907885590671e-04,2.633676495067671104e-07
1.485132230461879571e-04,-4.370548737774991731e-07
1.454152207247418722e-04,-4.801959991942784451e-08
1.507855339727220913e-04,-8.168282098080245643e-06
1.457812554556941066e-04,2.943357717702780633e-08
1.455096327021558231e-04,-8.701243840174797094e-09
1.499723219990328586e-04,-1.125106998402432140e-06
1.454562119962803644e-04,-8.025135613627029270e-08
1.455061570778492348e-04,-1.008471234069039068e-08
1.487802102604753398e-04,-2.326090628812756006e-06
1.454846524199245679e-04,-1.815104997565040766e-07
1.499405197159421480e-04,-1.066367401578592412e-05
1.455120609223005011e-04,-6.234965001007997834e-09
1.455735708395451721e-04,5.737115351555644066e-08
1.455092759759705025e-04,-8.339025105898101330e-09
1.480142043858798800e-04,-1.042947339007101872e-05
1.506051667204324075e-04,-1.068870135247942793e-05
1.455146787599858422e-04,-2.172072710935963758e-09
1.499002288578511386e-04,-2.293918233558778039e-06
1.455097177313727263e-04,-8.366946499406788315e-09
1.455033088250213885e-04,-1.170908439748193774e-08
1.487668184639760283e-04,-6.054021112499131429e-08
1.483110474356117911e-04,-9.192130456436934313e-06
1.482243346993485002e-04,-4.897423698579792461e-06
1.454998911002622071e-04,-2.741644327928197064e-08
1.460068587387396339e-04,3.401464673181016688e-07
1.503103197737595982e-04,-5.791562774582436390e-06
1.484865204090262032e-04,-5.956983171788938277e-06
1.489423860939728715e-04,-4.488519832077876461e-06
1.454944993228457658e-04,-6.693122499048441981e-08
1.489028643181645572e-04,-1.033255535165278066e-05
1.503684559801487207e-04,-6.229509480642697162e-06
1.504774060899196286e-04,-2.775588630011189511e-06
1.455032240278728646e-04,-1.418999022643898552e-08
1.463162656625002583e-04,-2.094513871109618073e-07
1.497939367215369601e-04,7.051252521265959001e-07
1.490494208071422265e-04,3.284153278479804740e-07
1.480572578025233837e-04,-8.298296978375633353e-06
1.504134886055845518e-04,-1.885854501429184009e-06
1.501521748093469786e-04,-8.857552243038331832e-06
1.484498856141211963e-04,-7.158978283970960304e-06
1.455107755122068958e-04,-7.586574710549881843e-09
1.455134730743615050e-04,-1.508336494442629350e-09
1.455087615517582631e-04,-9.204605708166797611e-09
1.503040314915310384e-04,-5.051844818150267257e-07
1.455018716477872616e-04,-3.693223767127790100e-08
1.454771685745346514e-04,-4.027748346661518657e-08
1.454933972830640965e-04,-3.163422968061217619e-08
1.454438637923060847e-04,2.304370167697211590e-08
1.454412864827597752e-04,-6.573342799192117296e-08
1.455052218575543380e-04,-1.808153961024282684e-08
1.474327592631773348e-04,-7.045166142130410789e-07
1.483190305405474680e-04,-2.255873252942383692e-06
1.455055239235389494e-04,-1.033310211441003890e-08
1.455119777397562066e-04,-4.205775600915213486e-09
1.455131235885668173e-04,-1.579326127954811333e-09
1.495151402771122400e-04,3.297981348740060854e-07
1.455126075299866169e-04,-3.230853513051361733e-09
1.477590036413626217e-04,-1.182912609810803055e-06
1.504206598475161312e-04,-6.653616420053879742e-06
1.462229621564305074e-04,-4.459988782059510349e-07
1.455126000531511412e-04,-3.999303312691004332e-09
1.501658376073968361e-04,-1.039954012754325188e-05
1.455130408261915765e-04,-2.375750332678805195e-09
1.454164080920071456e-04,9.275911658963041861e-09
1.455124668701280460e-04,-3.294541010409474080e-09
1.505142066526177907e-04,-8.406377839883047380e-06
1.456832950453469265e-04,1.030719520156155249e-07
1.501346286217232072e-04,-9.177281943402054810e-06
1.502280857109592979e-04,6.920017858587384322e-07
1.497560425087989379e-04,-3.505570834641260505e-06
1.479555915597474648e-04,-1.009882802937839472e-05
1.454653002959835318e-04,-6.721142412492435804e-08
1.455392332061859739e-04,-2.075667963299630838e-07
1.455089927754548383e-04,-9.183002600326904500e-09
1.462414425496852367e-04,4.499704854786274656e-07
1.453926126028851876e-04,5.129236268999532175e-09
1.454953267134186502e-04,-2.703206979831623668e-08
1.484444213191864518e-04,-5.551268097861124508e-06
1.488080895731142819e-04,-3.850603287416557875e-06
1.508857022631750373e-04,-1.071225606145682316e-05
1.455010515590671302e-04,-1.418982139879604291e-08
1.505710417897804091e-04,-9.549629769106024707e-06
1.453972856849245464e-04,-1.023184672506686574e-08
1.455149487398220724e-04,-1.083157515015055519e-09
1.465672054475717777e-04,-7.026945125739028952e-07
1.495244896425765389e-04,-2.263754923148104024e-06
1.479731257119737907e-04,-1.070452678732254891e-05
1.455092766286179807e-04,-7.906125138277197165e-09
1.504617378069011404e-04,-7.056973531691529727e-06
1.455142062983755074e-04,-1.126111222920052623e-09
1.503803148622630595e-04,-1.273300446119611087e-06
1.455001127590350052e-04,-1.220859539453926766e-07
1.483736094739573430e-04,-6.822784018023845218e-06
1.482677108875337844e-04,-8.843618257720984246e-06
1.455118284827265651e-04,-4.964229139462637236e-09
1.454267370893586107e-04,-6.191300353097027018e-08
1.483234778070254001e-04,-1.041222302638285160e-05
1.501749252493068747e-04,-3.063831489880018509e-06
1.502713761931965739e-04,-3.896250523856360960e-06
1.455073542386994779e-04,-9.465296565669393304e-09
1.454981843150135912e-04,-1.919377008750449471e-08
1.483585621295507168e-04,-7.782081789017254383e-06
1.455137262346470730e-04,-4.070031607721802517e-09
1.455008647849922185e-04,-6.502176539896225179e-08
1.455700812204250021e-04,-1.798545288975633064e-07
1.454288894401415105e-04,-7.543065021313478103e-08
1.500314467882505080e-04,-7.264563706450905210e-07
1.455091622225132466e-04,-6.307086291914005981e-09
1.455102044821819543e-04,-7.926940799383152986e-09
1.503234363637683652e-04,3.490686560832176354e-07
1.506211787896534720e-04,-9.880476163209048288e-06
1.455049022649764856e-04,-1.090014073811893292e-08
1.481391257826559235e-04,-2.573957148413601349e-06
1.504602897332538473e-04,-1.046902398772987551e-05
1.482143076601218263e-04,-9.917830364089540455e-06
1.492600729823445778e-04,-1.074648822980665564e-05
