Size 674,2
0.000000000000000000e+00,-1.176833042450500065e-07
2.687287669159898716e-09,0.000000000000000000e+00
3.607540857316659410e-07,-1.609335754742318380e-06
-2.160276331320567769e-07,-1.607436362251074579e-06
-1.311417872331448052e-07,-4.805252178178392052e-07
2.355188309883508703e-08,-5.777794905555213959e-09
2.939893683328508324e-08,-3.020085148401615085e-09
3.099532401765477852e-08,0.000000000000000000e+00
0.000000000000000000e+00,-1.112877003824065177e-07
0.000000000000000000e+00,-1.063324461631882745e-07
0.000000000000000000e+00,-1.033022635562281882e-07
0.000000000000000000e+00,-1.021969668984649145e-07
0.000000000000000000e+00,-1.024830527998340300e-07
0.000000000000000000e+00,-1.033649527131637946e-07
0.000000000000000000e+00,-1.039672608663037118e-07
0.000000000000000000e+00,-1.035199849222319216e-07
0.000000000000000000e+00,-1.013832003451212181e-07
0.000000000000000000e+00,-9.752441634844068167e-08
0.000000000000000000e+00,-9.199030344611886539e-08
0.000000000000000000e+00,-8.481880357406867887e-08
0.000000000000000000e+00,-7.637270347179862183e-08
0.000000000000000000e+00,-6.694461280540600637e-08
0.000000000000000000e+00,-5.678139549633013980e-08
0.000000000000000000e+00,-4.609473214989231099e-08
0.000000000000000000e+00,-3.503815866791648484e-08
0.000000000000000000e+00,-2.373593132953304566e-08
0.000000000000000000e+00,-1.227359454255265162e-08
3.606572310488902278e-07,-1.551212431225008541e-06
3.605417713790059939e-07,-1.491520045767397671e-06
3.603485114508624750e-07,-1.430091161520208136e-06
3.599404338893591983e-07,-1.366882627261665387e-06
3.591950761905313983e-07,-1.301891710377560465e-06
3.580025161520279326e-07,-1.235197070365894948e-06
3.562279435832135346e-07,-1.166783588518552474e-06
3.536963506544660867e-07,-1.096745996530194349e-06
3.502506735028552530e-07,-1.025242000720677274e-06
3.457693025489367623e-07,-9.526625011079653889e-07
3.398454132345993796e-07,-8.790424944103886900e-07
3.323252802238446984e-07,-8.049579316595637923e-07
3.230025367123512228e-07,-7.308860893537791950e-07
3.116329499075128953e-07,-6.574479485898198738e-07
2.979825745708876519e-07,-5.854097502596086554e-07
2.820028660453764857e-07,-5.159018534773701459e-07
2.632726865728435683e-07,-4.498537424204125113e-07
2.418994911708464615e-07,-3.882461462458819597e-07
2.186573071218461650e-07,-3.325916206957094418e-07
1.937675379951442877e-07,-2.832797003111754499e-07
1.686533652840214452e-07,-2.411242509314673514e-07
1.427300579901290819e-07,-2.058583797459332531e-07
1.172259999372506150e-07,-1.775904751623258638e-07
9.241943248116208898e-08,-1.553535613391031008e-07
6.839137130792838820e-08,-1.387541235595002240e-07
4.560149432619396739e-08,-1.272371912354187996e-07
2.238840157909989282e-08,-1.205283855692449181e-07
-1.580769905320679380e-07,-1.607377872285298532e-06
-1.002484895744544749e-07,-1.607259575954936740e-06
-4.255337474701989337e-08,-1.607154478526098390e-06
1.497302435516278307e-08,-1.607117278786828631e-06
7.237982908394398795e-08,-1.607225591474837373e-06
1.298177446578449912e-07,-1.607488594382236943e-06
1.873186188067701910e-07,-1.607889473104431884e-06
2.449732666006630299e-07,-1.608382799971778132e-06
3.028011760380041077e-07,-1.608894547369238582e-06
-2.160403106568982246e-07,-1.551467590492786247e-06
-2.160483756608320375e-07,-1.494044804434116786e-06
-2.160007438593583856e-07,-1.435016964973172610e-06
-2.157642430582099904e-07,-1.374345660262680959e-06
-2.152431764544523605e-07,-1.312037908683458573e-06
-2.143379140458051354e-07,-1.248084407431703724e-06
-2.129196293104846195e-07,-1.182517916165330549e-06
-2.108555871144772999e-07,-1.115492085749166057e-06
-2.079806731298270093e-07,-1.047041615236406015e-06
-2.042316832637085014e-07,-9.774845433594072010e-07
-1.993364648398614052e-07,-9.068488294078362375e-07
-1.931175549787975176e-07,-8.354365580620787567e-07
-1.854090507489423618e-07,-7.637759404742062772e-07
-1.758626457790956644e-07,-6.920915434580343741e-07
-1.642229458456499144e-07,-6.205697024116781643e-07
-1.498273143821558644e-07,-5.500119639501625042e-07
-1.122967599308962522e-07,-4.108915877105605158e-07
-9.534795984216212205e-08,-3.466545897571152326e-07
-8.193264248494631544e-08,-2.893186228554987009e-07
-6.858481276824729734e-08,-2.419634800055793018e-07
-5.568581542497340048e-08,-2.017197441443108629e-07
-4.406501978699222177e-08,-1.701867856882850513e-07
-3.149730747538661667e-08,-1.441559916360352974e-07
-2.167067565029832696e-08,-1.232973371917776829e-07
-1.246105182847468658e-08,-1.050572112279636018e-07
-5.957972780848467516e-09,-8.870126956401632108e-08
-8.790244791909394317e-10,-7.325606972003959023e-08
3.012258628307056585e-09,-5.871787855882793977e-08
6.538679815390466585e-09,-4.537951459827333078e-08
1.000086598149812697e-08,-3.364357463630260798e-08
1.342009763477894128e-08,-2.398969390393019825e-08
1.657902530029925960e-08,-1.658950033860011811e-08
1.944367434841416559e-08,-1.125957202305519338e-08
2.182259200445134863e-08,-7.830292151307750337e-09
2.485298079077287448e-08,-4.638034200279686364e-09
2.589045440620635415e-08,-3.972887128339968611e-09
2.670485947349177283e-08,-3.613126479754031586e-09
2.733859007353732177e-08,-3.402477361167269145e-09
2.783392143939876582e-08,-3.324700444228142595e-09
2.824843572671990990e-08,-3.302428453117937855e-09
2.856338171918580909e-08,-3.318772813306424556e-09
2.880779124686077289e-08,-3.361300949585509160e-09
2.899482247347145474e-08,-3.404449421987069879e-09
2.913955854381854771e-08,-3.435948675318366413e-09
2.924300723892504656e-08,-3.453033226223408616e-09
2.931309976485411938e-08,-3.451287717398112645e-09
2.935836820538204948e-08,-3.425564533529946140e-09
2.938266500556905126e-08,-3.367983084649897229e-09
2.939324760597674726e-08,-3.278105438077169365e-09
2.939594641119574742e-08,-3.156443546548597791e-09
3.094305665424659329e-08,-5.326960791914218961e-10
3.082704677734635898e-08,-1.015063013543843758e-09
3.067146259975656642e-08,-1.449121559365446154e-09
3.049640536719144017e-08,-1.837186826868619163e-09
3.030204485491252725e-08,-2.172589755643329470e-09
3.010300743672303469e-08,-2.458539442595610518e-09
2.990720252941568517e-08,-2.691170128569122176e-09
2.972273635839702013e-08,-2.866970143439835829e-09
2.955152328056240119e-08,-2.978065564709359574e-09
6.325526406459843278e-09,0.000000000000000000e+00
1.069616266493195177e-08,0.000000000000000000e+00
1.494300044069819306e-08,0.000000000000000000e+00
1.884882411477450197e-08,0.000000000000000000e+00
2.224267449122633995e-08,0.000000000000000000e+00
2.502967098946281829e-08,0.000000000000000000e+00
2.716376654696997632e-08,0.000000000000000000e+00
2.869714566948662798e-08,0.000000000000000000e+00
2.964525978871692742e-08,0.000000000000000000e+00
3.014892778891095004e-08,0.000000000000000000e+00
3.035135718662692436e-08,0.000000000000000000e+00
3.035571608865224118e-08,0.000000000000000000e+00
3.027710481155775866e-08,0.000000000000000000e+00
3.012382156963723215e-08,0.000000000000000000e+00
2.998443461151543468e-08,0.000000000000000000e+00
2.987681243274619105e-08,0.000000000000000000e+00
2.980492694510318697e-08,0.000000000000000000e+00
2.977795984617901946e-08,0.000000000000000000e+00
2.979221729988838138e-08,0.000000000000000000e+00
2.984287825778776619e-08,0.000000000000000000e+00
2.992361004020722322e-08,0.000000000000000000e+00
3.003308114217576829e-08,0.000000000000000000e+00
3.016437393963581130e-08,0.000000000000000000e+00
3.031242042304259369e-08,0.000000000000000000e+00
3.047248844447930810e-08,0.000000000000000000e+00
3.064517583791004539e-08,0.000000000000000000e+00
3.081997527007813209e-08,0.000000000000000000e+00
-1.648306933554401447e-07,-1.280299642306679946e-06
2.930285876904414769e-08,-3.412160569313499016e-09
3.031111115001730869e-08,-2.149931871064986865e-09
9.610097383470451777e-08,-1.555058022978093853e-06
-1.570191377705769794e-07,-1.087646154060266077e-06
2.888232243590904232e-08,-3.302898337892462383e-09
1.553468720171411611e-08,-3.265944148036608228e-08
-5.158855217797413817e-08,-2.050975960314900561e-07
3.006675331076881718e-07,-1.202365103508615607e-06
2.995753680024792975e-08,-6.236319304172883839e-10
2.975201503689241958e-08,-6.010096216891238405e-10
2.846296975145005054e-07,-9.113178719385975166e-07
-1.240141906766750494e-07,-7.256739217727420646e-07
2.732207350287233175e-08,-3.304201186827469479e-09
8.660882264468794079e-08,-1.592053196856890206e-07
2.049588870904408473e-08,-7.074978434010394681e-09
1.425922160745502549e-07,-2.569291860516885680e-07
2.784138934944974473e-08,-3.985830926173102956e-09
2.535810867088328982e-08,-4.782763989668984575e-09
-8.859020171089580264e-08,-5.146533817284035496e-07
-1.460903839368374743e-09,-1.037327877386887394e-07
3.001337037161616112e-09,-5.077641448870135370e-08
2.543233597351241973e-07,-6.914135647150365537e-07
2.998765674142173589e-08,-7.357281980630475598e-10
-6.144030713469621310e-08,-3.647853858016828172e-07
2.317828418841758422e-08,-9.678269954638213352e-09
6.100666135457229910e-09,-5.754947131678426329e-08
-3.870432143981435378e-08,-1.490588834413902293e-07
3.029913603725676656e-08,-1.270172746182106541e-09
2.182915594590100875e-07,-4.783897514321844076e-07
3.038868782536451881e-08,-6.467539842149567263e-10
3.077751394940341001e-07,-1.398084366598473715e-06
-1.925072428487572836e-08,-1.133147310384266517e-07
-4.520448865424588342e-09,-8.490397099770355254e-08
1.869888026066967229e-07,-3.560051177713451980e-07
2.989441214880782204e-08,-2.341930342654817836e-09
2.978595646479956779e-08,-6.152472698546617386e-10
2.913348689447665522e-07,-1.062463875299537664e-06
-1.459791745613272343e-07,-9.383665033056742041e-07
2.847797261014984013e-08,-3.196151918117162228e-09
1.262227526448810080e-09,-7.147759546848026453e-08
-6.201869778496280835e-09,-1.050657128020026079e-07
-1.696679211335946839e-07,-1.404286126990829614e-06
2.943455803376047334e-08,-3.366925894463996567e-09
-4.720168621655367802e-09,-1.564897521422400558e-06
2.995428952896409581e-08,-2.712635568779441825e-09
6.819191909286634819e-09,-1.057658354714816525e-07
4.188274173290797673e-09,-2.920574345578371836e-08
-1.731673889729655907e-09,-8.909776420456115572e-08
-6.420648250984135251e-09,-1.034859507851583104e-07
3.064400953000517041e-08,-1.329688193380130459e-09
2.160624993702190459e-07,-1.560695100847757113e-06
4.589996134249221841e-08,-1.262196673876127961e-07
1.284428412790218045e-08,-8.481303995511507166e-09
2.961361367394229924e-08,-3.068655749838284039e-09
-1.315507878385709618e-07,-1.562783096547295492e-06
3.010208678258008488e-07,-1.520187347497069659e-06
3.069180692852989687e-08,-5.399081593297862378e-10
-5.285556554455060354e-08,-2.382132951143648815e-07
-3.380751601794550996e-08,-2.056873967093011429e-07
-3.599734498287040188e-08,-1.777646369883714394e-07
-1.660908874443848195e-08,-1.795010456669339084e-07
-2.128532726709447577e-08,-1.566194546353716033e-07
-7.247854907502901069e-09,-2.088885406600734637e-07
-2.680237882485546950e-09,-1.577483456651521019e-07
-1.010663062009489266e-08,-1.392549132801805928e-07
7.322263033279432768e-09,-1.401591683407351812e-07
2.039528135494977716e-08,-1.596541373829205159e-07
-2.534095669449243908e-08,-1.397798458037646433e-07
-1.361502250128187390e-08,-1.253502444726507960e-07
-2.216166833125340016e-08,-1.249903510053700952e-07
2.776655776302075282e-08,-1.419581158440461502e-07
1.386860704297514676e-08,-1.266841961811833064e-07
-1.353249147975493270e-08,-1.153222335736372777e-07
-1.850230721721572412e-08,-1.154514047803936119e-07
-2.580599282780756949e-08,-1.233593060147743834e-07
-1.987809691489554803e-08,-1.144598296054936630e-07
4.646988213727199311e-08,-1.624897510233139114e-07
3.902760289573709952e-08,-1.846351227588048352e-07
7.015323625573719532e-08,-1.883871082076311476e-07
6.700772099298632297e-08,-2.153371078943767509e-07
-5.421451742379803198e-09,-1.152822025216800130e-07
3.078317581551592129e-08,-1.288593075815002460e-07
-2.593262181101003854e-08,-1.214031560541634973e-07
-1.868977682665149026e-08,-1.116894229611552288e-07
1.776606480257905903e-08,-1.170051027562608540e-07
1.952334596245871227e-08,-2.260720619051847673e-08
1.930956288820158228e-08,-3.020623026922087898e-08
2.242137757989798645e-08,-2.234619088279072906e-08
2.175464416092594761e-08,-2.670455601829653766e-08
1.840818845387166168e-08,-3.516971702990474542e-08
2.031662777262948657e-08,-2.981329690703704453e-08
1.682333452270896018e-08,-3.818083476508255221e-08
1.807825405144199806e-08,-3.199871546502103445e-08
2.439249074034187001e-08,-1.968106489854009423e-08
1.460313488785267085e-08,-3.994170745657462487e-08
1.295837913835007119e-08,-4.715634504030001742e-08
2.116169907195869589e-08,-2.416481488692493528e-08
1.520231764943195414e-08,-3.245367735364466649e-08
1.080976118675561962e-08,-4.835270789172623590e-08
9.004947277016536849e-09,-5.616732243206283691e-08
2.490341749540129646e-08,-1.620899132614786932e-08
2.644976854937384093e-08,-1.399909392329270160e-08
2.675009028978593606e-08,-1.134535416720947403e-08
2.796300799318918961e-08,-9.617319934991439359e-09
2.808167533806572714e-08,-7.832679986416961754e-09
2.551464180120116763e-08,-1.643174271819919791e-08
1.026515144766933995e-08,-5.483752976867193399e-08
6.461179138530397123e-09,-6.352517720743527338e-08
7.143735976809819836e-09,-5.654136686384996659e-08
2.899882203294120394e-08,-6.426131477753172309e-09
2.900090996000329003e-08,-5.327212483616769200e-09
2.789827846503327276e-08,-6.139478392912582391e-09
2.876791518478060400e-08,-4.357254290149951204e-09
2.766993839207839154e-08,-4.783163466209444226e-09
2.849303093980249909e-08,-3.613172272544199760e-09
2.935191335860610792e-08,-3.076188397453523047e-09
2.907477210879063938e-08,-2.739796414798569366e-09
2.828606487000301819e-08,-3.147610197124802198e-09
2.885131822404450946e-08,-2.550306352534712315e-09
2.971442350585736014e-08,-2.126933777263009177e-09
2.818529084315883070e-08,-2.903315741679145114e-09
2.872063168647840902e-08,-2.487764041075345451e-09
2.923262293415552662e-08,-2.072320247878026763e-09
2.909448163462154229e-08,-2.138048127115506451e-09
2.867879639048949044e-08,-2.524894618014847448e-09
2.902774639015166918e-08,-2.258561814520262153e-09
2.870485941525492057e-08,-2.622109181329736906e-09
2.902369767848514504e-08,-2.409898884782726968e-09
2.928460159776860344e-08,-1.997058871078459326e-09
2.927091873745033431e-08,-2.185543763864101111e-09
2.906439489070582829e-08,-2.574629778901068308e-09
2.929663405497223315e-08,-2.379715576061814906e-09
2.913311528240842824e-08,-2.743303054839801058e-09
2.935061278849669194e-08,-2.562089619891464963e-09
2.949378278448900315e-08,-2.155984842655017624e-09
2.954315588328047983e-08,-2.351909512882032175e-09
2.941788127630661506e-08,-2.728226508944426715e-09
2.960424469144126991e-08,-2.530690349973405092e-09
2.948726851983172715e-08,-2.876221893724488410e-09
2.966955494922082554e-08,-2.680553024484007159e-09
2.978574698977646279e-08,-2.295398870555107142e-09
2.985249655133933134e-08,-2.447829662111146437e-09
2.973145199563089007e-08,-2.795352838188819501e-09
2.996521413463296143e-08,-2.021219742648225613e-09
3.003873959962458397e-08,-2.176987492075160547e-09
2.930667028940030060e-08,-3.027509776869835935e-09
2.966474544992940546e-08,-1.900415826863064531e-09
2.947904740497094919e-08,-1.662647365652965612e-09
2.989103366855157773e-08,-1.836076984892775723e-09
2.946475829570452736e-08,-1.746312023898981830e-09
3.005650744560140926e-08,-1.512566392011469495e-09
2.745438670385802469e-08,-3.411307320340698255e-09
2.963171409704196252e-08,-1.626770558091147737e-09
2.888844896465385562e-08,-2.889057046744470888e-09
2.829744726097251079e-08,-2.838910735552746630e-09
2.938816241617001811e-08,-3.134057865017078522e-09
2.922831474630378213e-08,-3.250990408126143221e-09
2.863815657992105590e-08,-7.209844779062090702e-09
2.951654509434703226e-08,-1.522625300698077876e-09
2.977406332234466409e-08,-1.356852059764437985e-09
8.924399698371121958e-09,-4.716474269822096100e-08
2.846686014255104369e-08,-2.898690202041952529e-09
2.912784499926294706e-08,-3.145667151116326018e-09
2.655252681054425752e-08,-6.328338416817720047e-09
2.978356298771060763e-08,-3.866142038944362482e-09
9.353197654318988322e-10,-7.117985779344602016e-08
-1.689216449434546561e-09,-8.048977597889185574e-08
-7.147232979142661600e-09,-9.178271513343387494e-08
-3.533678580984549268e-09,-8.645674923395879228e-08
-7.468812603222730802e-09,-9.488959597538980341e-08
-1.200190515306845551e-08,-1.011038400300951917e-07
-1.058360265452301754e-08,-1.014760666218403206e-07
-5.969250021551519023e-09,-9.611063864217199707e-08
-3.115561366890780491e-08,-1.326583354893736757e-07
1.100649268439770868e-08,-4.444956806169812365e-08
6.731002348642764062e-10,-7.706954049757546284e-08
-6.350175049905262963e-10,-8.130895651802532903e-08
-5.460199291432170675e-08,-3.071385017733494433e-07
-1.891383271127913483e-08,-3.222992542438387771e-07
-1.685172182755576347e-08,-3.812928754026110072e-07
2.215107428135700318e-08,-3.421176117628119965e-07
3.186862173648121856e-08,-3.991671512546592201e-07
6.665375990428438898e-08,-3.626783575352373514e-07
8.016190606772883707e-08,-4.235126176307422659e-07
3.361327393260232883e-08,-4.653407983761863830e-07
9.770831800850985476e-08,-4.893345237162512695e-07
5.534163545552107716e-08,-5.348892392612887924e-07
1.132705564013171295e-07,-5.580537017850923687e-07
6.881707688007266956e-08,-6.047677779458179706e-07
1.107349066335560790e-08,-5.842186759137105710e-07
2.183352258781689899e-08,-6.542699251644226352e-07
8.254207770709767834e-08,-6.761413075038637902e-07
3.456527839850512074e-08,-7.256195894925227654e-07
9.696415381042704835e-08,-7.480124042517606097e-07
4.869520217646218711e-08,-7.974311596153155800e-07
1.119815548178111443e-07,-8.200386733569498287e-07
6.403886985625807225e-08,-8.693257637969232711e-07
1.273586470412445082e-07,-8.918524607501069791e-07
7.945308316550081479e-08,-9.406462590784481989e-07
1.430470020180447972e-07,-9.627384212444704837e-07
9.437086250272486129e-08,-1.011092551562655954e-06
3.138203937315683638e-08,-9.898974193053796216e-07
4.629153398456387560e-08,-1.059135367205675927e-06
1.088175350746012450e-07,-1.080094822989038763e-06
6.123631473990814188e-08,-1.127263112483677634e-06
1.230826893381192219e-07,-1.147981059748631082e-06
7.542187408508682018e-08,-1.193920640030751351e-06
1.431469303101535135e-08,-1.174162725493488077e-06
2.857860472095635486e-08,-1.240024759372443895e-06
8.912603545953266664e-08,-1.259261094655808549e-06
4.324962415486274861e-08,-1.304026680470619484e-06
1.024233249570582397e-07,-1.323255096754665755e-06
5.707310274919670151e-08,-1.366659996809807459e-06
1.156927273768389675e-07,-1.385639489024548614e-06
-1.863633866637261185e-09,-1.348133992561943168e-06
1.460375163737355185e-07,-1.280406200021145643e-06
1.197474241003717860e-08,-1.409320547109253164e-06
-2.388406750727185604e-11,-8.482811170450927503e-07
5.515748865366415197e-08,-3.083526798904625056e-07
-3.198098198886055178e-08,-1.220794901183717693e-06
-1.585417843029809871e-08,-1.039070598137089528e-06
-4.665872500681826066e-08,-1.155034833525581610e-06
1.588557812606904330e-07,-7.721758205708946486e-07
-4.743078447028184455e-08,-1.391380982918061713e-06
1.715508960017950137e-07,-1.101506927849677587e-06
1.919854016272021758e-07,-1.176776587680002908e-06
-6.039309618018681189e-08,-1.330604165103142128e-06
-3.242694937232369166e-08,-1.450064824736893443e-06
2.658150623661404551e-08,-1.469454037102363190e-06
-3.074116082963219242e-08,-9.708806181591311145e-07
-4.505037671143350454e-08,-6.325976105823253037e-07
-9.923151614776312683e-08,-1.199786675795681556e-06
1.031587826507710268e-07,-3.316246363608405186e-07
8.344977773645547724e-08,-2.812276338120820658e-07
4.164534388807720605e-08,-2.607291321860507941e-07
-2.084813521533713216e-08,-2.751381449975596005e-07
1.276193289891951436e-07,-4.369436906613777102e-07
-8.029694083317376939e-08,-1.019687934972983587e-06
-8.902237114250890980e-08,-1.436191233296862361e-06
-7.632306218988944869e-08,-1.489614183879978707e-06
-1.337210780816212348e-07,-1.475311167385332697e-06
2.144303080690290367e-08,-1.466719538256752361e-08
2.803376402076189156e-08,-3.091339739201684969e-09
-4.554202947899894924e-08,-1.716416632799788174e-07
-3.686060434295388737e-08,-1.484327363826810533e-07
1.266868566085491089e-07,-2.933846461888145653e-07
2.369572855859195800e-07,-1.117762905058433336e-06
1.896535120278806606e-07,-9.155924020231692492e-07
2.082273237231326829e-07,-9.862407602919417899e-07
2.997641178179387925e-08,-1.203492754383707551e-09
3.011445336064278265e-08,-1.011451141332678717e-09
4.010028603348164102e-09,-6.771665137428287025e-08
-1.365603685617466768e-08,-1.082526984304611376e-07
2.965812210969477267e-08,-1.552204007654245187e-09
3.119775716786148668e-08,-1.203943444537630571e-07
-7.371570611967907386e-09,-1.010123497049045512e-07
-6.237239534707746872e-08,-4.336388811549128246e-07
-2.911364250417959345e-08,-4.759284775830270530e-07
-1.153330139165982233e-08,-9.962746805875070779e-08
1.001674162212025349e-07,-2.193442511925820123e-07
1.030274287415923313e-07,-1.950200879984202408e-07
2.968971086187996496e-09,-7.203863535789337708e-08
-4.333131711636656866e-08,-5.543817179144053124e-07
3.100305008941588740e-08,-2.170661576941230987e-07
-1.053168754814375916e-07,-1.124057538380144030e-06
2.749325214825554910e-08,-3.194287132422791721e-09
1.526626861916923781e-08,-4.035199006841890739e-08
2.666181014710711016e-08,-3.661619839259565537e-09
3.021927690590297069e-08,-1.161031498829986456e-09
4.856145977732709012e-08,-1.331544087866103285e-07
2.652897437249591108e-08,-1.157845536562234306e-07
3.003645119932093434e-08,-2.118046059034785242e-09
3.013915054141338574e-08,-1.197450568576756855e-09
-2.094749812222681342e-08,-1.142549285450396320e-07
-7.416391942054108401e-08,-1.266471791636393769e-06
2.976239823320455838e-08,-1.069135664554275500e-09
2.991458072278027337e-08,-1.366338918844953950e-09
2.962025309195176705e-08,-1.294713215502660412e-09
-2.558899470915619621e-08,-7.055736168848898926e-07
-1.319362805292681178e-08,-7.773776026141156422e-07
-7.163525024669906009e-08,-8.366374452981450647e-07
-4.549102130497133763e-08,-9.061677499299625627e-07
2.991361533524636824e-08,-2.564042519270889327e-09
2.978246340474589624e-08,-2.871925038787587168e-09
2.961510030943337090e-08,-3.063917459413814902e-09
2.996377791656932418e-08,-2.633338870626737854e-09
2.965858627263792403e-08,-3.100479593922370175e-09
2.949394036323909447e-08,-3.281789144387625695e-09
2.945689502581446060e-08,-3.209989662700792399e-09
2.268547291748969761e-07,-5.475911525521256601e-07
2.665692792488558075e-07,-7.647201413592978931e-07
3.009178530783650178e-07,-1.267530235769108273e-06
2.442780171781096090e-07,-1.230956264673272932e-06
2.444633554692802881e-07,-1.299548752371080726e-06
-1.091773588072108749e-08,-1.087599400862906178e-07
2.515738882378453849e-09,-1.039322719429881855e-07
3.651505896366895233e-09,-3.983106613717414260e-08
7.791428018360154675e-09,-3.344282919820689965e-08
8.079806139620870667e-09,-2.249396906309772375e-08
1.218683786081456492e-08,-2.631764154283984045e-08
4.088834823101331933e-09,-1.764032310506579955e-08
2.360386639611814518e-08,-6.092177710927843821e-09
2.170007688560552420e-08,-1.304449125531259673e-08
2.461188657818934419e-08,-1.180432016887515448e-08
1.839446174710915588e-08,-1.490251926977268808e-08
1.985394081643258274e-08,-2.022576414450922011e-08
1.060088819751632986e-08,-3.738458206362354908e-08
1.285613154329441224e-07,-6.292752286695005407e-07
1.749860193773007071e-07,-5.863107215597166538e-07
1.622545731299633941e-07,-5.034753177607912938e-07
2.421949227055246460e-07,-6.200518175859962629e-07
2.242694989576381303e-09,-6.155367503726192774e-08
1.009768883960893538e-08,-1.825408281924397757e-07
-2.842075896812910499e-11,-8.058053167557942802e-08
-6.697243246129220862e-09,-1.050399810243450141e-07
2.906901418143792974e-08,-3.332054844787202680e-09
-1.306249435904353522e-07,-7.983749070408583091e-07
7.106263677373923487e-08,-1.428306980086602408e-06
1.287690351905409096e-07,-1.446763732831207835e-06
1.737124567429463892e-07,-1.404957071340792184e-06
1.854928859102965528e-07,-1.463823831195554935e-06
2.275705146547610515e-07,-1.419215470451514622e-06
2.475574075249180090e-07,-1.476595840699216299e-06
1.403051951086316353e-07,-1.505063484651205591e-06
2.111327547502843110e-07,-1.356658730310769267e-06
8.440895720672970778e-08,-1.490275205399886688e-06
3.819558233684996743e-08,-1.526852163196376491e-06
3.010392711965850745e-08,-2.291923601846795687e-09
3.022701822011554270e-08,-1.873357950978107573e-09
3.031031475479357949e-08,-1.979957196315815919e-09
3.042127459219978915e-08,-1.489727183434562920e-09
3.014724183795017917e-08,-2.373155710489859067e-09
2.997468969651766632e-08,-2.692933286372497134e-09
2.981296418960710643e-08,-2.910494687014091352e-09
2.968256359680452687e-08,-3.093724969617847061e-09
3.032892948655496215e-08,-1.319975348805159104e-09
3.050453166655122358e-08,-9.361074098506043862e-10
2.777388356882645160e-07,-8.381430513762205521e-07
3.064462840454555610e-07,-1.333736174498361121e-06
2.947114646650727340e-08,-3.299275592763339737e-09
1.906540585510865504e-07,-6.579461427876200113e-07
2.768321112693622535e-07,-9.904644727306878492e-07
2.974986173744526423e-08,-6.184404929794767500e-10
2.969382034156807409e-08,-1.139029335863480379e-09
2.985378117661617343e-08,-7.202444257806761574e-10
2.050406906208011441e-07,-4.134024945585494373e-07
1.486455670163532522e-07,-3.821297176697992708e-07
3.019451426364278735e-08,-1.731557000265913586e-09
2.979231961386266595e-08,-6.667748141845280345e-10
3.835735796177144822e-09,-6.575052687704212555e-08
2.911427227440764822e-08,-3.658247623333259112e-09
2.606027971859771140e-08,-5.182618165644991220e-09
2.681017795356450605e-08,-8.910036458192354683e-09
-4.420110533829952151e-09,-1.043084542222590391e-07
2.901923751764534528e-08,-3.015361866697256074e-09
2.878522433347543992e-08,-3.138887777321268788e-09
-1.609884587354952045e-07,-1.216985016983232053e-06
-1.407118747693297074e-07,-1.013215036400141126e-06
-1.398454399532029654e-07,-8.698141937799617496e-07
-1.120155732410768809e-07,-6.546617688835944576e-07
3.082473140792357713e-07,-1.460451490912336895e-06
2.752173649945577497e-08,-3.892121069343676445e-09
2.937863724139147403e-08,-3.401312487885312186e-09
-1.651437361458446556e-07,-1.343202317391795246e-06
-1.111489906622840385e-07,-1.378869594052993420e-06
1.685144264681346814e-08,-7.954153183389868021e-09
1.476275143147524776e-08,-1.634360577798126344e-08
2.819855365128739486e-08,-2.821179999813016207e-09
2.878674089661017092e-08,-2.747634346110816887e-09
2.675462388209457507e-08,-8.516664662711528562e-09
3.046603914444023923e-08,-1.784722963457378147e-09
1.577405325180953577e-07,-1.032568984922791582e-06
1.366308981560710631e-07,-1.214115127954029594e-06
1.720546965473780984e-07,-8.447432101699103391e-07
-1.605556332620788072e-08,-1.285003916428973056e-06
4.841137414237351569e-08,-1.446331169432366923e-07
2.955769211202946447e-08,-2.985323557695190184e-09
3.818835568737454929e-10,-1.079475633960604809e-07
2.964190903835479579e-08,-1.200387506639693223e-09
1.656298543719027472e-08,-9.194533234096072678e-07
-2.920173653484894740e-10,-1.107075990196901170e-06
2.978407910436705798e-08,-2.908586961619349860e-09
-6.952729661843045397e-08,-1.550114676891944404e-06
3.014409972708506514e-08,-1.703154559603698288e-09
2.920760429223735710e-08,-3.390390078837335051e-09
2.735390088881566229e-08,-1.100448083777341761e-08
2.474333699168975330e-08,-6.440823484910239953e-09
9.856618828913065429e-09,-5.373255289392809747e-08
2.972025840092489092e-08,-2.111817345242130980e-09
2.319311388945932633e-08,-2.256715956917247487e-08
2.946466017325152705e-08,-1.945270760313472830e-09
2.934760606810690764e-08,-1.822904632165677471e-09
2.944130927096029569e-08,-2.080410536465386293e-09
2.959941051725729976e-08,-3.537207166242935770e-09
2.215702936105500525e-07,-1.053314250361547290e-06
8.330588550741697108e-09,-1.051786491030801235e-08
1.571063021459674815e-07,-1.342586405741242756e-06
2.922235830075114810e-08,-2.890703063462362087e-09
1.431741391083426443e-07,-7.007165151101620360e-07
-3.267030235571419707e-08,-1.344275112223445777e-07
2.481584226123477255e-08,-1.212045882048613141e-08
-5.868556469088670511e-08,-1.084865959187731782e-06
-1.314862977696750352e-08,-1.089509844783441773e-07
1.492638055454263322e-08,-2.898934848502799382e-07
3.059844467012115257e-08,-1.143298488135921881e-09
-1.239931706754930840e-08,-1.056547196307060416e-07
2.981985747539772050e-08,-1.623999331448261203e-09
-6.298606198171930904e-09,-1.081305149220247060e-07
-1.188699371233764002e-09,-1.257134781417211280e-07
1.660169070871597337e-08,-2.305997760092933626e-08
2.976780946773917005e-07,-1.133507240984377047e-06
-3.595589018457247946e-09,-8.905528726860355216e-08
2.955032205288561377e-08,-3.248958779608962216e-09
7.447799725511413700e-08,-1.652302183793653325e-07
2.398331223620331711e-08,-1.775114358197955012e-08
2.861978202382904604e-08,-3.001624111187744225e-09
4.195453635430734228e-09,-2.458734734526037597e-07
1.428368589706301072e-08,-4.524719301621111220e-08
1.584528743971755645e-07,-1.560263776498186884e-06
3.013430600671880627e-08,-2.457816368080483815e-09
1.222393575192856391e-09,-7.581695558595857829e-08
2.949114670780209124e-08,-3.202269093912516554e-09
-1.676634779961260658e-07,-1.519814943662707923e-06
2.710973440105777865e-07,-1.565234488033698169e-06
3.077063702173023138e-08,-8.553283634809348537e-10
1.000338017136368919e-07,-2.513220989902511741e-07
2.958345139556605638e-08,-3.182544244771413851e-09
2.819712843824577976e-08,-3.199416256124466084e-09
5.675414789440632744e-09,-1.153930680857040260e-07
-1.164440500173427379e-07,-1.307941207093369800e-06
-1.001326132354352559e-07,-5.866986415015762503e-07
2.653982478756680222e-08,-3.999344849451043096e-09
-3.000868394711546181e-09,-9.593212916968380061e-08
2.049322951500826277e-07,-7.305820634164283833e-07
-7.347840722807186502e-08,-7.565839086217027586e-07
5.691505687136954560e-09,-5.217906739551940471e-07
5.968197995846401384e-09,-6.305721282450005257e-08
-1.691778184156306923e-08,-1.503314908515877524e-06
2.176915750578908191e-07,-8.029862671025426857e-07
1.694388696603449143e-07,-3.057891465153908680e-07
2.782659894529873752e-08,-3.059372396737451902e-09
-1.586851980759659892e-08,-1.072876521426478748e-07
1.180966149220199052e-08,-1.094011079059011737e-07
8.682102335527255876e-09,-1.087337115246082114e-07
-1.576044597264143277e-07,-1.154347522804074739e-06
1.316806742617517178e-07,-2.220062365095113798e-07
1.927826962806657391e-07,-1.251029165552796771e-06
-8.730279285834262133e-08,-9.586904557909822624e-07
2.981924374347721233e-08,-2.914661361899112184e-09
3.024010305522717140e-08,-5.525427908387508601e-10
2.932529654583880567e-08,-3.310620183931593448e-09
6.770788762348567965e-08,-1.413504697452553335e-07
2.654958485703511190e-08,-4.850864105326618389e-09
2.809130594440341572e-08,-6.973859533374255340e-09
2.941753358398663633e-08,-4.729054572356757723e-09
5.217070468744941482e-09,-5.498140384706348068e-08
2.241582267451119216e-08,-1.746978810910399338e-08
3.006690961258549162e-08,-2.491191139807959752e-09
-2.958737540113482834e-08,-1.336840662735515360e-07
-2.928867162243283013e-08,-2.370054146936314589e-07
2.869470541478987545e-08,-3.276572901257418427e-09
3.012396416908236184e-08,-6.759748421549911415e-10
3.006859582781796123e-08,-5.703885489523226957e-10
1.731394140139369998e-08,-1.113687389445015169e-07
2.988105421317838552e-08,-1.143821988416300120e-09
-3.312029847521336649e-08,-1.570632736549861921e-07
2.291281219101034979e-07,-8.741531652451993843e-07
-1.632301157127605103e-08,-1.070243228859258508e-07
2.967566644901944114e-08,-1.048056931723402859e-09
1.964795522989343508e-07,-1.515525705162833087e-06
2.989502079784901015e-08,-5.044302084982597905e-10
6.650088775446011402e-09,-4.335118271413255865e-08
2.975202398838954241e-08,-1.110230388658254608e-09
2.526906415680942153e-07,-1.173917523656730724e-06
-1.138793111434587766e-09,-8.405826280819202134e-08
1.902649593042714402e-07,-1.306064145840500349e-06
1.656993676225314983e-08,-1.144843964945042024e-07
1.052130882208747123e-07,-3.860809437468293265e-07
-1.775749595753844622e-07,-1.463424453888786713e-06
2.584816581057705012e-08,-1.330550767793382101e-08
6.916256838059242217e-09,-6.222503091571095364e-08
2.939220635701811284e-08,-3.338554091216119319e-09
-3.242407448730327171e-09,-9.998533984236618334e-08
4.444075629995515435e-09,-8.288407427270998655e-09
2.586268840598257846e-08,-4.135452570406544688e-09
-7.614339161453669479e-08,-6.903006293419593100e-07
-6.052552949560882342e-09,-4.285437078106015292e-07
3.187971484779960976e-07,-1.569574166803897864e-06
2.763902919628669317e-08,-3.241730636885677908e-09
2.644986719947813436e-07,-1.370608113533521013e-06
1.133680499443763216e-08,-1.693227394391550706e-08
3.084559269273443387e-08,-4.264244920062764859e-10
-2.481898413889898753e-08,-1.221474452325134174e-07
6.631610189434993366e-08,-2.454208576091929465e-07
-1.746742334533633118e-07,-1.566639241039522244e-06
2.949533587863669744e-08,-3.101563257403785529e-09
2.383579908850270992e-07,-9.425562094898249161e-07
3.054717917337880636e-08,-4.219711304286456759e-10
1.043187493559132772e-07,-1.791425621454963622e-07
2.282688973877844162e-08,-1.783114959553178609e-08
-9.793497392794323288e-08,-9.017505026445225162e-07
-1.232682015563608366e-07,-1.248021103907340375e-06
2.957281778036034435e-08,-1.565703057283979202e-09
1.221227340777034929e-08,-4.111786195476112868e-08
-1.150999859462809658e-07,-1.516852066479874668e-06
1.450033500323434408e-07,-3.351206568797661085e-07
1.739242753248502456e-07,-4.417821894614757545e-07
2.898145996296764440e-08,-3.194378861069240310e-09
2.683739011059534420e-08,-3.516083992249147007e-09
-1.051040274584897010e-07,-1.065359991536528906e-06
3.049527900026382664e-08,-1.570768184819755096e-09
2.530431238527765397e-08,-8.352023771524994225e-09
4.104522234354222098e-09,-6.923053412027057547e-08
1.824873119735559011e-08,-2.694430116528984349e-08
6.451481181059357163e-08,-1.467815514219677892e-07
3.028033827330282263e-08,-9.028875759956888052e-10
2.969623673784047334e-08,-3.049516328995620777e-09
3.173075878942680263e-08,-1.199223042747560453e-07
2.733441882896751394e-07,-1.427367050118639241e-06
2.839659401126484243e-08,-3.070407150205048013e-09
-4.839255507200138954e-08,-2.682095374926681960e-07
2.464078090831261597e-07,-1.527680070278943958e-06
-1.334878583426516394e-07,-1.432447703725022058e-06
4.347854296094709432e-08,-1.573856259142662922e-06
