Size 674,2
0.000000000000000000e+00,-2.500770215207313118e-07
5.710486296964787978e-09,0.000000000000000000e+00
7.666024321797908196e-07,-3.419838478827427404e-06
-4.590587204056200950e-07,-3.415802269783534328e-06
-2.786762978704332569e-07,-1.021116087862909595e-06
5.004775158502456944e-08,-1.227781417430483152e-08
6.247274077073079279e-08,-6.417680940353439552e-09
6.586506353751635307e-08,0.000000000000000000e+00
0.000000000000000000e+00,-2.364863633126139046e-07
0.000000000000000000e+00,-2.259564480967751015e-07
0.000000000000000000e+00,-2.195173100569848090e-07
0.000000000000000000e+00,-2.171685546592377497e-07
0.000000000000000000e+00,-2.177764871996473304e-07
0.000000000000000000e+00,-2.196505245154730767e-07
0.000000000000000000e+00,-2.209304293408953726e-07
0.000000000000000000e+00,-2.199799679597428052e-07
0.000000000000000000e+00,-2.154393007333825967e-07
0.000000000000000000e+00,-2.072393847404363493e-07
0.000000000000000000e+00,-1.954793948230023838e-07
0.000000000000000000e+00,-1.802399575948958102e-07
0.000000000000000000e+00,-1.622919948775720184e-07
0.000000000000000000e+00,-1.422573022114877007e-07
0.000000000000000000e+00,-1.206604654297014710e-07
0.000000000000000000e+00,-9.795130581852108640e-08
0.000000000000000000e+00,-7.445608716932250794e-08
0.000000000000000000e+00,-5.043885407525771169e-08
0.000000000000000000e+00,-2.608138840292439297e-08
7.663966159788921378e-07,-3.296326416353143070e-06
7.661512641803880481e-07,-3.169480097255720951e-06
7.657405868330835666e-07,-3.038943718230441468e-06
7.648734220148883162e-07,-2.904625582931038232e-06
7.632895369048792744e-07,-2.766519884552314427e-06
7.607553468230590524e-07,-2.624793774527524409e-06
7.569843801143267891e-07,-2.479415125601922418e-06
7.516047451407399115e-07,-2.330585242626663997e-06
7.442826811935670156e-07,-2.178639251531439445e-06
7.347597679164906000e-07,-2.024407814854427351e-06
7.221715031235227221e-07,-1.867965300622076946e-06
7.061912204756693818e-07,-1.710535604776575004e-06
6.863803905137466793e-07,-1.553132939876783238e-06
6.622200185534656966e-07,-1.397076890753369058e-06
6.332129709631371999e-07,-1.243995719301669412e-06
5.992560903464250256e-07,-1.096291438639411679e-06
5.594544589672927480e-07,-9.559392026433769373e-07
5.140364187380490748e-07,-8.250230607724991777e-07
4.646467776339236167e-07,-7.067571939783825505e-07
4.117560182396816676e-07,-6.019693631612479170e-07
3.583884012285458391e-07,-5.123890332293685651e-07
3.033013732290241303e-07,-4.374490569601083581e-07
2.491052498666575983e-07,-3.773797597199425168e-07
1.963912940224694639e-07,-3.301263178455943009e-07
1.453316640293478580e-07,-2.948525125639383135e-07
9.690317544316229485e-08,-2.703790313752650783e-07
4.757535335558732726e-08,-2.561228193346454080e-07
-3.359136048806450599e-07,-3.415677978606259724e-06
-2.130280403457158155e-07,-3.415426598904240784e-06
-9.042592133741718572e-08,-3.415203266867958179e-06
3.181767675472176477e-08,-3.415124217422011079e-06
1.538071368033813284e-07,-3.415354381884029603e-06
2.758627073979209471e-07,-3.415913263062253240e-06
3.980520649643880555e-07,-3.416765130346916298e-06
5.205681915264094414e-07,-3.417813449940027525e-06
6.434524990807591061e-07,-3.418900913159632490e-06
-4.590856601459083037e-07,-3.296868629797172098e-06
-4.591027982792684172e-07,-3.174845209422498832e-06
-4.590015807011365329e-07,-3.049411050567992380e-06
-4.584990164986973315e-07,-2.920484528058197964e-06
-4.573917499657104554e-07,-2.788080555952349123e-06
-4.554680673473366240e-07,-2.652179365792370730e-06
-4.524542122847799786e-07,-2.512850571851328316e-06
-4.480681226182645733e-07,-2.370420682216976865e-06
-4.419589304008818521e-07,-2.224963432377362702e-06
-4.339923269353800758e-07,-2.077154654638741017e-06
-4.235899877847046655e-07,-1.927053762491652574e-06
-4.103748043299441061e-07,-1.775302685881917437e-06
-3.939942328415018704e-07,-1.623023873507688736e-06
-3.737081222805776450e-07,-1.470694529848325004e-06
-3.489737599220059092e-07,-1.318710617624817714e-06
-3.183830430620812120e-07,-1.168775423394097571e-06
-2.386306148531547361e-07,-8.731446238849421549e-07
-2.026144146645947393e-07,-7.366410032338701868e-07
-1.741068652805112115e-07,-6.148020735679348783e-07
-1.457427271325255565e-07,-5.141723950118562479e-07
-1.183323577780685587e-07,-4.286544563066606896e-07
-9.363816704735858294e-08,-3.616469195876055554e-07
-6.693177838519667210e-08,-3.063314822265745305e-07
-4.605018575688396670e-08,-2.620068415325274736e-07
-2.647973513550871912e-08,-2.232465738594226835e-07
-1.266069215930296483e-08,-1.884901978235345748e-07
-1.867927018280833043e-09,-1.556691481550840531e-07
6.401049585152445302e-09,-1.247754919375092860e-07
1.389469460770475225e-08,-9.643146852133071540e-08
2.125184021068355311e-08,-7.149259610214296917e-08
2.851770747390529591e-08,-5.097809954585169857e-08
3.523042876313591797e-08,-3.525268821952526215e-08
4.131780799038013248e-08,-2.392659054899229958e-08
4.637300800945914479e-08,-1.663937082152899015e-08
5.281258418039236614e-08,-9.855822675594322668e-09
5.501721561318850629e-08,-8.442385147722425956e-09
5.674782638117003795e-08,-7.677893769477316862e-09
5.809450390626681041e-08,-7.230264392480440161e-09
5.914708305872241542e-08,-7.064988443984799189e-09
6.002792591927984742e-08,-7.017660462875624250e-09
6.069718615326988774e-08,-7.052392228276131296e-09
6.121655639957917919e-08,-7.142764517869175015e-09
6.161399775612685745e-08,-7.234455021722506433e-09
6.192156190561440686e-08,-7.301390935051541087e-09
6.214139038271568962e-08,-7.337695605724752253e-09
6.229033700031493957e-08,-7.333986399470978618e-09
6.238653243643682082e-08,-7.279324633751129033e-09
6.243816313683421739e-08,-7.156964054881020032e-09
6.246065116270060035e-08,-6.965974055914024709e-09
6.246638612379096244e-08,-6.707442536415769221e-09
6.575399539027400661e-08,-1.131979168281791679e-09
6.550747440186102194e-08,-2.157008903780668115e-09
6.517685802448268295e-08,-3.079383313651572922e-09
6.480486140528180209e-08,-3.904022007095835031e-09
6.439184531668913364e-08,-4.616753230742085567e-09
6.396889080303644788e-08,-5.224396315515696339e-09
6.355280537500833348e-08,-5.718736523209378731e-09
6.316081476159367935e-08,-6.092311554809662459e-09
6.279698697119510500e-08,-6.328389325007403363e-09
1.344174361372716138e-08,0.000000000000000000e+00
2.272934566298039254e-08,0.000000000000000000e+00
3.175387593648366066e-08,0.000000000000000000e+00
4.005375124389586383e-08,0.000000000000000000e+00
4.726568329385602781e-08,0.000000000000000000e+00
5.318805085260853065e-08,0.000000000000000000e+00
5.772300391231126626e-08,0.000000000000000000e+00
6.098143454765916552e-08,0.000000000000000000e+00
6.299617705102356796e-08,0.000000000000000000e+00
6.406647155143580027e-08,0.000000000000000000e+00
6.449663402158227465e-08,0.000000000000000000e+00
6.450589668838604725e-08,0.000000000000000000e+00
6.433884772456027355e-08,0.000000000000000000e+00
6.401312083547913073e-08,0.000000000000000000e+00
6.371692354947032516e-08,0.000000000000000000e+00
6.348822641958570313e-08,0.000000000000000000e+00
6.333546975834434759e-08,0.000000000000000000e+00
6.327816467313043123e-08,0.000000000000000000e+00
6.330846176226279472e-08,0.000000000000000000e+00
6.341611629779901059e-08,0.000000000000000000e+00
6.358767133544033114e-08,0.000000000000000000e+00
6.382029742712351424e-08,0.000000000000000000e+00
6.409929462172609240e-08,0.000000000000000000e+00
6.441389339896548099e-08,0.000000000000000000e+00
6.475403794451849911e-08,0.000000000000000000e+00
6.512099865555879102e-08,0.000000000000000000e+00
6.549244744891599596e-08,0.000000000000000000e+00
-3.502652233803103372e-07,-2.720636739901696024e-06
6.226857488421883494e-08,-7.250841209791189389e-09
6.441111119378679089e-08,-4.568605226013117303e-09
2.042145693987482021e-07,-3.304498298828448882e-06
-3.336656677624755552e-07,-2.311248077378064486e-06
6.137493517630671286e-08,-7.018658968021469174e-09
3.301121030364252900e-08,-6.940131314577784874e-08
-1.096256733781950329e-07,-4.358323915669167132e-07
6.389185078538368886e-07,-2.555025844955804936e-06
6.365976570052684328e-08,-1.325217852136764311e-09
6.322303195339646563e-08,-1.277145446089391030e-09
6.048381072183132895e-07,-1.936550477869519604e-06
-2.635301551879341756e-07,-1.542057083767077787e-06
5.805940619360370124e-08,-7.021427522008368817e-09
1.840437481199618245e-07,-3.383113043320892018e-07
4.355376350671875449e-08,-1.503432917227209511e-08
3.030084591584194934e-07,-5.459745203598385975e-07
5.916295236758073691e-08,-8.469890718117830237e-09
5.388598092562701402e-08,-1.016337347804658488e-08
-1.882541786356536484e-07,-1.093638436172859607e-06
-3.104420658657864675e-09,-2.204321739447134654e-07
6.377841203968443596e-09,-1.078998807884902732e-07
5.404371394371390781e-07,-1.469253825019454609e-06
6.372377057552117636e-08,-1.563422420883993435e-09
-1.305606526612293966e-07,-7.751689448285763175e-07
4.925385390038738219e-08,-2.056632365360621475e-08
1.296391553784659908e-08,-1.222926265481665984e-07
-8.224668305960566557e-08,-3.167501273129541215e-07
6.438566407917069097e-08,-2.699117085636968180e-09
4.638695638503962904e-07,-1.016578221793392700e-06
6.457596162889956939e-08,-1.374352216456780407e-09
6.540221714248226677e-07,-2.970929279021755426e-06
-4.090778910536093972e-08,-2.407938034566566961e-07
-9.605953839027289829e-09,-1.804209383701198457e-07
3.973512055392309398e-07,-7.565108752641089363e-07
6.352562581621661687e-08,-4.976601978141485316e-09
6.329515748769907080e-08,-1.307400448441160757e-09
6.190865965076293934e-07,-2.257735735011518516e-06
-3.102057459428200850e-07,-1.994028819524557684e-06
6.051569179656844627e-08,-6.791822825998965237e-09
2.682233493703714207e-09,-1.518898903705203917e-07
-1.317897327930452988e-08,-2.232646397042556130e-07
-3.605443324088891301e-07,-2.984108019855514624e-06
6.254843582174099510e-08,-7.154717525735997927e-09
-1.003035832101695989e-08,-3.325407233022600789e-06
6.365286524904875074e-08,-5.764350583656313620e-09
1.449078280723412370e-08,-2.247524003768985280e-07
8.900082618242940815e-09,-6.206220484354044742e-08
-3.679807015675572027e-09,-1.893327489346922061e-07
-1.364387753334131812e-08,-2.199076454184614295e-07
6.511852025126097637e-08,-2.825587410932785729e-09
4.591328111617160483e-07,-3.316477089301481615e-06
9.753741785279595998e-08,-2.682167931986775226e-07
2.729410377179211153e-08,-1.802277099046194756e-08
6.292892905712739705e-08,-6.520893468406371780e-09
-2.795454241569635255e-07,-3.320914080163002259e-06
6.396693441298272404e-07,-3.230398113431273025e-06
6.522008972312604573e-08,-1.147304838575795587e-09
-1.123180767821701003e-07,-5.062032521180252110e-07
-7.184097153813420785e-08,-4.370857180072647732e-07
-7.649435808859963129e-08,-3.777498536002891268e-07
-3.529431358193179359e-08,-3.814397220422343899e-07
-4.523132044257572668e-08,-3.328163411001641871e-07
-1.540169167844364068e-08,-4.438881489026563220e-07
-5.695505500281801951e-09,-3.352152345384480742e-07
-2.147659006770157597e-08,-2.959166907203840276e-07
1.555980894571878398e-08,-2.978382327240624686e-07
4.333997287926826240e-08,-3.392650419387058978e-07
-5.384953297579659186e-08,-2.970321723329996719e-07
-2.893192281522397708e-08,-2.663692695043827794e-07
-4.709354520391354896e-08,-2.656044958864117170e-07
5.900393524641912870e-08,-3.016609961685979666e-07
2.947078996632212111e-08,-2.692039168850148238e-07
-2.875654439447915278e-08,-2.450597463439789455e-07
-3.931740283658349524e-08,-2.453342351583364484e-07
-5.483773475909112695e-08,-2.621385252813956077e-07
-4.224095594415305321e-08,-2.432271379116738750e-07
9.874849954170292993e-08,-3.452907209245418698e-07
8.293365615344151680e-08,-3.923496358624607414e-07
1.490756270434417005e-07,-4.003226049412166552e-07
1.423914071100959545e-07,-4.575913542755503508e-07
-1.152058495255704550e-08,-2.449746803585699433e-07
6.541424860797141629e-08,-2.738260286106882047e-07
-5.510682134839634844e-08,-2.579817066150973061e-07
-3.971577575663444866e-08,-2.373400237924549720e-07
3.775288770548044833e-08,-2.486358433570543411e-07
4.148711017022478508e-08,-4.804031315485180648e-08
4.103282113742833629e-08,-6.418823932209424294e-08
4.764542735728322989e-08,-4.748565562593036047e-08
4.622861884196770402e-08,-5.674718153888020374e-08
3.911740046447731334e-08,-7.473564868854758567e-08
4.317283401683771687e-08,-6.335325592745371964e-08
3.574958586075654452e-08,-8.113427387580039781e-08
3.841628985931429716e-08,-6.799727036316966098e-08
5.183404282322640430e-08,-4.182226290939771968e-08
3.103166163668693672e-08,-8.487612834522100920e-08
2.753655566899389177e-08,-1.002072332106375759e-07
4.496861052791218451e-08,-5.135023163471544114e-08
3.230492500504293937e-08,-6.896406437649488403e-08
2.297074252185565695e-08,-1.027495042699183820e-07
1.913551296366016272e-08,-1.193555601681335971e-07
5.291976217772772561e-08,-3.444410656806422231e-08
5.620575816741948601e-08,-2.974807458699697228e-08
5.684394186579511123e-08,-2.410887760532013623e-08
5.942139198552702503e-08,-2.043680486185682456e-08
5.967356009338960525e-08,-1.664444497113607475e-08
5.421861382755252920e-08,-3.491745327617336834e-08
2.181344682629735711e-08,-1.165297507584278928e-07
1.373000566937709182e-08,-1.349910015658000072e-07
1.518043895072084595e-08,-1.201504045856812063e-07
6.162249682000002982e-08,-1.365552939022550501e-08
6.162693366500699132e-08,-1.132032652768565037e-08
5.928384173819566780e-08,-1.304639158493924027e-08
6.113181976765875994e-08,-9.259165366568640414e-09
5.879861908316654231e-08,-1.016422236569506536e-08
6.054769074708024811e-08,-7.677991079156424799e-09
6.237281588703803806e-08,-6.536900344588733890e-09
6.178389073118009917e-08,-5.822067381446970759e-09
6.010788784875640620e-08,-6.688671668890206118e-09
6.130905122609457019e-08,-5.419400999136286985e-09
6.314314994994689071e-08,-4.519734276683895897e-09
5.989374304171250903e-08,-6.169545951068197894e-09
6.103134233376661834e-08,-5.286498587285093575e-09
6.211932373508049241e-08,-4.403680526740792085e-09
6.182577347357078480e-08,-4.543352270120456534e-09
6.094244232979024577e-08,-5.365401063281540331e-09
6.168396107907230155e-08,-4.799443855855555008e-09
6.099782625741674592e-08,-5.571982010325690046e-09
6.167535756678092577e-08,-5.121035130163292016e-09
6.222977839525826081e-08,-4.243750101041730152e-09
6.220070231708193310e-08,-4.644280498211204728e-09
6.176183914274983301e-08,-5.471088280164742288e-09
6.225534736681596774e-08,-5.056895599131347886e-09
6.190786997511793647e-08,-5.829518991534595187e-09
6.237005217555549147e-08,-5.444440442269338334e-09
6.267428841703911515e-08,-4.581467790641903093e-09
6.277920625197095594e-08,-4.997807714874300794e-09
6.251299771215154088e-08,-5.797481331506898550e-09
6.290901996931262246e-08,-5.377716993693485044e-09
6.266044560464235236e-08,-6.111971524164556689e-09
6.304780426709422449e-08,-5.696175177028498514e-09
6.329471235327490279e-08,-4.877722599929605262e-09
6.343655517159599885e-08,-5.201638031986163172e-09
6.317933549071561782e-08,-5.940124781151218848e-09
6.367608003609500500e-08,-4.295091953127476532e-09
6.383232164920224673e-08,-4.626098420659701326e-09
6.227667436497562224e-08,-6.433458275848392522e-09
6.303758408109992208e-08,-4.038383632083994395e-09
6.264297573556325504e-08,-3.533125652012559421e-09
6.351844654567203484e-08,-3.901663592897136004e-09
6.261261137837215663e-08,-3.710913050785335716e-09
6.387007832190294091e-08,-3.214203583024368929e-09
5.834057174569835747e-08,-7.249028055723983895e-09
6.296739245621415878e-08,-3.456887435943692198e-09
6.138795404988944526e-08,-6.139246224331968015e-09
6.013207542956663754e-08,-6.032685313049569011e-09
6.244984513436121032e-08,-6.659872963161272989e-09
6.211016883589543569e-08,-6.908354617268029994e-09
6.085608273233230375e-08,-1.532092015550694719e-08
6.272265832548747334e-08,-3.235578763983413522e-09
6.326988455998242773e-08,-2.883310626999434337e-09
1.896434935903859094e-08,-1.002250782337195818e-07
6.049207780292104436e-08,-6.159716679339164995e-09
6.189667062343371493e-08,-6.684542696122182861e-09
5.642411947240655799e-08,-1.344771913573766720e-08
6.329007134888506147e-08,-8.215551832756762520e-09
1.987554501542767131e-09,-1.512571978110728673e-07
-3.589584955048371633e-09,-1.710407739551451885e-07
-1.518787008067829507e-08,-1.950382696585471778e-07
-7.509066984592187254e-09,-1.837205921221630722e-07
-1.587122678184827896e-08,-2.016403914477034596e-07
-2.550404845027050560e-08,-2.148456600639522062e-07
-2.249015564086140690e-08,-2.156366415714106847e-07
-1.268465629579698485e-08,-2.042351071146155947e-07
-6.620567904642912265e-08,-2.818989629149190874e-07
2.338879695434515576e-08,-9.445533213110842591e-08
1.430337999086536828e-09,-1.637727735573478552e-07
-1.349412198104882351e-09,-1.727815326008037928e-07
-1.160292349429338072e-07,-6.526693162683676597e-07
-4.019189451146814579e-08,-6.848859152681581823e-07
-3.580990888355561646e-08,-8.102473602305502433e-07
4.707103284788391961e-08,-7.269999249959769418e-07
6.772082119002292196e-08,-8.482301964161507170e-07
1.416392397966044523e-07,-7.706915097623807879e-07
1.703440503939242155e-07,-8.999643124653284466e-07
7.142820710677993057e-08,-9.888491965493977579e-07
2.076301757680842222e-07,-1.039835862897036317e-06
1.176009753429828415e-07,-1.136639633430241000e-06
2.406999323527988008e-07,-1.185864116293319470e-06
1.462362883701541647e-07,-1.285131528134864167e-06
2.353116765963086925e-08,-1.241464686316638391e-06
4.639623549911068287e-08,-1.390323590974396922e-06
1.754019151275816979e-07,-1.436800278445709694e-06
7.345121659682230293e-08,-1.541941627671611075e-06
2.060488268471568243e-07,-1.589526359034995160e-06
1.034773046249821997e-07,-1.694541214182545171e-06
2.379608039878484649e-07,-1.742582180883518254e-06
1.360825984445485789e-07,-1.847317248068462467e-06
2.706371249626444112e-07,-1.895186479093979422e-06
1.688378017266895094e-07,-1.998873300541702727e-06
3.039748792883455315e-07,-2.045819145144503669e-06
2.005380828182908679e-07,-2.148571672070644882e-06
6.668683366795910119e-08,-2.103532016023932437e-06
9.836950971719889575e-08,-2.250662655312061821e-06
2.312372620335292884e-07,-2.295201498851707080e-06
1.301271688223062673e-07,-2.395434114027815131e-06
2.615507148435043722e-07,-2.439459751965837264e-06
1.602714824308112482e-07,-2.537081360065346859e-06
3.041872269090893953e-08,-2.495095791673660682e-06
6.072953503203343199e-08,-2.635052613666445023e-06
1.893928253515081458e-07,-2.675929826143593748e-06
9.190545132908472385e-08,-2.771056696000064869e-06
2.176495655337506156e-07,-2.811917080603664968e-06
1.212803433420443034e-07,-2.904152493220842254e-06
2.458470456757837126e-07,-2.944483914177161835e-06
-3.960221966602489314e-09,-2.864784734194130185e-06
3.103297222941893103e-07,-2.720863175044933406e-06
2.544632762133111879e-08,-2.994806162607158949e-06
-5.075364345327463415e-11,-1.802597373720822716e-06
1.172096633890362080e-07,-6.552494447672340684e-07
-6.795958672632739205e-08,-2.594189165015401236e-06
-3.369012916438345645e-08,-2.208025021041316888e-06
-9.914979063948735303e-08,-2.454449021241857983e-06
3.375685351789675309e-07,-1.640873618713152664e-06
-1.007904169993485077e-07,-2.956684588700881220e-06
3.645456540038147482e-07,-2.340702221680565349e-06
4.079689784578048618e-07,-2.500650248820007079e-06
-1.283353293828964988e-07,-2.827533850844177392e-06
-6.890726741618687118e-08,-3.081387752565902590e-06
5.648570075280514822e-08,-3.122589828842519872e-06
-6.532496676296813675e-08,-2.063121313588155021e-06
-9.573205051179637417e-08,-1.344269922487443679e-06
-2.108669718139968149e-07,-2.549546686065822989e-06
2.192124131328883856e-07,-7.047023522667863270e-07
1.773307776899680777e-07,-5.976087218506751707e-07
8.849635576216407526e-08,-5.540494058953577390e-07
-4.430228733259140832e-08,-5.846685581198137275e-07
2.711910741020400607e-07,-9.285053426554285739e-07
-1.706309992704938149e-07,-2.166836861817590864e-06
-1.891725386778311157e-07,-3.051906370755832887e-06
-1.621865071535145640e-07,-3.165430140744957293e-06
-2.841572909234454714e-07,-3.135036230693832615e-06
4.556644046466868312e-08,-3.116779018795596658e-08
5.957174854411904107e-08,-6.569096945803580663e-09
-9.677681264287292678e-08,-3.647385344699547356e-07
-7.832878422877720340e-08,-3.154195648131969007e-07
2.692095702931674619e-07,-6.234423731512308587e-07
5.035342318700794483e-07,-2.375246173249171502e-06
4.030137130592464898e-07,-1.945633854299234972e-06
4.424830629116575036e-07,-2.095761615620379321e-06
6.369987503631185693e-08,-2.557422103065355463e-09
6.399321339136584365e-08,-2.149333675331929375e-09
8.521310782114853473e-09,-1.438978841703512283e-07
-2.901907831937121019e-08,-2.300369841647301788e-07
6.302350948310137827e-08,-3.298433516265260218e-09
6.629523398170571709e-08,-2.558379819642469827e-07
-1.566458755043178996e-08,-2.146512431229222308e-07
-1.325413401125397732e-07,-9.214826224541901295e-07
-6.186649032138171425e-08,-1.011348014863934281e-06
-2.450826545727717395e-08,-2.117083696248452673e-07
2.128557594700555173e-07,-4.661065337842366834e-07
2.189332860758837206e-07,-4.144176869966432631e-07
6.309063558149494259e-09,-1.530821001355234313e-07
-9.207904887227895179e-08,-1.178061150568113142e-06
6.588148144000892369e-08,-4.612655851000115881e-07
-2.237983603980547813e-07,-2.388622269057803735e-06
5.842316081504304516e-08,-6.787860156398411005e-09
3.244082081573466426e-08,-8.574797889539010540e-08
5.665634656260253837e-08,-7.780942158426569218e-09
6.421596342504373579e-08,-2.467191935013712663e-09
1.031931020268202022e-07,-2.829531186715472128e-07
5.637407054155381187e-08,-2.460421765194748811e-07
6.382745879855702683e-08,-4.500847875448919157e-09
6.404569490050341575e-08,-2.544582458225625739e-09
-4.451343350973198555e-08,-2.427917231582090477e-07
-1.575983287686495024e-07,-2.691252557227338269e-06
6.324509624555958854e-08,-2.271913287177833292e-09
6.356848403590809497e-08,-2.903470202545531460e-09
6.294303782039750498e-08,-2.751265582943152367e-09
-5.437661375695699883e-08,-1.499343935880392292e-06
-2.803645961247003028e-08,-1.651927405554994416e-06
-1.522249067742352876e-07,-1.777854571258558937e-06
-9.666842027306426204e-08,-1.925606468601169347e-06
6.356643258739853582e-08,-5.448590353450620950e-09
6.328773473508497533e-08,-6.102840707423607480e-09
6.293208815754589041e-08,-6.510824601254340692e-09
6.367302807270990322e-08,-5.595845100081815148e-09
6.302449582935563902e-08,-6.588519137085019044e-09
6.267462327188306334e-08,-6.973801931823723317e-09
6.259590192985562868e-08,-6.821228033239176145e-09
4.820662994966560179e-07,-1.163631199173266895e-06
5.664597184038188159e-07,-1.625030300388510630e-06
6.394504377915262120e-07,-2.693501751009353173e-06
5.190907865034830183e-07,-2.615782062430702652e-06
5.194846303722206915e-07,-2.761541098788544849e-06
-2.320018874653222303e-08,-2.311148726833674420e-07
5.345945125054255426e-09,-2.208560778788494277e-07
7.759450029779611839e-09,-8.464101554149499265e-08
1.655678453901534316e-08,-7.106601204618976515e-08
1.716958804669436402e-08,-4.779968425908271177e-08
2.589703045423099326e-08,-5.592498827853467046e-08
8.688773999090318053e-09,-3.748568659826483810e-08
5.015821609175113253e-08,-1.294587763572170338e-08
4.611266338191182247e-08,-2.771954391753928088e-08
5.230025897865228651e-08,-2.508418035885969520e-08
3.908823121260694053e-08,-3.166785344826700022e-08
4.218962423491922963e-08,-4.297974880708213947e-08
2.252688741972220032e-08,-7.944223688520004014e-08
2.731927952950060650e-07,-1.337209860922688940e-06
3.718452911767631787e-07,-1.245910283314398445e-06
3.447909679011718716e-07,-1.069885050241682532e-06
5.146642107492391846e-07,-1.317610112370243329e-06
4.765726852849820918e-09,-1.308015594541816047e-07
2.145758878416901105e-08,-3.878992599089345233e-07
-6.039411280725709485e-11,-1.712336298106062299e-07
-1.423164189802461294e-08,-2.232099596767330640e-07
6.177165513555555106e-08,-7.080616545172799801e-09
-2.775780051296747528e-07,-1.696546677461824595e-06
1.510081031441966401e-07,-3.035152332684025327e-06
2.736341997798999556e-07,-3.074372932266309926e-06
3.691389705787612062e-07,-2.985533776599178573e-06
3.941723825593808232e-07,-3.110625641290553548e-06
4.835873436413682137e-07,-3.015832874709469314e-06
5.260594909904513382e-07,-3.137766161485832492e-06
2.981485396058439159e-07,-3.198259904883812146e-06
4.486571038443547565e-07,-2.882899801910382945e-06
1.793690340643015406e-07,-3.166834811474756114e-06
8.116561246580609806e-08,-3.244560846792300943e-06
6.397084512927434487e-08,-4.870337653924422791e-09
6.423241371774548275e-08,-3.980885645828491104e-09
6.440941885393630430e-08,-4.207409042171106656e-09
6.464520850842455938e-08,-3.165670264798457165e-09
6.406288890564418615e-08,-5.042955884790956050e-09
6.369621560510009057e-08,-5.722483233541547724e-09
6.335254890291512514e-08,-6.184801209904950948e-09
6.307544764320964318e-08,-6.574165560437945322e-09
6.444897515892920109e-08,-2.804947616210953686e-09
6.482212979142134433e-08,-1.989228245932532925e-09
5.901950258375618846e-07,-1.781053984174470711e-06
6.511983535965926900e-07,-2.834189370809016508e-06
6.262618624132789974e-08,-7.010960634622108316e-09
4.051398744210581256e-07,-1.398135553423693623e-06
5.882682364473944578e-07,-2.104737004552713056e-06
6.321845619207122289e-08,-1.314186047581382381e-09
6.309936822583219176e-08,-2.420437338709898209e-09
6.343928500030935696e-08,-1.530519404783934780e-09
4.357114675692024378e-07,-8.784803009369179050e-07
3.158718299097508131e-07,-8.120256500483246019e-07
6.416334281024090657e-08,-3.679558625565066552e-09
6.330867917945819864e-08,-1.416896480142109187e-09
8.150938566876422511e-09,-1.397198696137145036e-07
6.186782858311632070e-08,-7.773776199583184144e-09
5.537809440202016526e-08,-1.101306360199562899e-08
5.697162815132454972e-08,-1.893382747365874005e-08
-9.392734884388643460e-09,-2.216554652223006483e-07
6.166587972499629379e-08,-6.407643966731658559e-09
6.116860170863532596e-08,-6.670136526807678752e-09
-3.421004748129274816e-07,-2.586093161089367663e-06
-2.990127338848256414e-07,-2.153081952350299734e-06
-2.971715599005556332e-07,-1.848355161782419830e-06
-2.380330931372883620e-07,-1.391156258877639903e-06
6.550255424183762391e-07,-3.103459418188716801e-06
5.848369006134359171e-08,-8.270757272355318340e-09
6.242960413795688148e-08,-7.227789036756280072e-09
-3.509304393099203399e-07,-2.854304924457563813e-06
-2.361916051573533352e-07,-2.930097887362611599e-06
3.580931562447860491e-08,-1.690257551470347079e-08
3.137084679188490251e-08,-3.473016227821018770e-08
5.992192650898573270e-08,-5.995007499602657165e-09
6.117182440529665952e-08,-5.838722985485473787e-09
5.685357574945092116e-08,-1.809791240826200192e-08
6.474033318193546369e-08,-3.792536297346928071e-09
3.351986316009534061e-07,-2.194209092960935632e-06
2.903406585816517503e-07,-2.579994646902313416e-06
3.656162301631781943e-07,-1.795079321611061032e-06
-3.411807206819115964e-08,-2.730633322411567506e-06
1.028741700525437498e-07,-3.073453735043781630e-07
6.281009573806256072e-08,-6.343812560102275987e-09
8.115025583567443664e-10,-2.293885722166290463e-07
6.298905670650396132e-08,-2.550823451609353036e-09
3.519634405402970064e-08,-1.953838312245416251e-06
-6.205369013648504445e-10,-2.352536479168416627e-06
6.329116809677999406e-08,-6.180747293441125019e-09
-1.477455053141650588e-07,-3.293993688395381541e-06
6.405621192005569643e-08,-3.619203439157849169e-09
6.206615912100438964e-08,-7.204578917529334863e-09
5.812703938873328815e-08,-2.338452178026854655e-08
5.257959110734076340e-08,-1.368674990543427727e-08
2.094531501144026962e-08,-1.141816748995972493e-07
6.315554910196530179e-08,-4.487611858639526522e-09
4.928536701510111064e-08,-4.795521408449163277e-08
6.261240286815951815e-08,-4.133700365666117150e-09
6.236366289472723499e-08,-3.873672343352061343e-09
6.256278220079066142e-08,-4.420872389988947578e-09
6.289874734917184429e-08,-7.516565228266241303e-09
4.708368739224190238e-07,-2.238292782018287965e-06
1.770250067032610429e-08,-2.235046293440452479e-08
3.338508920601820563e-07,-2.852996112200137284e-06
6.209751138909612933e-08,-6.142744009857509974e-09
3.042450456052278181e-07,-1.489022594609094896e-06
-6.942439250589271014e-08,-2.856584613474821979e-07
5.273366480512385444e-08,-2.575597499353302036e-08
-1.247068249681338596e-07,-2.305340163273929904e-06
-2.794083827605594519e-08,-2.315208420164817077e-07
3.171855867840321843e-08,-6.160236553068454708e-07
6.502169492400742358e-08,-2.429509287288840021e-09
-2.634854876854227333e-08,-2.245162792152505303e-07
6.336719713522006260e-08,-3.450998579327549370e-09
-1.338453817111537127e-08,-2.297773442093026723e-07
-2.525986163871803046e-09,-2.671411410511575127e-07
3.527859275602143100e-08,-4.900245240197486023e-08
6.325659511894571651e-07,-2.408702887091802178e-06
-7.640626664221661345e-09,-1.892424854457824888e-07
6.279443436238196236e-08,-6.904037406669051533e-09
1.582657441671175295e-07,-3.511142140561512024e-07
5.096453850193205590e-08,-3.772118011170656138e-08
6.081703680063671042e-08,-6.378451236273946913e-09
8.915338975290357798e-09,-5.224811310867828968e-07
3.035283253125891225e-08,-9.615028515944869698e-08
3.367123580939991962e-07,-3.315560525058643820e-06
6.403540026427744181e-08,-5.222859782171032450e-09
2.597586347284823890e-09,-1.611110306201619971e-07
6.266868675407950137e-08,-6.804821824564111636e-09
-3.562848907417678368e-07,-3.229606755283255871e-06
5.760818560224777301e-07,-3.326123287071607841e-06
6.538760367117676318e-08,-1.817572772396992703e-09
2.125718286414785822e-07,-5.340594603542838178e-07
6.286483421557784666e-08,-6.762906520139263687e-09
5.991889793127228530e-08,-6.798759544264488103e-09
1.206025642756131801e-08,-2.452102696821210651e-07
-2.474436062868534802e-07,-2.779375065073410323e-06
-2.127818031252997898e-07,-1.246734613190850233e-06
5.639712767357942908e-08,-8.498607805083472784e-09
-6.376845338762013662e-09,-2.038557744855778596e-07
4.354811271939258022e-07,-1.552486884759912882e-06
-1.561416153596526801e-07,-1.607740805821118375e-06
1.209444958516597653e-08,-1.108805182154788952e-06
1.268242074117360067e-08,-1.339965772520627970e-07
-3.595028641332141251e-08,-3.194544180596240718e-06
4.625945969980178516e-07,-1.706345817592905219e-06
3.600575980282330687e-07,-6.498019363452054622e-07
5.913152275875983501e-08,-6.501166343067082345e-09
-3.372060459114277932e-08,-2.279862608031268664e-07
2.509553067092920008e-08,-2.324773543000402307e-07
1.844946746299540075e-08,-2.310591369897925104e-07
-3.349094769186305025e-07,-2.452988485958659297e-06
2.798214328062224566e-07,-4.717632525827117383e-07
4.096632295964147353e-07,-2.658436976799693668e-06
-1.855184348239778950e-07,-2.037217218555836725e-06
6.336589295488911178e-08,-6.193655394035617579e-09
6.426021899235766643e-08,-1.174153430532343975e-09
6.231625515990744468e-08,-7.035067890854638144e-09
1.438792611999070097e-07,-3.003697482086679113e-07
5.641786782119961031e-08,-1.030808622381906418e-08
5.969402513185729107e-08,-1.481945150842028360e-08
6.251225886597157863e-08,-1.004924096625811688e-08
1.108627474608299858e-08,-1.168354831750098104e-07
4.763362318333626846e-08,-3.712329973184598924e-08
6.389218292674419946e-08,-5.293781172091915300e-09
-6.287317272741153834e-08,-2.840786408312971165e-07
-6.223842719766978097e-08,-5.036365062239667410e-07
6.097624900642848327e-08,-6.962717415171998028e-09
6.401342385930006688e-08,-1.436446539579353668e-09
6.389576613411316513e-08,-1.212075666523682652e-09
3.679212547796160046e-08,-2.366585702570657152e-07
6.349724020300405848e-08,-2.430621725384634601e-09
-7.038063425982847741e-08,-3.337594565168453472e-07
4.868972590589701778e-07,-1.857575476146049221e-06
-3.468639958896161093e-08,-2.274266861325925140e-07
6.306079120416638066e-08,-2.227120979912224846e-09
4.175190486352355716e-07,-3.220492123471020443e-06
6.352691919542919621e-08,-1.071914193058802158e-09
1.413143864782277061e-08,-9.212126326753171278e-08
6.322305097532776604e-08,-2.359239575898789309e-09
5.369676133322004392e-07,-2.494574737770551756e-06
-2.419935361798491480e-09,-1.786238084674080172e-07
4.043130385215771678e-07,-2.775386309911062633e-06
3.521111561978792767e-08,-2.432793425508213837e-07
2.235778124693589009e-07,-8.204220054620129607e-07
-3.773467890976925710e-07,-3.109776964513672691e-06
5.492735234747624722e-08,-2.827420381560937565e-08
1.469704578087589747e-08,-1.322281906958858327e-07
6.245843850866349765e-08,-7.094427443834259706e-09
-6.890115828551940121e-09,-2.124688471650281925e-07
9.443660713740468644e-09,-1.761286578295086180e-08
5.495821286271297924e-08,-8.787836712113901154e-09
-1.618047071808904318e-07,-1.466888837351664301e-06
-1.286167501781683372e-08,-9.106553790975296458e-07
6.774439405157421706e-07,-3.335345104458283146e-06
5.873293704210922091e-08,-6.888677603382066381e-09
5.620596779889103684e-07,-2.912542241258730749e-06
2.409071061317997247e-08,-3.598108213082046946e-08
6.554688447206063393e-08,-9.061520455133418042e-10
-5.274034129516033734e-08,-2.595633211190909855e-07
1.409217165254937331e-07,-5.215193224195349982e-07
-3.711827460883971270e-07,-3.329108387208985536e-06
6.267758874210299694e-08,-6.590821921983053090e-09
5.065107306306826289e-07,-2.002931945165878767e-06
6.491275574342993043e-08,-8.966886521608723651e-10
2.216773423813156281e-07,-3.806779445591799683e-07
4.850714069490417935e-08,-3.789119289050503386e-08
-2.081118195968792987e-07,-1.916219818119610016e-06
-2.619449283072667711e-07,-2.652044845803098323e-06
6.284223778326571356e-08,-3.327118996728454020e-09
2.595108099151199988e-08,-8.737545665386740093e-08
-2.445874701358470673e-07,-3.223310641269734332e-06
3.081321188187298183e-07,-7.121313958695029210e-07
3.695890850653069605e-07,-9.387871526056366004e-07
6.158560242130623898e-08,-6.788055079772127283e-09
5.702945398501511346e-08,-7.471678483529436821e-09
-2.233460583492906247e-07,-2.263889982015123686e-06
6.480246787556064650e-08,-3.337882392741982293e-09
5.377166381871499648e-08,-1.774805051449061190e-08
8.722109748002724131e-09,-1.471148850055749960e-07
3.877855379438063725e-08,-5.725663997624092320e-08
1.370939750975113711e-07,-3.119107967716816580e-07
6.434571883076853365e-08,-1.918636098990837483e-09
6.310450306791103066e-08,-6.480222199115698081e-09
6.742786242753198124e-08,-2.548348965838566724e-07
5.808564001155597970e-07,-3.033154981502108097e-06
6.034276227393781043e-08,-6.524615194185721289e-09
-1.028341795280029180e-07,-5.699452671719200819e-07
5.236165943016432614e-07,-3.246320149342755991e-06
-2.836616989781347006e-07,-3.043951370415672085e-06
9.239190379201265485e-08,-3.344444550678159291e-06
