Size 674,2
0.000000000000000000e+00,-1.691697498522594199e-07
3.862976024417364383e-09,0.000000000000000000e+00
5.185839982392698399e-07,-2.313420147442083094e-06
-3.105397226273318417e-07,-2.310689770735920978e-06
-1.885163191476460065e-07,-6.907550006131445391e-07
3.385583195457546428e-08,-8.305580176735623272e-09
4.226097169784728193e-08,-4.341372400827313180e-09
4.455577827537873006e-08,0.000000000000000000e+00
0.000000000000000000e+00,-1.599760692997094411e-07
0.000000000000000000e+00,-1.528528913595831950e-07
0.000000000000000000e+00,-1.484970038620780198e-07
0.000000000000000000e+00,-1.469081399165432327e-07
0.000000000000000000e+00,-1.473193883997613834e-07
0.000000000000000000e+00,-1.485871195251729613e-07
0.000000000000000000e+00,-1.494529374953116394e-07
0.000000000000000000e+00,-1.488099783257084344e-07
0.000000000000000000e+00,-1.457383504961118858e-07
0.000000000000000000e+00,-1.401913485008835163e-07
0.000000000000000000e+00,-1.322360612037958922e-07
0.000000000000000000e+00,-1.219270301377237523e-07
0.000000000000000000e+00,-1.097857612407105851e-07
0.000000000000000000e+00,-9.623288090777121853e-08
0.000000000000000000e+00,-8.162325602597464048e-08
0.000000000000000000e+00,-6.626117746547024750e-08
0.000000000000000000e+00,-5.036735308512998128e-08
0.000000000000000000e+00,-3.412040128620377320e-08
0.000000000000000000e+00,-1.764329215491945574e-08
5.184447696327794213e-07,-2.229867869885950558e-06
5.182787963573211990e-07,-2.144060065790635608e-06
5.180009852106157276e-07,-2.055756044685299711e-06
5.174143737159544464e-07,-1.964893776688643610e-06
5.163429220238892821e-07,-1.871469333667742149e-06
5.146286169685398818e-07,-1.775595788650973578e-06
5.120776689008691186e-07,-1.677251408495420610e-06
5.084385040657954993e-07,-1.576572370012155779e-06
5.034853431603545718e-07,-1.473785376035974415e-06
4.970433724140972145e-07,-1.369452345342701279e-06
4.885277815247369556e-07,-1.263623585714933676e-06
4.777175903217768697e-07,-1.157127026760623196e-06
4.643161465240045056e-07,-1.050648753446058010e-06
4.479723654920497605e-07,-9.450814260978679082e-07
4.283499509456516415e-07,-8.415265159981883619e-07
4.053791199402286221e-07,-7.416089143737197898e-07
3.784544869484629967e-07,-6.466647547293434714e-07
3.477305185580919869e-07,-5.581038352284552046e-07
3.143198789876539746e-07,-4.781004547500822762e-07
2.785408358680200046e-07,-4.072145691973146397e-07
2.424392125957809979e-07,-3.466161107139843871e-07
2.051744583608105734e-07,-2.959214208847791523e-07
1.685123749097978509e-07,-2.552863080458434937e-07
1.328529341916705633e-07,-2.233207444249608926e-07
9.831259625514706796e-08,-1.994590526167818533e-07
6.555214809390396295e-08,-1.829034624009146850e-07
3.218332726995612964e-08,-1.732595542557895251e-07
-2.272356738898475931e-07,-2.310605691410117632e-06
-1.441072037632780678e-07,-2.310435640435222940e-06
-6.117047619884085601e-08,-2.310284562881267309e-06
2.152372251054674861e-08,-2.310231088256067415e-06
1.040460043081692924e-07,-2.310386787745079796e-06
1.866130079456521235e-07,-2.310764854424467009e-06
2.692705145347323101e-07,-2.311341117587622091e-06
3.521490707384526952e-07,-2.312050274959431779e-06
4.352766905546307957e-07,-2.312785911843280951e-06
-3.105579465692912243e-07,-2.230234661333381262e-06
-3.105695400124460705e-07,-2.147689406374043925e-06
-3.105010692978277371e-07,-2.062836887148935548e-06
-3.101610993961773559e-07,-1.975621886627605003e-06
-3.094120661532746809e-07,-1.886054493732471976e-06
-3.081107514408450690e-07,-1.794121335683075003e-06
-3.060719671338220227e-07,-1.699869504487663484e-06
-3.031049064770613072e-07,-1.603519873264426074e-06
-2.989722176241256707e-07,-1.505122321902333792e-06
-2.935830446915808980e-07,-1.405134031079148871e-06
-2.865461682073009420e-07,-1.303595192273764677e-06
-2.776064852820212247e-07,-1.200940052214238808e-06
-2.665255104516046253e-07,-1.097927914431671643e-06
-2.528025533074498091e-07,-9.948815937209250216e-07
-2.360704846531214078e-07,-8.920689472167876127e-07
-2.153767644243488963e-07,-7.906421981783594865e-07
-1.614265924006638250e-07,-5.906566573339307944e-07
-1.370626922731082862e-07,-4.983159727758526174e-07
-1.177781735721102755e-07,-4.158955203547791277e-07
-9.859066835435543864e-08,-3.478225025080204746e-07
-8.004835967339930123e-08,-2.899721322074471037e-07
-6.334346594380139862e-08,-2.446435044269095330e-07
-4.527737949586822879e-08,-2.072242379768006871e-07
-3.115159624730380592e-08,-1.772399222131804308e-07
-1.791276200343240239e-08,-1.510197411401975832e-07
-8.564585872469714913e-09,-1.275080749982735219e-07
-1.263597688837053860e-09,-1.053056002225569887e-07
4.330121778191374557e-09,-8.440695042831520643e-08
9.399352234623833353e-09,-6.523305223501785674e-08
1.437624484840363600e-08,-4.836263853968497581e-08
1.929139034999480698e-08,-3.448518498689969927e-08
2.383234886918022477e-08,-2.384740673673768240e-08
2.795028187584538743e-08,-1.618563478314186013e-08
3.136997600639884550e-08,-1.125604496750489566e-08
3.572615988673603457e-08,-6.667174162902050028e-09
3.721752820892164712e-08,-5.711025246988699036e-09
3.838823549314444619e-08,-5.193869314646418673e-09
3.929922323070988598e-08,-4.891061206677940168e-09
4.001126206913571346e-08,-4.779256888577946967e-09
4.060712635715988082e-08,-4.747240901357040372e-09
4.105986122132960036e-08,-4.770735919127977958e-09
4.141119991736235751e-08,-4.831870115029151891e-09
4.168005730561518661e-08,-4.893896044106406593e-09
4.188811540673910464e-08,-4.939176220770157276e-09
4.203682290595468061e-08,-4.963735262696159269e-09
4.213758091197772443e-08,-4.961226093759808848e-09
4.220265429523662231e-08,-4.924249016949312000e-09
4.223758094550547976e-08,-4.841475684184228508e-09
4.225279343359157130e-08,-4.712276567235942491e-09
4.225667296609387078e-08,-4.537387598163599321e-09
4.448064394047946338e-08,-7.657506138376694990e-10
4.431387974243537656e-08,-1.459153081969268410e-09
4.409022748715002493e-08,-2.083112241587823961e-09
4.383858271533766629e-08,-2.640956063623643937e-09
4.355918947893673807e-08,-3.123097773737288336e-09
4.327307319028937270e-08,-3.534150448731197564e-09
4.299160363603504951e-08,-3.868557059818093741e-09
4.272643351519571064e-08,-4.121269581194750278e-09
4.248031471580843392e-08,-4.280969249269685259e-09
9.092944209286021713e-09,0.000000000000000000e+00
1.537573383083967818e-08,0.000000000000000000e+00
2.148056313350365396e-08,0.000000000000000000e+00
2.709518466498837594e-08,0.000000000000000000e+00
3.197384458113785912e-08,0.000000000000000000e+00
3.598015204735277876e-08,0.000000000000000000e+00
3.904791441126930931e-08,0.000000000000000000e+00
4.125214689988702028e-08,0.000000000000000000e+00
4.261506094628062556e-08,0.000000000000000000e+00
4.333908369655950144e-08,0.000000000000000000e+00
4.363007595577621659e-08,0.000000000000000000e+00
4.363634187743761241e-08,0.000000000000000000e+00
4.352333816661431282e-08,0.000000000000000000e+00
4.330299350635355141e-08,0.000000000000000000e+00
4.310262475405345059e-08,0.000000000000000000e+00
4.294791787207264922e-08,0.000000000000000000e+00
4.284458248358586974e-08,0.000000000000000000e+00
4.280581727888233964e-08,0.000000000000000000e+00
4.282631236858955278e-08,0.000000000000000000e+00
4.289913749556993995e-08,0.000000000000000000e+00
4.301518943279789909e-08,0.000000000000000000e+00
4.317255414187765699e-08,0.000000000000000000e+00
4.336128753822648206e-08,0.000000000000000000e+00
4.357410435812370734e-08,0.000000000000000000e+00
4.380420213893897769e-08,0.000000000000000000e+00
4.405244026699568156e-08,0.000000000000000000e+00
4.430371445073729255e-08,0.000000000000000000e+00
-2.369441216984454180e-07,-1.840430735815853866e-06
4.212285948050089717e-08,-4.904980818388165046e-09
4.357222227814986966e-08,-3.090527064655912027e-09
1.381451498873875375e-07,-2.235395908031010510e-06
-2.257150105452038901e-07,-1.563491346461631784e-06
4.151833850161921463e-08,-4.747916360720407515e-09
2.233111285246411843e-08,-4.694794712802620853e-08
-7.415854375583775952e-08,-2.948277942952671012e-07
4.322095788423025675e-07,-1.728399836293635492e-06
4.306395915035639943e-08,-8.964708999748557613e-10
4.276852161553285418e-08,-8.639513311781134656e-10
4.091551901770950159e-07,-1.310019440911734148e-06
-1.782703990977200858e-07,-1.043156262548316797e-06
3.927548066037898040e-08,-4.749789206064489702e-09
1.245001825517390059e-07,-2.288576470481780564e-07
2.946284001925091729e-08,-1.017028149888993998e-08
2.049763106071661154e-07,-3.693357049493024125e-07
4.002199718983398840e-08,-5.729631956373830278e-09
3.645228121439477378e-08,-6.875223235149162793e-09
-1.273484149594127022e-07,-7.398142362345811878e-07
-2.100049269092042570e-09,-1.491158823743649703e-07
4.314421990919816208e-09,-7.299109582750825095e-08
3.655898296192415366e-07,-9.939069992778666209e-07
4.310725656579374162e-08,-1.057609284715646584e-09
-8.832044150612590062e-08,-5.243789920899183020e-07
3.331878352085031578e-08,-1.391251305979244007e-08
8.769707569719794258e-09,-8.272736501787740867e-08
-5.563746206973313108e-08,-2.142721449469984729e-07
4.355500805355664039e-08,-1.825873322636782056e-09
3.137941167223271000e-07,-6.876852676837659925e-07
4.368373874896147263e-08,-9.297088523089863096e-10
4.424267630226741015e-07,-2.009746276985305727e-06
-2.767291615950889571e-08,-1.628899258677382614e-07
-6.498145244047896665e-09,-1.220494583091988725e-07
2.687964037471266814e-07,-5.117573567963087123e-07
4.297321746391124666e-08,-3.366524867566307308e-09
4.281731241814939400e-08,-8.844179504160814643e-10
4.187938741081016575e-07,-1.527291820743086067e-06
-2.098450634319080564e-07,-1.348901848501907304e-06
4.093708562709039540e-08,-4.594468382293427294e-09
1.814452069270159927e-09,-1.027490434859403794e-07
-8.915187806588433427e-09,-1.510319621528787729e-07
-2.438976366295424756e-07,-2.018661307549318841e-06
4.231217717353067588e-08,-4.839955973292006310e-09
-6.785242393629044552e-09,-2.249540187044702166e-06
4.305929119788592040e-08,-3.899413630120436379e-09
9.802588369599548771e-09,-1.520383884902548671e-07
6.020644124105520052e-09,-4.198325621768919626e-08
-2.489281216486376606e-09,-1.280780360440565811e-07
-9.229681860789723323e-09,-1.487610542536651937e-07
4.405076369938240145e-08,-1.911426777983940830e-09
3.105898428446901995e-07,-2.243499207468651869e-06
6.598119442983254949e-08,-1.814407718696937054e-07
1.846365843385939039e-08,-1.219187449354779662e-08
4.256956965629205454e-08,-4.411192640392525447e-09
-1.891042575179454301e-07,-2.246500701286737919e-06
4.327174974995889782e-07,-2.185269312027039117e-06
4.411947245976172592e-08,-7.761179790365634064e-10
-7.597987547029147853e-08,-3.424316117268995850e-07
-4.859830427579662797e-08,-2.956756327696204310e-07
-5.174618341287622545e-08,-2.555366656707838102e-07
-2.387556507013028658e-08,-2.580327531462173378e-07
-3.059765794644831781e-08,-2.251404660383463323e-07
-1.041879142953540214e-08,-3.002772771988555511e-07
-3.852841956073005277e-09,-2.267632468936562043e-07
-1.452828151638640975e-08,-2.001789378402600107e-07
1.052575311033922343e-08,-2.014788044898069703e-07
2.931821694774037456e-08,-2.295028224879481026e-07
-3.642762524833293080e-08,-2.009335283429119974e-07
-1.957159484559275081e-08,-1.801909764294356401e-07
-3.185739822617678878e-08,-1.796736295702197501e-07
3.991442678434241035e-08,-2.040647915258167760e-07
1.993612262427673191e-08,-1.821085320104510128e-07
-1.945295650214770490e-08,-1.657757107621038076e-07
-2.659706662474765368e-08,-1.659613943718159511e-07
-3.709611468997341155e-08,-1.773290023962381679e-07
-2.857476431516236166e-08,-1.645360050578970876e-07
6.680045557232848802e-08,-2.335790170960136318e-07
5.610217916262212274e-08,-2.654129889657820747e-07
1.008452771176222902e-07,-2.708064680484698458e-07
9.632359892741786325e-08,-3.095470925981662519e-07
-7.793336879670953397e-09,-1.657181661249149617e-07
4.425081523480417118e-08,-1.852352546484066582e-07
-3.727814385332688573e-08,-1.745170368278599580e-07
-2.686655418831150629e-08,-1.605535455066606323e-07
2.553871815370736055e-08,-1.681948352121248849e-07
2.806480982103442453e-08,-3.249785889887033656e-08
2.775749665178975944e-08,-4.342145601200489401e-08
3.223073027110336937e-08,-3.212264939401171522e-08
3.127230098133108650e-08,-3.838779927630128529e-08
2.646177090244054717e-08,-5.055646823048799792e-08
2.920515242315491755e-08,-4.285661430386573828e-08
2.418354337639416128e-08,-5.488494997480615185e-08
2.598749019894787965e-08,-4.599815348096771262e-08
3.506420543924142657e-08,-2.829153079165139394e-08
2.099200640128822365e-08,-5.741620446882598810e-08
1.862767001137825360e-08,-6.778724599543121259e-08
3.041994241594062927e-08,-3.473692139995454483e-08
2.185333162105845042e-08,-4.665216119586417458e-08
1.553903170596118253e-08,-6.950701759435647816e-08
1.294461171071127896e-08,-8.074052599609034336e-08
3.579866264963937007e-08,-2.330042503133753568e-08
3.802154228972488745e-08,-2.012369751473323476e-08
3.845325479156728618e-08,-1.630894661536362605e-08
4.019682399020942677e-08,-1.382489740655019356e-08
4.036740829846945402e-08,-1.125947748047439679e-08
3.667729758922670081e-08,-2.362063015741139993e-08
1.475615520602468207e-08,-7.882894904246592826e-08
9.287945011637455997e-09,-9.131744223568819969e-08
1.026912046666408319e-08,-8.127821486678435633e-08
4.168580667235292710e-08,-9.237563999270191501e-09
4.168880806750469633e-08,-7.657867945199128008e-09
4.010377529348535958e-08,-8.825500189811844942e-09
4.135387807812210192e-08,-6.263553042090557388e-09
3.977553643861268122e-08,-6.875797482676074989e-09
4.095873197596609223e-08,-5.193935141782298166e-09
4.219337545299632687e-08,-4.422020821339442327e-09
4.179498490638654390e-08,-3.938457346272946307e-09
4.066121825062927288e-08,-4.524689658366902436e-09
4.147376994706397863e-08,-3.666065381768658181e-09
4.271448378966997650e-08,-3.057467304815578923e-09
4.051635558704081065e-08,-4.173516378663773143e-09
4.128590804931268360e-08,-3.576160809045795748e-09
4.202189546784855711e-08,-2.978960356324655148e-09
4.182331734976846662e-08,-3.073444182728552130e-09
4.122576981132869255e-08,-3.629536013396322190e-09
4.172738543584294772e-08,-3.246682608372860095e-09
4.126323540942899465e-08,-3.769281948161475528e-09
4.172156541282233024e-08,-3.464229646875175135e-09
4.209661479679227894e-08,-2.870772127175291718e-09
4.207694568508481297e-08,-3.141719160554654549e-09
4.178006765538955827e-08,-3.701030307170276671e-09
4.211391145402252126e-08,-3.420841140588864562e-09
4.187885321846207588e-08,-3.943498141332227591e-09
4.219150588346394276e-08,-3.683003828593982073e-09
4.239731275270288412e-08,-3.099228211316601819e-09
4.246828658221563888e-08,-3.380869924767906465e-09
4.228820433469070931e-08,-3.921825606607604072e-09
4.255610174394678414e-08,-3.637867378086752630e-09
4.238794849725811522e-08,-4.134568972228952193e-09
4.264998523950494499e-08,-3.853294972695756853e-09
4.281701129780355504e-08,-3.299635876422959434e-09
4.291296379255026605e-08,-3.518755139284757415e-09
4.273896224371941461e-08,-4.018319704896427955e-09
4.307499531853484815e-08,-2.905503380056808395e-09
4.318068817446038620e-08,-3.129419519858031474e-09
4.212833854101294701e-08,-4.352045304250392543e-09
4.264307158427351290e-08,-2.731847751115652342e-09
4.237613064464569748e-08,-2.390055588126142177e-09
4.296836089854281440e-08,-2.639360665783346077e-09
4.235559005007521859e-08,-2.510323534354798090e-09
4.320622945305198983e-08,-2.174314188516462700e-09
3.946568088679594420e-08,-4.903754272989753690e-09
4.259558901449779383e-08,-2.338482677256028413e-09
4.152714538668994454e-08,-4.153019504695163640e-09
4.067758043764798798e-08,-4.080934182357062217e-09
4.224548347324434582e-08,-4.505208180962051745e-09
4.201570244781164317e-08,-4.673298711681326305e-09
4.116735008363652923e-08,-1.036415186990175440e-08
4.243003357312383075e-08,-2.188773869753502405e-09
4.280021602587045959e-08,-1.950474835911382137e-09
1.282882456640848047e-08,-6.779931762869269099e-08
4.092111145491716811e-08,-4.166867165435329223e-09
4.187127718644046551e-08,-4.521896529729717409e-09
3.816925729015740452e-08,-9.096986474175473550e-09
4.281387179483398337e-08,-5.557579180982522051e-09
1.344522162808317814e-09,-1.023210455780788219e-07
-2.428248646062131988e-09,-1.157040529696570385e-07
-1.027414740751763633e-08,-1.319376530043111448e-07
-5.079662960165279543e-09,-1.242815770238160799e-07
-1.073641811713268256e-08,-1.364037942146230368e-07
-1.725273865753593561e-08,-1.453367700432618761e-07
-1.521392881587684206e-08,-1.458718457688953137e-07
-8.580796905980312990e-09,-1.381590430481221755e-07
-4.478619464905492778e-08,-1.906963572659747250e-07
1.582183323382176165e-08,-6.389625408869102008e-08
9.675815876174097803e-10,-1.107874644652647030e-07
-9.128376634239252816e-10,-1.168816249946613799e-07
-7.849036481433757504e-08,-4.415115962991889314e-07
-2.718863452246384358e-08,-4.633051779755180635e-07
-2.422435012711135725e-08,-5.481085083912535611e-07
3.184216927945089224e-08,-4.917940669090420762e-07
4.581114374619193614e-08,-5.738027799285722947e-07
9.581477986240894482e-08,-5.213501389569039905e-07
1.152327399723603026e-07,-6.087993878441922090e-07
4.831908127811576415e-08,-6.689273976657683490e-07
1.404557071372328037e-07,-7.034183778421117623e-07
7.955360096731161624e-08,-7.689032814381036515e-07
1.628264248268928409e-07,-8.022021963160703925e-07
9.892454801510479006e-08,-8.693536807971139019e-07
1.591814282857365710e-08,-8.398143466259601436e-07
3.138568871998666780e-08,-9.405130174238579682e-07
1.186542367039525859e-07,-9.719531295368038344e-07
4.968758769785087614e-08,-1.043078159895499841e-06
1.393859711024888713e-07,-1.075267831111907015e-06
6.999935312866513885e-08,-1.146307291947016100e-06
1.609734850506036349e-07,-1.178805592950615127e-06
9.205587541837149998e-08,-1.249655785458078479e-06
1.830780551217887341e-07,-1.282037912328279537e-06
1.142138070504074676e-07,-1.352178997425269504e-06
2.056300654009397037e-07,-1.383936480538927657e-06
1.356581148476664744e-07,-1.453445542871320303e-06
4.511168159891277859e-08,-1.422977540251485800e-06
6.654408010281043966e-08,-1.522507090358158483e-06
1.564252066697400366e-07,-1.552636308046745591e-06
8.802720243861835927e-08,-1.620440724195288848e-06
1.769313659235465833e-07,-1.650222773388656849e-06
1.084189439973132991e-07,-1.716260920044205266e-06
2.057737123208493184e-08,-1.687858917896888794e-06
4.108174428637469394e-08,-1.782535591597891672e-06
1.281186759730784871e-07,-1.810187823567726403e-06
6.217133472261521767e-08,-1.874538353176517123e-06
1.472335296257714694e-07,-1.902179201584834551e-06
8.204258520197014137e-08,-1.964573745414101015e-06
1.663082956042061449e-07,-1.991856765472791042e-06
-2.678973683290883637e-09,-1.937942614307795157e-06
2.099289297872451073e-07,-1.840583912530396664e-06
1.721369221442870231e-08,-2.025898286469550046e-06
-3.433334704184183187e-11,-1.219404105752323747e-06
7.928888993964215352e-08,-4.432569773425405532e-07
-4.597266160898670404e-08,-1.754892670451596897e-06
-2.279038149355377663e-08,-1.493663984822066858e-06
-6.707191719730016196e-08,-1.660362573193023022e-06
2.283551855622428863e-07,-1.110002742070661772e-06
-6.818175267603001340e-08,-2.000110162944711873e-06
2.466044130025806630e-07,-1.583416208783911293e-06
2.759790148391030615e-07,-1.691616344790006059e-06
-8.681507575901818475e-08,-1.912743487335767047e-06
-4.661373972271514835e-08,-2.084468185559285066e-06
3.821091521513237258e-08,-2.112340178334646979e-06
-4.419041869259615129e-08,-1.395640888603753770e-06
-6.475991652268586544e-08,-9.093590652120938549e-07
-1.426453044624093236e-07,-1.724693346456293242e-06
1.482907500604835330e-07,-4.767104147687086623e-07
1.199590554961546939e-07,-4.042647236048673145e-07
5.986518183911114623e-08,-3.747981275174479041e-07
-2.996919437204719572e-08,-3.955110834339917139e-07
1.834527854219678949e-07,-6.281065553257306768e-07
-1.154268524476872315e-07,-1.465801406523665654e-06
-1.279696585173569019e-07,-2.064524897864240305e-06
-1.097144018979660684e-07,-2.141320389327471297e-06
-1.922240497423306822e-07,-2.120759803116416704e-06
3.082435678492295236e-08,-2.108409336244082409e-08
4.029853577984525137e-08,-4.443800875102426227e-09
-6.546666737606110492e-08,-2.467348909649693052e-07
-5.298711874299627886e-08,-2.133720585501040240e-07
1.821123563747896369e-07,-4.217404288964202428e-07
3.406260980297594773e-07,-1.606784176021496849e-06
2.726269235400786183e-07,-1.316164077908307543e-06
2.993267778520034186e-07,-1.417721092919668202e-06
4.309109193632864725e-08,-1.730020834426554440e-09
4.328952670592395539e-08,-1.453961015665715458e-09
5.764416117312983518e-09,-9.734268635053182616e-08
-1.963055298075112533e-08,-1.556132539937880193e-07
4.263355053268618132e-08,-2.231293261002969831e-09
4.484677592880090447e-08,-1.730668701522846146e-07
-1.059663275470389995e-08,-1.452052527008003552e-07
-8.966031831142393076e-08,-6.233558916601873409e-07
-4.185086109975832668e-08,-6.841471865256021597e-07
-1.657912075051101601e-08,-1.432144853344541226e-07
1.439906608179786513e-07,-3.153073610893365037e-07
1.481019288160388886e-07,-2.803413764977292086e-07
4.267895936395270786e-09,-1.035555383269716675e-07
-6.228876835477728986e-08,-7.969237195019581925e-07
4.456688450353544526e-08,-3.120326016853017278e-07
-1.513930085045663436e-07,-1.615832711421454396e-06
3.952154996311731710e-08,-4.591787752857751054e-09
2.194526114005585504e-08,-5.800598572335210327e-08
3.832635208646646155e-08,-5.263578518935622202e-09
4.344021055223538347e-08,-1.668982779568105156e-09
6.980709842990776980e-08,-1.914094626307524796e-07
3.813540066046284198e-08,-1.664402958808212883e-07
4.317739859902384228e-08,-3.044691209862501046e-09
4.332502890328169361e-08,-1.721335192329092503e-09
-3.011202855070103912e-08,-1.642414597834942982e-07
-1.066106341670276412e-07,-1.820553200477316666e-06
4.278344746023146106e-08,-1.536882517796776137e-09
4.300220978899663924e-08,-1.964112195839624831e-09
4.257911381968061219e-08,-1.861150247285071641e-09
-3.678417989441196133e-08,-1.014262074272029538e-06
-1.896584032608247340e-08,-1.117480303757789886e-06
-1.029756722296299667e-07,-1.202666327616083987e-06
-6.539334312589646121e-08,-1.302616140524321998e-06
4.300082204441674534e-08,-3.685811121451905605e-09
4.281229114432223473e-08,-4.128392243257164386e-09
4.257170669481057634e-08,-4.404381347907353054e-09
4.307293075506846472e-08,-3.785424626525929616e-09
4.263421776691703357e-08,-4.456939416263399371e-09
4.239753927215618796e-08,-4.717571895057218295e-09
4.234428659960824120e-08,-4.614360140132379483e-09
3.261036731889143650e-07,-7.871622817936805967e-07
3.831933389202305872e-07,-1.099285203203990741e-06
4.325694138001504708e-07,-1.822074713918091977e-06
3.511496496935330162e-07,-1.769499630467830581e-06
3.514160734870907450e-07,-1.868101331533428332e-06
-1.569424532853658819e-08,-1.563424138740427639e-07
3.616374643419041030e-09,-1.494026409180452735e-07
5.249039726027438781e-09,-5.725715757218792305e-08
1.120017777639271511e-08,-4.807406697242246912e-08
1.161472132570500210e-08,-3.233508052820304613e-08
1.751857942492094462e-08,-3.783160971783232710e-08
5.877700058208163775e-09,-2.535796446353211622e-08
3.393055794441985458e-08,-8.757505459458803772e-09
3.119386052305798860e-08,-1.875145617951184808e-08
3.537958695614719903e-08,-1.696871024275804604e-08
2.644203876146943267e-08,-2.142237145029825318e-08
2.854003992362184699e-08,-2.907453595773200536e-08
1.523877678392973027e-08,-5.374033671645890557e-08
1.848068909348571016e-07,-9.045831412124069876e-07
2.515424028548688681e-07,-8.428216622420944236e-07
2.332409488743221656e-07,-7.237457692811384510e-07
3.481552013891912816e-07,-8.913244877798716397e-07
3.223874047516058928e-09,-8.848340786606408978e-08
1.451542770693789000e-08,-2.624024405266321246e-07
-4.085484101665606620e-11,-1.158345142836455411e-07
-9.627287166310771326e-09,-1.509949727224960099e-07
4.178670788581696278e-08,-4.789828839381606799e-09
-1.877733564112505541e-07,-1.147663928871234640e-06
1.021525403622503296e-07,-2.053191283874491134e-06
1.851054880864025608e-07,-2.079722865944859754e-06
2.497116565679850921e-07,-2.019625790052388420e-06
2.666460234960514468e-07,-2.104246757343612257e-06
3.271326148162194747e-07,-2.040122238774054440e-06
3.558637733170700945e-07,-2.122606521005123761e-06
2.016887179686581495e-07,-2.163528759186108752e-06
3.035033349535341140e-07,-1.950196924821730636e-06
1.213378759846741278e-07,-2.142270607762338980e-06
5.490614960922173057e-08,-2.194849984594793085e-06
4.327439523450913589e-08,-3.294640177654767688e-09
4.345133869141603267e-08,-2.692952054531032480e-09
4.357107746001576679e-08,-2.846188469703980265e-09
4.373058222628717663e-08,-2.141482826187193606e-09
4.333666014205338462e-08,-3.411411333829175227e-09
4.308861643874418008e-08,-3.871091599160456151e-09
4.285613602256023327e-08,-4.183836112582762419e-09
4.266868517040653695e-08,-4.447229643825672081e-09
4.359783613692264931e-08,-1.897464563907404579e-09
4.385026427066734378e-08,-1.345654401660243676e-09
3.992495763018803476e-07,-1.204830636353316977e-06
4.405165333153426899e-07,-1.917245750841393595e-06
4.236477304560419394e-08,-4.742708664597304698e-09
2.740652091671863075e-07,-9.457975802572044346e-07
3.979461599497088813e-07,-1.423792679550365213e-06
4.276542624757760208e-08,-8.890082086580003743e-10
4.268486674100411415e-08,-1.637354670303756082e-09
4.291481044138576833e-08,-1.035351362059721091e-09
2.947459927674015619e-07,-5.942660859279150378e-07
2.136780025860079886e-07,-5.493114691503365642e-07
4.340461425398653494e-08,-2.489113187882250379e-09
4.282645944492756058e-08,-9.584887953902594438e-10
5.513870207004644596e-09,-9.451638238574808857e-08
4.185176639446100817e-08,-5.258730958541566669e-09
3.746165209548420083e-08,-7.450013613114682168e-09
3.853963080824901013e-08,-1.280817740865150345e-08
-6.353908892380555751e-09,-1.499434029444972802e-07
4.171515393161516171e-08,-4.334582683377304081e-09
4.137875997937092855e-08,-4.512151179899318739e-09
-2.314209094322745087e-07,-1.749415961913396408e-06
-2.022733199809115800e-07,-1.456496614825203583e-06
-2.010278199327289352e-07,-1.250357903558695730e-06
-1.610223865340480742e-07,-9.410762927701668806e-07
4.431055139889016794e-07,-2.099399018186485954e-06
3.956249621796771602e-08,-5.594924037181540629e-09
4.223179103450021455e-08,-4.889386701335143945e-09
-2.373941207096518265e-07,-1.930853331250705045e-06
-1.597766740770333293e-07,-1.982125041451179444e-06
2.422394880479436128e-08,-1.143409520112295451e-08
2.122145518274567889e-08,-2.349393330584809287e-08
4.053542087372560923e-08,-4.055446249731212349e-09
4.138094003887714386e-08,-3.949724372534295397e-09
3.845977183051095890e-08,-1.224270545264780887e-08
4.379493127013280005e-08,-2.565539259969974818e-09
2.267520154947623927e-07,-1.484317915826515692e-06
1.964069160993523121e-07,-1.745290496433918759e-06
2.473286262868557252e-07,-1.214318364619246390e-06
-2.307987228142368357e-08,-1.847193129866648782e-06
6.959135032966199705e-08,-2.079101056059029139e-07
4.248918241104236097e-08,-4.291402614186833537e-09
5.489576130060264975e-10,-1.551746223818371224e-07
4.261024424263502370e-08,-1.725557040794564708e-09
2.380929156596110946e-08,-1.321714152401312638e-06
-4.197749626882927968e-10,-1.591421735908047787e-06
4.281461371252763137e-08,-4.181093757327806558e-09
-9.994548888899393640e-08,-2.228289848032171087e-06
4.333214335768475840e-08,-2.448284679430310693e-09
4.198593117009113508e-08,-4.873685738328676192e-09
3.932123252767255466e-08,-1.581894120429928647e-08
3.556854692555405284e-08,-9.258683759558472001e-09
1.416888956656254282e-08,-7.724054478502168850e-08
4.272287145132944901e-08,-3.035737433785561500e-09
3.334010121609782668e-08,-3.244029188068545517e-08
4.235544899904904532e-08,-2.796326717950611093e-09
4.218718372290371117e-08,-2.620425408738164764e-09
4.232188207700544821e-08,-2.990590146168993390e-09
4.254915261855743147e-08,-5.084735301474222496e-09
3.185072970651657386e-07,-1.514139234894724984e-06
1.197522104169119724e-08,-1.511943080856777426e-08
2.258403093348284433e-07,-1.929967958253037720e-06
4.200714005732974272e-08,-4.155385653727139684e-09
2.058128249682426091e-07,-1.007279990470857060e-06
-4.696355963633913761e-08,-1.932395473821203586e-07
3.567277325052496444e-08,-1.742315955444880926e-08
-8.436049924314949549e-08,-1.559494816332365032e-06
-1.890115530439078373e-08,-1.566170401876198542e-07
2.145667204715508137e-08,-4.167218844722774542e-07
4.398526421329910678e-08,-1.643491576695384383e-09
-1.782401828460213434e-08,-1.518786594691399579e-07
4.286604512088416077e-08,-2.334499038956869431e-09
-9.054246409872151139e-09,-1.554376152004106142e-07
-1.708755346148543016e-09,-1.807131248287241826e-07
2.386493039377920468e-08,-3.314871780133595686e-08
4.279122610987513570e-07,-1.629416658915044282e-06
-5.168659214032298911e-09,-1.280169754486175169e-07
4.247858795102309958e-08,-4.670378245687893835e-09
1.070621210542265446e-07,-2.375184389203376902e-07
3.447601133954228634e-08,-2.551726889909560454e-08
4.114093665925423010e-08,-4.314834659832381108e-09
6.030964600931710438e-09,-3.534431180881179510e-07
2.053279847702810872e-08,-6.504283996080348165e-08
2.277760069459398557e-07,-2.242879178716144559e-06
4.331806488465826829e-08,-3.533111029115691659e-09
1.757190764339734513e-09,-1.089868736548156126e-07
4.239352339246552208e-08,-4.603261822499247148e-09
-2.410162496194311401e-07,-2.184733981515142930e-06
3.897024320152053894e-07,-2.250024576548440972e-06
4.423279071873720347e-08,-1.229534522503845797e-09
1.437985899633531967e-07,-3.612755172984859470e-07
4.252621138112618455e-08,-4.574907351858913744e-09
4.053337212997828690e-08,-4.599160868178918885e-09
8.158408759820911689e-09,-1.658775353731995191e-07
-1.673883218999302503e-07,-1.880165485196719869e-06
-1.439406315259380464e-07,-8.433792971585160914e-07
3.815099813212728771e-08,-5.749058221085873831e-09
-4.313748317397847247e-09,-1.379024356814205651e-07
2.945901742782442239e-07,-1.050211716161117376e-06
-1.056252103903532828e-07,-1.087589368643697550e-06
8.181539425259388207e-09,-7.500740938105919655e-07
8.579284619029208917e-09,-9.064474343521893145e-08
-2.431931139724723648e-08,-2.161015180991575040e-06
3.129316391457181484e-07,-1.154292758959905481e-06
2.435683751367460426e-07,-4.395718981158743860e-07
4.000073598386693126e-08,-4.397847820310088376e-09
-2.281099722342011425e-08,-1.542259999550563995e-07
1.697638839504031505e-08,-1.572640926147332490e-07
1.248052210732041698e-08,-1.563047103166243328e-07
-2.265564108567206870e-07,-1.659374564030857623e-06
1.892909692512682118e-07,-3.191339649824225935e-07
2.771251259034573507e-07,-1.798354425482145941e-06
-1.254977647338674338e-07,-1.378117530199537082e-06
4.286516288124851134e-08,-4.189825707729971878e-09
4.347014814188900926e-08,-7.942802618307037152e-10
4.215511378464324220e-08,-4.759016514401669510e-09
9.733008845876065457e-08,-2.031913002588047090e-07
3.816502823198800438e-08,-6.973117151407014296e-09
4.038125229507993181e-08,-1.002492307922548704e-08
4.228770452698077339e-08,-6.798015947762840417e-09
7.499538798820855242e-09,-7.903576803015378988e-08
3.222274509460983956e-08,-2.511282040683699875e-08
4.322118256809166901e-08,-3.581087263473943384e-09
-4.253185213913134799e-08,-1.921708452682304537e-07
-4.210246545724722619e-08,-3.406952836220953165e-07
4.124863903376041225e-08,-4.710073545557532165e-09
4.330319849305591086e-08,-9.717138355978002958e-10
4.322360650248831058e-08,-8.199335391189625180e-10
2.488879076450342821e-08,-1.600925622327209281e-07
4.295401543144394449e-08,-1.644244108348428863e-09
-4.761042905811922715e-08,-2.257784558790426479e-07
3.293716752457741587e-07,-1.256595175039974380e-06
-2.346432913370932543e-08,-1.538474641485184428e-07
4.265877052046545387e-08,-1.506581839352390279e-09
2.824393564297183163e-07,-2.178568201171572815e-06
4.297409239690798022e-08,-7.251184247162488107e-10
9.559502614703642786e-09,-6.231732515156557664e-08
4.276853448330997301e-08,-1.595956183696239693e-09
3.632427972541359275e-07,-1.687506440256551885e-06
-1.637015097687218815e-09,-1.208337527867760646e-07
2.735058789998905196e-07,-1.877467209645720297e-06
2.381928409573891736e-08,-1.645713199608497876e-07
1.512438143175074824e-07,-5.549913566360673917e-07
-2.552640043896153463e-07,-2.103672652465131813e-06
3.715673835270452816e-08,-1.912666728702986554e-08
9.942119204710167149e-09,-8.944848194133453391e-08
4.225129663821351839e-08,-4.799171506123176097e-09
-4.660960707549848902e-09,-1.437289260234014547e-07
6.388358718118555919e-09,-1.191458567670204919e-08
3.717761458359998301e-08,-5.944713069959404938e-09
-1.094561254458965145e-07,-9.923071546790662302e-07
-8.700544864993736469e-09,-6.160315799777402971e-07
4.582709009371195822e-07,-2.256262864780603404e-06
3.973110446966211419e-08,-4.659987790523162406e-09
3.802168409924983336e-07,-1.970249163204436840e-06
1.629665717950410243e-08,-2.434014379437855112e-08
4.434053949580573463e-08,-6.129852072590230269e-10
-3.567728969966729851e-08,-1.755869525217380507e-07
9.532939647312809333e-08,-3.527924828132148143e-07
-2.510942105892097558e-07,-2.252043908994314007e-06
4.239954532554023188e-08,-4.458497182517938726e-09
3.426396118972267116e-07,-1.354924551141623860e-06
4.391157006173202422e-08,-6.065834999911776713e-10
1.499582021991253393e-07,-2.575174330841511861e-07
3.281365399949402431e-08,-2.563227754357693175e-08
-1.407815250214183865e-07,-1.296266347551501230e-06
-1.771980397372687323e-07,-1.794030336866802517e-06
4.251092555926797764e-08,-2.250698144845718823e-09
1.755514302366988237e-08,-5.910692655996912455e-08
-1.654562297977789140e-07,-2.180474845564820881e-06
2.084423156714938252e-07,-4.817359442646637313e-07
2.500161457794723852e-07,-6.350618973508718802e-07
4.166084869676596339e-08,-4.591919612787027620e-09
3.857874828398081535e-08,-5.054370738858148487e-09
-1.510870394715789403e-07,-1.531454987833760950e-06
4.383696356287925658e-08,-2.257979265678397731e-09
3.637494905383663998e-08,-1.200603417156717961e-08
5.900250711884194422e-09,-9.951889279788896712e-08
2.623255109619866326e-08,-3.873243292510415705e-08
9.274004197772828983e-08,-2.109984801690787764e-07
4.352798626787282614e-08,-1.297900890493802289e-09
4.268834031064567463e-08,-4.383679722931202075e-09
4.561296575980104574e-08,-1.723883123949618697e-07
3.929322706664081882e-07,-2.051840134545544796e-06
4.082010389119320913e-08,-4.413710278419753805e-09
-6.956429791600201483e-08,-3.855512101457106872e-07
3.542112255569940861e-07,-2.196040101025982641e-06
-1.918887963675617217e-07,-2.059143574104720161e-06
6.250040550636148118e-08,-2.262418372517578929e-06
