Size 674,2
7.202839828733384106e-05,5.364883850443375953e-07
6.953590915131432220e-05,0.000000000000000000e+00
7.228045617400084182e-05,-5.234253886183228284e-06
7.065352487164975356e-05,-5.234236651592504495e-06
7.073009549892951976e-05,-2.002623881065847724e-06
6.958066742676077159e-05,-2.022584731548755198e-08
6.959120396208130603e-05,-3.602207125639696018e-09
6.959431027641735010e-05,0.000000000000000000e+00
7.178932215409910569e-05,5.367550859951640891e-07
7.154673058550039069e-05,5.350589856465666643e-07
7.130184203534851160e-05,5.283227965062123928e-07
7.105838513666142345e-05,5.144703513441926088e-07
7.082073760238746937e-05,4.925943330082959868e-07
7.059337913368850768e-05,4.620272659167499465e-07
7.038143369548279524e-05,4.232676470064945643e-07
7.018947118624620425e-05,3.772215517198714382e-07
7.002333146134284648e-05,3.267610921573860667e-07
6.988375686312232752e-05,2.696184868398877632e-07
6.977338151723406221e-05,2.154255651052912740e-07
6.969068787015992607e-05,1.661228424096593262e-07
6.963178230808744881e-05,1.219077259653074305e-07
6.959222861591183966e-05,8.572770441206929653e-08
6.956761056114857552e-05,5.748694461660233817e-08
6.955260438965242141e-05,3.670477186385454504e-08
6.954386516280125811e-05,2.219636149965089020e-08
6.953893570519736325e-05,1.231101015782242797e-08
6.953674956175537639e-05,5.292482326564086688e-09
7.228046962208079884e-05,-5.070864898239904671e-06
7.228046729053105065e-05,-4.903273697266484939e-06
7.228039918737531324e-05,-4.731250956770295459e-06
7.228013947860270508e-05,-4.554688735031513961e-06
7.227957704312246298e-05,-4.373509022396800675e-06
7.227861091910594074e-05,-4.187704974359099818e-06
7.227711993536437365e-05,-3.997187143625354347e-06
7.227494533084434503e-05,-3.801963627913151559e-06
7.227194488906706776e-05,-3.602093809714017947e-06
7.226800532056274981e-05,-3.397845324501418922e-06
7.226276195861360235e-05,-3.189162963763156680e-06
7.225606854614541113e-05,-2.976481076782090263e-06
7.224773156177921433e-05,-2.760140555932607726e-06
7.223751900986081142e-05,-2.540614275016158086e-06
7.222520079779907684e-05,-2.318512168280603807e-06
7.221070709869651836e-05,-2.094795889642859527e-06
7.219361636791186065e-05,-1.870280755887468687e-06
7.217399978365473807e-05,-1.645883184219615501e-06
7.215260074237856835e-05,-1.423102165607804899e-06
7.212978961326903000e-05,-1.202530335836529904e-06
7.210726390345463727e-05,-9.848651995342507374e-07
7.208509696828714456e-05,-7.701158532758250113e-07
7.206488076382551314e-05,-5.583143032386571641e-07
7.204841383401601777e-05,-3.471791109509039790e-07
7.203681702159782331e-05,-1.354440131938052668e-07
7.203046648718438401e-05,8.083078026715067141e-08
7.202848638190958335e-05,3.038248074645620993e-07
7.081646774529915228e-05,-5.234164302139152373e-06
7.097929584740976126e-05,-5.234005872708436661e-06
7.114200240918913123e-05,-5.233824657995505703e-06
7.130455728254706113e-05,-5.233670213211838511e-06
7.146700417601260238e-05,-5.233615144872510053e-06
7.162947774548756750e-05,-5.233667125225766930e-06
7.179200935275251996e-05,-5.233808998534516334e-06
7.195468128320074838e-05,-5.234000941553937646e-06
7.211750961921278369e-05,-5.234175446172594695e-06
7.065351515474262438e-05,-5.076894728766857023e-06
7.065350927420354027e-05,-4.915655409916000628e-06
7.065355188745338312e-05,-4.750313366385269189e-06
7.065376794850016320e-05,-4.580772431974633260e-06
7.065424195456054498e-05,-4.406971314114204847e-06
7.065506449781382159e-05,-4.228833675156339769e-06
7.065635347481848919e-05,-4.046323939282398488e-06
7.065822782039510384e-05,-3.859507327785999207e-06
7.066083763082790336e-05,-3.668343936890008244e-06
7.066424292614194346e-05,-3.473048816194123097e-06
7.066868587499913811e-05,-3.273570897933119105e-06
7.067432753711680807e-05,-3.070113890175910780e-06
7.068131349889390097e-05,-2.863071772981890594e-06
7.068995046558552270e-05,-2.652565785234950103e-06
7.070045659414705085e-05,-2.438688369530777203e-06
7.071339662531615289e-05,-2.222056722923015827e-06
7.073404307517202770e-05,-1.772045043226640348e-06
7.070942841880203825e-05,-1.545418943086666990e-06
7.065393400535579366e-05,-1.327609515947197242e-06
7.057087848351375396e-05,-1.124655338962092622e-06
7.046271774176129238e-05,-9.366886483245883965e-07
7.033410680786606698e-05,-7.699556919840237248e-07
7.019733205046843930e-05,-6.223433955113656816e-07
7.005579178544311123e-05,-4.984164562697043373e-07
6.993059038684585954e-05,-3.952634138026793902e-07
6.982190478750482769e-05,-3.117663535599317624e-07
6.973771697304638971e-05,-2.441402727028741816e-07
6.967579715143925852e-05,-1.894620212344219296e-07
6.963388304013484460e-05,-1.454351981507275892e-07
6.960729710135470745e-05,-1.095607489895509488e-07
6.959190908064366728e-05,-8.092670445370379374e-08
6.958408387227674858e-05,-5.851237392557050840e-08
6.958051788975384898e-05,-4.103653763852506714e-08
6.957997175650672988e-05,-2.854369686863549330e-08
6.958188623055421680e-05,-1.480752841602081048e-08
6.958347710064227882e-05,-1.125393780768488450e-08
6.958492082729922075e-05,-8.941355360062321685e-09
6.958619921161364344e-05,-7.353915718962765283e-09
6.958731847209782427e-05,-6.299791451119975112e-09
6.958828967778174675e-05,-5.630439457552019280e-09
6.958905761996728341e-05,-5.205290297486921090e-09
6.958968517328377890e-05,-4.962849374993288140e-09
6.959016787723675945e-05,-4.817837284370649748e-09
6.959053596338961214e-05,-4.718935403148401637e-09
6.959080636146756395e-05,-4.646455013534306185e-09
6.959099161707594367e-05,-4.571928968627801365e-09
6.959110812750946039e-05,-4.471302038806418542e-09
6.959117086440985190e-05,-4.326546874433894496e-09
6.959119648299695116e-05,-4.130316899888149988e-09
6.959120116903305621e-05,-3.880130941718028045e-09
6.959422007011684520e-05,-6.187578268183169745e-10
6.959401412696507164e-05,-1.174133860563664431e-09
6.959372514098265659e-05,-1.673547665855483337e-09
6.959338910569675568e-05,-2.126603286868632158e-09
6.959300870361135455e-05,-2.522419911867798095e-09
6.959261361803094651e-05,-2.869614732099555370e-09
6.959222147568662031e-05,-3.162029934103679401e-09
6.959185103403182503e-05,-3.392059417939101290e-09
6.959150975460611204e-05,-3.543046451917345710e-09
6.953508587926328615e-05,0.000000000000000000e+00
6.953608272817907708e-05,0.000000000000000000e+00
6.953954947266285794e-05,0.000000000000000000e+00
6.954521946121225006e-05,0.000000000000000000e+00
6.955257802280490043e-05,0.000000000000000000e+00
6.956065075703802376e-05,0.000000000000000000e+00
6.956857769253096003e-05,0.000000000000000000e+00
6.957569225868406209e-05,0.000000000000000000e+00
6.958149965020910249e-05,0.000000000000000000e+00
6.958588203061173488e-05,0.000000000000000000e+00
6.958900184138780138e-05,0.000000000000000000e+00
6.959100983636493619e-05,0.000000000000000000e+00
6.959228076513407672e-05,0.000000000000000000e+00
6.959292041869494911e-05,0.000000000000000000e+00
6.959320022997015980e-05,0.000000000000000000e+00
6.959327717065129457e-05,0.000000000000000000e+00
6.959325618189982695e-05,0.000000000000000000e+00
6.959319826664493258e-05,0.000000000000000000e+00
6.959315149898888701e-05,0.000000000000000000e+00
6.959313858635999444e-05,0.000000000000000000e+00
6.959316557541715600e-05,0.000000000000000000e+00
6.959324002519935129e-05,0.000000000000000000e+00
6.959335652733502156e-05,0.000000000000000000e+00
6.959350705728816150e-05,0.000000000000000000e+00
6.959368497316467802e-05,0.000000000000000000e+00
6.959388788436682803e-05,0.000000000000000000e+00
6.959409840997823036e-05,0.000000000000000000e+00
7.079449963822303409e-05,-4.318950386109968470e-06
6.959102104901714861e-05,-4.533824388103822322e-09
6.959309493259816892e-05,-2.602922302216391834e-09
7.153428983355651118e-05,-5.086181988662875271e-06
7.080772432445286220e-05,-3.782938731041072860e-06
6.959007334720423543e-05,-4.753532455198932491e-09
6.959523002316344014e-05,-9.772391783558765158e-08
7.064695038430983886e-05,-9.222572186167857491e-07
7.211947974234246897e-05,-4.098043177258059398e-06
6.959314965298624752e-05,-8.397221959324586067e-10
6.959315633064207165e-05,-1.025071695116099411e-09
7.209852607602102955e-05,-3.284530875935619824e-06
7.085517522780366033e-05,-2.755922892796121800e-06
6.958703180277679831e-05,-7.738874776458481596e-09
7.189670218944721729e-05,-4.394086138931059676e-07
6.954908930438517020e-05,-9.439826409291059475e-09
7.191328072799116052e-05,-1.101723438204348683e-06
6.957241935260306180e-05,-1.030404085170311833e-08
6.958478428034150641e-05,-1.649233750516217589e-08
7.089868514327555356e-05,-2.119192976138843426e-06
7.093361834119757381e-05,3.085574264714193482e-07
6.955468535787096517e-05,2.890983350399068356e-08
7.204984295656567531e-05,-2.649752056677758244e-06
6.959305011218760236e-05,-1.945444492967636798e-09
7.090282188747731255e-05,-1.619734483513699829e-06
6.958549722394113024e-05,-3.603139563190579937e-08
6.963443543765987845e-05,-1.523719044084196784e-07
7.033600366795478688e-05,-5.599339081715375128e-07
6.959012180001106565e-05,-4.319023455734619543e-09
7.201219000883414783e-05,-1.981197101551180166e-06
6.959356681479679529e-05,-8.350088271898552393e-10
7.213352650145976196e-05,-4.642909840841149626e-06
6.998593301325610678e-05,-3.179044470791866677e-07
6.974966557168421838e-05,-2.133955976787157558e-07
7.198443539626642477e-05,-1.536891910354068176e-06
6.958451832888600040e-05,-7.522949008005610359e-09
6.959307653053120287e-05,-8.888926548661267703e-10
7.210187390582225263e-05,-3.708770920127151013e-06
7.082563047615979192e-05,-3.364880251153020528e-06
6.958922947226118053e-05,-5.136257987445159356e-09
6.960271062187673385e-05,6.336632009511973123e-08
7.047866674029987764e-05,2.673569664897568180e-07
7.078312860080783519e-05,-4.664513605135661741e-06
6.959130371629499801e-05,-4.351980528127656607e-09
7.124891691247240062e-05,-5.114633170017590292e-06
6.959236036049031590e-05,-3.294142349200680366e-09
7.141893503154101732e-05,3.450000715463366464e-07
6.953918280361373074e-05,9.839275983682292356e-09
6.972310599712420087e-05,1.118125548333833357e-07
7.007606519627964726e-05,1.977404130762883253e-07
6.959375435408890161e-05,-1.612158676103145162e-09
7.187344991236576676e-05,-5.100263964601728226e-06
7.183625332401352118e-05,-2.846092153471068789e-08
6.953789487232761503e-05,-3.578483127877377949e-09
6.959165313299818393e-05,-3.759998309407162510e-09
7.089107496874919501e-05,-5.108763733149883913e-06
7.211310708478010868e-05,-4.984844153405581905e-06
6.959392851615206369e-05,-6.755139962687607344e-10
7.075535209307924330e-05,-1.096029630691917798e-06
7.084732795372824187e-05,-9.095796437912519082e-07
7.073882160166804656e-05,-7.306295148126881525e-07
7.094986769651976603e-05,-7.309245714171089284e-07
7.084103891813972890e-05,-5.539673724253251266e-07
7.106097641812314091e-05,-9.159494951649376046e-07
7.105072170830912821e-05,-5.536264482960279509e-07
7.093125209666646116e-05,-3.789424197510223622e-07
7.114728444272223949e-05,-3.771066259313496834e-07
7.126756411805866955e-05,-5.536864797354862945e-07
7.069368001272489032e-05,-3.941949314223028920e-07
7.081008270327216305e-05,-2.123411292562393251e-07
7.060516615086858208e-05,-2.125104966605573082e-07
7.136921054092157087e-05,-3.739743558881786594e-07
7.124701890884319109e-05,-2.029600710206036844e-07
7.069981901269530499e-05,-4.805627895482526122e-08
7.049293406733537571e-05,-5.662895328096913214e-08
7.040583409818830561e-05,-2.070492624629346217e-07
7.030080569424545242e-05,-6.409784777088580712e-08
7.149078416237764533e-05,-5.521274288540179470e-07
7.139292324462736563e-05,-7.345352357325253538e-07
7.161208108916163539e-05,-7.342222095899602333e-07
7.154495928138180543e-05,-9.150937265991422308e-07
7.091726096615108565e-05,-4.294454385765791842e-08
7.147106817612564099e-05,-1.958475765056047047e-07
7.020999783847954633e-05,-2.332137246403652108e-07
7.012742740628849026e-05,-7.374562157154832465e-08
7.137244141574092130e-05,-2.163491131452399919e-08
6.958933105359702562e-05,-7.311647140488546016e-08
6.958580291405668493e-05,-8.303854847379283698e-08
6.958497357878177842e-05,-6.617993312045999269e-08
6.957783893752962255e-05,-6.738154228263134338e-08
6.957708346946272061e-05,-7.887087665660301873e-08
6.956832702903294522e-05,-6.072578024995950872e-08
6.956679126249597266e-05,-6.527202173025709459e-08
6.955869676382534774e-05,-4.867628273744381376e-08
6.957948599350968310e-05,-5.434552852981869572e-08
6.955762885763774168e-05,-4.708403839451018652e-08
6.956837568135597382e-05,-6.342420961164160759e-08
6.956051447052526821e-05,-4.342041392542564502e-08
6.954942541923301138e-05,-3.128039290087802974e-08
6.955958885171917847e-05,-3.707081672253244060e-08
6.957470816431783069e-05,-5.131472148639492584e-08
6.958495863829227258e-05,-5.119770877189758366e-08
6.958147965563336456e-05,-4.182896301686168139e-08
6.958612797254097842e-05,-3.795480945719237947e-08
6.958370355628678487e-05,-3.063652076455980177e-08
6.958741214286586580e-05,-2.729973669697497408e-08
6.957462044134819529e-05,-4.246525816798918530e-08
6.958560350537932964e-05,-8.396911584131352532e-08
6.959501299942763867e-05,-6.711592888355644592e-08
6.956622143965061043e-05,-1.708774752970353414e-08
6.958575779510167182e-05,-2.147274667198256226e-08
6.958872008584159323e-05,-1.896573184340643145e-08
6.958915179926322356e-05,-2.255298545697772144e-08
6.959013991658338132e-05,-1.590314449749837581e-08
6.958947197362305367e-05,-1.763534711665820511e-08
6.959049734748261773e-05,-1.276168988156567205e-08
6.959109939693202860e-05,-1.084044160570729470e-08
6.959138642971439079e-05,-9.036595502271104001e-09
6.959031781709276861e-05,-1.013674869733517249e-08
6.959125488843132998e-05,-7.456129097263882265e-09
6.959191923208887635e-05,-7.058265538091917514e-09
6.958997605916345279e-05,-8.120455123167842087e-09
6.959098879207274572e-05,-6.226709824397676694e-09
6.959197393531056511e-05,-5.399565960414064273e-09
6.959173563240501252e-05,-4.760146522244965033e-09
6.959074966735253091e-05,-5.380447430395324394e-09
6.959149940676682738e-05,-4.330163878514720471e-09
6.959060137242908430e-05,-4.841737327162216049e-09
6.959133234464627451e-05,-4.079301957664628225e-09
6.959205270317997578e-05,-3.477156987810048062e-09
6.959188299948429967e-05,-3.439843199080536813e-09
6.959124365700026160e-05,-3.972263296712210502e-09
6.959177434340395069e-05,-3.485980533098018119e-09
6.959122096908851806e-05,-3.967559689852008250e-09
6.959172912282403877e-05,-3.578266018808665058e-09
6.959219577318145975e-05,-3.036834925149072903e-09
6.959214267911871695e-05,-3.201772046091690337e-09
6.959172669106133470e-05,-3.697338689400640779e-09
6.959212564389259551e-05,-3.372094245941756577e-09
6.959174635857144110e-05,-3.824482068507012127e-09
6.959213492137434601e-05,-3.521597968899895873e-09
6.959248187053051831e-05,-3.021573208886950285e-09
6.959249300865947099e-05,-3.185023829994609398e-09
6.959215580074689061e-05,-3.631969129139081454e-09
6.959280670525003882e-05,-2.636000957746282865e-09
6.959283142500346402e-05,-2.807882035045772136e-09
6.959132786510099976e-05,-4.092199452419317407e-09
6.959252768125128146e-05,-2.602057830247212086e-09
6.959250129749626457e-05,-3.830682670094893285e-09
6.959279281585386808e-05,-2.424178585721840404e-09
6.959242745950670894e-05,-2.805868664184445926e-09
6.959306476219466703e-05,-1.978527102909681938e-09
6.958861691288946438e-05,-1.046359167159712823e-08
6.959263735526887047e-05,-2.324333408974679922e-09
6.959061122448819423e-05,-4.376914820772640357e-09
6.958964772718006597e-05,-5.763046884444820720e-09
6.959140793008086008e-05,-4.166228282661505924e-09
6.959099804302431300e-05,-4.391490922686570199e-09
6.958097249328694357e-05,-2.189184523589993178e-08
6.959263239824637997e-05,-2.715924813317693626e-09
6.959285840425077788e-05,-1.870456006065039768e-09
6.955292853007421388e-05,-1.454773319738703070e-08
6.958977584561586182e-05,-5.142868245062373124e-09
6.959086914578456169e-05,-4.345930196706676102e-09
6.958838330544127294e-05,-2.367141640210979800e-08
6.958745157756102628e-05,-1.321560756230062287e-08
6.967992211541574406e-05,-1.819662159114399185e-07
6.968958858726530129e-05,-1.381018323145703027e-07
6.976695061343410266e-05,-1.427416779037665406e-07
6.970671310075559582e-05,-6.883639856831675224e-08
6.978756200395716698e-05,-4.843159199816610963e-08
6.986424830299012843e-05,-1.291002277356150151e-07
6.989662380551059308e-05,-8.681773541093553808e-09
6.981369412530850482e-05,5.663720521081450516e-08
7.020007345808411024e-05,-4.288705083612482673e-07
6.960846575792664008e-05,-1.244926733514317266e-07
6.964958529439363650e-05,-8.087700457653758607e-08
6.965920011189214985e-05,-1.492223517868332574e-08
7.087361245698887589e-05,-1.400036837233801895e-06
7.107025168932749675e-05,-1.457371398689799302e-06
7.110881836931725632e-05,-1.678621974442426477e-06
7.126983805442419504e-05,-1.528051141100088945e-06
7.131778745221764419e-05,-1.737020787548491707e-06
7.146570349731965106e-05,-1.597759864219934293e-06
7.151140770306376035e-05,-1.816455754016288977e-06
7.132911148239909848e-05,-1.963667449332500578e-06
7.156908727970586121e-05,-2.036832579346153401e-06
7.141149379049519864e-05,-2.187115371325614026e-06
7.161438697220308348e-05,-2.256014097461771739e-06
7.145836071219009017e-05,-2.402564278553807818e-06
7.126099647772670082e-05,-2.340774620280907829e-06
7.130393254196155722e-05,-2.551810043176977345e-06
7.150267230545378821e-05,-2.616010089334146970e-06
7.134919172229145534e-05,-2.761836274921698528e-06
7.154667315257450325e-05,-2.826072238758765145e-06
7.139574547597648472e-05,-2.969199379352924175e-06
7.159062851202763059e-05,-3.032887457853428822e-06
7.144360685656930962e-05,-3.173761035442744341e-06
7.163438738656858226e-05,-3.236344658969351112e-06
7.148979691988456737e-05,-3.374581398081822875e-06
7.167811660786355653e-05,-3.435265291578718685e-06
7.153320715081669021e-05,-3.571472270648445669e-06
7.134769081876926090e-05,-3.512773692466566421e-06
7.139232490270566137e-05,-3.705748236373924819e-06
7.157440471152513265e-05,-3.763394732380667398e-06
7.143602563534159910e-05,-3.894957868348579502e-06
7.161454499989349063e-05,-3.951696123255641552e-06
7.147683462553143898e-05,-4.079732318838466700e-06
7.130106626639723659e-05,-4.025268012047104170e-06
7.134259408387826486e-05,-4.207902400592799612e-06
7.151579088088325347e-05,-4.260795261149324707e-06
7.138473587422186140e-05,-4.385471232239899659e-06
7.155332537674392401e-05,-4.438337643938640193e-06
7.142410996919329664e-05,-4.559528318847901737e-06
7.159064739518147379e-05,-4.611785054195977838e-06
7.125654086313263865e-05,-4.508286703676809225e-06
7.167807575352591631e-05,-4.318662692914312375e-06
7.129608545148894620e-05,-4.678680672429421954e-06
7.124874785418070216e-05,-3.113963665096211481e-06
7.142529526293188988e-05,-1.383195765773051754e-06
7.116922362435836578e-05,-4.154576896306073707e-06
7.121071676699016622e-05,-3.649790668487712474e-06
7.112562630316534326e-05,-3.972017095117543727e-06
7.173858454895989229e-05,-2.893698619984294740e-06
7.112763797875589573e-05,-4.628795629286742434e-06
7.175569871211177550e-05,-3.821609854980396094e-06
7.181177931336403845e-05,-4.030140653516993066e-06
7.109028582015099293e-05,-4.459533632317080282e-06
7.117043396867963386e-05,-4.792614198785228037e-06
7.133756003178187905e-05,-4.846591465699575692e-06
7.116415079582008368e-05,-3.459185397528272982e-06
7.108221187779006065e-05,-2.485529309862412185e-06
7.097711786173412053e-05,-4.095827198031326253e-06
7.163828094835948733e-05,-1.466359881360605114e-06
7.157638497219171890e-05,-1.252373842391436422e-06
7.136879090515881410e-05,-1.171445868932062632e-06
7.102734018536915525e-05,-1.258660684750310059e-06
7.169356511668029119e-05,-1.855988109957837835e-06
7.102258631956200551e-05,-3.594847892338263834e-06
7.101044884673029048e-05,-4.753871026054720083e-06
7.104655382783719845e-05,-4.903351554640258390e-06
7.088473557598496376e-05,-4.863250395079308792e-06
6.958645295933058722e-05,-5.179580310952157461e-08
6.958859847507875150e-05,-5.947670221838956655e-09
7.052425321792181413e-05,-7.096582311840853049e-07
7.050722916109573336e-05,-5.025262364867225406e-07
7.177813788158211774e-05,-1.290889437489027600e-06
7.194300405839658906e-05,-3.864915491175071986e-06
7.181899762539164839e-05,-3.301249899863274488e-06
7.186846774865740355e-05,-3.498955052019197456e-06
6.959306481330615295e-05,-1.597454578792917699e-09
6.959322949423608353e-05,-1.327485837571862402e-09
6.963359372184336593e-05,-1.286404941133251579e-07
7.020505560191762462e-05,6.892415827109759948e-08
6.959263374507283892e-05,-4.132090048349925186e-09
7.160267586013860321e-05,-1.837110372538790792e-08
6.992846165279875117e-05,1.087017454772107567e-07
7.094989925432740264e-05,-1.859166902249144924e-06
7.109495196668903837e-05,-1.999743465384978706e-06
6.985697235975142226e-05,-2.537943986100399749e-07
7.174428855604087418e-05,-9.159255790377924134e-07
7.183254184678658190e-05,-7.452142816070561308e-07
6.961266330575790508e-05,-3.243755273822213382e-08
7.106922264180209610e-05,-2.247233447282277273e-06
7.131863409532389342e-05,-9.468782743552506522e-07
7.095673991300658625e-05,-3.885291058912725704e-06
6.958814613998245166e-05,-8.332317470660921164e-09
6.958990217461442050e-05,-1.005726374556043350e-07
6.958643938829309141e-05,-1.068624498390079968e-08
6.959331441096007237e-05,-1.508085534616075052e-09
7.169153171932693609e-05,-1.980545373543527365e-07
7.172431041239456619e-05,1.506728763374804673e-07
6.959110583061010890e-05,-7.337140833482432378e-09
6.959210106081827692e-05,-3.872640180856811829e-09
7.005235981048279950e-05,-2.064436993827438931e-07
7.105013834370504141e-05,-4.281218689262916604e-06
6.959301663223640977e-05,-2.456969500063684109e-09
6.959259329344786552e-05,-4.111483438617060694e-09
6.959284963334851982e-05,-2.613114179637628195e-09
7.115671209984212697e-05,-2.702410871292534157e-06
7.120322516309921413e-05,-2.911130179874809973e-06
7.103172907764644531e-05,-3.079289526740444665e-06
7.111646486094947231e-05,-3.277115667509232090e-06
6.959250867184041476e-05,-3.299046194888234462e-09
6.959217142694498000e-05,-3.688659716145705978e-09
6.959182805599079208e-05,-3.978467547839033103e-09
6.959251852046154671e-05,-3.341129257292103530e-09
6.959185299446814135e-05,-3.977856782474229851e-09
6.959148913773891693e-05,-4.264779221107184631e-09
6.959148145277802716e-05,-4.217547971346756365e-09
7.200853976801594749e-05,-2.209061001293522368e-06
7.207006266450000586e-05,-2.864918047222452680e-06
7.211753060764084736e-05,-4.279337931952546467e-06
7.195888364400944968e-05,-4.179216890329581167e-06
7.195732575626037489e-05,-4.369846057165840330e-06
7.058943903123028650e-05,1.104006076753144484e-07
7.117664173912066281e-05,3.308274691162660012e-07
6.954457137988749268e-05,1.737795485784861871e-08
6.954094637611488638e-05,4.305964419918714957e-10
6.953749388774002637e-05,3.277375151130748570e-10
6.954087556292438347e-05,-1.137177987600120924e-08
6.953642518376694438e-05,5.270694439376855948e-09
6.955692495961981147e-05,-1.084205462117243681e-08
6.955388962787786465e-05,-2.056552611889443289e-08
6.956276186634274123e-05,-2.427463733171053706e-08
6.954660896462484853e-05,-1.671805564396245495e-08
6.955240715358341856e-05,-2.862756859610748469e-08
6.954565664596577758e-05,-1.433359529565882003e-08
7.165729156384027278e-05,-2.473848922937633438e-06
7.182074438540374034e-05,-2.338200675460151840e-06
7.180019663846428399e-05,-2.075628707198013996e-06
7.203241754916465478e-05,-2.434784890996742208e-06
6.957285725775576638e-05,4.490139922632334983e-08
7.117631559201928492e-05,-7.388924841247824374e-07
6.964988338789669740e-05,8.754839631741686660e-08
7.027325775049039444e-05,2.400634639338138640e-07
6.959053727907046634e-05,-4.607544901229387574e-09
7.085011752967251863e-05,-2.966902701641064050e-06
7.146373643968494008e-05,-4.731257167581705034e-06
7.162733330486271066e-05,-4.782169347183062044e-06
7.175508890068986272e-05,-4.664788414649002051e-06
7.178783121030504896e-05,-4.829024002123510411e-06
7.190723838941920863e-05,-4.703585808369102581e-06
7.196298017880902169e-05,-4.863653031711726312e-06
7.165965059428409348e-05,-4.945206876725254656e-06
7.186176734601162409e-05,-4.529516409038561301e-06
7.150139473311387659e-05,-4.904414090216765976e-06
7.137040528805901614e-05,-5.007437801098922352e-06
6.959285417848851390e-05,-2.917392922841303959e-09
6.959315180766022907e-05,-2.393543430436036023e-09
6.959320336056144568e-05,-2.482404347449335818e-09
6.959347510921710109e-05,-1.883276368583985383e-09
6.959284369985355926e-05,-2.961933659685700417e-09
6.959246121633719685e-05,-3.352529979940080397e-09
6.959216160294338243e-05,-3.686015947261823317e-09
6.959185113863531182e-05,-3.909083405300955271e-09
6.959340767065905372e-05,-1.695100143176247482e-09
6.959366785480736856e-05,-1.189919769006900575e-09
7.208947352459890647e-05,-3.076418404614637755e-06
7.213112941876245439e-05,-4.463517055939605442e-06
6.959137186867603482e-05,-4.195792114410185953e-09
7.185596896764700028e-05,-2.555464605837755994e-06
7.206681361452750047e-05,-3.508037796867941542e-06
6.959310108676689628e-05,-9.559147840816243541e-10
6.959290386782606514e-05,-1.693618527845424726e-09
6.959307693869636307e-05,-9.948313010931156301e-10
7.200638165750230201e-05,-1.753949039644137389e-06
7.180329677735540700e-05,-1.652407790684696477e-06
6.958778055425822830e-05,-5.863317862895793427e-09
6.959319298063805731e-05,-1.310822494002993291e-09
6.958333331846508799e-05,1.135469281914578625e-08
6.957935758229648825e-05,-1.077939815229930780e-08
6.956508766495538888e-05,-1.142276629248405735e-08
6.957041576078265349e-05,-2.188084235431610376e-08
7.069865213154729645e-05,2.923751897143567702e-07
6.959075752783028897e-05,-4.315243724486024325e-09
6.959008610372079519e-05,-4.676547736208056224e-09
7.080321035218894792e-05,-4.142893944823159981e-06
7.084825684222021813e-05,-3.575433574099411310e-06
7.083437840014535785e-05,-3.170998818510592261e-06
7.087345817931073235e-05,-2.546593854148347067e-06
7.213398941639787400e-05,-4.817234686258425572e-06
6.958917819667481035e-05,-1.347817847937393277e-08
6.959119091022358860e-05,-4.458409309552006156e-09
7.079500016677088277e-05,-4.494129702801943954e-06
7.094744699984169257e-05,-4.593800427799259364e-06
6.954242171254118219e-05,-6.827252315114340811e-09
6.954083261928797075e-05,-1.068530417259000597e-08
6.958972059563242694e-05,-6.707136958311238571e-09
6.959057534182012798e-05,-4.522321663220172460e-09
6.958818752957776177e-05,-3.091117471105870243e-08
6.959342258199758863e-05,-2.174544366892471084e-09
7.171831309798237558e-05,-3.630086117034583209e-06
7.165226010904793199e-05,-4.134893830783283408e-06
7.177221771206730380e-05,-3.101261674430268123e-06
7.121562284623877916e-05,-4.332839621720721581e-06
7.158030245966177018e-05,-3.681610525231359528e-07
6.959179235222058373e-05,-3.918775159731709277e-09
7.104003684753741566e-05,1.389898605440983610e-07
6.959288473148241884e-05,-1.944138926040332584e-09
7.130188713765890716e-05,-3.315296087465770859e-06
7.125779729182891097e-05,-3.839083368743734770e-06
6.959200605879544040e-05,-3.542209009418972877e-09
7.106584805129732949e-05,-5.073169230066062175e-06
6.959310962752455630e-05,-2.204028195231093802e-09
6.959081857003577253e-05,-4.576284116744705963e-09
6.957694094282823735e-05,-3.054769631427577164e-08
6.958558384678488874e-05,-2.405112410072439808e-08
6.960275655278815184e-05,-1.171672481077614962e-07
6.959248866449307340e-05,-2.823516380464650708e-09
6.957108458858834651e-05,-5.225654068048983370e-08
6.959229122624915095e-05,-2.888650862688891256e-09
6.959226611377136631e-05,-3.617938303675364771e-09
6.959209153038336398e-05,-6.239642266428449754e-09
6.959001962393320505e-05,-1.263884874443867662e-08
7.190258587234819789e-05,-3.685979690465295701e-06
6.953566397754256181e-05,-2.613453261514670493e-11
7.170873337221623860e-05,-4.491308239875231963e-06
6.959126983015244882e-05,-4.011086522622580535e-09
7.169666574837279768e-05,-2.686042631537251768e-06
7.035760057772641658e-05,-3.756798495322001921e-07
6.958753115394613979e-05,-4.280143195559358237e-08
7.108851348230041552e-05,-3.776952436442751160e-06
7.038471819905352841e-05,9.463666008810851256e-08
7.122688389864534223e-05,-1.315180859038978174e-06
6.959374593873884690e-05,-1.423693567881980728e-09
7.003411583035011351e-05,3.870658750678309573e-08
6.959279523478441602e-05,-2.179788756230024099e-09
7.081011473445392005e-05,1.259584410684488982e-07
7.102807364027635662e-05,-2.090262439805459231e-07
6.954642035610651880e-05,-2.296589561363726200e-08
7.211483103992317773e-05,-3.906569699081856722e-06
6.972148044482277948e-05,1.407692821509597623e-08
6.959157391052193497e-05,-4.161464445298063853e-09
7.172590357424566678e-05,-5.380946514098669147e-07
6.956602487727719041e-05,-3.838108336951152700e-08
6.958991165541877281e-05,-4.823123293377139554e-09
7.115576317754423769e-05,-1.112478126823508299e-06
6.957962681901998020e-05,-8.680936944875472868e-08
7.171069378668053370e-05,-5.100018007549781214e-06
6.959273523319980969e-05,-2.981939783091449809e-09
6.962215301970807522e-05,2.743837776830151769e-08
6.959140330234631739e-05,-3.988229398466271698e-09
7.078941254186826371e-05,-4.988009012642656190e-06
7.202856844100197393e-05,-5.111987603359725957e-06
6.959398724252753793e-05,-1.038817383492302623e-09
7.169142424585444532e-05,-1.097091329093344343e-06
6.959161457666912889e-05,-4.001583108406250588e-09
6.958854944754457603e-05,-5.599996885742695463e-09
7.114935840530538583e-05,-2.895401401630755167e-08
7.093138095695734782e-05,-4.396236305252444856e-06
7.088990964830959034e-05,-2.342246116712085980e-06
6.958691488352930770e-05,-1.311221200313346601e-08
6.982937766714888180e-05,1.626787452390902415e-07
7.188755468389757984e-05,-2.769877848713347484e-06
7.101530281380771705e-05,-2.848991951725148592e-06
7.123332553269524231e-05,-2.146683397950295942e-06
6.958433620737357653e-05,-3.201058586501924650e-08
7.121442381383042460e-05,-4.941656907312191050e-06
7.191535895651848570e-05,-2.979330621176950702e-06
7.196746553075673597e-05,-1.327455431744497491e-06
6.958850889238660286e-05,-6.786517064825390761e-09
6.997735489155616285e-05,-1.001724025313283039e-07
7.164058887631285046e-05,3.372338162344618250e-07
7.128451604768931227e-05,1.570682002751149760e-07
7.081000330634992584e-05,-3.968750728788352205e-06
7.193689629911822808e-05,-9.019304137270148303e-07
7.181192013570022526e-05,-4.236220637974859105e-06
7.099778182494009978e-05,-3.423859179290463898e-06
6.959212047185068292e-05,-3.628361818087893754e-09
6.959341061027249082e-05,-7.213783234277504387e-10
6.959115727337531767e-05,-4.402202729990021637e-09
7.188454724457091205e-05,-2.416099695637148236e-07
6.958786210191085140e-05,-1.766324410365149696e-08
6.957604758861613893e-05,-1.926314426663932598e-08
6.958380914486931288e-05,-1.512941419507108785e-08
6.956011921450677433e-05,1.102090080202344064e-08
6.955888658820207830e-05,-3.143772643091604626e-08
6.958946437614720970e-05,-8.647692857067748403e-09
7.051133009187998029e-05,-3.369427285366812344e-07
7.093519896366566320e-05,-1.078895903581156737e-06
6.958960884248776560e-05,-4.941918402552114549e-09
6.959269545024382745e-05,-2.011457896091247509e-09
6.959324346489246171e-05,-7.553298872846407169e-10
7.150725144637057947e-05,1.577295427658199873e-07
6.959299665426707125e-05,-1.545190810589873255e-09
7.066736001188162690e-05,-5.657408133877874262e-07
7.194032602352029310e-05,-3.182164374808382774e-06
6.993273147560970487e-05,-2.133038113158923265e-07
6.959299307838922330e-05,-1.912710279984046283e-09
7.181845451737624644e-05,-4.973693104477204698e-06
6.959320388288681982e-05,-1.136228419976448004e-09
6.954698822740731001e-05,4.436305576022683295e-09
6.959292938216081004e-05,-1.575650048458746468e-09
7.198506579987323654e-05,-4.020441575596242813e-06
6.967462981378716631e-05,4.929528139876654076e-08
7.180352848074975244e-05,-4.389134842496639144e-06
7.184822534951485341e-05,3.309573758454857892e-07
7.162246555717728170e-05,-1.676577355698001400e-06
7.076138032067443094e-05,-4.829874274920099468e-06
6.957037145539600996e-05,-3.214459414670010834e-08
6.960573067331889585e-05,-9.927107650563446538e-08
6.959126785862139680e-05,-4.391870808849051531e-09
6.994156992455764776e-05,2.152032756636871499e-07
6.953560777608815569e-05,2.453112998215575113e-09
6.958473191590847204e-05,-1.292838120789264054e-08
7.099516846649300090e-05,-2.654954307672712660e-06
7.116909676184981690e-05,-1.841592876590531961e-06
7.216273761361800311e-05,-5.123252898957607763e-06
6.958746988556647431e-05,-6.786436321163861457e-09
7.201224782199448055e-05,-4.567214237398535728e-06
6.953784272836779717e-05,-4.893491911989183105e-09
6.959411636331881321e-05,-5.180318550063505869e-10
7.009736957137297885e-05,-3.360712886223064024e-07
7.151172288202743102e-05,-1.082665398027367927e-06
7.076976621956529369e-05,-5.119556289589041340e-06
6.959140361448206487e-05,-3.781190283524530413e-09
7.195997200409573523e-05,-3.375074297765521619e-06
6.959376128262698071e-05,-5.385749327012948498e-10
7.192103059579058142e-05,-6.089697785789546113e-07
6.958702089424669696e-05,-5.838893449561579210e-08
7.096130193181826573e-05,-3.263070617315755431e-06
7.091065478178961725e-05,-4.229556558040473231e-06
6.959262406644705886e-05,-2.374196544960465880e-09
6.955192818266236088e-05,-2.961056690611864060e-08
7.093732591719865380e-05,-4.979758838704839122e-06
7.182280078089845062e-05,-1.465310712551323447e-06
7.186892949319351057e-05,-1.863424163583484899e-06
6.959048421060801365e-05,-4.526880966190723641e-09
6.958609859493218011e-05,-9.179629172283046507e-09
7.095410537579769944e-05,-3.721865203443042255e-06
6.959353168693073878e-05,-1.946536855867571771e-09
6.958738055883492940e-05,-3.109736606036907841e-08
6.962048407143322072e-05,-8.601738338579298275e-08
6.955295756781940402e-05,-3.607552836280410335e-08
7.175418064734975820e-05,-3.474356555259195352e-07
6.959134889851889994e-05,-3.016432574393527810e-09
6.959184737053438180e-05,-3.791145599705140642e-09
7.189382783564093676e-05,1.669458789963200150e-07
7.203622638715119876e-05,-4.725445121534763440e-06
6.958931152752307128e-05,-5.213110787796005388e-09
7.084915755771757683e-05,-1.231022984023910992e-06
7.195927944713397808e-05,-5.006924515870807009e-06
7.088511410780998928e-05,-4.743310174129777971e-06
7.138526274017737447e-05,-5.139624805559701558e-06
