Size 674,2
3.274018103969718932e-06,2.438583568383357849e-08
3.160723143241559253e-06,0.000000000000000000e+00
3.285475280636401939e-06,-2.379206311901475824e-07
3.211523857802262296e-06,-2.379198477996592712e-07
3.215004340860431523e-06,-9.102835823026647701e-08
3.162757610307304181e-06,-9.193566961587345357e-10
3.163236543730966723e-06,-1.637366875286342775e-10
3.163377739837149236e-06,0.000000000000000000e+00
3.263151007004503033e-06,2.439795845432529300e-08
3.252124117522743299e-06,2.432086298393496388e-08
3.240992819788568478e-06,2.401467256846435970e-08
3.229926597120973254e-06,2.338501597019151672e-08
3.219124436472158122e-06,2.239065150037719589e-08
3.208789960622203817e-06,2.100123935985414965e-08
3.199156077067396319e-06,1.923943850029668015e-08
3.190430508465731859e-06,1.714643416908469329e-08
3.182878702788309933e-06,1.485277691624318595e-08
3.176534402869197321e-06,1.225538576545000265e-08
3.171517341692457643e-06,9.792071141150032296e-09
3.167758539552723335e-06,7.551038291349427757e-09
3.165081014003973367e-06,5.541260271149087579e-09
3.163283118905088819e-06,3.896713836912364753e-09
3.162164116415846421e-06,2.613042937120426887e-09
3.161482017711470428e-06,1.668398721087827326e-09
3.161084780127321713e-06,1.008925522711557655e-09
3.160860713872603801e-06,5.595913708078022838e-10
3.160761343716153588e-06,2.405673784796418168e-10
3.285475891912764431e-06,-2.304938590109051957e-07
3.285475785933229845e-06,-2.228760771484765954e-07
3.285472690335242050e-06,-2.150568616713774947e-07
3.285460885391031510e-06,-2.070313061377954731e-07
3.285435320141928133e-06,-1.987958646544018378e-07
3.285391405413903895e-06,-1.903502261072300629e-07
3.285323633425650768e-06,-1.816903247102422532e-07
3.285224787765648890e-06,-1.728165285415074088e-07
3.285088404048499384e-06,-1.637315368051821984e-07
3.284909332752850146e-06,-1.544475147500635219e-07
3.284670998118799029e-06,-1.449619528983249836e-07
3.284366752097519265e-06,-1.352945943991840008e-07
3.283987798262693101e-06,-1.254609343605736271e-07
3.283523591357311227e-06,-1.154824670461899520e-07
3.282963672627230958e-06,-1.053869167400266156e-07
3.282304868122570094e-06,-9.521799498376566836e-08
3.281528016723264738e-06,-8.501276163124955848e-08
3.280636353802489211e-06,-7.481287200998305937e-08
3.279663670108115973e-06,-6.468646207308059586e-08
3.278626800603135802e-06,-5.466046981075163600e-08
3.277602904702483936e-06,-4.476659997882876683e-08
3.276595316740325061e-06,-3.500526605799193889e-08
3.275676398355703834e-06,-2.537792287448372894e-08
3.274927901546180470e-06,-1.578086867958587433e-08
3.274400773708991237e-06,-6.156546054263465259e-09
3.274112113053834790e-06,3.674126375779730318e-09
3.274022108268616655e-06,1.381021852111623301e-08
3.218930352059052376e-06,-2.379165591881431573e-07
3.226331629427716267e-06,-2.379093578503841150e-07
3.233727382235869948e-06,-2.379011208179776186e-07
3.241116240115776507e-06,-2.378941006005378278e-07
3.248500189818753537e-06,-2.378915974942049904e-07
3.255885352067615511e-06,-2.378939602375353947e-07
3.263273152397841816e-06,-2.379004090242963005e-07
3.270667331054579472e-06,-2.379091337069975652e-07
3.278068619055126377e-06,-2.379170657351184244e-07
3.211523416124664514e-06,-2.307679422166749655e-07
3.211523148827431955e-06,-2.234388822689094708e-07
3.211525085793333517e-06,-2.159233348356936257e-07
3.211534906750006032e-06,-2.082169287261198356e-07
3.211556452480022346e-06,-2.003168779142820000e-07
3.211593840809719009e-06,-1.922197125071064470e-07
3.211652430673566227e-06,-1.839238154219267155e-07
3.211737628199775484e-06,-1.754321512629995717e-07
3.211856255946720185e-06,-1.667429062222723536e-07
3.212011042097360874e-06,-1.578658552815493269e-07
3.212212994318141602e-06,-1.487986771787776598e-07
3.212469433505306955e-06,-1.395506313716339469e-07
3.212786977222449967e-06,-1.301396260446299733e-07
3.213179566617524914e-06,-1.205711720561323077e-07
3.213657117915778157e-06,-1.108494713423082520e-07
3.214245301150732875e-06,-1.010025783146830357e-07
3.215183776144185079e-06,-8.054750196484562577e-08
3.214064928127365490e-06,-7.024631559484769100e-08
3.211542454788897825e-06,-6.034588708850749528e-08
3.207767203796079418e-06,-5.112069722554817572e-08
3.202850806443699074e-06,-4.257675674202588864e-08
3.197004854903004970e-06,-3.499798599927288405e-08
3.190787820475840961e-06,-2.828833615960705302e-08
3.184354172065598622e-06,-2.265529346680485420e-08
3.178663199402084178e-06,-1.796651880921331317e-08
3.173722944886582191e-06,-1.417119788908912561e-08
3.169896226047562168e-06,-1.109728512285878378e-08
3.167081688701780551e-06,-8.611910056111170564e-09
3.165176501824311272e-06,-6.610690825033071408e-09
3.163968050061577226e-06,-4.980034044979738980e-09
3.163268594574707683e-06,-3.678486566078416130e-09
3.162912903285302441e-06,-2.659653360252879131e-09
3.162750813170625687e-06,-1.865297165388692011e-09
3.162725988932120004e-06,-1.297440766757089007e-09
3.162813010479734047e-06,-6.730694734555530574e-10
3.162885322756465371e-06,-5.115426276218581216e-10
3.162950946695417200e-06,-4.064252436388168912e-10
3.163009055073344118e-06,-3.342688963171629240e-10
3.163059930549898832e-06,-2.863541568689061813e-10
3.163104076262803629e-06,-2.559290662527742773e-10
3.163138982725782722e-06,-2.366041044302627323e-10
3.163167507876531747e-06,-2.255840624993887787e-10
3.163189448965303628e-06,-2.189926038343785523e-10
3.163206180154070238e-06,-2.144970637800190910e-10
3.163218470975795012e-06,-2.112025006159040279e-10
3.163226891685267318e-06,-2.078149531211254147e-10
3.163232187614064187e-06,-2.032410017636468765e-10
3.163235039291355403e-06,-1.966612215658956310e-10
3.163236203772585301e-06,-1.877416772673275273e-10
3.163236416774227518e-06,-1.763695882605874342e-10
3.163373639550763959e-06,-2.812535576516559397e-11
3.163364278498412694e-06,-5.336972093526261523e-11
3.163351142771938897e-06,-7.607034844845409112e-11
3.163335868440761583e-06,-9.666378576639983307e-11
3.163318577436879059e-06,-1.146554505394750513e-10
3.163300619001407430e-06,-1.304370332767570850e-10
3.163282794349391255e-06,-1.437286333684476838e-10
3.163265956092354567e-06,-1.541845189967171613e-10
3.163250443391185833e-06,-1.610475659955400032e-10
3.160685721784692862e-06,0.000000000000000000e+00
3.160731033099046840e-06,0.000000000000000000e+00
3.160888612393764307e-06,0.000000000000000000e+00
3.161146339146009595e-06,0.000000000000000000e+00
3.161480819218402909e-06,0.000000000000000000e+00
3.161847761683545726e-06,0.000000000000000000e+00
3.162208076933229614e-06,0.000000000000000000e+00
3.162531466303826702e-06,0.000000000000000000e+00
3.162795438645871298e-06,0.000000000000000000e+00
3.162994637755081553e-06,0.000000000000000000e+00
3.163136447335810039e-06,0.000000000000000000e+00
3.163227719834771213e-06,0.000000000000000000e+00
3.163285489324275598e-06,0.000000000000000000e+00
3.163314564486133973e-06,0.000000000000000000e+00
3.163327283180463157e-06,0.000000000000000000e+00
3.163330780484148906e-06,0.000000000000000000e+00
3.163329826449991171e-06,0.000000000000000000e+00
3.163327193938404640e-06,0.000000000000000000e+00
3.163325068135856190e-06,0.000000000000000000e+00
3.163324481198179063e-06,0.000000000000000000e+00
3.163325707973505589e-06,0.000000000000000000e+00
3.163329092054514967e-06,0.000000000000000000e+00
3.163334387606135264e-06,0.000000000000000000e+00
3.163341229876732689e-06,0.000000000000000000e+00
3.163349316962029125e-06,0.000000000000000000e+00
3.163358540198491182e-06,0.000000000000000000e+00
3.163368109544462514e-06,0.000000000000000000e+00
3.217931801737408446e-06,-1.963159266413622489e-07
3.163228229500777172e-06,-2.060829267332933608e-10
3.163322496936279866e-06,-1.183146501004261230e-10
3.251558628798022542e-06,-2.311900903937675414e-07
3.218532923838766194e-06,-1.719517605018664453e-07
3.163185152145644331e-06,-2.160696570542111546e-10
3.163419546507424015e-06,-4.441996265254475057e-09
3.211225017468627615e-06,-4.192078266439903038e-08
3.278158170106472359e-06,-1.862746898753652486e-07
3.163324984226645959e-06,-3.816919072438851286e-11
3.163325287756455685e-06,-4.659416795987434698e-11
3.277205730728227653e-06,-1.492968579970736909e-07
3.220689783081984137e-06,-1.252692223998228110e-07
3.163046900126214601e-06,-3.517670352938568350e-10
3.268031917702144932e-06,-1.997311881332263487e-08
3.161322241108411976e-06,-4.290830186047230565e-10
3.268785487635959878e-06,-5.007833810019773958e-08
3.162382697845598300e-06,-4.683654932594273209e-10
3.162944740015520516e-06,-7.496517047799175727e-10
3.222667506512523275e-06,-9.632695346085686345e-08
3.224255379145342609e-06,1.402533756688307138e-08
3.161576607175953617e-06,1.314083341090450555e-09
3.274992861662079731e-06,-1.204432753035352694e-07
3.163320459644889438e-06,-8.842929513580396558e-11
3.222855540339876380e-06,-7.362429470516773247e-08
3.162977146542773565e-06,-1.637790710542044472e-09
3.165201610802719053e-06,-6.925995654928903464e-09
3.197091075816128717e-06,-2.545154128052404197e-08
3.163187354545959878e-06,-1.963192479879977442e-10
3.273281364037917235e-06,-9.005441370687133122e-08
3.163343946127125904e-06,-3.795494669207936240e-11
3.278796659157260252e-06,-2.110413564018701608e-07
3.181178773329824152e-06,-1.445020213996296838e-08
3.170439344167462816e-06,-9.699799894487474749e-09
3.272019790739379903e-06,-6.985872319791137045e-08
3.162932651313001751e-06,-3.419522276370626795e-10
3.163321660478690578e-06,-4.040421158508110504e-11
3.277357904810098427e-06,-1.685804963694155436e-07
3.219346839825442084e-06,-1.529491023251367746e-07
3.163146794193688869e-06,-2.334662721557522053e-10
3.163759573721672377e-06,2.880287277051255457e-09
3.203575760922719439e-06,1.215258938589905161e-08
3.217414936400355067e-06,-2.120233456879843262e-07
3.163241078013407037e-06,-1.978172967333879581e-10
3.238587132385109581e-06,-2.324833259098904076e-07
3.163289107295012088e-06,-1.497337431460352008e-10
3.246315228706409300e-06,1.568182143392485113e-08
3.160871945618798512e-06,4.472398174409202916e-10
3.169232090778374384e-06,5.082388856063990252e-09
3.185275690739979770e-06,8.988200594376060461e-09
3.163352470640404580e-06,-7.327993982323374762e-11
3.266974996016624876e-06,-2.318301802091697536e-07
3.265284242000614214e-06,-1.293678251577913280e-09
3.160813403287617556e-06,-1.626583239941450337e-10
3.163256960590825387e-06,-1.709090140633968739e-10
3.222321589488598156e-06,-2.322165333249947041e-07
3.277868503853640418e-06,-2.265838251547991222e-07
3.163360387097820076e-06,-3.070518164808742794e-11
3.216152367867235868e-06,-4.981952866781378603e-08
3.220333088805827828e-06,-4.134452926323834771e-08
3.215400981894001577e-06,-3.321043249148561636e-08
3.224993986205441100e-06,-3.322384415532260552e-08
3.220047223551808901e-06,-2.518033511024156844e-08
3.230044382641960180e-06,-4.163406796204335112e-08
3.229578259468594696e-06,-2.516483855890948760e-08
3.224147822575747156e-06,-1.722465544322748577e-08
3.233967474669191434e-06,-1.714121026960639682e-08
3.239434732639030934e-06,-2.516756726070389510e-08
3.213349091487494668e-06,-1.791795142828647975e-08
3.218640122876008297e-06,-9.651869511647054506e-09
3.209325734130389594e-06,-9.659568030025732847e-09
3.244055024587346094e-06,-1.699883435855262222e-08
3.238500859492873054e-06,-9.225457773662127819e-09
3.213628136940696606e-06,-2.184376316128259965e-09
3.204224275787970006e-06,-2.574043330953764560e-09
3.200265186281287158e-06,-9.411330111952564676e-09
3.195491167920244526e-06,-2.913538535041110504e-09
3.249581098289893239e-06,-2.509670131154560376e-08
3.245132874755789385e-06,-3.338796526056962182e-08
3.255094594961892364e-06,-3.337373679954346288e-08
3.252043603699170895e-06,-4.159516939086972661e-08
3.223511862097777429e-06,-1.952024720801700122e-09
3.248684917096619506e-06,-8.902162568434742949e-09
3.191363538112706343e-06,-1.060062384728882965e-08
3.187610336649474789e-06,-3.352073707797542045e-09
3.244201882533677817e-06,-9.834050597511759402e-10
3.163151411527134949e-06,-3.323475972949602217e-09
3.162991041548029516e-06,-3.774479476081684872e-09
3.162953344490080337e-06,-3.008178778202276992e-09
3.162629042614980764e-06,-3.062797376482380245e-09
3.162594703157394351e-06,-3.585039848028211330e-09
3.162196683137859183e-06,-2.760262738635303306e-09
3.162126875567997795e-06,-2.966910078650075143e-09
3.161758943810244388e-06,-2.212558306249109991e-09
3.162703908795889104e-06,-2.470251296809742868e-09
3.161710402619895539e-06,-2.140183563387930457e-09
3.162198894607093916e-06,-2.882918618711362478e-09
3.161841566842059763e-06,-1.973655178428748941e-09
3.161337519056042622e-06,-1.421836040948942904e-09
3.161799493259967239e-06,-1.685037123750725786e-09
3.162486734741722349e-06,-2.332487340289160233e-09
3.162952665376915436e-06,-2.327168580541475966e-09
3.162794529801513375e-06,-1.901316500767228968e-09
3.163005816933677603e-06,-1.725218611691254903e-09
3.162895616194850624e-06,-1.392569125663381284e-09
3.163064188312081614e-06,-1.240897122589621792e-09
3.162482747334007529e-06,-1.930239007636311217e-09
3.162981977517243835e-06,-3.816777992787365469e-09
3.163409681792168012e-06,-3.050724040160931083e-09
3.162100974529572316e-06,-7.767157968044057555e-10
3.162988990686441553e-06,-9.760339396360535213e-10
3.163123640265526234e-06,-8.620787201552122428e-10
3.163143263602874183e-06,-1.025135702590200399e-09
3.163188178026512713e-06,-7.228702044324726121e-10
3.163157816982862226e-06,-8.016066871214669156e-10
3.163204424885572956e-06,-5.800768127988570921e-10
3.163231790769639088e-06,-4.927473457137582695e-10
3.163244837714292261e-06,-4.107543410130657784e-10
3.163196264413309358e-06,-4.607613044247054395e-10
3.163238858565058413e-06,-3.389149589656143563e-10
3.163269056004037216e-06,-3.208302517320994467e-10
3.163180729961971431e-06,-3.691115965069320511e-10
3.163226763276033896e-06,-2.830322647450149195e-10
3.163271542514113169e-06,-2.454348163821151928e-10
3.163260710563863744e-06,-2.163702964657089804e-10
3.163215893970567623e-06,-2.445657922909851977e-10
3.163249973034849014e-06,-1.968256308412493566e-10
3.163209153292228602e-06,-2.200789694162755384e-10
3.163242379302103349e-06,-1.854228162579271303e-10
3.163275122871817158e-06,-1.580525903539859674e-10
3.163267409067471786e-06,-1.563565090493760243e-10
3.163238348045465589e-06,-1.805574225784098620e-10
3.163262470154726956e-06,-1.584536605957348042e-10
3.163237316776747317e-06,-1.803436222653146446e-10
3.163260414673813899e-06,-1.626484553999052704e-10
3.163281626053702639e-06,-1.380379511431326793e-10
3.163279212687211211e-06,-1.455350930048025849e-10
3.163260304139149998e-06,-1.680608495175493363e-10
3.163278438358745755e-06,-1.532770111793611390e-10
3.163261198116884110e-06,-1.738400940228113990e-10
3.163278860062472314e-06,-1.600726349486589661e-10
3.163294630478662195e-06,-1.373442367676082314e-10
3.163295136757247449e-06,-1.447738104531956593e-10
3.163279809124863015e-06,-1.650895058675126085e-10
3.163309395693188626e-06,-1.198182253511648555e-10
3.163310519318342084e-06,-1.276310015920177453e-10
3.163242175686402304e-06,-1.860090660189080851e-10
3.163296712784149427e-06,-1.182753559215656603e-10
3.163295513522558751e-06,-1.741219395501041654e-10
3.163308764356996314e-06,-1.101899357142398186e-10
3.163292157250302565e-06,-1.275394847350097566e-10
3.163321125554306127e-06,-8.993305013252236963e-11
3.163118950585877198e-06,-4.756178032541503253e-10
3.163301697966767802e-06,-1.056515185894687332e-10
3.163209601113092499e-06,-1.989506736722405228e-10
3.163165805780905929e-06,-2.619566765659134058e-10
3.163245815003670953e-06,-1.893740128483472116e-10
3.163227183773828636e-06,-1.996132237581778024e-10
3.162771476967588498e-06,-9.950838743595248416e-10
3.163301472647563573e-06,-1.234511278773562596e-10
3.163311745647760821e-06,-8.502072754871203693e-11
3.161496751367009529e-06,-6.612605998814453050e-10
3.163171629346174690e-06,-2.337667384119586683e-10
3.163221324808385703e-06,-1.975422816685401039e-10
3.163108332065510789e-06,-1.075973472823278591e-09
3.163065980798229969e-06,-6.007094346505276193e-10
3.167269187064349385e-06,-8.271191632338362949e-09
3.167708572148420861e-06,-6.277356014298627411e-09
3.171225027883369458e-06,-6.488258086534732440e-09
3.168486959125254202e-06,-3.128927207650855501e-09
3.172161909270780856e-06,-2.201435999917087723e-09
3.175647650135914890e-06,-5.868192169800317491e-09
3.177119263886850415e-06,-3.946260700489963162e-10
3.173349732968570480e-06,2.574418418673600462e-09
3.190912429912915911e-06,-1.949411401642059627e-08
3.164021170814848701e-06,-5.658757879611252074e-09
3.165890240654256089e-06,-3.676227480751952025e-09
3.166327277813278922e-06,-6.782834172129281392e-10
3.221527838954038581e-06,-6.363803805608145192e-08
3.230465985878520963e-06,-6.624415448589991773e-08
3.232219016787145704e-06,-7.630099883829225096e-08
3.239538093382914876e-06,-6.945687005000430162e-08
3.241717611464442415e-06,-7.895549034311430496e-08
3.248441068059983908e-06,-7.262544837363393643e-08
3.250518531957434412e-06,-8.256617063710381942e-08
3.242232340109048776e-06,-8.925761133329470235e-08
3.253140330895717229e-06,-9.258329906118792828e-08
3.245976990477054984e-06,-9.941433506025342758e-08
3.255199407827409998e-06,-1.025460953391707834e-07
3.248107305099549669e-06,-1.092074672069907844e-07
3.239136203533024463e-06,-1.063988463764052647e-07
3.241087842816428721e-06,-1.159913655989526903e-07
3.250121468429716299e-06,-1.189095495151876889e-07
3.243145078285972470e-06,-1.255380124964413379e-07
3.252121506935201074e-06,-1.284578290344904269e-07
3.245261157998932317e-06,-1.349636081524051799e-07
3.254119477819431247e-06,-1.378585208115199227e-07
3.247436675298608948e-06,-1.442618652473970802e-07
3.256108517571293996e-06,-1.471065754076987837e-07
3.249536223631121897e-06,-1.533900635491748331e-07
3.258096209448344171e-06,-1.561484223444879012e-07
3.251509415946215078e-06,-1.623396486658387331e-07
3.243076855398605155e-06,-1.596715314757537314e-07
3.245105677395715384e-06,-1.684431016533601517e-07
3.253382032342049366e-06,-1.710633969263951782e-07
3.247092074333710706e-06,-1.770435394703901145e-07
3.255206590904244684e-06,-1.796225510570744090e-07
3.248947028433247881e-06,-1.854423781290204243e-07
3.240957557563512448e-06,-1.829667278203226521e-07
3.242845185630830760e-06,-1.912682909360371666e-07
3.250717767312882781e-06,-1.936725118704249693e-07
3.244760721555543467e-06,-1.993396014654509230e-07
3.252423880761090651e-06,-2.017426201790296579e-07
3.246550453145152773e-06,-2.072512872203591843e-07
3.254120336144609250e-06,-2.096265933725443942e-07
3.238933675596944666e-06,-2.049221228944011268e-07
3.258094352432995233e-06,-1.963028496779233114e-07
3.240731156885863155e-06,-2.126673032922467172e-07
3.238579447917304374e-06,-1.415438029589174067e-07
3.246604330133272381e-06,-6.287253480786497936e-08
3.234964710198107073e-06,-1.888444043775497722e-07
3.236850762135923153e-06,-1.658995758403498740e-07
3.232983013780245571e-06,-1.805462315962513451e-07
3.260844752225444914e-06,-1.315317554538316777e-07
3.233074453579814366e-06,-2.103998013312157938e-07
3.261622668732352200e-06,-1.737095388627467352e-07
3.264171786971088075e-06,-1.831882115234996174e-07
3.231376628188679572e-06,-2.027060741962298391e-07
3.235019725849073265e-06,-2.178460999447843800e-07
3.242616365080994618e-06,-2.202996120772547015e-07
3.234734127082729652e-06,-1.572356998876485866e-07
3.231009630808637003e-06,-1.129786049937458977e-07
3.226232630078824161e-06,-1.861739635468781749e-07
3.256285497652703970e-06,-6.665272188002661606e-08
3.253472044190533370e-06,-5.692608374506389141e-08
3.244035950234495092e-06,-5.324753949691145834e-08
3.228515462971324931e-06,-5.721184930683105237e-08
3.258798414394558113e-06,-8.436309590717436401e-08
3.228299378161907532e-06,-1.634021769244663695e-07
3.227747674851373529e-06,-2.160850466388510957e-07
3.229388810356237718e-06,-2.228796161200118677e-07
3.222033435272042922e-06,-2.210568361399685213e-07
3.163020589060474423e-06,-2.354354686796348356e-09
3.163118112503577920e-06,-2.703486464469799259e-10
3.205647873541901374e-06,-3.225719232654911848e-08
3.204874052777078943e-06,-2.284210165848692318e-08
3.262642630981004928e-06,-5.867679261313718984e-08
3.270136548108932940e-06,-1.756779768715942414e-07
3.264499892063253318e-06,-1.500568136301493024e-07
3.266748534029877475e-06,-1.590434114554174141e-07
3.163321127877553177e-06,-7.261157176284102213e-11
3.163328613374365046e-06,-6.034026534386500321e-11
3.165163350992880616e-06,-5.847295186968752948e-09
3.191138890996247618e-06,3.132916285050179120e-09
3.163301533866944798e-06,-1.878222749237432586e-10
3.254667084551747068e-06,-8.350501693356615321e-10
3.178566438763579830e-06,4.940988430782013399e-09
3.224995420651246730e-06,-8.450758646586949590e-08
3.231588725758590612e-06,-9.089743024477176417e-08
3.175316925443247468e-06,-1.153610902772942831e-08
3.261104025274583188e-06,-4.163298086535407788e-08
3.265115538490300063e-06,-3.387337643668349067e-08
3.164211968443539407e-06,-1.474434215373667162e-09
3.230419210991000210e-06,-1.021469748764666735e-07
3.241756095241994462e-06,-4.303992156160196007e-08
3.225306359682118327e-06,-1.766041390414867331e-07
3.163097551817383781e-06,-3.787417032125160212e-10
3.163177371573380132e-06,-4.571483520710114684e-09
3.163019972195138247e-06,-4.857384083594432505e-10
3.163332473225463033e-06,-6.854934248236970854e-11
3.258705987242131187e-06,-9.002478970652712795e-09
3.260195927836114990e-06,6.848767106249497618e-09
3.163232083209548403e-06,-3.335064015212956881e-10
3.163277320946284621e-06,-1.760290991297203655e-10
3.184198173203766886e-06,-9.383804517396930517e-09
3.229551742895687820e-06,-1.946008495119510194e-07
3.163318937828922365e-06,-1.116804318206403854e-10
3.163299695156725357e-06,-1.868856108459614634e-10
3.163311346970389035e-06,-1.187779172563354220e-10
3.234396004538275265e-06,-1.228368577860240633e-07
3.236510234686327414e-06,-1.323240990852179493e-07
3.228714958074837846e-06,-1.399677057609283573e-07
3.232566584588610915e-06,-1.489598030686015212e-07
3.163295848720014040e-06,-1.499566452222248507e-10
3.163280519406597431e-06,-1.676663507349693362e-10
3.163264911635951640e-06,-1.808394339923695065e-10
3.163296296384616876e-06,-1.518695116951506413e-10
3.163266045203098412e-06,-1.808116719302140831e-10
3.163249506260858898e-06,-1.938536009604538771e-10
3.163249156944453662e-06,-1.917067259698530793e-10
3.273115444000726079e-06,-1.004118636951594952e-07
3.275911939295459124e-06,-1.302235476010202876e-07
3.278069573074578350e-06,-1.945153605432968327e-07
3.270858347454973253e-06,-1.899644041058895766e-07
3.270787534375470624e-06,-1.986293662348103201e-07
3.208610865055923654e-06,5.018209439786760873e-09
3.235301897232758055e-06,1.503761223255826651e-08
3.161116880903967892e-06,7.899070389937682467e-10
3.160952108005217950e-06,1.957256554567286911e-11
3.160795176715452895e-06,1.489715977798619085e-11
3.160948889223833418e-06,-5.168990852710168371e-10
3.160746599262133643e-06,2.395770199723932349e-10
3.161678407255445090e-06,-4.928206645978915036e-10
3.161540437630805946e-06,-9.347966417672497088e-10
3.161943721197396212e-06,-1.103392605987271055e-09
3.161209498392035913e-06,-7.599116201807370970e-10
3.161473052435608510e-06,-1.301253118004546580e-09
3.161166211180260307e-06,-6.515270588926979369e-10
3.257149616538190868e-06,-1.124476783153460240e-07
3.264579290245622713e-06,-1.062818488845515996e-07
3.263645301748373811e-06,-9.434675941809115181e-08
3.274200797689302875e-06,-1.106720404998513206e-07
3.162402602625266074e-06,2.040972692105818230e-09
3.235287072364514145e-06,-3.358602200567192536e-08
3.165903790358937865e-06,3.979472559882854206e-09
3.194238988658649672e-06,1.091197563335487454e-08
3.163206239957744312e-06,-2.094338591469360785e-10
3.220459887712390483e-06,-1.348592137109577215e-07
3.248351656349319000e-06,-2.150571439809869005e-07
3.255787877493761115e-06,-2.173713339628672025e-07
3.261594950031363441e-06,-2.120358370294996938e-07
3.263083236832048835e-06,-2.195010910056140687e-07
3.268510835882688106e-06,-2.137993549258684026e-07
3.271044553582226565e-06,-2.210751378050785650e-07
3.257256845194731791e-06,-2.247821307602389130e-07
3.266443970273254755e-06,-2.058871095017524014e-07
3.250063396959719469e-06,-2.229279131916711663e-07
3.244109331275407745e-06,-2.276108091408603957e-07
3.163311553567660454e-06,-1.326087692206773651e-10
3.163325082166370815e-06,-1.087974286565355819e-10
3.163327425480067484e-06,-1.128365612469960212e-10
3.163339777691690110e-06,-8.560347129910703682e-11
3.163311077266070106e-06,-1.346333481672765462e-10
3.163293691651689303e-06,-1.523877263605453291e-10
3.163280072861061490e-06,-1.675461794209762314e-10
3.163265960847059667e-06,-1.776856093316889575e-10
3.163336712302684722e-06,-7.705000650831588780e-11
3.163348538854876847e-06,-5.408726222781903432e-11
3.276794251118130726e-06,-1.398372002097556865e-07
3.278687700852840107e-06,-2.028871389063462770e-07
3.163244175848909441e-06,-1.907178233826221426e-10
3.266180407620317732e-06,-1.161574820835338340e-07
3.275764255205791818e-06,-1.594562634939972610e-07
3.163322776671218015e-06,-4.345067200286931771e-11
3.163313812173911937e-06,-7.698266035635137190e-11
3.163321679031652597e-06,-4.521960459468450944e-11
3.273017348068285338e-06,-7.972495634746141846e-08
3.263786217152517461e-06,-7.510944503112217491e-08
3.163080934284468734e-06,-2.665144483133416783e-10
3.163326953665364817e-06,-5.958284063662385554e-11
3.162878787202960162e-06,5.161224008710205772e-10
3.162698071922571883e-06,-4.899726432864432591e-10
3.162049439316152769e-06,-5.192166496586221054e-10
3.162291625490118033e-06,-9.945837433781901176e-10
3.213575096888515015e-06,1.328978135065298713e-08
3.163216251265007206e-06,-1.961474420216952148e-10
3.163185731987305908e-06,-2.125703516459420040e-10
3.218327743281315006e-06,-1.883133611283251866e-07
3.220375311010009414e-06,-1.625197079136089408e-07
3.219744472733876784e-06,-1.441363099322997276e-07
3.221520826332302820e-06,-1.157542660976516930e-07
3.278817700745357332e-06,-2.189652130117469779e-07
3.163144463485215495e-06,-6.126444763356880801e-10
3.163235950464708342e-06,-2.026549686163454491e-10
3.217954553035038932e-06,-2.042786228546348340e-07
3.224883954538255827e-06,-2.088091103545119842e-07
3.161019168751869608e-06,-3.103296506864678274e-10
3.160946937240360844e-06,-4.856956442081629800e-10
3.163169117983289785e-06,-3.048698617410942656e-10
3.163207970082729240e-06,-2.055600756009545832e-10
3.163099433162622917e-06,-1.405053395956638048e-09
3.163337390090800831e-06,-9.884292576790269781e-11
3.259923322635562719e-06,-1.650039144106625026e-07
3.256920914047635813e-06,-1.879497195810582477e-07
3.262373532366695396e-06,-1.409664397468311176e-07
3.237073765738127288e-06,-1.969472555327599492e-07
3.253650111802810046e-06,-1.673459329650478640e-08
3.163263288737297797e-06,-1.781261436239731609e-10
3.229092583978970205e-06,6.317720933823469276e-09
3.163312942340107868e-06,-8.836995118333374387e-11
3.240994869893586189e-06,-1.506952767029893126e-07
3.238990785992224304e-06,-1.745037894883512748e-07
3.163273002672519556e-06,-1.610095004282146952e-10
3.230265820513515323e-06,-2.305986013666394232e-07
3.163323164887481333e-06,-1.001830997828267961e-10
3.163219025910714931e-06,-2.080129143975211624e-10
3.162588224674009171e-06,-1.388531650649226425e-09
3.162981083944764590e-06,-1.093232913669759382e-09
3.163761661490370500e-06,-5.325784004898888484e-09
3.163294939295138275e-06,-1.283416536573765731e-10
3.162322026754016290e-06,-2.375297303658859964e-09
3.163285964829507169e-06,-1.313023119403127845e-10
3.163284823353242768e-06,-1.644517410760532101e-10
3.163276887744699056e-06,-2.836201030190722129e-10
3.163182710178780084e-06,-5.744931247476299990e-10
3.268299357834008340e-06,-1.675445313847860527e-07
3.160711998979205007e-06,-1.187933300628676304e-12
3.259487880555283419e-06,-2.041503745397834106e-07
3.163239537734200756e-06,-1.823221146647989215e-10
3.258939352198760797e-06,-1.220928468880566627e-07
3.198072753533020976e-06,-1.707635679691786690e-08
3.163069597906638637e-06,-1.945519634345536194e-09
3.231296067377290190e-06,-1.716796562019426955e-07
3.199305372684246363e-06,4.301666367641272413e-09
3.237585631756605618e-06,-5.978094813813474951e-08
3.163352088124492579e-06,-6.471334399458569584e-11
3.183368901379549998e-06,1.759390341217303935e-09
3.163308874308384433e-06,-9.908130710122847020e-11
3.218641578838814432e-06,5.725383684929570646e-09
3.228548801830744060e-06,-9.501192908206492399e-09
3.161200925277570345e-06,-1.043904346074470499e-09
3.277946865451051877e-06,-1.775713499582664168e-07
3.169158202037400184e-06,6.398603734135332598e-10
3.163253359569177515e-06,-1.891574747866310283e-10
3.260268344283894407e-06,-2.445884779135687776e-08
3.162092039876237583e-06,-1.744594698614570412e-09
3.163177802519032356e-06,-2.192328769715842540e-10
3.234352871706553101e-06,-5.056718758288624095e-08
3.162710309955451297e-06,-3.945880429489505152e-09
3.259576990303661585e-06,-2.318190003431722151e-07
3.163306146963628214e-06,-1.355427174131573961e-10
3.164643319077638897e-06,1.247198989468657270e-09
3.163245604652102602e-06,-1.812831544759320573e-10
3.217700570084919153e-06,-2.267276823928481651e-07
3.274025838227362529e-06,-2.323630728799876879e-07
3.163363056478523951e-06,-4.721897197696110126e-11
3.258701102084291006e-06,-4.986778768606062405e-08
3.163255208030414410e-06,-1.818901412914982173e-10
3.163115883979296677e-06,-2.545453129883717967e-10
3.234061745695704284e-06,-1.316091546195442774e-09
3.224153679861698244e-06,-1.998289229660203146e-07
3.222268620377707381e-06,-1.064657325778214872e-07
3.163041585614964990e-06,-5.960096365061593279e-10
3.174062621234040352e-06,7.394488419958964153e-09
3.267616121995348196e-06,-1.259035385778793132e-07
3.227968309718531669e-06,-1.294996341693249143e-07
3.237878433304327040e-06,-9.757651808864934269e-08
3.162924373062435682e-06,-1.455026630227940754e-09
3.237019264265018492e-06,-2.246207685141910220e-07
3.268879952569023040e-06,-1.354241191444066143e-07
3.271248433216214001e-06,-6.033888326111308073e-08
3.163114040563026979e-06,-3.084780484011299822e-10
3.180788858707100698e-06,-4.553291024151447539e-09
3.256390403468765699e-06,1.532880982883909626e-08
3.240205274894968008e-06,7.139463648869312758e-09
3.218636513924994473e-06,-1.803977603994702419e-07
3.269858922687193687e-06,-4.099683698759115005e-08
3.264178187986371758e-06,-1.925554835443116813e-07
3.227171901133640437e-06,-1.556299626950210453e-07
3.163278203265940056e-06,-1.649255371858625415e-10
3.163336845921475277e-06,-3.278992379205442481e-11
3.163234421517055466e-06,-2.001001240905979709e-10
3.267479420207767806e-06,-1.098227134380476626e-08
3.163084640995945596e-06,-8.028747319843807688e-10
3.162547617664368219e-06,-8.755974666657632214e-10
3.162900415675877820e-06,-6.877006452307975482e-10
3.161823600659399488e-06,5.009500364559678103e-10
3.161767572191003444e-06,-1.428987565041818999e-09
3.163157471643056873e-06,-3.930769480488312346e-10
3.205060458721817286e-06,-1.531557856984887059e-08
3.224327225621167549e-06,-4.904072289005229440e-08
3.163164038294895626e-06,-2.246326546611260154e-10
3.163304338647447126e-06,-9.142990436756033929e-11
3.163329248404201650e-06,-3.433317669466986890e-11
3.250329611198663512e-06,7.169524671174241807e-09
3.163318029739412253e-06,-7.023594593566325585e-11
3.212152727812801030e-06,-2.571549151762633392e-08
3.270014819250920489e-06,-1.446438352185627884e-07
3.178760521618626067e-06,-9.695627787086013335e-09
3.163317867199509688e-06,-8.694137636276945891e-11
3.264475205335283583e-06,-2.260769592944184387e-07
3.163327449222127827e-06,-5.164674636245843352e-11
3.161226737609421373e-06,2.016502534556969081e-10
3.163314971916398223e-06,-7.162045674803752136e-11
3.272048445448783517e-06,-1.827473443452837883e-07
3.167028627899416535e-06,2.240694609035169197e-09
3.263796749124988555e-06,-1.995061292043925488e-07
3.265828424977946458e-06,1.504351708388575619e-08
3.255566616235330986e-06,-7.620806162263609160e-08
3.216426378212473132e-06,-2.195397397690955651e-07
3.162289611608909428e-06,-1.461117915759462576e-09
3.163896848787223424e-06,-4.512321659347174107e-09
3.163239448119155940e-06,-1.996304913116595460e-10
3.179162269298076207e-06,9.781967075622533006e-09
3.160709444367642825e-06,1.115051362825995820e-10
3.162942359814019685e-06,-5.876536912678036259e-10
3.227053112113316644e-06,-1.206797412578504672e-07
3.234958943720445761e-06,-8.370876711775122536e-08
3.280124436982636851e-06,-2.328751317708006151e-07
3.163066812980292978e-06,-3.084743782347650274e-10
3.273283991908840218e-06,-2.076006471544787692e-07
3.160811033107625681e-06,-2.224314505449371248e-10
3.163368925605398483e-06,-2.354690250030952468e-11
3.186244071426044416e-06,-1.527596766465016709e-08
3.250532858273973252e-06,-4.921206354669807412e-08
3.216807555434786500e-06,-2.327071040722293852e-07
3.163245618840092087e-06,-1.718722856146518482e-10
3.270907818367986771e-06,-1.534124680802506554e-07
3.163352785573952282e-06,-2.448067875912147080e-11
3.269137754354116644e-06,-2.768044448086122582e-08
3.163046404283940078e-06,-2.654042477073862183e-09
3.225513724173556301e-06,-1.483213916961707519e-07
3.223211580990436031e-06,-1.922525708200213541e-07
3.163301093929410611e-06,-1.079180247709372266e-10
3.161451281030105580e-06,-1.345934859368942527e-09
3.224423905327210728e-06,-2.263526744865837649e-07
3.264672762768111854e-06,-6.660503238869614374e-08
3.266769522417887922e-06,-8.470109834470364126e-08
3.163203827754907170e-06,-2.057673166449779323e-10
3.163004481587823173e-06,-4.172558714675171733e-10
3.225186607990803943e-06,-1.691756910655923750e-07
3.163342349405942710e-06,-8.847894799395107496e-11
3.163062752674313433e-06,-1.413516639107914267e-09
3.164567457792418546e-06,-3.909881062990558091e-09
3.161498071264516555e-06,-1.639796743763812634e-09
3.261553665788625565e-06,-1.579252979663245528e-08
3.163243131750859473e-06,-1.371105715633503275e-10
3.163265789569744165e-06,-1.723247999865931190e-10
3.267901265256405677e-06,7.588449045287417942e-09
3.274373926688690314e-06,-2.147929600697618422e-07
3.163150523978320767e-06,-2.369595812634547105e-10
3.220416252623526142e-06,-5.595559018290457223e-08
3.270876338506089720e-06,-2.275874779941277309e-07
3.222050641264089228e-06,-2.156050079149900064e-07
3.244784670008061975e-06,-2.336193093436229280e-07
