Size 674,2
1.604268834548451940e-04,1.194905948507865248e-06
1.548754303791651779e-04,0.000000000000000000e+00
1.609882851115125623e-04,-1.165811092831719527e-05
1.573646653926397566e-04,-1.165807254218333092e-05
1.575352090624900186e-04,-4.460389553283019336e-06
1.549751192653867505e-04,-4.504847811174188437e-08
1.549985870031462274e-04,-8.023097688907575634e-09
1.550055056123491595e-04,0.000000000000000000e+00
1.598943957035496501e-04,1.195499964261944839e-06
1.593540781189433677e-04,1.191722286212871781e-06
1.588086445299687858e-04,1.176718955854781538e-06
1.582663996192565825e-04,1.145865782539445931e-06
1.577370937474646228e-04,1.097141923518514584e-06
1.572307044308168030e-04,1.029060728632845074e-06
1.567586441366312466e-04,9.427324865145304717e-07
1.563310912751496610e-04,8.401752742851333185e-07
1.559610527969559955e-04,7.277860688959261355e-07
1.556501821009195373e-04,6.005139025070114113e-07
1.554043461032592977e-04,4.798114859163811162e-07
1.552201647984122971e-04,3.700008762761530753e-07
1.550889660465235682e-04,2.715217532863557850e-07
1.550008691866780627e-04,1.909389780087260139e-07
1.549460380647051593e-04,1.280391039188327561e-07
1.549126152281909258e-04,8.175153733315780898e-08
1.548931505865678150e-04,4.943735061279822827e-08
1.548821713400865539e-04,2.741997716967946903e-08
1.548773022024202482e-04,1.178780154555794400e-08
1.609883150640543112e-04,-1.129419909153435793e-05
1.609883098710571559e-04,-1.092092778027535293e-05
1.609881581867558331e-04,-1.053778622189743567e-05
1.609875797444894709e-04,-1.014453400075201503e-05
1.609863270472834673e-04,-9.740997368065655405e-06
1.609841752256103097e-04,-9.327161079254354874e-06
1.609808543981858752e-04,-8.902825910801884278e-06
1.609760109608458496e-04,-8.468009898533889290e-06
1.609693281587054874e-04,-8.022845303454025952e-06
1.609605536652186023e-04,-7.567928222753162308e-06
1.609488752681501446e-04,-7.103135692017924170e-06
1.609339672131072799e-04,-6.629435125560152041e-06
1.609153984752006983e-04,-6.147585783668120116e-06
1.608926523368370178e-04,-5.658640885263316596e-06
1.608652163190630571e-04,-5.163958920261296197e-06
1.608329348983346591e-04,-4.665681754204503985e-06
1.607948691797687327e-04,-4.165625319931229318e-06
1.607511776966507352e-04,-3.665830728489161306e-06
1.607035161956264953e-04,-3.169636641580987459e-06
1.606527095898825728e-04,-2.678363020726805679e-06
1.606025386907506758e-04,-2.193563398962609376e-06
1.605531668806048677e-04,-1.715258036841619498e-06
1.605081398797584267e-04,-1.243518220849710692e-06
1.604714635360918369e-04,-7.732625652997538600e-07
1.604456342720695175e-04,-3.016707566589145167e-07
1.604314898999668621e-04,1.800321924132110625e-07
1.604270796654911778e-04,6.767007075347049417e-07
1.577275836112225027e-04,-1.165791140021901950e-05
1.580902462022870452e-04,-1.165755853466877542e-05
1.584526380898864913e-04,-1.165715492008088393e-05
1.588146921260019521e-04,-1.165681092942635327e-05
1.591765056614477677e-04,-1.165668827721601147e-05
1.595383786116419866e-04,-1.165680405163924254e-05
1.599003808278231446e-04,-1.165712004219052166e-05
1.602626955820032830e-04,-1.165754755164286328e-05
1.606253586940300593e-04,-1.165793622102080886e-05
1.573646437504374576e-04,-1.130762916861708287e-05
1.573646306528731105e-04,-1.094850523117653553e-05
1.573647255642023133e-04,-1.058024340694898697e-05
1.573652067910792098e-04,-1.020262950757982872e-05
1.573662625318500029e-04,-9.815527017799855269e-06
1.573680945600050779e-04,-9.418765912848304708e-06
1.573709654633335942e-04,-9.012266955674386217e-06
1.573751401421179252e-04,-8.596175411886977983e-06
1.573809529017182397e-04,-8.170402404891380612e-06
1.573885374230994899e-04,-7.735426908795979171e-06
1.573984330819177668e-04,-7.291135181760122273e-06
1.574109986020889309e-04,-6.837980937210022025e-06
1.574265582442288449e-04,-6.376841676186975392e-06
1.574457951245875715e-04,-5.907987430750572359e-06
1.574691951382020444e-04,-5.431624095773107790e-06
1.574980161167148442e-04,-4.949126337419459934e-06
1.575440013913938849e-04,-3.946827596277472535e-06
1.574891778385698212e-04,-3.442069464147622833e-06
1.573655766449850123e-04,-2.956948467336979527e-06
1.571805893463367430e-04,-2.504914164051875758e-06
1.569396858760701413e-04,-2.086261080359293266e-06
1.566532342505760011e-04,-1.714901313964420367e-06
1.563485995636449896e-04,-1.386128471820745277e-06
1.560333507915431946e-04,-1.110109379873389016e-06
1.557544931310311266e-04,-8.803594216513882886e-07
1.555124206597715945e-04,-6.943886965653053891e-07
1.553249114366597392e-04,-5.437669710200730152e-07
1.551869991067164958e-04,-4.219835927495058162e-07
1.550936449497203936e-04,-3.239238504267053884e-07
1.550344308133462263e-04,-2.440216682040223375e-07
1.550001574944895907e-04,-1.802458417377919191e-07
1.549827286213087559e-04,-1.303230146524162944e-07
1.549747862056894971e-04,-9.139956110406614386e-08
1.549735698180026869e-04,-6.357459757109608854e-08
1.549778338738358300e-04,-3.298040419931544649e-08
1.549813771753957869e-04,-2.506558875349063735e-08
1.549845927484043071e-04,-1.991483693830923153e-08
1.549874400589228531e-04,-1.637917591958631220e-08
1.549899329572739794e-04,-1.403135368655777767e-08
1.549920960972062925e-04,-1.254052424638647240e-08
1.549938065138922630e-04,-1.159360111710245185e-08
1.549952042462790177e-04,-1.105361906248475055e-08
1.549962793596287641e-04,-1.073063758791740478e-08
1.549970991878783495e-04,-1.051035612522875607e-08
1.549977014381428194e-04,-1.034892253016971117e-08
1.549981140529070611e-04,-1.018293270287917846e-08
1.549983735534181200e-04,-9.958809086418186086e-09
1.549985132856053396e-04,-9.636399856715871422e-09
1.549985703451856262e-04,-9.199342186119009428e-09
1.549985807822660253e-04,-8.642109824754528773e-09
1.550053046983162987e-04,-1.378142432510193336e-09
1.550048460067510994e-04,-2.615116325819386120e-09
1.550042023561539232e-04,-3.727447073941523025e-09
1.550034539139261060e-04,-4.736525502528276501e-09
1.550026066547358907e-04,-5.618117076470582301e-09
1.550017266913979088e-04,-6.391414630626862392e-09
1.550008532834491607e-04,-7.042703035053670440e-09
1.550000282088543333e-04,-7.555041430851661809e-09
1.549992680864969964e-04,-7.891330733779279061e-09
1.548735967277787683e-04,0.000000000000000000e+00
1.548758169821820574e-04,0.000000000000000000e+00
1.548835383676231336e-04,0.000000000000000000e+00
1.548961669784830312e-04,0.000000000000000000e+00
1.549125565020304353e-04,0.000000000000000000e+00
1.549305366828224867e-04,0.000000000000000000e+00
1.549481921300569214e-04,0.000000000000000000e+00
1.549640382092161211e-04,0.000000000000000000e+00
1.549769728539764427e-04,0.000000000000000000e+00
1.549867336103277825e-04,0.000000000000000000e+00
1.549936822797835041e-04,0.000000000000000000e+00
1.549981546322326054e-04,0.000000000000000000e+00
1.550009853372183390e-04,0.000000000000000000e+00
1.550024100201493206e-04,0.000000000000000000e+00
1.550030332361714848e-04,0.000000000000000000e+00
1.550032046040521997e-04,0.000000000000000000e+00
1.550031578563785964e-04,0.000000000000000000e+00
1.550030288633108501e-04,0.000000000000000000e+00
1.550029246989860607e-04,0.000000000000000000e+00
1.550028959390396777e-04,0.000000000000000000e+00
1.550029560510306106e-04,0.000000000000000000e+00
1.550031218709999384e-04,0.000000000000000000e+00
1.550033813530294973e-04,0.000000000000000000e+00
1.550037166242887389e-04,0.000000000000000000e+00
1.550041128914683448e-04,0.000000000000000000e+00
1.550045648300549695e-04,0.000000000000000000e+00
1.550050337280075533e-04,0.000000000000000000e+00
1.576786546454619074e-04,-9.619480405426791039e-06
1.549981796058669855e-04,-1.009806340990212206e-08
1.550027987102064846e-04,-5.797417854927527070e-09
1.593263691714318672e-04,-1.132831442929458468e-05
1.577081096284283803e-04,-8.425636264591472626e-06
1.549960688154654700e-04,-1.058741319566886590e-08
1.550075541391926774e-04,-2.176578169974235380e-07
1.573500222162914992e-04,-2.054118350555564486e-06
1.606297466955461568e-04,-9.127459803892933922e-06
1.550029205874344396e-04,-1.870290345512160402e-09
1.550029354603953483e-04,-2.283114230035093564e-09
1.605830771660120553e-04,-7.315546041856620648e-06
1.578137957313461323e-04,-6.138191897591398074e-06
1.549892944665134454e-04,-1.723658472941463098e-08
1.601335603277340743e-04,-9.786828218528273825e-07
1.549047861746409647e-04,-2.102506791164538100e-08
1.601704852544909470e-04,-2.453838566909726985e-06
1.549567485547630001e-04,-2.294990916971968837e-08
1.549842886210893954e-04,-3.673293353419805436e-08
1.579107041794425780e-04,-4.720020719581987871e-06
1.579885099384506161e-04,6.872415407772652583e-07
1.549172501119504860e-04,6.439008371341210307e-08
1.604746465817706504e-04,-5.901720489873267109e-06
1.550026988829283675e-04,-4.333035461650684615e-09
1.579199178369827036e-04,-3.607590440553241721e-06
1.549858765409248393e-04,-8.025174481655574296e-08
1.550948752896622995e-04,-3.393737870915079078e-07
1.566574590753191693e-04,-1.247125522745689829e-06
1.549961767330807979e-04,-9.619643151429972618e-09
1.603907831981867254e-04,-4.412666271636702231e-06
1.550038497205580962e-04,-1.859792387876615728e-09
1.606610326590348313e-04,-1.034102646369164024e-05
1.558777562534903168e-04,-7.080599048581534026e-07
1.553515242245349535e-04,-4.752901948299892996e-07
1.603289661065584689e-04,-3.423077436697685991e-06
1.549836962746658294e-04,-1.675565915420707798e-08
1.550027577237847627e-04,-1.979806367674461708e-09
1.605905336960239578e-04,-8.260444322101437474e-06
1.577479915117755620e-04,-7.494506013931743537e-06
1.549941892758196680e-04,-1.143984733566015110e-08
1.550242154726907138e-04,1.411340765754945490e-07
1.569752086455420673e-04,5.954768799090497783e-07
1.576533282439462685e-04,-1.038914393871123082e-05
1.549988091829858578e-04,-9.693047539927948375e-09
1.586907658471992295e-04,-1.139168296958462730e-05
1.550011626177846239e-04,-7.336953414163588459e-09
1.590694425669429365e-04,7.684092502623358602e-07
1.548827216956503018e-04,2.191475105459099029e-08
1.552923688084692142e-04,2.490370539471119700e-07
1.560785052065878599e-04,4.404218291244513082e-07
1.550042674217087281e-04,-3.590717051308594843e-09
1.600817711651435573e-04,-1.135967883024930840e-05
1.599989242183589980e-04,-6.339023432732472776e-08
1.548798531214220229e-04,-7.970257875709661702e-09
1.549995874292793845e-04,-8.374541689141760610e-09
1.578937542452703128e-04,-1.137861013292472335e-05
1.606155530491572443e-04,-1.110260743258517279e-05
1.550046553281220175e-04,-1.504553900746662379e-09
1.575914623858236429e-04,-2.441156904722915061e-06
1.577963177118146256e-04,-2.025881933898724354e-06
1.575546444731349500e-04,-1.627311192082776732e-06
1.580247016843956904e-04,-1.627968363610830851e-06
1.577823103143673026e-04,-1.233836420401854373e-06
1.582721711097849699e-04,-2.040069330140105266e-06
1.582493310742900353e-04,-1.233077089386592299e-06
1.579832396665405419e-04,-8.440081167181261729e-07
1.584644026191192839e-04,-8.399193032107075247e-07
1.587322982596414288e-04,-1.233210795774504257e-06
1.574541018432161119e-04,-8.779796199860247792e-07
1.577133623812533678e-04,-4.729416060707055997e-07
1.572569573327179955e-04,-4.733188334712553641e-07
1.589586925651089724e-04,-8.329428835690896952e-07
1.586865384754796240e-04,-4.520474309094850795e-07
1.574677750704228836e-04,-1.070344394902870966e-07
1.570069858739394318e-04,-1.261281232167571067e-07
1.568129904881119011e-04,-4.611551754856462893e-07
1.565790635884209663e-04,-1.427633882169987210e-07
1.592294701765337639e-04,-1.229738364265743558e-06
1.590115072233626217e-04,-1.636010297767915903e-06
1.594996315134617078e-04,-1.635313103177642956e-06
1.593501329415883720e-04,-2.038163300152621878e-06
1.579520776031198071e-04,-9.564921131928714659e-08
1.591855572980632489e-04,-4.362059658533681587e-07
1.563768097278514827e-04,-5.194305685172083585e-07
1.561929028561529972e-04,-1.642516116820505953e-07
1.589658886044791497e-04,-4.818684792779536246e-08
1.549944155251583764e-04,-1.628503226744528785e-07
1.549865573961824291e-04,-1.849494943280153511e-07
1.549847102403429028e-04,-1.474007601319087457e-07
1.549688194484630894e-04,-1.500770714476413424e-07
1.549671368150411167e-04,-1.756669525533333174e-07
1.549476338340841010e-04,-1.352528741930992058e-07
1.549442132631607245e-04,-1.453785938537966115e-07
1.549261846070307258e-04,-1.084153570061527477e-07
1.549724878913276730e-04,-1.210423135436572215e-07
1.549238060887037961e-04,-1.048689946059491748e-07
1.549477421960763319e-04,-1.412630123168332592e-07
1.549302331355896457e-04,-9.670910374298061325e-08
1.549055347940749049e-04,-6.966996600649752050e-08
1.549281715300669291e-04,-8.256681906380550231e-08
1.549618463626731789e-04,-1.142918796741847436e-07
1.549846769637979718e-04,-1.140312604464884578e-07
1.549769283206030887e-04,-9.316450853753493291e-08
1.549872813900790287e-04,-8.453571197288105989e-08
1.549818815538763373e-04,-6.823588715748140126e-08
1.549901415876208646e-04,-6.080395900690340112e-08
1.549616509796952616e-04,-9.458171137414480582e-08
1.549861132586737847e-04,-1.870221216465343270e-07
1.550070707681448995e-04,-1.494854779678908918e-07
1.549429441122778667e-04,-3.805907404347759300e-08
1.549864569039643666e-04,-4.782566304215364284e-08
1.549930547333397120e-04,-4.224185728756596447e-08
1.549940162768696772e-04,-5.023164942688346271e-08
1.549962170836283269e-04,-3.542064001719243392e-08
1.549947293924894005e-04,-3.927872766898844769e-08
1.549970131797217794e-04,-2.842376382711505767e-08
1.549983541080410894e-04,-2.414461993999229507e-08
1.549989934083289005e-04,-2.012696270960456799e-08
1.549966133165808899e-04,-2.257730391678636018e-08
1.549987004300167439e-04,-1.660683298928766112e-08
1.550001801045267514e-04,-1.572068233486202183e-08
1.549958521284653399e-04,-1.808646822884029823e-08
1.549981077608546243e-04,-1.386858097244741327e-08
1.550003019435203439e-04,-1.202630600266231841e-08
1.549997711779581191e-04,-1.060214452681164109e-08
1.549975751648869434e-04,-1.198372382225124081e-08
1.549992450390366260e-04,-9.644455911235862209e-09
1.549972448716481932e-04,-1.078386950146964078e-08
1.549988729461319068e-04,-9.085717996685562264e-09
1.550004773810477780e-04,-7.744576927378366360e-09
1.550000994046349682e-04,-7.661468943468531932e-09
1.549986754145565816e-04,-8.847313706330304522e-09
1.549998573979103581e-04,-7.764229369194944881e-09
1.549986248823895078e-04,-8.836837491033098587e-09
1.549997566793459016e-04,-7.969774314618510261e-09
1.550007960369603071e-04,-6.763859605994146240e-09
1.550006777820024521e-04,-7.131219557193435546e-09
1.549997512631473247e-04,-8.234981626388584922e-09
1.550006398399077277e-04,-7.510573547793436926e-09
1.549997950680561082e-04,-8.518164607121338615e-09
1.550006605033898564e-04,-7.843559112463620678e-09
1.550014332537832072e-04,-6.729867601628303904e-09
1.550014580614337157e-04,-7.093916712260971925e-09
1.550007070074471617e-04,-8.089385787563965899e-09
1.550021567492948634e-04,-5.871093042257077420e-09
1.550022118069275515e-04,-6.253919078004054836e-09
1.549988629689627779e-04,-9.114444234929050400e-09
1.550015352867521951e-04,-5.795492440112902630e-09
1.550014765229340021e-04,-8.531975037949018461e-09
1.550021258138215236e-04,-5.399306850010058795e-09
1.550013120655936239e-04,-6.249434752104421782e-09
1.550027315124896383e-04,-4.406719456509567406e-09
1.549928249390369580e-04,-2.330527235946815996e-08
1.550017795607003235e-04,-5.176924410881723605e-09
1.549972668148706060e-04,-9.748583009937883104e-09
1.549951208435933810e-04,-1.283587715171940208e-08
1.549990412955088261e-04,-9.279326629571202112e-09
1.549981283652465149e-04,-9.781047964184148640e-09
1.549757987317405643e-04,-4.875910984361334131e-08
1.550017685200591846e-04,-6.049105266020246543e-09
1.550022718970691272e-04,-4.166015649888666361e-09
1.549133371773122063e-04,-3.240176939419134965e-08
1.549954061982913953e-04,-1.145457018221243150e-08
1.549978412759397603e-04,-9.679571801776726527e-09
1.549923046315390793e-04,-5.272270016834344929e-08
1.549902294194420535e-04,-2.943476229787181701e-08
1.551961865264823797e-04,-4.052883899845809641e-07
1.552177163956013713e-04,-3.075904447006704576e-07
1.553900227266142794e-04,-3.179246462402238338e-07
1.552558573574661126e-04,-1.533174331749442044e-07
1.554359299145971940e-04,-1.078703639959049888e-07
1.556067312169887875e-04,-2.875414163201835303e-07
1.556788402907843783e-04,-1.933667743239206136e-08
1.554941332757888415e-04,1.261465025150124346e-07
1.563547054260616275e-04,-9.552115868045905327e-07
1.550370337302563401e-04,-2.772791361009320171e-07
1.551286181523873055e-04,-1.801351465568665033e-07
1.551500329731792308e-04,-3.323588744344646504e-08
1.578548604690767929e-04,-3.118263864748058483e-06
1.582928296683763000e-04,-3.245963569809112354e-06
1.583787281828988606e-04,-3.738748943076302496e-06
1.587373629360917923e-04,-3.403386632450224795e-06
1.588441593220864202e-04,-3.868819026812625097e-06
1.591736086952680741e-04,-3.558646970308136643e-06
1.592754044262432631e-04,-4.045742361218116811e-06
1.588693810256721814e-04,-4.373622955331482410e-06
1.594038725742188446e-04,-4.536581653998227637e-06
1.590528688937045123e-04,-4.871302417952521620e-06
1.595047673438720469e-04,-5.024758671619423601e-06
1.591572543102070560e-04,-5.351165893142603453e-06
1.587176703334474467e-04,-5.213543472443884518e-06
1.588133006583342468e-04,-5.683576914348723463e-06
1.592559483133853030e-04,-5.826567926244253122e-06
1.589141051963418618e-04,-6.151362612325525342e-06
1.593539502001538473e-04,-6.294433622689972313e-06
1.590177931022766821e-04,-6.613216799467808789e-06
1.594518507734811669e-04,-6.755067519764415409e-06
1.591243934499604541e-04,-7.068831397122508335e-06
1.595493137213223713e-04,-7.208222194977228383e-06
1.592272713182536564e-04,-7.516113113909500301e-06
1.596467106232978862e-04,-7.651272694879850564e-06
1.593239577416934399e-04,-7.954642784626114280e-06
1.589107622748604017e-04,-7.823905042311943639e-06
1.590101745527188338e-04,-8.253711981014674430e-06
1.594157159450894725e-04,-8.382106449393349147e-06
1.591075080026808756e-04,-8.675133434049156825e-06
1.595051193146372159e-04,-8.801505001796696494e-06
1.591984007535577966e-04,-9.086676528322048862e-06
1.588069166809411394e-04,-8.965369663195871629e-06
1.588994104562396054e-04,-9.372146255865863539e-06
1.592851669586600087e-04,-9.489953081650798428e-06
1.589932717165504781e-04,-9.767640471807120160e-06
1.593687665176223879e-04,-9.885388388772473780e-06
1.590809685644411088e-04,-1.015531307379766732e-05
1.594518928314148543e-04,-1.027170307525468638e-05
1.587077464645790699e-04,-1.004118402182569539e-05
1.596466196295458293e-04,-9.618839634218267381e-06
1.587958230477361525e-04,-1.042069786132012487e-05
1.586903893082766833e-04,-6.935646344987003140e-06
1.590836085368589733e-04,-3.080754205585393372e-06
1.585132671600362184e-04,-9.253375814499917927e-06
1.586056837049888951e-04,-8.129079216177203328e-06
1.584161640355608058e-04,-8.846765348216380310e-06
1.597813892193758933e-04,-6.445056017237751494e-06
1.584206445857399182e-04,-1.030959026522960870e-05
1.598195071282144041e-04,-8.511767404274538093e-06
1.599444139219124235e-04,-8.976222364651560557e-06
1.583374511415742514e-04,-9.932597635615336812e-06
1.585159629269336067e-04,-1.067445889729440442e-05
1.588881982492976077e-04,-1.079468099178546925e-05
1.585019685873825465e-04,-7.704549294494827304e-06
1.583194682699522464e-04,-5.535951644693566193e-06
1.580853952341912969e-04,-9.122524213797052035e-06
1.595579857453117154e-04,-3.265983372121371751e-06
1.594201265256650147e-04,-2.789378103508170013e-06
1.589577579218191534e-04,-2.609129435348691151e-06
1.581972540459238952e-04,-2.803380616034771243e-06
1.596811186656622893e-04,-4.133791699451564893e-06
1.581866658902624108e-04,-8.006706669298877568e-06
1.581596324280463484e-04,-1.058816728530369808e-05
1.582400480677845103e-04,-1.092110118988057577e-05
1.578796346886590077e-04,-1.083178497085846927e-05
1.549880052242920826e-04,-1.153633796530542468e-07
1.549927838730043035e-04,-1.324708367591824416e-08
1.570767421638819981e-04,-1.580602424000932647e-06
1.570388249464056978e-04,-1.119262981265874423e-06
1.598694852783982866e-04,-2.875162838043752319e-06
1.602366872176668486e-04,-8.608220866708143370e-06
1.599604910714283739e-04,-7.352783867877324711e-06
1.600706745277930812e-04,-7.793127161315492385e-06
1.550027316263288878e-04,-3.557967016374755885e-09
1.550030984156725771e-04,-2.956673001865430019e-09
1.550930005589800547e-04,-2.865174641614980145e-07
1.563658020191450505e-04,1.535128979674458836e-07
1.550017715198090743e-04,-9.203291471262845581e-09
1.594786835033649161e-04,-4.091745829744663959e-08
1.557497518597441167e-04,2.421084331083569765e-07
1.580247719722397846e-04,-4.140871736827649014e-06
1.583478439224998691e-04,-4.453974081993830897e-06
1.555905257070481443e-04,-5.652693423587473324e-07
1.597940935987835582e-04,-2.040016062402347831e-06
1.599906577463535763e-04,-1.659795445397485107e-06
1.550463828140622618e-04,-7.224727655328554120e-08
1.582905376988879415e-04,-5.005201768946885863e-06
1.588460450271865997e-04,-2.108956156518498763e-06
1.580400079847526411e-04,-8.653602813032888991e-06
1.549917763993804900e-04,-1.855834345733145821e-08
1.549956875674245746e-04,-2.240026925147938477e-07
1.549879749978905685e-04,-2.380118200960909012e-08
1.550032875483764059e-04,-3.358917781644038687e-09
1.596765897351934665e-04,-4.411214695619745476e-07
1.597495968242985509e-04,3.355895882062175201e-07
1.549983684375966979e-04,-1.634181367455861785e-08
1.550005850866967565e-04,-8.625425857335065837e-09
1.560257068473132498e-04,-4.598064213524781232e-07
1.582480317622174967e-04,-9.535441626085574277e-06
1.550026243139459767e-04,-5.472341159221591966e-09
1.550016814230082860e-04,-9.157394931434847543e-09
1.550022523618777373e-04,-5.820117945565891426e-09
1.584854005827046597e-04,-6.019006031515188154e-06
1.585889978599587860e-04,-6.483880855175597117e-06
1.582070293059958065e-04,-6.858417582285527067e-06
1.583957590051708652e-04,-7.299030350361489202e-06
1.550014929476095052e-04,-7.347875615895857771e-09
1.550007418112519381e-04,-8.215651185992245809e-09
1.549999770304904591e-04,-8.861132265650608616e-09
1.550015148831749570e-04,-7.441606073078997414e-09
1.550000325752807161e-04,-8.859771924602476948e-09
1.549992221671108914e-04,-9.498826447042610594e-09
1.549992050506072288e-04,-9.393629572561281536e-09
1.603826531163643325e-04,-4.920181321062833146e-06
1.605196813858061487e-04,-6.380953832450045337e-06
1.606254054409834541e-04,-9.531252666621607564e-06
1.602720553856225338e-04,-9.308255801188644786e-06
1.602685855447270218e-04,-9.732838945505723076e-06
1.572219287480690428e-04,2.458922625495465455e-07
1.585297893247341000e-04,7.368429993953779321e-07
1.548947235246234718e-04,3.870544491062909819e-08
1.548866496525848140e-04,9.590557117173635527e-10
1.548789600193861476e-04,7.299608291487116283e-10
1.548864919322968665e-04,-2.532805517833916189e-08
1.548765797241733692e-04,1.173927397862871495e-08
1.549222383158455377e-04,-2.414821256533115043e-08
1.549154778042384386e-04,-4.580503544664089010e-08
1.549352386990012723e-04,-5.406623769338434896e-08
1.548992617815387566e-04,-3.723566938883578865e-08
1.549121759296737664e-04,-6.376140278223466218e-08
1.548971407081617337e-04,-3.192482588573469338e-08
1.596003275707002231e-04,-5.509936237452004328e-06
1.599643815823644356e-04,-5.207810595343049964e-06
1.599186161459993161e-04,-4.622991211486492551e-06
1.604358354471045679e-04,-5.422929984492692512e-06
1.549577238889667007e-04,1.000076619132004139e-07
1.585290629061899951e-04,-1.645715078277937803e-06
1.551292820879167985e-04,1.949941554342931799e-07
1.565177068046026178e-04,5.346868060343848126e-07
1.549971021182583821e-04,-1.026225909820781333e-08
1.578025308582358061e-04,-6.608101471836934867e-06
1.591692275214453081e-04,-1.053780005506835219e-05
1.595336023575233224e-04,-1.065119536418038614e-05
1.598181489118652269e-04,-1.038975601444548420e-05
1.598910749650991826e-04,-1.075555345927500517e-05
1.601570273185805489e-04,-1.047616839136757076e-05
1.602811794858580261e-04,-1.083268175244884735e-05
1.596055817748704938e-04,-1.101432440725172619e-05
1.600557509037183943e-04,-1.008846836558589393e-05
1.592531028113549306e-04,-1.092346774639190033e-05
1.589613535928239370e-04,-1.115292964790215791e-05
1.550022624851441389e-04,-6.497829691825691167e-09
1.550029253864808538e-04,-5.331074004144823699e-09
1.550030402088521100e-04,-5.528991501179825920e-09
1.550036454672214128e-04,-4.194570093674371963e-09
1.550022391463662613e-04,-6.597034060220058382e-09
1.550013872512616452e-04,-7.466998591713461302e-09
1.550007199305209870e-04,-8.209762791630979527e-09
1.550000284418347435e-04,-8.706594857249287343e-09
1.550034952631603640e-04,-3.775450318918104839e-09
1.550040747642179102e-04,-2.650275849144200999e-09
1.605629146651173808e-04,-6.852022810278058203e-06
1.606556937021180731e-04,-9.941469806410947749e-06
1.549989609769254447e-04,-9.345173345771765521e-09
1.600428363337243578e-04,-5.691716622093166441e-06
1.605124448654127612e-04,-7.813356911205891360e-06
1.550028124172187622e-04,-2.129082928142036411e-09
1.550023731568506114e-04,-3.772150357464063177e-09
1.550027586328798005e-04,-2.215760625139057333e-09
1.603778464156747582e-04,-3.906522861025591849e-06
1.599255210008023397e-04,-3.680362806525011267e-06
1.549909621402676904e-04,-1.305920796735034723e-08
1.550030170899317577e-04,-2.919559191190584742e-09
1.549810569332738767e-04,2.528999764267188475e-08
1.549722018845348256e-04,-2.400865952101796695e-08
1.549404188868202538e-04,-2.544161583328529164e-08
1.549522860093446018e-04,-4.873460342557299863e-08
1.574651761078660263e-04,6.511992861819900698e-07
1.549975926723143901e-04,-9.611224659058544700e-09
1.549960972277069694e-04,-1.041594723066126438e-08
1.576980557811134864e-04,-9.227354695287950156e-06
1.577983865998193057e-04,-7.963465687766872088e-06
1.577674755242888186e-04,-7.062679186682694833e-06
1.578545168506119206e-04,-5.671959038784960606e-06
1.606620636968513968e-04,-1.072929543757559974e-05
1.549940750711043761e-04,-3.001957934043616842e-08
1.549985579330995645e-04,-9.930093462176040142e-09
1.576797694590457207e-04,-1.000965251987706989e-05
1.580193101327035006e-04,-1.023164640737111552e-05
1.548899356291702370e-04,-1.520615288365954471e-08
1.548863962851066388e-04,-2.379908656619518113e-08
1.549952831415101048e-04,-1.493862322529634247e-08
1.549971868943825725e-04,-1.007244370445241044e-08
1.549918685852974033e-04,-6.884761640187304028e-08
1.550035284747780919e-04,-4.843303362631688034e-09
1.597362391694714760e-04,-8.085191806122493067e-06
1.595891211486630344e-04,-9.209536259471887991e-06
1.598562994462970996e-04,-6.907355547594694983e-06
1.586166108814972297e-04,-9.650415521105263158e-06
1.594288518386666133e-04,-8.199950715287809615e-07
1.549998975084565089e-04,-8.728181037590715309e-09
1.582255329752983188e-04,3.095683257573021388e-07
1.550023305349941820e-04,-4.330127607998981980e-09
1.588087449851147506e-04,-7.384068558446491218e-06
1.587105448739479119e-04,-8.550685684929231869e-06
1.550003734912823894e-04,-7.889465520991238188e-09
1.582830215654911215e-04,-1.129933146696533208e-05
1.550028314398154111e-04,-4.908971889372313637e-09
1.549977286299539052e-04,-1.019263280549696036e-08
1.549668193693552222e-04,-6.803805088180858592e-08
1.549860694736224351e-04,-5.356841276979491714e-08
1.550243177733570243e-04,-2.609634162400473696e-07
1.550014483857906707e-04,-6.288741029220774953e-09
1.549537756712756557e-04,-1.163895678792592583e-07
1.550010086369746419e-04,-6.433813285079525339e-09
1.550009527046377006e-04,-8.058135312723270528e-09
1.550005638598190520e-04,-1.389738504792492127e-08
1.549959491590890558e-04,-2.815016311261572326e-08
1.601466648941953191e-04,-8.209682037854545595e-06
1.548748843103098965e-04,-5.820873172663860187e-11
1.597149025075378695e-04,-1.000336835244941386e-05
1.549987337093047064e-04,-8.933783618584072897e-09
1.596880246180681429e-04,-5.982549497514801407e-06
1.567055612834467612e-04,-8.367414830489916378e-07
1.549904066577542422e-04,-9.533046208293163500e-08
1.583335036618161687e-04,-8.412303153895221304e-06
1.567659596218568929e-04,2.107816520144273494e-07
1.586416923164025853e-04,-2.929266458768635112e-06
1.550042486784290947e-04,-3.170953855732819574e-09
1.559850725279268116e-04,8.621012671965435537e-08
1.550021312014396096e-04,-4.854984047964724758e-09
1.577134337234306508e-04,2.805438005615365912e-07
1.581988876500353084e-04,-4.655584525021187396e-07
1.548988416989297858e-04,-5.115131295763299661e-08
1.606193927674305600e-04,-8.700996147955079515e-06
1.552887482601614949e-04,3.135315829726913144e-08
1.549994109792184960e-04,-9.268716264537970441e-09
1.597531452302397808e-04,-1.198483541776507452e-06
1.549425063142643674e-04,-8.548514023208991850e-08
1.549957086837615522e-04,-1.074241097161062023e-08
1.584832870739500950e-04,-2.477792191561446857e-06
1.549728015481459376e-04,-1.933481410449651151e-07
1.597192688852082680e-04,-1.135913101681543277e-05
1.550019975615466209e-04,-6.641593153248929893e-09
1.550675189951329733e-04,6.111275048395872552e-08
1.549990309882819388e-04,-8.882874569315532283e-09
1.576673242944900315e-04,-1.110965643724955874e-05
1.604272624334696366e-04,-1.138579057111937754e-05
1.550047861277765722e-04,-2.313729626863122086e-09
1.596763503624592671e-04,-2.443521596616996982e-06
1.549995015538191856e-04,-8.912616923275168810e-09
1.549926746753144591e-04,-1.247272033643068400e-08
1.584690218994182090e-04,-6.448848576358478387e-08
1.579835266735520147e-04,-9.791617225335012224e-06
1.578911587588366534e-04,-5.216820896313274459e-06
1.549890340554621886e-04,-2.920447218879447173e-08
1.555290648007969249e-04,3.623299325779931619e-07
1.601131863381008772e-04,-6.169273390316109084e-06
1.581704435365369644e-04,-6.345482074296943116e-06
1.586560395922409375e-04,-4.781249386343849913e-06
1.549832906403879806e-04,-7.129630488118695310e-08
1.586139403093148352e-04,-1.100641765719534886e-05
1.601751140362110064e-04,-6.635781838075945433e-06
1.602911695879233084e-04,-2.956605279794561351e-06
1.549925843479172316e-04,-1.511542437163991382e-08
1.558586504369766697e-04,-2.231112601834273756e-07
1.595631261302985513e-04,7.511116816131198394e-07
1.587700548301823589e-04,3.498337187945929693e-07
1.577131855426536417e-04,-8.839490259574064884e-06
1.602230835720014519e-04,-2.008845012391986470e-06
1.599447275716612291e-04,-9.435218693671306475e-06
1.581314195158772720e-04,-7.625868172056053536e-06
1.550006283203599067e-04,-8.081351322106819613e-09
1.550035018104811550e-04,-1.606706265805963984e-09
1.549984830146646918e-04,-9.804906080444636999e-09
1.601064879505095350e-04,-5.381312958464442604e-07
1.549911437691302480e-04,-3.934086186722647086e-08
1.549648296258828600e-04,-4.290427586661050237e-08
1.549821167284469101e-04,-3.369733161630083845e-08
1.549293527926392253e-04,2.454655178632864415e-08
1.549266073976879733e-04,-7.002039068704713722e-08
1.549947124708386608e-04,-1.926077045438534765e-08
1.570479588376979901e-04,-7.504633499226071162e-07
1.579920304157660983e-04,-2.402995421612573298e-06
1.549950342367788334e-04,-1.100700007840747971e-08
1.550019089540537231e-04,-4.480065314015507972e-09
1.550031295321347129e-04,-1.682325658043964581e-09
1.592661473090634420e-04,3.513067088875365375e-07
1.550025798175601527e-04,-3.441561350857580607e-09
1.573954800231561592e-04,-1.260059084363706241e-06
1.602307225036240157e-04,-7.087547925709603126e-06
1.557592619196415716e-04,-4.750857615672176544e-07
1.550025718531048314e-04,-4.260127441781484019e-09
1.599592814217578229e-04,-1.107777100542650291e-05
1.550030413722130486e-04,-2.530690571761624559e-09
1.549001065031904061e-04,9.880862419321389054e-09
1.550024299842323874e-04,-3.509402380656437871e-09
1.603303701873194155e-04,-8.954619872918935750e-06
1.551843991274002893e-04,1.097940358427207471e-07
1.599260370674533682e-04,-9.775800331015256861e-06
1.600255891842483462e-04,7.371323371104073475e-07
1.595227605558601749e-04,-3.734195019509195554e-06
1.576048888927400850e-04,-1.075744724868567655e-05
1.549521873291653394e-04,-7.159477787220251664e-08
1.550309419509027329e-04,-2.211037613080083896e-07
1.549987293181674588e-04,-9.781894074274696683e-09
1.557789475559345120e-04,4.793163867055058643e-07
1.548747591343432449e-04,5.463751677842934559e-09
1.549841719912158577e-04,-2.879503087211986324e-08
1.581255988538815310e-04,-5.913307321634700818e-06
1.585129846026307125e-04,-4.101729588769839675e-06
1.607260937724780967e-04,-1.141088145676921767e-05
1.549902701963633083e-04,-1.511524453349889926e-08
1.603909119638620667e-04,-1.017243171056947745e-05
1.548797369826026226e-04,-1.089914107670231991e-08
1.550050737149933624e-04,-1.153798222512127893e-09
1.561259558602050746e-04,-7.485224155678672005e-07
1.592761064157536481e-04,-2.411391113788227430e-06
1.576235665766334744e-04,-1.140264809953923387e-05
1.549990316834933782e-04,-8.421741995123683985e-09
1.602744794603602936e-04,-7.517210935932319174e-06
1.550042828534525558e-04,-1.199553259197728798e-09
1.601877463236806205e-04,-1.356341779562213542e-06
1.549892701702419349e-04,-1.300480813766139600e-07
1.580501688448331815e-04,-7.267748193112389952e-06
1.579373638288602980e-04,-9.420375970181063793e-06
1.550017499628700062e-04,-5.287983213775047385e-09
1.549111091308040652e-04,-6.595080810907888902e-08
1.579967677213622683e-04,-1.109128104984260146e-05
1.599689617359664425e-04,-3.263646587046138400e-06
1.600717029588053886e-04,-4.150353818890505302e-06
1.549969839203194240e-04,-1.008259851560856837e-08
1.549872159581322756e-04,-2.044553770190622758e-08
1.580341401518782875e-04,-8.289608862214062557e-06
1.550037714812200736e-04,-4.335468451704279139e-09
1.549900712413702843e-04,-6.926231531628655563e-08
1.550638017921573963e-04,-1.915841720865392043e-07
1.549134018522902259e-04,-8.035004044442783876e-08
1.598161259839715894e-04,-7.738339600350032724e-07
1.549989098161209835e-04,-6.718418006603967059e-09
1.550000200492463614e-04,-8.443915199343121457e-09
1.601271583578928051e-04,3.718340032190745671e-07
1.604443187680747185e-04,-1.052485504341834141e-05
1.549943720352666213e-04,-1.161101948190930372e-08
1.578003927388816859e-04,-2.741823918962349596e-06
1.602729369471272915e-04,-1.115178642171226014e-05
1.578804777822693140e-04,-1.056464538783451130e-05
1.589944451907239693e-04,-1.144734615783752427e-05
