Size 674,2
1.637008870001306407e-05,1.219291784191630584e-07
1.580361389637226525e-05,0.000000000000000000e+00
1.642737458334649181e-05,-1.189603155950735106e-06
1.605761746917577115e-05,-1.189599238998302867e-06
1.607501988446662956e-05,-4.551417911513280175e-07
1.581378623170101022e-05,-4.596783480791483338e-09
1.581618089881931319e-05,-8.186834376435750516e-10
1.581688687935022829e-05,0.000000000000000000e+00
1.631575321518699431e-05,1.219897922716207376e-07
1.626061876777819946e-05,1.216043149196697108e-07
1.620496227910732493e-05,1.200733628423205412e-07
1.614963116576934203e-05,1.169250798509577722e-07
1.609562036252526002e-05,1.119532575018879217e-07
1.604394798327548892e-05,1.050061967992649646e-07
1.599577856550145566e-05,9.619719250148328163e-08
1.595215072249312998e-05,8.573217084542686451e-08
1.591439169410601738e-05,7.426388458121579576e-08
1.588267019451045474e-05,6.127692882724686998e-08
1.585758488862675593e-05,4.896035570574830860e-08
1.583879087792808862e-05,3.775519145674555722e-08
1.582540325018433794e-05,2.770630135574749509e-08
1.581641377468990503e-05,1.948356918455836367e-08
1.581081876224369262e-05,1.306521468559154487e-08
1.580740826872183849e-05,8.341993605424588384e-09
1.580542208080110847e-05,5.044627613556308448e-09
1.580430174952750832e-05,2.797956854053129118e-09
1.580380489874523057e-05,1.202836892404286225e-09
1.642737763972829622e-05,-1.152469295054531855e-06
1.642737710983062371e-05,-1.114380385742379668e-06
1.642736163184068432e-05,-1.075284308356882232e-06
1.642730260711963331e-05,-1.035156530688980330e-06
1.642717478087411389e-05,-9.939793232720036570e-07
1.642695520723399396e-05,-9.517511305361557673e-07
1.642661634729272410e-05,-9.084516235512191012e-07
1.642612211899271174e-05,-8.640826427075365146e-07
1.642544020040696167e-05,-8.186576840259147772e-07
1.642454484392870913e-05,-7.722375737503229827e-07
1.642335317075845142e-05,-7.248097644916328325e-07
1.642183194065204371e-05,-6.764729719959288449e-07
1.641993717147790315e-05,-6.273046718028729001e-07
1.641761613695099463e-05,-5.774123352309468485e-07
1.641481654330060133e-05,-5.269345837001264870e-07
1.641152252077730675e-05,-4.760899749188253242e-07
1.640763826378079394e-05,-4.250638081562493276e-07
1.640317994917690615e-05,-3.740643600499134175e-07
1.639831653070504631e-05,-3.234323103654067248e-07
1.639313218318014969e-05,-2.733023490537579947e-07
1.638801270367688570e-05,-2.238329998941403798e-07
1.638297476386609683e-05,-1.750263302899618252e-07
1.637838017194299324e-05,-1.268896143724204777e-07
1.637463768789537387e-05,-7.890434339793167453e-08
1.637200204870942305e-05,-3.078273027131893185e-08
1.637055874543364632e-05,1.837063187890068025e-08
1.637010872150755311e-05,6.905109260558026674e-08
1.609464994045973341e-05,-1.189582795940722589e-06
1.613165632730306133e-05,-1.189546789251922640e-06
1.616863509134382847e-05,-1.189505604089887563e-06
1.620557938074335491e-05,-1.189470503002691495e-06
1.624249912925824726e-05,-1.189457987471026302e-06
1.627942494050255628e-05,-1.189469801187675650e-06
1.631636394215368061e-05,-1.189502045121476923e-06
1.635333483543736888e-05,-1.189545668534987561e-06
1.639034127544011527e-05,-1.189585328675593842e-06
1.605761526078778478e-05,-1.153839711083375172e-06
1.605761392430163977e-05,-1.117194411344549736e-06
1.605762360913114674e-05,-1.079616674178466805e-06
1.605767271391451016e-05,-1.041084643630599257e-06
1.605778044256459385e-05,-1.001584389571413388e-06
1.605796738421305471e-05,-9.610985625355355966e-07
1.605826033353230690e-05,-9.196190771096392157e-07
1.605868632116335445e-05,-8.771607563149995792e-07
1.605927945989808346e-05,-8.337145311113625358e-07
1.606005339065128055e-05,-7.893292764077488581e-07
1.606106315175518504e-05,-7.439933858938889345e-07
1.606234534769102282e-05,-6.977531568581647846e-07
1.606393306627672051e-05,-6.506981302231535459e-07
1.606589601325209525e-05,-6.028558602806688705e-07
1.606828376974335596e-05,-5.542473567115440658e-07
1.607122468591813463e-05,-5.050128915734094345e-07
1.607591706088539184e-05,-4.027375098242301141e-07
1.607032282080130025e-05,-3.512315779742413137e-07
1.605771045410897039e-05,-3.017294354425416322e-07
1.603883419914487200e-05,-2.556034861277455174e-07
1.601425221238296308e-05,-2.128837837101353989e-07
1.598502245467948028e-05,-1.749899299963684436e-07
1.595393728254366659e-05,-1.414416807980345074e-07
1.592176904049245998e-05,-1.132764673340170017e-07
1.589331417717490893e-05,-8.983259404605723526e-08
1.586861290459741679e-05,-7.085598944544018353e-08
1.584947931040229846e-05,-5.548642561429475436e-08
1.583540662367340901e-05,-4.305955028055863877e-08
1.582588068928604991e-05,-3.305345412516577146e-08
1.581983843047239408e-05,-2.490017022489768574e-08
1.581634115303804552e-05,-1.839243283038919875e-08
1.581456269659101084e-05,-1.329826680126741776e-08
1.581375224601762241e-05,-9.326485826938309201e-09
1.581362812482508425e-05,-6.487203833785958923e-09
1.581406323256316209e-05,-3.365347367279054138e-09
1.581442479394681532e-05,-2.557713138109395350e-09
1.581475291364157362e-05,-2.032126218196550850e-09
1.581504345553121329e-05,-1.671344481586416032e-09
1.581529783291397458e-05,-1.431770784345133094e-09
1.581551856147850703e-05,-1.279645331266066207e-09
1.581569309379340081e-05,-1.183020522156519161e-09
1.581583571954714424e-05,-1.127920312498673477e-09
1.581594542499100407e-05,-1.094963019175631721e-09
1.581602908093483669e-05,-1.072485318901218896e-09
1.581609053504345717e-05,-1.056012503079154319e-09
1.581613263859082421e-05,-1.039074765598824831e-09
1.581615911823479881e-05,-1.016205008820313733e-09
1.581617337662124558e-05,-9.833061078293579554e-10
1.581617919902740820e-05,-9.387083863398416170e-10
1.581618026403562097e-05,-8.818479412992929491e-10
1.581686637791830275e-05,-1.406267788300810418e-10
1.581681957265654558e-05,-2.668486046733805011e-10
1.581675389402417237e-05,-3.803517422388504386e-10
1.581667752236828579e-05,-4.833189288338827849e-10
1.581659106734887614e-05,-5.732772526979058798e-10
1.581650127517152731e-05,-6.521851663900339731e-10
1.581641215191144855e-05,-7.186431668380162567e-10
1.581632796062626257e-05,-7.709225949859872930e-10
1.581625039712041933e-05,-8.052378299777967701e-10
1.580342678908793456e-05,0.000000000000000000e+00
1.580365334565970615e-05,0.000000000000000000e+00
1.580444124213329179e-05,0.000000000000000000e+00
1.580572987589451696e-05,0.000000000000000000e+00
1.580740227625649497e-05,0.000000000000000000e+00
1.580923698858220820e-05,0.000000000000000000e+00
1.581103856483061790e-05,0.000000000000000000e+00
1.581265551168360673e-05,0.000000000000000000e+00
1.581397537339383733e-05,0.000000000000000000e+00
1.581497136893987845e-05,0.000000000000000000e+00
1.581568041684352808e-05,0.000000000000000000e+00
1.581613677933833267e-05,0.000000000000000000e+00
1.581642562678586307e-05,0.000000000000000000e+00
1.581657100259514393e-05,0.000000000000000000e+00
1.581663459606679197e-05,0.000000000000000000e+00
1.581665208258522707e-05,0.000000000000000000e+00
1.581664731241444051e-05,0.000000000000000000e+00
1.581663414985651336e-05,0.000000000000000000e+00
1.581662352084377111e-05,0.000000000000000000e+00
1.581662058615537997e-05,0.000000000000000000e+00
1.581662672003200667e-05,0.000000000000000000e+00
1.581664364043704890e-05,0.000000000000000000e+00
1.581667011819516225e-05,0.000000000000000000e+00
1.581670432954814767e-05,0.000000000000000000e+00
1.581674476497463240e-05,0.000000000000000000e+00
1.581679088115694014e-05,0.000000000000000000e+00
1.581683872788679722e-05,0.000000000000000000e+00
1.608965718885151672e-05,-9.815796332068138650e-07
1.581613932766836586e-05,-1.030414633662433058e-09
1.581661066484588526e-05,-5.915732505017084686e-10
1.625779132415459355e-05,-1.155950451968835616e-06
1.609266279935831309e-05,-8.597588025093337880e-07
1.581592394089270377e-05,-1.080348285273942582e-09
1.581709591270162379e-05,-2.220998132627040659e-08
1.605612326750761087e-05,-2.096039133219977526e-07
1.639078903069683883e-05,-9.313734493768339722e-07
1.581662310129770683e-05,-1.908459536237449262e-10
1.581662461894676393e-05,-2.329708397977379433e-10
1.638602683380559921e-05,-7.464842899853717897e-07
1.610344709557439094e-05,-6.263461119991166754e-07
1.581523268079556359e-05,-1.758835176466410705e-09
1.634015776867519873e-05,-9.986559406661293280e-08
1.580660938570653225e-05,-2.145415093027189530e-09
1.634392561834426626e-05,-2.503916905009878509e-07
1.581191166939247277e-05,-2.341827466296542896e-09
1.581472188024209401e-05,-3.748258523897046455e-09
1.611333571272709087e-05,-4.816347673042822791e-07
1.612127507589119008e-05,7.012668783441364464e-08
1.580788121604424342e-05,6.570416705450658592e-09
1.637496248847482487e-05,-6.022163765176787291e-07
1.581660047838893862e-05,-4.421464756748503206e-10
1.611427588186385427e-05,-3.681214735258362933e-07
1.581488391287834105e-05,-8.188953552708679668e-09
1.582600623417809474e-05,-3.462997827465024058e-08
1.598545355924510368e-05,-1.272577064026213679e-07
1.581593495289427981e-05,-9.815962399387553432e-10
1.636640500035405643e-05,-4.502720685343559282e-07
1.581671791080011883e-05,-1.897747334574631061e-10
1.639398147595078845e-05,-1.055206782009349666e-06
1.590589204681359440e-05,-7.225101069981471619e-08
1.585219490100181822e-05,-4.849899947243964684e-08
1.636009713386137146e-05,-3.492936159895625036e-07
1.581466143672948579e-05,-1.709761138183191059e-09
1.581660648255792611e-05,-2.020210579250128664e-10
1.638678770421496408e-05,-8.429024818470826151e-07
1.609673237929168957e-05,-7.647455116256838463e-07
1.581573215113292349e-05,-1.167331360779756280e-09
1.581879604877282198e-05,1.440143638525327172e-08
1.601787698477807762e-05,6.076294692949352592e-08
1.608707286216625194e-05,-1.060116728439923643e-06
1.581620357023151222e-05,-9.890864836671710134e-10
1.619293384209001774e-05,-1.162416629549453282e-06
1.581644371663956458e-05,-7.486687157285338697e-10
1.623157432369653200e-05,7.840910716962003040e-08
1.580435790825850432e-05,2.236199087203984846e-09
1.584615863405634090e-05,2.541194428031787917e-08
1.592637663386436148e-05,4.494100297188220151e-08
1.581676053336650417e-05,-3.663996991125708643e-10
1.633487316024759633e-05,-1.159150901045849191e-06
1.632641939016753497e-05,-6.468391257888542969e-09
1.580406519660255507e-05,-8.132916199706571846e-10
1.581628298311861625e-05,-8.545450703197361927e-10
1.611160612760747162e-05,-1.161082666624974156e-06
1.638934069943266049e-05,-1.132919125773997331e-06
1.581680011565357783e-05,-1.535259082423634042e-10
1.608076001950067797e-05,-2.490976433390734829e-07
1.610166362419362973e-05,-2.067226463161959737e-07
1.607700308963448704e-05,-1.660521624574291207e-07
1.612496811119170371e-05,-1.661192207766172297e-07
1.610023429792350883e-05,-1.259016755512083815e-07
1.615022009337427751e-05,-2.081703398102158424e-07
1.614788947750746999e-05,-1.258241927945493670e-07
1.612073729304321239e-05,-8.612327721613999974e-08
1.616983555351044860e-05,-8.570605134803797618e-08
1.619717184335961815e-05,-1.258378363035200215e-07
1.606674363760194783e-05,-8.958975714143475788e-08
1.609319879454452614e-05,-4.825934755823624033e-08
1.604662685081641738e-05,-4.829784015013209207e-08
1.622027330310119649e-05,-8.499417179277041343e-08
1.619250247762884145e-05,-4.612728886832049909e-08
1.606813886486795794e-05,-1.092188158064310391e-08
1.602111955910431393e-05,-1.287021665477054168e-08
1.600132411157089969e-05,-4.705665055976254710e-08
1.597745401976569839e-05,-1.456769267520760848e-08
1.624790367161392375e-05,-1.254835065577233337e-07
1.622566255394341888e-05,-1.669398263028512722e-07
1.627547115497396553e-05,-1.668686839977178041e-07
1.626021619866032346e-05,-2.079758469543477926e-07
1.611755749065335062e-05,-9.760123604015343876e-09
1.624342276564757329e-05,-4.451081284218300895e-08
1.595681587072800324e-05,-5.300311923644913780e-08
1.593804986341183997e-05,-1.676036853899176134e-08
1.622100759283287289e-05,-4.917025298754667261e-09
1.581575523780016872e-05,-1.661737986474408280e-08
1.581495338790465553e-05,-1.887239738040887848e-08
1.581476490261489142e-05,-1.504089389101369486e-08
1.581314339323939313e-05,-1.531398688241102152e-08
1.581297169595145472e-05,-1.792519924013644512e-08
1.581098159585379666e-05,-1.380131369317075852e-08
1.581063255800446008e-05,-1.483455039324350019e-08
1.580879289921569431e-05,-1.106279153123907396e-08
1.581351772414393695e-05,-1.235125648404925780e-08
1.580855019326395642e-05,-1.070091781693628773e-08
1.581099265319993306e-05,-1.441459309355562249e-08
1.580920601437477670e-05,-9.868275892143605325e-09
1.580668577544469861e-05,-7.109180204742773748e-09
1.580899564646429375e-05,-8.425185618756570800e-09
1.581243185387308327e-05,-1.166243670144758167e-08
1.581476150704907370e-05,-1.163584290270569983e-08
1.581397082917204391e-05,-9.506582503834799016e-09
1.581502726483286801e-05,-8.626093058454048571e-09
1.581447626113873650e-05,-6.962845628315002459e-09
1.581531912172488510e-05,-6.204485612949047396e-09
1.581241191683451129e-05,-9.651195038181582553e-09
1.581490806775069790e-05,-1.908388996393632690e-08
1.581704658912531328e-05,-1.525362020080427450e-08
1.581050305281234369e-05,-3.883578984027267313e-09
1.581494313359668353e-05,-4.880169698180986013e-09
1.581561638149210481e-05,-4.310393600775049158e-09
1.581571449817883312e-05,-5.125678512951424066e-09
1.581593907029704864e-05,-3.614351022165108887e-09
1.581578726507880129e-05,-4.008033435607998804e-09
1.581602030459231979e-05,-2.900384063996080752e-09
1.581615713401268264e-05,-2.463736728569243195e-09
1.581622236873593537e-05,-2.053771705065625281e-09
1.581597950223100646e-05,-2.303806522120383963e-09
1.581619247298976147e-05,-1.694574794824296322e-09
1.581634346018465930e-05,-1.604151258658357007e-09
1.581590182997433546e-05,-1.845557982534283165e-09
1.581613199654465456e-05,-1.415161323722478181e-09
1.581635589273502340e-05,-1.227174081911854475e-09
1.581630173298378177e-05,-1.081851482329148201e-09
1.581607765001732870e-05,-1.222828961454393956e-09
1.581624804533874709e-05,-9.841281542068671169e-10
1.581604394662562428e-05,-1.100394847083069638e-09
1.581621007667498107e-05,-9.271140812852415905e-10
1.581637379452356494e-05,-7.902629517719396017e-10
1.581633522550180928e-05,-7.817825452468952435e-10
1.581618992039179693e-05,-9.027871128864019670e-10
1.581631053093808683e-05,-7.922683029729860429e-10
1.581618476404822039e-05,-9.017181113252402474e-10
1.581630025353357279e-05,-8.132422769998183987e-10
1.581640631043297710e-05,-6.901897557169430965e-10
1.581639424360053309e-05,-7.276754650259080987e-10
1.581629970086023465e-05,-8.403042475897990717e-10
1.581639037195822106e-05,-7.663850559020918186e-10
1.581630417074890351e-05,-8.692004701196707855e-10
1.581639248047682166e-05,-8.003631747445789248e-10
1.581647133255780410e-05,-6.867211838398141413e-10
1.581647386395071555e-05,-7.238690522692809961e-10
1.581639722578878702e-05,-8.254475293447322687e-10
1.581654515863040238e-05,-5.990911267621628074e-10
1.581655077675616882e-05,-6.381550079638284358e-10
1.581620905859651015e-05,-9.300453300972495454e-10
1.581648174408522840e-05,-5.913767796051861831e-10
1.581647574777727587e-05,-8.706096977461349347e-10
1.581654200194945818e-05,-5.509496785769703449e-10
1.581645896641599197e-05,-6.376974236820330568e-10
1.581660380793601571e-05,-4.496652506675124668e-10
1.581559293309386260e-05,-2.378089016270498406e-09
1.581650666999830418e-05,-5.282575929487794707e-10
1.581604618572993911e-05,-9.947533683580961374e-10
1.581582720906901811e-05,-1.309783382827172393e-09
1.581622725518283434e-05,-9.468700642461419577e-10
1.581613409903363080e-05,-9.980661187912700582e-10
1.581385556500243265e-05,-4.975419371795312031e-09
1.581650554340229193e-05,-6.172556393894765108e-10
1.581655690840327944e-05,-4.251036377433307196e-10
1.580748193699951706e-05,-3.306302999406982403e-09
1.581585632689534582e-05,-1.168833692058848288e-09
1.581610480420641613e-05,-9.877114083417933869e-10
1.581553984049205851e-05,-5.379867364118295468e-09
1.581532808415563789e-05,-3.003547173250912081e-09
1.583634411548624386e-05,-4.135595816169054585e-08
1.583854104090656821e-05,-3.138678007148769917e-08
1.585612331958131458e-05,-3.244129043266816724e-08
1.584243297579073745e-05,-1.564463603825013044e-08
1.586080772651836819e-05,-1.100717999958330780e-08
1.587823643084404216e-05,-2.934096084900224424e-08
1.588559449959871386e-05,-1.973130350241802157e-09
1.586674684500732647e-05,1.287209209336798246e-08
1.595456032972904049e-05,-9.747057008209966269e-08
1.582010403423874764e-05,-2.829378939805433965e-08
1.582944938343575748e-05,-1.838113740375605353e-08
1.583163456923087630e-05,-3.391417086065724613e-09
1.610763737493467798e-05,-3.181901902804053008e-07
1.615232810955708227e-05,-3.312207724294934742e-07
1.616109326410018141e-05,-3.815049941914517125e-07
1.619768864707904252e-05,-3.472843502500133951e-07
1.620858623748668402e-05,-3.947774517155681499e-07
1.624220352046437497e-05,-3.631272418681695366e-07
1.625259083995166391e-05,-4.128308531855223926e-07
1.621115988070971964e-05,-4.462880566664779719e-07
1.626569983464304709e-05,-4.629164953059416399e-07
1.622988313254973501e-05,-4.970716753012669923e-07
1.627599521930152025e-05,-5.127304766958572520e-07
1.624053470566223469e-05,-5.460373360349575351e-07
1.619567919782960739e-05,-5.319942318820246028e-07
1.620543739424663377e-05,-5.799568279947641134e-07
1.625060552231306191e-05,-5.945477475759427722e-07
1.621572357159434065e-05,-6.276900624822033542e-07
1.626060571484047435e-05,-6.422891451724499638e-07
1.622630397015911914e-05,-6.748180407620260847e-07
1.627059556926163412e-05,-6.892926040575903753e-07
1.623718155665749213e-05,-7.213093262369882069e-07
1.628054076802094871e-05,-7.355328770384946066e-07
1.624767929832007381e-05,-7.669503177458718095e-07
1.629047922740619662e-05,-7.807421117224415704e-07
1.625754525989556428e-05,-8.116982433291994358e-07
1.621538245715749307e-05,-7.983576573787687629e-07
1.622552656714306666e-05,-8.422155082668016053e-07
1.626690834187471539e-05,-8.553169846319776115e-07
1.623545855183303988e-05,-8.852176973519493285e-07
1.627603113468570892e-05,-8.981127552853728393e-07
1.624473332233074862e-05,-9.272118906451037099e-07
1.620478596798205240e-05,-9.148336391016157489e-07
1.621422410831864819e-05,-9.563414546801825770e-07
1.625358701672887781e-05,-9.683625593521166143e-07
1.622380178794218208e-05,-9.966980073272484210e-07
1.626211758396993622e-05,-1.008713100895149137e-06
1.623275044589025064e-05,-1.036256436101796504e-06
1.627059986088754022e-05,-1.048132966862719271e-06
1.619466655814917537e-05,-1.024610614472003252e-06
1.629046994232947437e-05,-9.815142483896197601e-07
1.620365396459380212e-05,-1.063336516461233109e-06
1.619289541975098366e-05,-7.077190147945953184e-07
1.623301983083077625e-05,-3.143626740393272923e-07
1.617482173115502892e-05,-9.442220218877465847e-07
1.618425199084409110e-05,-8.294978792017469346e-07
1.616491324906569853e-05,-9.027311579812577048e-07
1.630422194129168805e-05,-6.576587772691583093e-07
1.616537044806353658e-05,-1.051999006656079366e-06
1.630811152382622575e-05,-8.685476943137285411e-07
1.632085711501992927e-05,-9.159410576174972401e-07
1.615688132110787870e-05,-1.013530370981156554e-06
1.617509680940984717e-05,-1.089230499723914674e-06
1.621308000556945605e-05,-1.101498060386268319e-06
1.617366881557814816e-05,-7.861784994382413184e-07
1.615504633420765358e-05,-5.648930249687313414e-07
1.613116133055859784e-05,-9.308698177343893655e-07
1.628142566842799815e-05,-3.332636094001345229e-07
1.626735840111713245e-05,-2.846304187253226334e-07
1.622017793133693852e-05,-2.662376974845549293e-07
1.614257549502109618e-05,-2.860592465341598610e-07
1.629399025213725913e-05,-4.218154795358728127e-07
1.614149507097403333e-05,-8.170108846223291474e-07
1.613873655442134679e-05,-1.080425233194254737e-06
1.614694223194564868e-05,-1.114398080600056665e-06
1.611016535652468995e-05,-1.105284180699841733e-06
1.581510112546687032e-05,-1.177177343398418940e-08
1.581558874268236282e-05,-1.351743232237240086e-09
1.602823754787397967e-05,-1.612859616327486430e-07
1.602436844404987471e-05,-1.142105082924347549e-07
1.631321133506949490e-05,-2.933839630656860021e-07
1.635068092070914131e-05,-8.783898843579715509e-07
1.632249764048073769e-05,-7.502840681507465119e-07
1.633374085031385678e-05,-7.952170572770948259e-07
1.581660381955223572e-05,-3.630578588185193358e-10
1.581664124703632132e-05,-3.017013267229392137e-10
1.582581493512887842e-05,-2.923647593484019794e-08
1.595569263514570919e-05,1.566458142524710463e-08
1.581650584949921966e-05,-9.391113746242107109e-10
1.627333360292325176e-05,-4.175250846676656194e-09
1.589283037398234611e-05,2.470494215390865251e-08
1.612497528342069416e-05,-4.225379323293476780e-07
1.615794180895742586e-05,-4.544871512238570209e-07
1.587658280738073004e-05,-5.768054513864692152e-08
1.630551830653739255e-05,-2.081649043267686689e-07
1.632557587261596464e-05,-1.693668821834209142e-07
1.582105802238217661e-05,-7.372171076865777962e-09
1.615209423511948105e-05,-5.107348743823368220e-07
1.620877865637445654e-05,-2.151996078080062203e-07
1.612652997857506485e-05,-8.830206952074364183e-07
1.581548593925138620e-05,-1.893708516059540786e-09
1.581588503803139760e-05,-2.285741760354970488e-08
1.581509804114016488e-05,-2.428692041798066697e-09
1.581666054629179304e-05,-3.427467124134609503e-10
1.629352811637513297e-05,-4.501239485325953891e-08
1.630097781934504520e-05,3.424383553124561370e-08
1.581615859621222540e-05,-1.667532007607462785e-09
1.581638478489589717e-05,-8.801454956479057549e-10
1.592098904618329791e-05,-4.691902258698650547e-08
1.614775689464291529e-05,-9.730042475597516561e-07
1.581659286930911257e-05,-5.584021591034465009e-10
1.581649665594808687e-05,-9.344280542309906247e-10
1.581655491501641924e-05,-5.938895862811750890e-10
1.617197820285584615e-05,-6.141842889301250281e-07
1.618254935359608276e-05,-6.616204954260884496e-07
1.614357297053866457e-05,-6.998385288046435599e-07
1.616283110310754389e-05,-7.447990153430119999e-07
1.581647742376455316e-05,-7.497832261079504908e-10
1.581640077719743877e-05,-8.383317536692419637e-10
1.581632273834422718e-05,-9.041971699631593894e-10
1.581647966208755802e-05,-7.593475584767660892e-10
1.581632840617997545e-05,-9.040583596499406938e-10
1.581624571146874865e-05,-9.692680048009462325e-10
1.581624396488674704e-05,-9.585336298508655775e-10
1.636557540016808795e-05,-5.020593184758009039e-07
1.637955787664172988e-05,-6.511177380051048261e-07
1.639034604553737259e-05,-9.725768027164841372e-07
1.635428991743935939e-05,-9.498220205294509004e-07
1.635393585204183100e-05,-9.931468311740489801e-07
1.604305250544408641e-05,2.509104719893258427e-08
1.617650766632826900e-05,7.518806116278650512e-08
1.580558258468434699e-05,3.949535194964991018e-09
1.580475872019058669e-05,9.786282772172664764e-11
1.580397406374173515e-05,7.448579889126632428e-11
1.580474262628366868e-05,-2.584495426362399668e-09
1.580373117647513762e-05,1.197885099858971677e-09
1.580839021644170418e-05,-2.464103322989959410e-09
1.580770036831850210e-05,-4.673983208839064887e-09
1.580971678615146741e-05,-5.516963029939932622e-09
1.580604567212466253e-05,-3.799558100905852802e-09
1.580736344234251874e-05,-6.506265590025654295e-09
1.580582923606578492e-05,-3.257635294467036118e-09
1.628574626285541612e-05,-5.622383915767346991e-07
1.632289463139258848e-05,-5.314092444227603668e-07
1.631822468890634778e-05,-4.717337970904600075e-07
1.637100216861094609e-05,-5.533602024992533073e-07
1.581201119329078792e-05,1.020486346052885582e-08
1.617643354198706215e-05,-1.679301100283593489e-07
1.582951713195916254e-05,1.989736279941539434e-08
1.597119312345772328e-05,5.455987816677379368e-08
1.581602937995320155e-05,-1.047169295735422787e-09
1.610229761872641928e-05,-6.742960685547887665e-07
1.624175646191106144e-05,-1.075285719904929632e-06
1.627893756763329066e-05,-1.086856669814331089e-06
1.630797293032127730e-05,-1.060179185147495769e-06
1.631541436432472502e-05,-1.097505455028065447e-06
1.634255235957792773e-05,-1.068996774629343998e-06
1.635522094807560604e-05,-1.105375689025391766e-06
1.628628240613813006e-05,-1.123910653801194009e-06
1.633221803153074572e-05,-1.029435547508764760e-06
1.625031516496309216e-05,-1.114639565958355673e-06
1.622054483654151449e-05,-1.138054045704302614e-06
1.581655594800276490e-05,-6.630438461035732773e-10
1.581662359099634423e-05,-5.439871432808546097e-10
1.581663530756482504e-05,-5.641828062410068665e-10
1.581669706862291869e-05,-4.280173564962640982e-10
1.581655356649483391e-05,-6.731667408365854676e-10
1.581646663842293583e-05,-7.619386318031711775e-10
1.581639854446978787e-05,-8.377308971043503912e-10
1.581632798439977028e-05,-8.884280466586572694e-10
1.581668174167790699e-05,-3.852500325427395727e-10
1.581674087443888117e-05,-2.704363111364950845e-10
1.638396943575510313e-05,-6.991860010487855527e-07
1.639343668442866909e-05,-1.014435694531727759e-06
1.581621905940902551e-05,-9.535891169139111653e-10
1.633090021826603478e-05,-5.807874104176689581e-07
1.637881945619343104e-05,-7.972813174699875227e-07
1.581661206352059633e-05,-2.172533600135517778e-10
1.581656724103403333e-05,-3.849133017815350071e-10
1.581660657532273494e-05,-2.260980229716797681e-10
1.636508492050589271e-05,-3.986247817373046306e-07
1.631892926592707450e-05,-3.755472251556131774e-07
1.581540285158682325e-05,-1.332572241567737146e-09
1.581663294849131043e-05,-2.979142031825082885e-10
1.581439211617927996e-05,2.580612004353844124e-09
1.581348853977733687e-05,-2.449863216432245454e-09
1.581024537674525867e-05,-2.596083248291924763e-09
1.581145630761508414e-05,-4.972918716890574634e-09
1.606787366460703644e-05,6.644890675326247398e-08
1.581607943648953720e-05,-9.807372101076385796e-10
1.581592684010100572e-05,-1.062851758229048586e-09
1.609163689657104783e-05,-9.415668056416280769e-07
1.610187473521453003e-05,-8.125985395680481982e-07
1.609872054383386857e-05,-7.206815496614976058e-07
1.610760231182599452e-05,-5.787713304882623429e-07
1.639408668389125861e-05,-1.094826065058733142e-06
1.581572049759055832e-05,-3.063222381678152128e-09
1.581617793248801069e-05,-1.013274843078353279e-09
1.608977094533967000e-05,-1.021393114273175626e-06
1.612441795285575913e-05,-1.044045551772562489e-06
1.580509402392381109e-05,-1.551648253434964453e-09
1.580473286636629014e-05,-2.428478221040888312e-09
1.581584377008092511e-05,-1.524349308706382829e-09
1.581603803057812281e-05,-1.027800378004120451e-09
1.581549534597760474e-05,-7.025266979785073111e-09
1.581668513061847695e-05,-4.942146288399642249e-10
1.629961479334229740e-05,-8.250195720533171186e-07
1.628460275040264805e-05,-9.397485979052906826e-07
1.631186584199794935e-05,-7.048321987341543968e-07
1.618536700885512194e-05,-9.847362776638013605e-07
1.626824873917850651e-05,-8.367296648252998033e-08
1.581631462385097491e-05,-8.906307181201743171e-10
1.614546110005933780e-05,3.158860466911065118e-08
1.581656289186502188e-05,-4.418497559175427261e-10
1.620497252963240713e-05,-7.534763835149478069e-07
1.619495211012561507e-05,-8.725189474417556595e-07
1.581636319352707778e-05,-8.050475021405393759e-10
1.615132728273205873e-05,-1.152993006833198413e-06
1.581661400460188793e-05,-5.009154989161278475e-10
1.581609330971805465e-05,-1.040064571988560094e-09
1.581293930353452670e-05,-6.942658253244750733e-09
1.581490359988830464e-05,-5.466164568343492201e-09
1.581880648761632699e-05,-2.662892002449314623e-08
1.581647287664018789e-05,-6.417082682878683739e-10
1.581160831393454874e-05,-1.187648651829375554e-08
1.581642800431201076e-05,-6.565115597017501674e-10
1.581642229693070315e-05,-8.222587053799811645e-10
1.581638261888797104e-05,-1.418100515096428386e-09
1.581591173105838423e-05,-2.872465623736407125e-09
1.634149496933450942e-05,-8.377226569239322754e-07
1.580355817506050461e-05,-5.939666503923085680e-12
1.629743758294090048e-05,-1.020751872698916894e-06
1.581619586883547615e-05,-9.116105733243560337e-10
1.629469494115826577e-05,-6.104642344402860134e-07
1.599036194782956158e-05,-8.538178398458999623e-08
1.581534616969768080e-05,-9.727598171726866199e-09
1.615647851705093730e-05,-8.583982810097136894e-07
1.599652504358570673e-05,2.150833183820420313e-08
1.618792633894749030e-05,-2.989047406906759578e-07
1.581675862078696322e-05,-3.235667199724546986e-10
1.591684268706220796e-05,8.796951706084388651e-09
1.581654255170640428e-05,-4.954065355068163739e-10
1.609320607435853564e-05,2.862691842464394646e-08
1.614274218931819140e-05,-4.750596454103396746e-08
1.580600280655232071e-05,-5.219521730373583548e-09
1.638973250741971948e-05,-8.878567497913338838e-07
1.584578919035146779e-05,3.199301867066926903e-09
1.581626497801035444e-05,-9.457873739315410278e-10
1.630133990158393848e-05,-1.222942389567860630e-07
1.581045837954565055e-05,-8.722973493071978142e-09
1.581588719275964686e-05,-1.096164384858006444e-09
1.617176253869724974e-05,-2.528359379144307349e-07
1.581354972994173944e-05,-1.972940214744628085e-08
1.629788313168278665e-05,-1.159095001715861234e-06
1.581652891498261810e-05,-6.777135870661635545e-10
1.582321477555266305e-05,6.235994947341939904e-09
1.581622620342499851e-05,-9.064157723788663222e-10
1.608850103058906644e-05,-1.133638411964240640e-06
1.637012737130128840e-05,-1.161815364399937698e-06
1.581681346255710949e-05,-2.360948598836727083e-10
1.629350369058592867e-05,-2.493389384303043776e-07
1.581627422031655120e-05,-9.094507064561578264e-10
1.581557760006096762e-05,-1.272726564944124476e-09
1.617030690864297262e-05,-6.580457730979107078e-09
1.612076657947296275e-05,-9.991446148301034523e-07
1.611134128205301817e-05,-5.323286628891108638e-07
1.581520610823930494e-05,-2.980048182529864097e-09
1.587031128633467286e-05,3.697244209979339553e-08
1.633807879014118836e-05,-6.295176928893975983e-07
1.613983972875714004e-05,-6.474981708466261333e-07
1.618939034668612705e-05,-4.878825904432483943e-07
1.581462004547665078e-05,-7.275133151140614291e-09
1.618509450148957203e-05,-1.123103842570955745e-06
1.634439794300957021e-05,-6.771205957220356653e-07
1.635624034624554111e-05,-3.016944163055653640e-07
1.581556838297960854e-05,-1.542390242004793727e-09
1.590394247369997417e-05,-2.276645512075857524e-08
1.628195019750830765e-05,7.664404914419391297e-08
1.620102455463932724e-05,3.569731824434576556e-08
1.609318074978945406e-05,-9.019888019973528508e-07
1.634929279360043954e-05,-2.049841849379558297e-07
1.632088912009635107e-05,-9.627774177215603121e-07
1.613585768583269235e-05,-7.781498134751065767e-07
1.581638919649418112e-05,-8.246276859288061627e-10
1.581668240977186443e-05,-1.639496189607696732e-10
1.581617028774975775e-05,-1.000500620453315324e-09
1.633739528120331394e-05,-5.491135671902604153e-08
1.581542138514421264e-05,-4.014373659920725732e-09
1.581273626848633422e-05,-4.377987333328079296e-09
1.581450025854387714e-05,-3.438503226153243485e-09
1.580911618346147278e-05,2.504750182279328061e-09
1.580883604111950103e-05,-7.144937825208811891e-09
1.581578553837975970e-05,-1.965384740243346725e-09
1.602530047377356134e-05,-7.657789284924507094e-08
1.612163430827031054e-05,-2.452036144502612536e-07
1.581581837163896617e-05,-1.123163273306698717e-09
1.581651987340171520e-05,-4.571495218391008482e-10
1.581664442218548401e-05,-1.716658834737356895e-10
1.625164623615779459e-05,3.584762335587132401e-08
1.581658832886154888e-05,-3.511797296787162340e-10
1.606076181922848472e-05,-1.285774575881316266e-07
1.635007227641907651e-05,-7.232191760928155565e-07
1.589380078825760229e-05,-4.847813893543055968e-08
1.581658751616202505e-05,-4.347068818138924147e-10
1.632237420684089240e-05,-1.130384796472092246e-06
1.581663542627512040e-05,-2.582337318127440473e-10
1.580613186821159237e-05,1.008251267277867490e-09
1.581657303974646518e-05,-3.581022837402277380e-10
1.636024040740839631e-05,-9.137367217264204768e-07
1.583514131966155632e-05,1.120347304517393437e-08
1.631898192578942235e-05,-9.975306460219633263e-07
1.632914030505420509e-05,7.521758541942743101e-08
1.627783126134112985e-05,-3.810403081131814242e-07
1.608213007122684651e-05,-1.097698698845477826e-06
1.581144623820902756e-05,-7.305589578797281445e-09
1.581948242410059500e-05,-2.256160829673601116e-08
1.581619542076024784e-05,-9.981524565569571803e-10
1.589580952665485002e-05,4.890983537810956807e-08
1.580354540200268226e-05,5.575256814126015871e-10
1.581470997923458774e-05,-2.938268456338609709e-09
1.613526374073105771e-05,-6.033987062892536859e-07
1.617479289876670541e-05,-4.185438355887566959e-07
1.640062036507766637e-05,-1.164375658854002149e-06
1.581533224506594912e-05,-1.542371891173203769e-09
1.636641813970867812e-05,-1.038003235772394561e-06
1.580405334570261094e-05,-1.112157252724907024e-09
1.581684280819146775e-05,-1.177345125009389089e-10
1.593121853729469615e-05,-7.637983832325129869e-08
1.625266247153433821e-05,-2.460603177334914691e-07
1.608403595733839852e-05,-1.163535520361146741e-06
1.581622627436494297e-05,-8.593614280734633476e-10
1.635453727200441258e-05,-7.670623404012557124e-07
1.581676210803424480e-05,-1.224033937956432911e-10
1.634568695193505390e-05,-1.384022224043069662e-07
1.581523020158418462e-05,-1.327021238536849904e-08
1.612756680103225981e-05,-7.416069584808544214e-07
1.611605608511665973e-05,-9.612628541001080144e-07
1.581650364981153221e-05,-5.395901238545816371e-10
1.580725458531500747e-05,-6.729674296845068739e-09
1.612211770680052982e-05,-1.131763372432918772e-06
1.632336199400502910e-05,-3.330251619434824525e-07
1.633384579225391283e-05,-4.235054917235202048e-07
1.581601731893902008e-05,-1.028836583225082291e-09
1.581502058810359967e-05,-2.086279357337068206e-09
1.612593122011849844e-05,-8.458784553279643894e-07
1.581670992719419228e-05,-4.423947399697169497e-10
1.581531194353605224e-05,-7.067583195539011127e-09
1.582283546912657485e-05,-1.954940531495300717e-08
1.580748853648706828e-05,-8.198983718819168841e-09
1.630776650910760147e-05,-7.896264898316283890e-08
1.581621383891877652e-05,-6.855528578167222209e-10
1.581632712801319743e-05,-8.616239999329808978e-10
1.633950450644650076e-05,3.794224522643629065e-08
1.637186781360792733e-05,-1.073964800348809873e-06
1.581575080005608172e-05,-1.184797906317273914e-09
1.610207944328210478e-05,-2.797779509145238008e-07
1.635437987269492479e-05,-1.137937389970638496e-06
1.611025138648492487e-05,-1.078025039574950059e-06
1.622392153020478606e-05,-1.168096546718114587e-06
