Size 674,2
1.014945211866797795e-04,7.559609061988259547e-07
9.798237740410677056e-05,0.000000000000000000e+00
1.018496936633469298e-04,-7.375539566894535933e-06
9.955719955548861147e-05,-7.375515281789418400e-06
9.966509453029182659e-05,-2.821879105138259861e-06
9.804544588314499545e-05,-2.850005758091207508e-08
9.806029281927850167e-05,-5.075837313405082716e-09
9.806466989857015701e-05,0.000000000000000000e+00
1.011576411807581124e-04,7.563367120840637244e-07
1.008158076068235823e-04,7.539467525019857862e-07
1.004707373770641717e-04,7.444548496223612031e-07
1.001276844743687435e-04,7.249354950759430103e-07
9.979281749425548585e-05,6.941101965117220205e-07
9.947244874290688671e-05,6.510384201554863683e-07
9.917379835270782971e-05,5.964225935092322100e-07
9.890330572605616371e-05,5.315394592416617854e-07
9.866919975005606833e-05,4.604360844035562429e-07
9.847252645256357863e-05,3.799169587289129915e-07
9.831699755608470492e-05,3.035542053756286144e-07
9.820047468975297441e-05,2.340821870318127125e-07
9.811747139774171949e-05,1.717790684056202037e-07
9.806173664967627137e-05,1.207981289442590767e-07
9.802704757250980320e-05,8.100433105074916996e-08
9.800590251267416733e-05,5.172036035368442867e-08
9.799358814756558428e-05,3.127669120409490493e-08
9.798664209366920238e-05,1.734733249513895885e-08
9.798356161881913184e-05,7.457588732891373868e-09
1.018497126129141463e-04,-7.145309629338061967e-06
1.018497093275485822e-04,-6.909158391602785282e-06
1.018496133640109966e-04,-6.666762711812695294e-06
1.018492474107404613e-04,-6.417970490271661784e-06
1.018484548880182761e-04,-6.162671804286447153e-06
1.018470935314495692e-04,-5.900857009324151802e-06
1.018449925998137130e-04,-5.632400066017529861e-06
1.018419283843536357e-04,-5.357312384786739837e-06
1.018377004891219697e-04,-5.075677640960679094e-06
1.018321492789568005e-04,-4.787872957251974075e-06
1.018247609053012434e-04,-4.493820539848080024e-06
1.018153292786415576e-04,-4.194132426374726418e-06
1.018035817097618902e-04,-3.889288965177790381e-06
1.017891912956950750e-04,-3.579956478431890154e-06
1.017718338150625396e-04,-3.266994418940817381e-06
1.017514108754180346e-04,-2.951757844496685109e-06
1.017273284820396884e-04,-2.635395610568700208e-06
1.016996869314955353e-04,-2.319199032309491066e-06
1.016695337369700043e-04,-2.005280324265497267e-06
1.016373907823156758e-04,-1.694474564133304872e-06
1.016056500093954844e-04,-1.387764599343705735e-06
1.015744147825685894e-04,-1.085163247797751283e-06
1.015459283126453728e-04,-7.867156091090031873e-07
1.015227249115501477e-04,-4.892069290671794023e-07
1.015063839485972269e-04,-1.908529276821495617e-07
1.014974354682873596e-04,1.138979176491661122e-07
1.014946453199456068e-04,4.281167741546080723e-07
9.978680087744908533e-05,-7.375413334832425887e-06
1.000162404758776405e-04,-7.375190093361875008e-06
1.002455088129303873e-04,-7.374934745357295905e-06
1.004745634072075393e-04,-7.374717118616697940e-06
1.007034658479998522e-04,-7.374639522320347529e-06
1.009324058777145235e-04,-7.374712767363585641e-06
1.011614276879515580e-04,-7.374912679753194658e-06
1.013906472263104456e-04,-7.375183144916910597e-06
1.016200871543273946e-04,-7.375429037788654506e-06
9.955718586348308785e-05,-7.153806208716923269e-06
9.955717757726892511e-05,-6.926605350336201800e-06
9.955723762321182018e-05,-6.693623379906514097e-06
9.955754207286864358e-05,-6.454724790509720436e-06
9.955820999049916245e-05,-6.209823215342753011e-06
9.955936902871973231e-05,-5.958811087720311424e-06
9.956118531449900709e-05,-5.701638278079739590e-06
9.956382643781146397e-05,-5.438396689152988180e-06
9.956750389796675945e-05,-5.169030092890458924e-06
9.957230226863656786e-05,-4.893841513728005100e-06
9.957856278748078991e-05,-4.612758992542131172e-06
9.958651240228296245e-05,-4.326069572520585729e-06
9.959635625751434712e-05,-4.034328407383557575e-06
9.960852652876164338e-05,-3.737706333740154980e-06
9.962333061900754516e-05,-3.436333611611540936e-06
9.964156429929116343e-05,-3.131079927755177839e-06
9.967065702408815678e-05,-2.496972560910245289e-06
9.963597273556676858e-05,-2.177635783440318231e-06
9.955777606207427265e-05,-1.870722499743759009e-06
9.944074328129691345e-05,-1.584741613992023722e-06
9.928833496337312152e-05,-1.319879459002830976e-06
9.910711046561167248e-05,-1.084937565977502472e-06
9.891438239836954289e-05,-8.769384209478557576e-07
9.871493929765197785e-05,-7.023140974709631625e-07
9.853851914508299876e-05,-5.569620830855629451e-07
9.838537125510256169e-05,-4.393071345616476559e-07
9.826674297109307945e-05,-3.440158388085254228e-07
9.817949231337391540e-05,-2.669692117394869318e-07
9.812043152017220428e-05,-2.049314155760638984e-07
9.808296951552744462e-05,-1.543810553943455312e-07
9.806128639543446252e-05,-1.140330835483962048e-07
9.805025996546286446e-05,-8.244925416788064062e-08
9.804523517190793548e-05,-5.782421212704597239e-08
9.804446562051421653e-05,-4.022066376947906894e-08
9.804716328849031877e-05,-2.086515367708871789e-08
9.804940496906894916e-05,-1.585782145629330817e-08
9.805143931117643976e-05,-1.259918255280379021e-08
9.805324067089220979e-05,-1.036233578584814732e-08
9.805481781066539956e-05,-8.876978862941961708e-09
9.805618632776544319e-05,-7.933801053844413266e-09
9.805726842811781372e-05,-7.334727237380412546e-09
9.805815270779104874e-05,-6.993105937494589210e-09
9.805883288154296478e-05,-6.788770718887203662e-09
9.805935154839472839e-05,-6.649408977192806772e-09
9.805973256386815913e-05,-6.547277519105949562e-09
9.805999360586179002e-05,-6.442263546725638154e-09
9.806015777965450101e-05,-6.300471054677679669e-09
9.806024618165048383e-05,-6.096497868563013581e-09
9.806028228056867715e-05,-5.819991995317977507e-09
9.806028888361958756e-05,-5.467457236052075972e-09
9.806454278969218208e-05,-8.718860287147822589e-10
9.806425259706928017e-05,-1.654461348993730141e-09
9.806384538954862043e-05,-2.358180801878628981e-09
9.806337188528210336e-05,-2.996577358761275353e-09
9.806283586416175062e-05,-3.554318966733740813e-09
9.806227915266212418e-05,-4.043548031584590064e-09
9.806172658844963927e-05,-4.455587634426368265e-09
9.806120460248151803e-05,-4.779720088908748492e-09
9.806072370874529534e-05,-4.992474545861781690e-09
9.798121733894392979e-05,0.000000000000000000e+00
9.798262198968893193e-05,0.000000000000000000e+00
9.798750694782514458e-05,0.000000000000000000e+00
9.799549647714466002e-05,0.000000000000000000e+00
9.800586535938887690e-05,0.000000000000000000e+00
9.801724057580827796e-05,0.000000000000000000e+00
9.802841034854841199e-05,0.000000000000000000e+00
9.803843541903692511e-05,0.000000000000000000e+00
9.804661856164041515e-05,0.000000000000000000e+00
9.805279373402585514e-05,0.000000000000000000e+00
9.805718983102847336e-05,0.000000000000000000e+00
9.806001927849631336e-05,0.000000000000000000e+00
9.806181013267101199e-05,0.000000000000000000e+00
9.806271146268865974e-05,0.000000000000000000e+00
9.806310574221282334e-05,0.000000000000000000e+00
9.806321415862711080e-05,0.000000000000000000e+00
9.806318458356825109e-05,0.000000000000000000e+00
9.806310297570910886e-05,0.000000000000000000e+00
9.806303707583011707e-05,0.000000000000000000e+00
9.806301888076206555e-05,0.000000000000000000e+00
9.806305691079718703e-05,0.000000000000000000e+00
9.806316181730838583e-05,0.000000000000000000e+00
9.806332597940864047e-05,0.000000000000000000e+00
9.806353808979712504e-05,0.000000000000000000e+00
9.806378878944136963e-05,0.000000000000000000e+00
9.806407470977172305e-05,0.000000000000000000e+00
9.806437135949687964e-05,0.000000000000000000e+00
9.975584581747810528e-05,-6.085793725882236730e-06
9.806003507814264040e-05,-6.388570728724451244e-09
9.806295736864316717e-05,-3.667754153105853877e-09
1.007982774563571715e-04,-7.166892802206802970e-06
9.977448060262023868e-05,-5.330504575557867135e-06
9.805869968013349481e-05,-6.698159368701361018e-09
9.806596590534870947e-05,-1.377018842228559836e-07
9.954793550514587071e-05,-1.299544262596412896e-06
1.016228632369192128e-04,-5.774515386136331706e-06
9.806303447464451986e-05,-1.183244912446324720e-09
9.806304388406863321e-05,-1.444419206753290100e-09
1.015933376161934939e-04,-4.628202597909284789e-06
9.984134323915989494e-05,-3.883345894394539884e-06
9.805441386753114099e-05,-1.090477809412205402e-08
1.013089494123850401e-04,-6.191666832130011415e-07
9.800094943797917448e-05,-1.330157357676391293e-08
1.013323100803332344e-04,-1.552428481106148085e-06
9.803382359683183490e-05,-1.451933029102790467e-08
9.805124690409977258e-05,-2.323920284817617907e-08
9.990265266550666160e-05,-2.986135557286587463e-06
9.995187671712419731e-05,4.347854645733955664e-07
9.800883478607305894e-05,4.073658357381829998e-08
1.015247386751428753e-04,-3.733741534409593826e-06
9.806289421261009734e-05,-2.741308149192080854e-09
9.990848171415461505e-05,-2.282353135860196570e-06
9.805225150644453875e-05,-5.077151202680705380e-08
9.812120989850281244e-05,-2.147058653028172204e-07
9.910978331391846502e-05,-7.889977796962736568e-07
9.805876795454320730e-05,-6.085896687650118209e-09
1.014716822487938684e-04,-2.791686824912989655e-06
9.806362229355937400e-05,-1.176603347463522909e-09
1.016426563974935833e-04,-6.542282048457971359e-06
9.861650193684292525e-05,-4.479562663388309169e-07
9.828357963281001862e-05,-3.006937967290906837e-07
1.014325734765392060e-04,-2.165620419135276373e-06
9.805087215432139016e-05,-1.060051905673271564e-08
9.806293143845788143e-05,-1.252530559126134377e-09
1.015980550127315921e-04,-5.225995387451913167e-06
9.979971199820708073e-05,-4.741422172079242049e-06
9.805751058362283947e-05,-7.237454436852943375e-09
9.807650674899034558e-05,8.928890558856235136e-08
9.931080855222287906e-05,3.767302709628895704e-07
9.973982299202953481e-05,-6.572723716327531371e-06
9.806043338203410988e-05,-6.132336198744289755e-09
1.003961610675567994e-04,-7.206983103206591334e-06
9.806192228976388339e-05,-4.641746037529828341e-09
1.006357320535171851e-04,4.861364644516616003e-07
9.798699027780137689e-05,1.386443434067334628e-08
9.824615477774813449e-05,1.575540545379783848e-07
9.874350637655784511e-05,2.786342184256909681e-07
9.806388655347107015e-05,-2.271678134501376170e-09
1.012761848401338782e-04,-7.186735586484257491e-06
1.012237714656375777e-04,-4.010402579889694268e-08
9.798517546553458981e-05,-5.042408043800898346e-09
9.806092574193409864e-05,-5.298179435975277442e-09
9.989192923776503245e-05,-7.198712533074836884e-06
1.016138835830813396e-04,-7.024098579798777737e-06
9.806413196365089163e-05,-9.518606310842197224e-10
9.970068336750282777e-05,-1.544405388702263419e-06
9.983028571659915442e-05,-1.281680407160417790e-06
9.967739040233260120e-05,-1.029523407236059342e-06
9.997477353598730051e-05,-1.029939168815015177e-06
9.982142389372457021e-05,-7.805903884174699902e-07
1.001313358255192018e-04,-1.290656106823334448e-06
1.001168860071449993e-04,-7.801099953261916440e-07
9.994854246346664215e-05,-5.339643187400777181e-07
1.002529516783635168e-04,-5.313775183578016266e-07
1.004224366754283287e-04,-7.801945850817943810e-07
9.961378179973089336e-05,-5.554564942768707840e-07
9.977780377277475487e-05,-2.992079548610667282e-07
9.948905772166061743e-05,-2.994466089307893935e-07
1.005656657258261741e-04,-5.269638651151237349e-07
1.003934866078975573e-04,-2.859891909835438559e-07
9.962243220878003950e-05,-6.771566579998574438e-08
9.933091251304558013e-05,-7.979534325957350575e-08
9.920818073833841523e-05,-2.917512334705105245e-07
9.906018616914615633e-05,-9.031969458625355793e-08
1.007369740106051949e-04,-7.779977406578764737e-07
1.005990790810479610e-04,-1.035026923077665701e-06
1.009078924074373096e-04,-1.034585840785855039e-06
1.008133116782928060e-04,-1.289450251116944922e-06
9.992882768864958865e-05,-6.051276634487569031e-08
1.007091923936136553e-04,-2.759670396215214444e-07
9.893222964511236847e-05,-3.286193392659815521e-07
9.881588039975222799e-05,-1.039142849417065455e-07
1.005702183221625210e-04,-3.048555685228353565e-08
9.805765372095962093e-05,-1.030277551613967142e-07
9.805268225160754692e-05,-1.170088637585463717e-07
9.805151364281102368e-05,-9.325354212427052182e-08
9.804146028468304068e-05,-9.494671867098194605e-08
9.804039576149768697e-05,-1.111362352888681480e-07
9.802805714089214673e-05,-8.556814489768769652e-08
9.802589310622634121e-05,-9.197421243812459077e-08
9.801448722173597926e-05,-6.858930749369197031e-08
9.804378113629128011e-05,-7.657779020106333920e-08
9.801298244483526532e-05,-6.634569046501781018e-08
9.802812569643828793e-05,-8.937047718007309873e-08
9.801704853572229612e-05,-6.118331053127231154e-08
9.800142305435586892e-05,-4.407691726941680341e-08
9.801574425467740755e-05,-5.223615083628982344e-08
9.803704874061193919e-05,-7.230710754899042003e-08
9.805149259030310151e-05,-7.214222599677769904e-08
9.804659038746527762e-05,-5.894081152376883238e-08
9.805314028856253682e-05,-5.348177696242728650e-08
9.804972406565875816e-05,-4.316964289555982923e-08
9.805494980129296077e-05,-3.846781080030559029e-08
9.803692513097267771e-05,-5.983740923671856043e-08
9.805240126665309974e-05,-1.183201177764109045e-07
9.806566009917564125e-05,-9.457244524499363350e-08
9.802509017403526911e-05,-2.407818970097392397e-08
9.805261867489801684e-05,-3.025705212873378215e-08
9.805679281184977788e-05,-2.672444032481313338e-08
9.805740113530746563e-05,-3.177920678029682511e-08
9.805879348244037270e-05,-2.240897633740126231e-08
9.805785229008731434e-05,-2.484980730076070900e-08
9.805929713507116358e-05,-1.798238119678000846e-08
9.806014547747725265e-05,-1.527516771713831374e-08
9.806054993276152600e-05,-1.273338457139776940e-08
9.805904416043093150e-05,-1.428360043716680721e-08
9.806036457913532033e-05,-1.050636372793860922e-08
9.806130069974362384e-05,-9.945737803707713998e-09
9.805856259243951503e-05,-1.144245949171294733e-08
9.805998962517540403e-05,-8.774000207084399687e-09
9.806137778155587040e-05,-7.608479307857808803e-09
9.806104199109812083e-05,-6.707479190424905303e-09
9.805965267670606095e-05,-7.581539560989417992e-09
9.806070912769876077e-05,-6.101594556062672671e-09
9.805944371567752672e-05,-6.822448051895362311e-09
9.806047372198354900e-05,-5.748107303964202581e-09
9.806148877264468091e-05,-4.899630300986249572e-09
9.806124964470983377e-05,-4.847051780532835625e-09
9.806034875302779244e-05,-5.597280099903781070e-09
9.806109653841487111e-05,-4.912063478478967350e-09
9.806031678369758742e-05,-5.590652290244754047e-09
9.806103281850660149e-05,-5.042102117412081623e-09
9.806169037128320705e-05,-4.279176485439340500e-09
9.806161555692202573e-05,-4.511587883127011338e-09
9.806102939193206630e-05,-5.209886335035053016e-09
9.806159155273962201e-05,-4.751587346551254185e-09
9.806105710524190338e-05,-5.389042914724273087e-09
9.806160462555508941e-05,-4.962251683455060151e-09
9.806209350845688849e-05,-4.257671339808872076e-09
9.806210920309311227e-05,-4.487988124103728455e-09
9.806163404648905377e-05,-5.117774681948304366e-09
9.806255123010721125e-05,-3.714364985919303055e-09
9.806258606248703029e-05,-3.956561049381467588e-09
9.806046740989704828e-05,-5.766281046583296968e-09
9.806215805992706891e-05,-3.666536033562646563e-09
9.806212088281779100e-05,-5.397780126026842558e-09
9.806253165868530843e-05,-3.415888007157017360e-09
9.806201683837781661e-05,-3.953724026793665381e-09
9.806291485580188383e-05,-2.787924554109206044e-09
9.805664743178062941e-05,-1.474415190088665654e-08
9.806231260058822076e-05,-3.275197076290195291e-09
9.805945759812442232e-05,-6.167470883824458596e-09
9.805809994282657259e-05,-8.120656973543673904e-09
9.806058022873243105e-05,-5.870594398318428511e-09
9.806000266060729592e-05,-6.188009936520088136e-09
9.804587574961371019e-05,-3.084760010513637397e-08
9.806230561569286551e-05,-3.826984964216005705e-09
9.806262407869904840e-05,-2.635642554011329038e-09
9.800635925599574395e-05,-2.049907859634019467e-08
9.805828047334980168e-05,-7.246768890745961823e-09
9.805982103267846673e-05,-6.123810731736087824e-09
9.805631825764934441e-05,-3.335517765753903440e-08
9.805500536836358604e-05,-1.862199247417548631e-08
9.818530476261368731e-05,-2.564069406024758163e-07
9.819892570021974975e-05,-1.945980364432406199e-07
9.830793582800290554e-05,-2.011360006826043260e-07
9.822305569650122842e-05,-9.699674343719561806e-08
9.833697915101274022e-05,-6.824451599742231120e-08
9.844503711783180843e-05,-1.819139572638109788e-07
9.849065714411062589e-05,-1.223340817149223151e-08
9.837380168564430324e-05,7.980697097887695233e-08
9.891824529091884687e-05,-6.043175345090385868e-07
9.808461625887882518e-05,-1.754214942679339763e-07
9.814255742390050503e-05,-1.139630519033169888e-07
9.815610557583015570e-05,-2.102678593360364315e-08
9.986732297119371867e-05,-1.972779179738541950e-06
1.001444055258525988e-04,-2.053568789062891653e-06
1.001987494840199633e-04,-2.365330963987029512e-06
1.004256408584887822e-04,-2.153162971550110652e-06
1.004932059190162286e-04,-2.447620200636537723e-06
1.007016330734779823e-04,-2.251388899582658528e-06
1.007660344542991317e-04,-2.559551289750233000e-06
1.005091625069989966e-04,-2.766985951332155400e-06
1.008473102213856810e-04,-2.870082270896829707e-06
1.006252466684070201e-04,-3.081844386867885359e-06
1.009111416062681576e-04,-3.178928955514325466e-06
1.006912864217044442e-04,-3.385431483416681534e-06
1.004131822731423149e-04,-3.298364237668539620e-06
1.004736830909277063e-04,-3.595732333567534962e-06
1.007537254849397851e-04,-3.686196034970813022e-06
1.005374573904835642e-04,-3.891678387389649552e-06
1.008157266786097178e-04,-3.982192700069175440e-06
1.006030558615853893e-04,-4.183871852724567908e-06
1.008776637760209815e-04,-4.273614145157125464e-06
1.006704968978753141e-04,-4.472117822669348715e-06
1.009393240083286751e-04,-4.560303837638688711e-06
1.007355828961832426e-04,-4.755091970024414769e-06
1.010009424565171674e-04,-4.840601092679095131e-06
1.007967518579510626e-04,-5.032529108641019096e-06
1.005353424809752460e-04,-4.949817475748380285e-06
1.005982359628856797e-04,-5.221736151254174972e-06
1.008548029662219221e-04,-5.302965304718229957e-06
1.006598142679634669e-04,-5.488349723582090030e-06
1.009113642816501837e-04,-5.568299082769290110e-06
1.007173178450491134e-04,-5.748713721999619814e-06
1.004696442480874306e-04,-5.671968562430009151e-06
1.005281607181741585e-04,-5.929317019017163572e-06
1.007722107503177406e-04,-6.003847867983173280e-06
1.005875423318403430e-04,-6.179527645428985865e-06
1.008251002672122824e-04,-6.254021225549916643e-06
1.006430240111181451e-04,-6.424789903831145355e-06
1.008776903841013310e-04,-6.498424394548901579e-06
1.004069039071237387e-04,-6.352585809726434560e-06
1.010008848890413838e-04,-6.085388340015620828e-06
1.004626258270801420e-04,-6.592686402059665014e-06
1.003959228490549087e-04,-4.387857891726485532e-06
1.006446941977498153e-04,-1.949048579043831447e-06
1.002838659797597589e-04,-5.854176535704023192e-06
1.003423335898320909e-04,-5.142886851050848422e-06
1.002224333908060345e-04,-5.596933179483807341e-06
1.010861472826074433e-04,-4.077484419068780607e-06
1.002252680245926969e-04,-6.522393841267710280e-06
1.011102626943213866e-04,-5.384995704745143975e-06
1.011892853597222576e-04,-5.678834557228503704e-06
1.001726354374676207e-04,-6.283888300083159581e-06
1.002855714649398286e-04,-6.753229098288254926e-06
1.005210672811294206e-04,-6.829287974394861970e-06
1.002767179031831626e-04,-4.874306696517125269e-06
1.001612585186860508e-04,-3.502336754806131034e-06
1.000131714960620407e-04,-5.771392869953228635e-06
1.009448103908523931e-04,-2.066234378280834825e-06
1.008575933335250529e-04,-1.764708596097012027e-06
1.005650744208879874e-04,-1.650673724404257597e-06
1.000839393157295786e-04,-1.773567328511780815e-06
1.010227108098497644e-04,-2.615255973122407309e-06
1.000772406866377319e-04,-5.065467484658454013e-06
1.000601378840112435e-04,-6.698636445804346380e-06
1.001110130846617492e-04,-6.909268099720360515e-06
9.988299645705181723e-05,-6.852761920339010316e-06
9.805359822449327592e-05,-7.298499529071462124e-08
9.805662145122935516e-05,-8.380808039856795275e-09
9.937504404341738096e-05,-9.999729621230534771e-07
9.935105559970796143e-05,-7.081051514131039956e-07
1.011418815240297021e-04,-1.818980571007266067e-06
1.013741929549954828e-04,-5.446017283019421773e-06
1.011994566175793099e-04,-4.651761222534637268e-06
1.012691645185447383e-04,-4.930345755117965538e-06
9.806291492782266944e-05,-2.250958724650051168e-09
9.806314697822380775e-05,-1.870548225657841201e-09
9.812002384439778575e-05,-1.812661507960239265e-07
9.892526558450228562e-05,9.712040483656223884e-08
9.806230751349390075e-05,-5.822490522665172275e-09
1.008946395847228706e-04,-2.588655524941320813e-08
9.853551956528938303e-05,1.531706413542661670e-07
9.997481800380701288e-05,-2.619735180441965503e-06
1.001792104621348388e-04,-2.817820337587926330e-06
9.843478465235906455e-05,-3.576193798596003943e-07
1.010941847471306032e-04,-1.290622406825985599e-06
1.012185416568179013e-04,-1.050074669537217969e-06
9.809053098536820066e-05,-4.570746067655435289e-08
1.001429555043394055e-04,-3.166556221170476184e-06
1.004943989161204094e-04,-1.334237568409636337e-06
9.998445711376415521e-05,-5.474728310286103866e-06
9.805598406995719033e-05,-1.174099279955892255e-08
9.805845848239332877e-05,-1.417159891420059567e-07
9.805357910166774690e-05,-1.505789065913291500e-08
9.806326663360781103e-05,-2.125029616963439839e-09
1.010198455681245958e-04,-2.790768480902269382e-07
1.010660337265381479e-04,2.123117802937364924e-07
9.806015454311446384e-05,-1.033869844716648765e-08
9.806155691295326206e-05,-5.456902073020793662e-09
9.871010333293508564e-05,-2.908979400393141171e-07
1.001160639933847710e-04,-6.032626334870471703e-06
9.806284703631519008e-05,-3.462093386461745672e-09
9.806225051347690325e-05,-5.793453936235347446e-09
9.806261171970045824e-05,-3.682115434950259697e-09
1.002662361043049762e-04,-3.807942591366742415e-06
1.003317772388945543e-04,-4.102047071641729139e-06
1.000901236639383277e-04,-4.338998878588808854e-06
1.002095240858654195e-04,-4.617753895126672303e-06
9.806213127393884651e-05,-4.648656001946501068e-09
9.806165606522275968e-05,-5.197656872818969421e-09
9.806117222433312428e-05,-5.606022453788436332e-09
9.806214515154151325e-05,-4.707954862568265314e-09
9.806120736491450059e-05,-5.605161829840609112e-09
9.806069465770499475e-05,-6.009461629747188449e-09
9.806068382889661795e-05,-5.942908505093318757e-09
1.014665387276408604e-04,-3.112767774549925412e-06
1.015532300817776403e-04,-4.036929975631632727e-06
1.016201167289304828e-04,-6.029976176842230958e-06
1.013965687347227447e-04,-5.888896527282600114e-06
1.013943735292582090e-04,-6.157510353279117356e-06
9.946689678035213898e-05,1.555644926334011932e-07
1.002943187778341117e-04,4.661659792092842885e-07
9.799458327164167596e-05,2.448711820879566370e-08
9.798947531178035873e-05,6.067495319105162862e-10
9.798461044179752259e-05,4.618119531313773379e-10
9.798937552955736072e-05,-1.602387164344278513e-08
9.798310454074451016e-05,7.426887619149948184e-09
9.801199058853708116e-05,-1.527744060253913337e-08
9.800771353017346209e-05,-2.897869589479275077e-08
9.802021532073770739e-05,-3.420517078559283885e-08
9.799745441377171091e-05,-2.355726022561642104e-08
9.800562458912230558e-05,-4.033884665813544675e-08
9.799611251020659726e-05,-2.019733882569819638e-08
1.009715980763023019e-04,-3.485878027775677165e-06
1.012019179612326573e-04,-3.294737315421100235e-06
1.011729643178181290e-04,-2.924749541960834534e-06
1.015001846919867754e-04,-3.430833255495382004e-06
9.803444064500182727e-05,6.327015345529840305e-08
1.002938592069184734e-04,-1.041166682175823850e-06
9.814297746474561510e-05,1.233636493563576824e-07
9.902136861203665911e-05,3.382712446340205032e-07
9.805935340230862850e-05,-6.492449633567039435e-09
9.983421648270240359e-05,-4.180635625039666762e-06
1.006988613104472711e-04,-6.666771463410593068e-06
1.009293841659249512e-04,-6.738511352848840133e-06
1.011094034145904128e-04,-6.573110947914481137e-06
1.011555403054118781e-04,-6.804533821174041132e-06
1.013237958759819585e-04,-6.627780002701912038e-06
1.014023411246675106e-04,-6.853329271957438690e-06
1.009749221646551290e-04,-6.968246053567410140e-06
1.012597230420894044e-04,-6.382500394554329526e-06
1.007519252693697876e-04,-6.910765308941808220e-06
1.005673492331561077e-04,-7.055935083366673749e-06
9.806261812421600732e-05,-4.110871845873014836e-09
9.806303751077596539e-05,-3.372720288362474962e-09
9.806311015350065955e-05,-3.497933398688213542e-09
9.806349307206082796e-05,-2.653707610276623914e-09
9.806260335886666374e-05,-4.173633793194449846e-09
9.806206440482085631e-05,-4.724019517191553821e-09
9.806164222231132340e-05,-5.193931562057217615e-09
9.806120474987727194e-05,-5.508253889263337388e-09
9.806339804500171684e-05,-2.388550201778288235e-09
9.806376466811963545e-05,-1.676705129056027391e-09
1.015805817482804888e-04,-4.334953206502444571e-06
1.016392786900565266e-04,-6.289501306096727732e-06
9.806052941493470856e-05,-5.912252524881328645e-09
1.012515525998482961e-04,-3.600881944589539006e-06
1.015486518749980161e-04,-4.943144168313903074e-06
9.806296604042633448e-05,-1.346970832108355508e-09
9.806268814100965335e-05,-2.386462471055467251e-09
9.806293201359977138e-05,-1.401807742431542703e-09
1.014634977537353110e-04,-2.471473646771285205e-06
1.011773326953465838e-04,-2.328392795964796184e-06
9.805546892643695559e-05,-8.261947897708863295e-09
9.806309552724484595e-05,-1.847068059730780581e-09
9.804920236691038848e-05,1.599979442700161866e-08
9.804360019321798421e-05,-1.518915194189061163e-08
9.802349258241910138e-05,-1.609571613941889620e-08
9.803100035381202880e-05,-3.083209604472752704e-08
9.962078796716249151e-05,4.119832218702618182e-07
9.805966375283377398e-05,-6.080570702672156138e-09
9.805871765522500283e-05,-6.589680901032034180e-09
9.976812000533922728e-05,-5.837714194978088063e-06
9.983159460492878443e-05,-5.038110945321885531e-06
9.981203861836866103e-05,-4.468225607901283801e-06
9.986710557991987239e-05,-3.588382249027217399e-06
1.016433086867245673e-04,-6.787921603364162720e-06
9.805743833166012593e-05,-1.899197876640004474e-08
9.806027442802443296e-05,-6.282304027093914404e-09
9.975655110770470372e-05,-6.332637308493682527e-06
9.997136255430449903e-05,-6.473082420989888530e-06
9.799155419492633649e-05,-9.620219171288564092e-09
9.798931501806970796e-05,-1.505656497046468647e-08
9.805820262110033362e-05,-9.450965713977135882e-09
9.805940703618304269e-05,-6.372362343622569444e-09
9.805604239165981444e-05,-4.355665527466269865e-08
9.806341905643328445e-05,-3.064130698811094196e-09
1.010575829653209326e-04,-5.115121346730554574e-06
1.009645082990952828e-04,-5.826441307012804434e-06
1.011335394669861197e-04,-4.369959632151769436e-06
1.003492467015005071e-04,-6.105364921515563692e-06
1.008631134295054935e-04,-5.187723921916516076e-07
9.806112191447475352e-05,-5.521910452365190768e-09
1.001018300669667769e-04,1.958493489485322575e-07
9.806266117616187249e-05,-2.739468486685609653e-09
1.004708009303196848e-04,-4.671553577792684704e-06
1.004086743293775117e-04,-5.409617474138890870e-06
9.806142304646660009e-05,-4.991294513281006179e-09
1.001382003995373736e-04,-7.148556642365825586e-06
9.806297807513037834e-05,-3.105676093281604292e-09
9.805974976685068721e-05,-6.448400346345452663e-09
9.804019492851269262e-05,-4.304448117011361974e-08
9.805237356590631981e-05,-3.389022032373678492e-08
9.807657146981992556e-05,-1.650993041518547756e-07
9.806210308176774185e-05,-3.978591263380968237e-09
9.803194279299305897e-05,-7.363421641341886035e-08
9.806182487333315342e-05,-4.070371670150123429e-09
9.806178948756899679e-05,-5.098003973355102134e-09
9.806154348370408073e-05,-8.792223193606057904e-09
9.805862397916068789e-05,-1.780928686716852452e-08
1.013172400564727122e-04,-5.193880472928376741e-06
9.798203193197381391e-05,-3.682593232112935101e-11
1.010440842608323374e-04,-6.328661610733281865e-06
9.806038563337865716e-05,-5.651985554613469450e-09
1.010270798817800849e-04,-3.784878253529755326e-06
9.914021532314207762e-05,-5.293670607044569840e-07
9.805511749872434157e-05,-6.031110866470893121e-08
1.001701380523145461e-04,-5.322069342260229914e-06
9.917842651683017347e-05,1.333516573968930784e-07
1.003651145480732079e-04,-1.853209392282187412e-06
9.806387469547781801e-05,-2.006113663829521549e-09
9.868439590638454549e-05,5.454110057774565932e-08
9.806253506717833293e-05,-3.071520520136287103e-09
9.977784890762177302e-05,1.774868942328301061e-07
1.000849728203716211e-04,-2.945369801544062109e-07
9.799718864722310426e-05,-3.236103472830761995e-08
1.016163127926011169e-04,-5.504711848706268555e-06
9.824386422677789743e-05,1.983567157582119069e-08
9.806081411026293371e-05,-5.863881718382235344e-09
1.010682786364192103e-04,-7.582242815320592864e-07
9.802481319978175942e-05,-5.408243565704006625e-08
9.805847184170851552e-05,-6.796219186121684949e-09
1.002648989865216459e-04,-1.567582815069479630e-06
9.804397957223751666e-05,-1.223222933141691581e-07
1.010468466630319280e-04,-7.186389010638332579e-06
9.806245051949100025e-05,-4.201824239820038317e-09
9.810390285502527214e-05,3.866316867352346335e-08
9.806057370783375542e-05,-5.619777788756127654e-09
9.974867763625093931e-05,-7.028558154178294043e-06
1.014947609486667229e-04,-7.203255259279606995e-06
9.806421471445272151e-05,-1.463788131286319114e-09
1.010196941282316213e-04,-1.545901418267890211e-06
9.806087141256137870e-05,-5.638594380032888014e-09
9.805655236697672728e-05,-7.890904702655590942e-09
1.002558740801853555e-04,-4.079883793206037559e-08
9.994872403933114790e-05,-6.194696611946637932e-06
9.989028719532735533e-05,-3.300437709912476069e-06
9.805424911768244919e-05,-1.847629873169197304e-08
9.839590122187377567e-05,2.292291410187185573e-07
1.012960597454742477e-04,-3.903009695914259265e-06
1.000669775648928587e-04,-4.014488659249079253e-06
1.003741913960526101e-04,-3.024872060748132866e-06
9.805061552855401440e-05,-4.510582553706947314e-08
1.003475571558340489e-04,-6.963243823939916812e-06
1.013352384932581602e-04,-4.198147693476612507e-06
1.014086613933211215e-04,-1.870505381094513483e-06
9.805649522107226371e-05,-9.562819500430216341e-09
9.860441458353851301e-05,-1.411520217486894995e-07
1.009480624711502924e-04,4.751931046940205140e-07
1.004463234853625406e-04,2.213233731149508470e-07
9.977769189529330049e-05,-5.592330572383588353e-06
1.013655865669214884e-04,-1.270901946615331369e-06
1.011894837911961060e-04,-5.969219989873672072e-06
1.000422888987613610e-04,-4.824528843545654232e-06
9.806158426486262796e-05,-5.112691652763751213e-09
9.806340218718416349e-05,-1.016487637558108553e-09
9.806022703064729929e-05,-6.203103846817382268e-09
1.012918219900593009e-04,-3.404504116579502753e-07
9.805558383449283148e-05,-2.488911669151810774e-08
9.803893611121386670e-05,-2.714352146663122909e-08
9.804987284957061182e-05,-2.131872000214987940e-08
9.801649158405990804e-05,1.552945113013485426e-08
9.801475470153954428e-05,-4.429861451629448830e-08
9.805784158455323955e-05,-1.218538538950808249e-08
9.935683418399483141e-05,-4.747829356653144423e-07
9.995410395787465610e-05,-1.520262409591630053e-06
9.805804515076031627e-05,-6.963612294508855818e-09
9.806239446168932977e-05,-2.834327035400555386e-09
9.806316666414870858e-05,-1.064328477536538506e-09
1.007601779107770437e-04,2.222552648064071878e-07
9.806281888554029317e-05,-2.177314324006050609e-09
9.957669452581534146e-05,-7.971802370464214900e-07
1.013704193603970214e-04,-4.483958891775455942e-06
9.854153613379579648e-05,-3.005644613996646829e-07
9.806281384680332806e-05,-2.695182667248897677e-09
1.011986913290123091e-04,-7.008385738126968793e-06
9.806311088950443321e-05,-1.601049137238263409e-09
9.799798882951055938e-05,6.251157857126855693e-09
9.806272409302682776e-05,-2.220234159189169663e-09
1.014334617725308197e-04,-5.665167674703807125e-06
9.817784742850042465e-05,6.946153288008520511e-08
1.011776591864931479e-04,-6.184690005336175842e-06
1.012406411379348294e-04,4.663490296004593420e-07
1.009225250669137697e-04,-2.362449910301726291e-06
9.970917768820516350e-05,-6.805731932841963577e-06
9.803093792349465690e-05,-4.529465538853315477e-08
9.808076227602238316e-05,-1.398819714397581274e-07
9.806038285531231953e-05,-6.188545230670072696e-09
9.855399031185879276e-05,3.032409793442926469e-07
9.798195273901532147e-05,3.456659224759704130e-09
9.805117311785308801e-05,-1.821726442930217358e-08
1.000386064391312459e-04,-3.741071978993369168e-06
1.002836872189523192e-04,-2.594971780650293717e-06
1.016838175100802290e-04,-7.219129084894809937e-06
9.805503116600756855e-05,-9.562705725275651568e-09
1.014717637127925283e-04,-6.435620061788846530e-06
9.798510198995488403e-05,-6.895374966893006174e-09
9.806439665738585318e-05,-7.299539775097681070e-10
9.877352617782582248e-05,-4.735549976041592959e-07
1.007664785701116575e-04,-1.525573969947650263e-06
9.972099418209683683e-05,-7.213920226239108056e-06
9.806057414766135955e-05,-5.328040854059410776e-09
1.013981023330260800e-04,-4.755786510487779848e-06
9.806389631641101122e-05,-7.589010415331815567e-10
1.013432303485961632e-04,-8.580937789067015177e-07
9.805439849642065575e-05,-8.227531678928393037e-08
9.999088541299873411e-05,-4.597963142581289260e-06
9.991951897432204343e-05,-5.959829695420670367e-06
9.806229387543017283e-05,-3.345458767897649176e-09
9.800494967555175880e-05,-4.172398064043632127e-08
9.995710102876200821e-05,-7.016932909084094647e-06
1.012048156094299579e-04,-2.064756004049586345e-06
1.012698151585729889e-04,-2.625734048685817128e-06
9.805927862402066949e-05,-6.378786815999209397e-09
9.805309889284103721e-05,-1.293493201549398575e-08
9.998074481133341904e-05,-5.244446423033376991e-06
9.806357279520270729e-05,-2.742847387813576818e-09
9.805490529652226956e-05,-4.381901581234154655e-08
9.810155115518345143e-05,-1.212063129527057606e-07
9.800640017281850324e-05,-5.083369905667747965e-08
1.011081236030658741e-04,-4.895684236956070204e-07
9.806049704789509094e-05,-4.250427718463929274e-09
9.806119944028058330e-05,-5.342068799584352051e-09
1.013048991865670470e-04,2.352419204039099479e-07
1.015055516909678775e-04,-6.658581762162622482e-06
9.805762620694643129e-05,-7.345747019167099592e-09
9.983286379494780342e-05,-1.734623295670047311e-06
1.013971264573072637e-04,-7.055211817817959180e-06
9.988352984280526967e-05,-6.683755245364690491e-06
1.005882847338684206e-04,-7.242198589652310822e-06
