Size 674,2
1.375087239700178044e-04,1.024205098721046263e-06
1.327503356194350225e-04,0.000000000000000000e+00
1.379899253900184212e-04,-9.992666509986174639e-06
1.348839656309845181e-04,-9.992633607585694788e-06
1.350301459194276502e-04,-3.823191045671181817e-06
1.328357832361964246e-04,-3.861298123867834045e-08
1.328558984399901845e-04,-6.876940876193473460e-09
1.328618286764499568e-04,0.000000000000000000e+00
1.370523058974786816e-04,1.024714255081713532e-06
1.365891765392446245e-04,1.021476245325263613e-06
1.361216620344093693e-04,1.008616247875497628e-06
1.356568806823703495e-04,9.821706707480374619e-07
1.352031899351202029e-04,9.404073630158425383e-07
1.347691419494221026e-04,8.820520531138279102e-07
1.343645188401201623e-04,8.080564170124304437e-07
1.339980449588502821e-04,7.201502351014990104e-07
1.336808691203986231e-04,6.238166304822262740e-07
1.334144085237958129e-04,5.147262021488644434e-07
1.332036919543727930e-04,4.112669879282530623e-07
1.330458222645040554e-04,3.171436082366179705e-07
1.329333661914565076e-04,2.327329313882858700e-07
1.328578545973032481e-04,1.636619811503355737e-07
1.328108564927551344e-04,1.097478033590675212e-07
1.327822083471714282e-04,7.007274628566888915e-08
1.327655243686371551e-04,4.237487195390863550e-08
1.327561135859389274e-04,2.350283757403080688e-08
1.327519400393678973e-04,1.010382989615207264e-08
1.379899510636256230e-04,-9.680742078458046490e-06
1.379899466124851848e-04,-9.360795240235965495e-06
1.379898165973697305e-04,-9.032388190197803213e-06
1.379893207897129183e-04,-8.695314857787420882e-06
1.379882470492506256e-04,-8.349426315484845796e-06
1.379864026306736101e-04,-7.994709496503714841e-06
1.379835562071669635e-04,-7.630993637830169342e-06
1.379794046894467906e-04,-7.258294198743328958e-06
1.379736765733264995e-04,-6.876724545817654610e-06
1.379661555789091850e-04,-6.486795619502679089e-06
1.379561455242790744e-04,-6.088402021729673610e-06
1.379433671913852795e-04,-5.682372964765807337e-06
1.379274511303224798e-04,-5.269359243144102715e-06
1.379079544402965376e-04,-4.850263615939973432e-06
1.378844378536331350e-04,-4.426250503081124578e-06
1.378567680644374118e-04,-3.999155789318150024e-06
1.378241403056666215e-04,-3.570535988512461339e-06
1.377866904629940019e-04,-3.142140624419296911e-06
1.377458377478303793e-04,-2.716831407069405964e-06
1.377022892286212409e-04,-2.295739732051578400e-06
1.376592856007938194e-04,-1.880197199110812151e-06
1.376169669063831305e-04,-1.470221174435662148e-06
1.375783723342291118e-04,-1.065872760728316734e-06
1.375469354682291390e-04,-6.627964845426354416e-07
1.375247960990671548e-04,-2.585749342790935674e-07
1.375126723515506899e-04,1.543133077827562379e-07
1.375088921505714893e-04,5.800291778868816310e-07
1.351950383897696981e-04,-9.992495485902048660e-06
1.355058920392536730e-04,-9.992193029716138231e-06
1.358165136571961250e-04,-9.991847074355027157e-06
1.361268456881521336e-04,-9.991552225222589243e-06
1.364369715756771223e-04,-9.991447094756578839e-06
1.367471483901293370e-04,-9.991546329976490706e-06
1.370574360039989088e-04,-9.991817179020474001e-06
1.373679915075819039e-04,-9.992183615693892972e-06
1.376788456036048434e-04,-9.992516760874971759e-06
1.348839470805254163e-04,-9.692253573100339075e-06
1.348839358540416980e-04,-9.384433055294208890e-06
1.348840172066095822e-04,-9.068780063099115234e-06
1.348844296867897483e-04,-8.745111006497031136e-06
1.348853346074505054e-04,-8.413308872399920233e-06
1.348869049172976391e-04,-8.073227925298486390e-06
1.348893656915792748e-04,-7.724800247720930787e-06
1.348929439876801338e-04,-7.368150353046014041e-06
1.348979263530518901e-04,-7.003202061335405448e-06
1.349044273713786914e-04,-6.630365921825103707e-06
1.349129093646515040e-04,-6.249544441508651549e-06
1.349236798105125522e-04,-5.861126517608620317e-06
1.349370166466325443e-04,-5.465864293874428122e-06
1.349535054012256379e-04,-5.063989226357648455e-06
1.349735625557522088e-04,-4.655677796376949655e-06
1.349982662516203307e-04,-4.242108289216665423e-06
1.350376822013452344e-04,-3.382995082523615650e-06
1.349906905846389056e-04,-2.950345254983668243e-06
1.348847467044232197e-04,-2.534527257717308290e-06
1.347261861627248813e-04,-2.147069283473091421e-06
1.345196974739247162e-04,-1.788223783165088911e-06
1.342741675092157358e-04,-1.469915411969467747e-06
1.340130520632747721e-04,-1.188110118703508476e-06
1.337428388300446853e-04,-9.515223256057623915e-07
1.335038179781772023e-04,-7.545937899868577210e-07
1.332963272885262290e-04,-5.951903113416416745e-07
1.331356050972875617e-04,-4.660859751600077769e-07
1.330173945287647236e-04,-3.617002223566695607e-07
1.329373766799106971e-04,-2.776490146514298767e-07
1.328866217058760450e-04,-2.091614298891324671e-07
1.328572445754274615e-04,-1.544964357752619652e-07
1.328423055412723906e-04,-1.117054411306329333e-07
1.328354977564558288e-04,-7.834248094629116163e-08
1.328344551384386249e-04,-5.449251220382177659e-08
1.328381100434385044e-04,-2.826891788511238201e-08
1.328411471590612201e-04,-2.148479036011782377e-08
1.328439033644971681e-04,-1.706986023282081454e-08
1.328463439163701223e-04,-1.403929364532867548e-08
1.328484806863853890e-04,-1.202687458850565751e-08
1.328503348063273871e-04,-1.074902078260654323e-08
1.328518008777725124e-04,-9.937372386101603321e-09
1.328529989341039003e-04,-9.474530625007467941e-09
1.328539204598323472e-04,-9.197689361046924401e-09
1.328546231697606795e-04,-9.008876678763016444e-09
1.328551393842731132e-04,-8.870505025872399551e-09
1.328554930540710153e-04,-8.728228031030336038e-09
1.328557154830803898e-04,-8.536122073999642433e-09
1.328558352535265006e-04,-8.259771305743870112e-09
1.328558841617382097e-04,-7.885150445247888687e-09
1.328558931078071387e-04,-7.407522706937786422e-09
1.328616564644217362e-04,-1.181264942127641914e-09
1.328612633002229475e-04,-2.241528279236667807e-09
1.328607115997110124e-04,-3.194954634773831536e-09
1.328600700778014162e-04,-4.059879002165193992e-09
1.328593438556384442e-04,-4.815528922707779006e-09
1.328585896013488035e-04,-5.478355397702045392e-09
1.328578409659641351e-04,-6.036602601458553947e-09
1.328571337591685417e-04,-6.475749797853059375e-09
1.328564822257194422e-04,-6.763997771814537309e-09
1.327487639182466637e-04,0.000000000000000000e+00
1.327506669934495681e-04,0.000000000000000000e+00
1.327572853238276915e-04,0.000000000000000000e+00
1.327681098474219436e-04,0.000000000000000000e+00
1.327821580104624789e-04,0.000000000000000000e+00
1.327975695939983603e-04,0.000000000000000000e+00
1.328127028344850032e-04,0.000000000000000000e+00
1.328262851880500741e-04,0.000000000000000000e+00
1.328373720264160911e-04,0.000000000000000000e+00
1.328457383890029422e-04,0.000000000000000000e+00
1.328516943913936072e-04,0.000000000000000000e+00
1.328555278363499875e-04,0.000000000000000000e+00
1.328579541549091683e-04,0.000000000000000000e+00
1.328591753117072183e-04,0.000000000000000000e+00
1.328597094968690076e-04,0.000000000000000000e+00
1.328598563836239641e-04,0.000000000000000000e+00
1.328598163141893503e-04,0.000000000000000000e+00
1.328597057487027608e-04,0.000000000000000000e+00
1.328596164649956514e-04,0.000000000000000000e+00
1.328595918136131536e-04,0.000000000000000000e+00
1.328596433381768220e-04,0.000000000000000000e+00
1.328597854695791726e-04,0.000000000000000000e+00
1.328600078827473234e-04,0.000000000000000000e+00
1.328602952581123915e-04,0.000000000000000000e+00
1.328606349156948876e-04,0.000000000000000000e+00
1.328610222916262957e-04,0.000000000000000000e+00
1.328614242041571128e-04,0.000000000000000000e+00
1.351530992762606861e-04,-8.245268918937241718e-06
1.328555492423223326e-04,-8.655482922773324998e-09
1.328595084746131731e-04,-4.969215304195798054e-09
1.365654260128063892e-04,-9.709983796538206724e-06
1.351783464045177674e-04,-7.221973941078371589e-06
1.328537399934067169e-04,-9.074925596290756340e-09
1.328635845566016559e-04,-1.865638431406752734e-07
1.348714143369719352e-04,-1.760672871904798359e-06
1.376826067477614365e-04,-7.823536974765343618e-06
1.328596129408087412e-04,-1.603106010421719081e-09
1.328596256890608208e-04,-1.956955054287525172e-09
1.376426042938751063e-04,-6.270468035877104018e-06
1.352689344927328634e-04,-5.261307340792592313e-06
1.328479334085906377e-04,-1.477421548232657121e-08
1.372573041467796515e-04,-8.388709901595715160e-07
1.327754977298428436e-04,-1.802148678141337343e-08
1.372889540839997971e-04,-2.103290200208312368e-06
1.328200369128046193e-04,-1.967135071689985467e-08
1.328436426839415760e-04,-3.148537160075377300e-08
1.353519988768155157e-04,-4.045732045355995412e-06
1.354186895273939192e-04,5.890641778091041553e-07
1.327861811046796459e-04,5.519150032581549961e-08
1.375496637930967360e-04,-5.058617562748516359e-06
1.328594229083750232e-04,-3.714030395698293100e-09
1.353598962975644502e-04,-3.092220377617070625e-06
1.328450037580861066e-04,-6.878720984275266106e-08
1.329384312570039645e-04,-2.908918175070060294e-07
1.342777887875669493e-04,-1.068964733782043843e-06
1.328538324942198242e-04,-8.245408415498849918e-09
1.374777808928820128e-04,-3.782285375688581221e-06
1.328604093406289099e-04,-1.594107761086739692e-09
1.377094232878945822e-04,-8.863736968878526266e-06
1.336094720831421643e-04,-6.069084898784142981e-07
1.331584160583233745e-04,-4.073915955684957042e-07
1.374247948143434957e-04,-2.934066374312286003e-06
1.328431349584355964e-04,-1.436199356075756353e-08
1.328594733433946279e-04,-1.696976886573437056e-09
1.376489956053136669e-04,-7.080380847515470885e-06
1.352125308759581895e-04,-6.423862297655739396e-06
1.328521289594245273e-04,-9.805583430574251263e-09
1.328778656995998372e-04,1.209720656361489581e-07
1.345501455620437732e-04,5.104087542077172633e-07
1.351313909321044280e-04,-8.904980518895365629e-06
1.328560888798526319e-04,-8.308326462767598616e-09
1.360206231634640702e-04,-9.764299688215405962e-06
1.328581061096802813e-04,-6.288817212126175516e-09
1.363452032089586762e-04,6.586365002248298441e-07
1.327565853192792789e-04,1.878407233253149102e-08
1.331077114159813122e-04,2.134603319546709196e-07
1.337815426143688273e-04,3.775044249638111491e-07
1.328607673701865982e-04,-3.077757472558293475e-09
1.372129134359878456e-04,-9.736867568785134309e-06
1.371419017673153004e-04,-5.433448656628072509e-08
1.327541265413694611e-04,-6.831649607739335444e-09
1.328567559481042882e-04,-7.178178590662304332e-09
1.353374703618106937e-04,-9.753094399649787311e-06
1.376704407651422951e-04,-9.516520656501544973e-06
1.328610998613980821e-04,-1.289617629206312270e-09
1.350783630537135131e-04,-2.092420204048218294e-06
1.352539533331344407e-04,-1.736470229056026698e-06
1.350468048428377153e-04,-1.394838164642353708e-06
1.354497110239182337e-04,-1.395401454523569271e-06
1.352419469924652951e-04,-1.057574074630139594e-06
1.356618276742519444e-04,-1.748630854405805633e-06
1.356422505009706339e-04,-1.056923219474208266e-06
1.354141721514708009e-04,-7.234355286155948019e-07
1.358265975393956732e-04,-7.199308313234638951e-07
1.360562223741288085e-04,-1.057037824949531123e-06
1.349606254457642938e-04,-7.525539599880413412e-07
1.351828487640817985e-04,-4.053785194891788601e-07
1.347916444367657689e-04,-4.057018572610683123e-07
1.362502746359579690e-04,-7.139510430591829685e-07
1.360169997019902233e-04,-3.874692264938551082e-07
1.349723453547987083e-04,-9.174380527740839711e-08
1.345773831863842436e-04,-1.081098199000946365e-07
1.344111014271035843e-04,-3.952758647019587109e-07
1.342105926559399802e-04,-1.223686184717069237e-07
1.364823697314650609e-04,-1.054061455084878459e-06
1.362955443430327075e-04,-1.402294540943922925e-06
1.367139365916891910e-04,-1.401696945580831979e-06
1.365857949586547521e-04,-1.746997114416505873e-06
1.353874618113961139e-04,-8.198503827370974495e-08
1.364447301213473295e-04,-3.738908278743189528e-07
1.340372322040231173e-04,-4.452262015861580297e-07
1.338795977425674352e-04,-1.407870957274855253e-07
1.362564426697039708e-04,-4.130301250954694972e-08
1.328523228874292585e-04,-1.395859908638784806e-07
1.328455873483067973e-04,-1.585281379954346242e-07
1.328440040718729563e-04,-1.263435086845122575e-07
1.328303833931188886e-04,-1.286374898122566756e-07
1.328289411359001246e-04,-1.505716736171616900e-07
1.328122242950797983e-04,-1.159310350226493058e-07
1.328092923771453980e-04,-1.246102233032604437e-07
1.327938392433197778e-04,-9.292744886241505840e-08
1.328335277727170295e-04,-1.037505544659847573e-07
1.327918005133251389e-04,-8.988770966226116079e-08
1.328123171767874402e-04,-1.210825819858694445e-07
1.327973094106560685e-04,-8.289351749402637727e-08
1.327761394036434722e-04,-5.971711371989181056e-08
1.327955423202080876e-04,-7.077155919755096154e-08
1.328244064624419386e-04,-9.796446829216534725e-08
1.328439755491202473e-04,-9.774108038272983930e-08
1.328373338549530846e-04,-7.985529303216244995e-08
1.328462079145041304e-04,-7.245918169099700646e-08
1.328415794834731940e-04,-5.848790327781062659e-08
1.328486595123969777e-04,-5.211767914873751396e-08
1.328242389913179204e-04,-8.107003832070374969e-08
1.328452066590138825e-04,-1.603046756970466965e-07
1.328631702385606531e-04,-1.281304096867561003e-07
1.328082045335317058e-04,-3.262206346580956598e-08
1.328455012121200181e-04,-4.099342546468301769e-08
1.328511564944416111e-04,-3.620730624654265676e-08
1.328519806746104664e-04,-4.305569950879509419e-08
1.328538670804031068e-04,-3.036054858620249642e-08
1.328525919165701014e-04,-3.366748085916104338e-08
1.328545494484836039e-04,-2.436322613758371094e-08
1.328556988156144798e-04,-2.069538852000198569e-08
1.328562467872898935e-04,-1.725168232254082476e-08
1.328542067086485015e-04,-1.935197478585094865e-08
1.328559956630222185e-04,-1.423442827653284250e-08
1.328572639554591664e-04,-1.347487057272310719e-08
1.328535542616924203e-04,-1.550268705327850745e-08
1.328554876608830846e-04,-1.188735511927370023e-08
1.328573683888822573e-04,-1.030826228807475015e-08
1.328569134469716434e-04,-9.087552451564778051e-09
1.328550311500534037e-04,-1.027176327624542082e-08
1.328564624707532788e-04,-8.266676495362238142e-09
1.328547480415630852e-04,-9.243316715456866155e-09
1.328561435339776077e-04,-7.787758282847952438e-09
1.328575187639057529e-04,-6.638208794918748614e-09
1.328571947841232167e-04,-6.566973380100115614e-09
1.328559742211989937e-04,-7.583411748295409593e-09
1.328569873497880728e-04,-6.655053745000584531e-09
1.328559309079130118e-04,-7.574432135206518431e-09
1.328569010195899285e-04,-6.831235126794396466e-09
1.328577918975450210e-04,-5.797593947971424388e-09
1.328576905361525699e-04,-6.112473906166424764e-09
1.328568963771339397e-04,-7.058555679735150687e-09
1.328576580143571190e-04,-6.437634469518239348e-09
1.328569339241987351e-04,-7.301283948987572142e-09
1.328576757259133261e-04,-6.723050667880115741e-09
1.328583380833932520e-04,-5.768457944249841069e-09
1.328583593470939860e-04,-6.080500039041488351e-09
1.328577155865337458e-04,-6.933759246474885881e-09
1.328589582224033825e-04,-5.032365464803880880e-09
1.328590054146598328e-04,-5.360502066876078555e-09
1.328561349821186796e-04,-7.812380772781889650e-09
1.328584255402239021e-04,-4.967564948652275955e-09
1.328583751712368989e-04,-7.313121461117382416e-09
1.328589317062834620e-04,-4.627977300037151520e-09
1.328582342078022348e-04,-5.356658358943752936e-09
1.328594508765704098e-04,-3.777188105589419951e-09
1.328509595278965676e-04,-1.997594773671295685e-08
1.328586349178938891e-04,-4.437363780745437749e-09
1.328547668500395628e-04,-8.355928294241250454e-09
1.328529274460877100e-04,-1.100218041576556066e-08
1.328562878334438909e-04,-7.953708539646785958e-09
1.328555053217904890e-04,-8.383755397841864885e-09
1.328363656359282999e-04,-4.179352272307235885e-08
1.328586254544870243e-04,-5.184947370866475039e-09
1.328590569204955620e-04,-3.570870557036640043e-09
1.327828271607039892e-04,-2.777294519501598106e-08
1.328531720358288844e-04,-9.818203013281824850e-09
1.328552592452417842e-04,-8.296775830072342527e-09
1.328505135500412276e-04,-4.519088585859943084e-08
1.328487347968151087e-04,-2.522979625532082970e-08
1.330252694599926705e-04,-3.473900485582124515e-07
1.330437236335233896e-04,-2.636489526005648009e-07
1.331914147743912171e-04,-2.725068396344148839e-07
1.330764158865502798e-04,-1.314149427213136079e-07
1.332307637926623603e-04,-9.246031199650315909e-08
1.333771649089979770e-04,-2.464640711315873049e-07
1.334389726865372369e-04,-1.657429494205956303e-08
1.332806523879696262e-04,1.081255735842689782e-07
1.340182856596318979e-04,-8.187527886896646528e-07
1.328888527775133241e-04,-2.376678309436474838e-07
1.329673537107681973e-04,-1.544015541915892493e-07
1.329857092714473621e-04,-2.848790352294134548e-08
1.353041328393592949e-04,-2.672797598355440886e-06
1.356795350101875600e-04,-2.782254488407774893e-06
1.357531623083496619e-04,-3.204641951208221468e-06
1.360605635253718960e-04,-2.917188542100125584e-06
1.361521032847961958e-04,-3.316130594410762824e-06
1.364344884618089800e-04,-3.050268831692587452e-06
1.365217419455020688e-04,-3.467779166758316079e-06
1.361737218878695621e-04,-3.748819675998382819e-06
1.366318575009097837e-04,-3.888498560569893067e-06
1.363309972033257373e-04,-4.175402072530699783e-06
1.367183387320409799e-04,-4.306936004245201594e-06
1.364204704174708986e-04,-4.586713622693617630e-06
1.360436841516769052e-04,-4.468751547809040121e-06
1.361256530015796909e-04,-4.871637355156044810e-06
1.365050652773377700e-04,-4.994201079637923141e-06
1.362120568913004030e-04,-5.272596524850523380e-06
1.365890668945680128e-04,-5.395228819448549754e-06
1.363009322392445463e-04,-5.668471542401008608e-06
1.366729816717058741e-04,-5.790057874083818275e-06
1.363923039658309310e-04,-6.058998340390725544e-06
1.367565213412840841e-04,-6.178476167123362573e-06
1.364804849957965832e-04,-6.442382669065317313e-06
1.368400044001199145e-04,-6.558233738468488355e-06
1.365633590730305053e-04,-6.818265243965263318e-06
1.362091915300309131e-04,-6.706204321981662225e-06
1.362944020539096350e-04,-7.074610269441127005e-06
1.366420089616555522e-04,-7.184662670908547351e-06
1.363778307253053843e-04,-7.435828657756345476e-06
1.367186404212679385e-04,-7.544147144397146038e-06
1.364557387974860050e-04,-7.788579881418904833e-06
1.361201810209569229e-04,-7.684602568453587071e-06
1.361994613997845511e-04,-8.033268219313559566e-06
1.365301098304304718e-04,-8.134245498557823352e-06
1.362799139086223917e-04,-8.372263261548978046e-06
1.366017665952554030e-04,-8.473190047519264692e-06
1.363550826353860334e-04,-8.704554063255116552e-06
1.366730177213633011e-04,-8.804316921646924380e-06
1.360351779783612505e-04,-8.606729161564900159e-06
1.368399264054754802e-04,-8.244719686472779557e-06
1.361106721924958346e-04,-8.932026738274360321e-06
1.360203004158161541e-04,-5.944839724274551250e-06
1.363573454688868781e-04,-2.640646461930345465e-06
1.358684814316102156e-04,-7.931464983857065975e-06
1.359476956129982512e-04,-6.967782185294708682e-06
1.357852501820597225e-04,-7.582941727042584710e-06
1.369554431967582838e-04,-5.524333729060936024e-06
1.357890906536418304e-04,-8.836791655911077685e-06
1.369881156900483313e-04,-7.295800632235306023e-06
1.370951786560753406e-04,-7.693904883986999390e-06
1.357177819872142012e-04,-8.513655116241702263e-06
1.358707920889506754e-04,-9.149536197680896050e-06
1.361898509366914645e-04,-9.252583707244664216e-06
1.358587969407643156e-04,-6.603899395281249690e-06
1.357023680972523820e-04,-4.745101409737347291e-06
1.355017340666002325e-04,-7.819306468968877785e-06
1.367639545047030921e-04,-2.799414318961148500e-06
1.366457894592919286e-04,-2.390895517292707897e-06
1.362494735131384378e-04,-2.236396658870270702e-06
1.355976130480853012e-04,-2.402897670886943150e-06
1.368694970078609941e-04,-3.543250028101326756e-06
1.355885374860897510e-04,-6.862891430827579577e-06
1.355653659470473847e-04,-9.075571958831742421e-06
1.356342936382514731e-04,-9.360943877040481663e-06
1.353253678847153086e-04,-9.284387117878678265e-06
1.328468283438296400e-04,-9.888289684544771785e-08
1.328509243284398556e-04,-1.135464315076038015e-08
1.346371742920492230e-04,-1.354802077715058384e-06
1.346046738199268851e-04,-9.593682696564501781e-07
1.370309541044918721e-04,-2.464425289751747891e-06
1.373456986238646852e-04,-7.378475028606950990e-06
1.371089590699462249e-04,-6.302386172466264771e-06
1.372034020325445377e-04,-6.679823281127603865e-06
1.328594509741468164e-04,-3.049686014042887277e-09
1.328597653650129132e-04,-2.534291144474528528e-09
1.329368243449905731e-04,-2.455863978527005742e-07
1.340277970251320600e-04,1.315824839720819020e-07
1.328586280257010993e-04,-7.888535546855082849e-09
1.366959811544630869e-04,-3.507210711208113568e-08
1.334997540313598427e-04,2.075215140928365656e-07
1.354497712706417508e-04,-3.549318631566546436e-06
1.357266900851504217e-04,-3.817692070280406154e-06
1.333632744719060901e-04,-4.845165791646131025e-07
1.369663326648220701e-04,-1.748585196344865183e-06
1.371348162198821746e-04,-1.422681810340706965e-06
1.328968662779182644e-04,-6.192623704571809466e-08
1.356775704649115376e-04,-4.290172944811617785e-06
1.361537196034534266e-04,-1.807676705587265898e-06
1.354628307099385392e-04,-7.417373839742447236e-06
1.328500607796196764e-04,-1.590715153484838310e-08
1.328534132093717179e-04,-1.920023078698178453e-07
1.328468024354853767e-04,-2.040101315110225975e-08
1.328599274787590058e-04,-2.879072384289811926e-09
1.368656150674591072e-04,-3.781041167673987007e-07
1.369281925724063185e-04,2.876482184624455844e-07
1.328557110980907040e-04,-1.400726886392303439e-08
1.328576110830336269e-04,-7.393222163430542932e-09
1.337362868778476711e-04,-3.941197897306749331e-07
1.356411368049084503e-04,-8.173235679501928311e-06
1.328593589921045265e-04,-4.690578136500343725e-09
1.328585507998719607e-04,-7.849195655546783679e-09
1.328590401760457412e-04,-4.988672524761236258e-09
1.358445957938971102e-04,-5.159148027013039352e-06
1.359333934601151845e-04,-5.557612161579151490e-06
1.356059918424327158e-04,-5.878643641958965118e-06
1.357677601560112058e-04,-6.256311728881278395e-06
1.328583892495303887e-04,-6.298179099308822337e-09
1.328577454183665777e-04,-7.041986730836491058e-09
1.328570898919993943e-04,-7.595256227693598405e-09
1.328584080514434859e-04,-6.378519491152897471e-09
1.328571375018196689e-04,-7.594090221097480419e-09
1.328564428662456728e-04,-8.141851240330082397e-09
1.328564281949566410e-04,-8.051682490735644579e-09
1.374708122513199657e-04,-4.217298275196725136e-06
1.375882650536986189e-04,-5.469388999242876643e-06
1.376788856724220041e-04,-8.169645142818489792e-06
1.373760141963983774e-04,-7.978504972447368675e-06
1.373730400470593246e-04,-8.342433381862032863e-06
1.347616199356381766e-04,2.107647964710305183e-07
1.358826432870653374e-04,6.315797137674518851e-07
1.327668726012563708e-04,3.317609563774406221e-08
1.327599521395087640e-04,8.220477528785446662e-10
1.327533610253384436e-04,6.256807106292440605e-10
1.327598169506905349e-04,-2.170976158146442495e-08
1.327513207722990664e-04,1.006223483884146485e-08
1.327904567080180371e-04,-2.069846791311496818e-08
1.327846619837833497e-04,-3.926145895420079028e-08
1.328015998935800333e-04,-4.634248945145318793e-08
1.327707625357551515e-04,-3.191628804761927764e-08
1.327818318055849973e-04,-5.465263095618771505e-08
1.327689444728605566e-04,-2.736413647353022194e-08
1.368002474978936714e-04,-4.722802489244564611e-06
1.371122937936056793e-04,-4.463837653151193307e-06
1.370730662767212873e-04,-3.962563895559859955e-06
1.375163971062401869e-04,-4.648225700993760519e-06
1.328208729135507606e-04,8.572085306846645387e-08
1.358820206425992406e-04,-1.410612924238218880e-06
1.329679227983651224e-04,1.671378475150613842e-07
1.341580011269527777e-04,4.583029766008865129e-07
1.328546256815149389e-04,-8.796222084171868679e-09
1.352592788872100790e-04,-5.664086975860201329e-06
1.364307331699607980e-04,-9.032400047201444738e-06
1.367430544580273228e-04,-9.129596026440333885e-06
1.369869515046061640e-04,-8.905505155238967340e-06
1.370494595502354663e-04,-9.219045822235762033e-06
1.372774187103624640e-04,-8.979572906886476881e-06
1.373838348537430852e-04,-9.285155787813288293e-06
1.368047511014681039e-04,-9.440849491930049326e-06
1.371906103547661921e-04,-8.647258599073605941e-06
1.365026262755977219e-04,-9.362972354050207302e-06
1.362525555168567269e-04,-9.559653983916142125e-06
1.328590488531312399e-04,-5.569568307268238456e-09
1.328596170542772317e-04,-4.569492003566417255e-09
1.328597154734523851e-04,-4.739135572421305045e-09
1.328602342663403474e-04,-3.595345794601927582e-09
1.328590288484643174e-04,-5.654600623048483743e-09
1.328582986526606472e-04,-6.400284507164419669e-09
1.328577266634542410e-04,-7.036939535672747230e-09
1.328571339588660051e-04,-7.462795591923418177e-09
1.328601055200021583e-04,-3.236100273365852698e-09
1.328606022351944106e-04,-2.271665013556757702e-09
1.376253221502510261e-04,-5.873162408809759213e-06
1.377048470391088514e-04,-8.521259834066535112e-06
1.328562189889437219e-04,-8.010148582070985604e-09
1.371795407233427516e-04,-4.878614247508449191e-06
1.375820623219328233e-04,-6.697163066747886551e-06
1.328595202234809480e-04,-1.824928224109965941e-09
1.328591437145940004e-04,-3.233271734964368696e-09
1.328594741226190234e-04,-1.899223392969909259e-09
1.374666922221575121e-04,-3.348448166593371158e-06
1.370789847236953307e-04,-3.154596691307134787e-06
1.328493628432371877e-04,-1.119360682915613921e-08
1.328596956572350332e-04,-2.502479306736539894e-09
1.328408726658139962e-04,2.167714083656712837e-08
1.328332826240375157e-04,-2.057885101804930000e-08
1.328060400545679138e-04,-2.180709928568257054e-08
1.328162118738745209e-04,-4.177251722190575220e-08
1.349701176726071086e-04,5.581708167274015310e-07
1.328550461564198602e-04,-8.238192564929132763e-09
1.328537643467564845e-04,-8.927954769135285156e-09
1.351697288211047650e-04,-7.909161167389653653e-06
1.352557266657099233e-04,-6.825827732371583350e-06
1.352292314581124443e-04,-6.053725017156567861e-06
1.353038383092463768e-04,-4.861679176101405332e-06
1.377103070345945613e-04,-9.196538946493346283e-06
1.328520310696686558e-04,-2.573106800609338538e-08
1.328558735228073926e-04,-8.511508681841720549e-09
1.351540548307610665e-04,-8.579702159894664245e-06
1.354450896938963142e-04,-8.769982634889510165e-06
1.327627686908681201e-04,-1.303384532883887262e-08
1.327597349673848655e-04,-2.039921705674185626e-08
1.328530665585878751e-04,-1.280453419312077718e-08
1.328546983467642178e-04,-8.633523175240100299e-09
1.328501397961199691e-04,-5.901224263019389944e-08
1.328601339871031222e-04,-4.151402882249118937e-09
1.369167431539830961e-04,-6.930164405247851684e-06
1.367906419932903939e-04,-7.893888222404446138e-06
1.370196519626906727e-04,-5.920590469366895451e-06
1.359570617642909198e-04,-8.271784732375930411e-06
1.366532682990073948e-04,-7.028529184532353335e-07
1.328570217302560549e-04,-7.481298032205157134e-09
1.356218521304064061e-04,2.653442792205581446e-07
1.328591071815741998e-04,-3.711537949685821867e-09
1.361217481388202698e-04,-6.329201621525577333e-06
1.360375766149630647e-04,-7.329159158510752749e-06
1.328574297155354586e-04,-6.762399017982915023e-09
1.356711280648572444e-04,-9.685141257398855827e-06
1.328595365285638286e-04,-4.207690190893672898e-09
1.328551626915396846e-04,-8.736542404702260852e-09
1.328286690395979563e-04,-5.831832932725839432e-08
1.328451691289697873e-04,-4.591578237413282723e-08
1.328779533858852617e-04,-2.236829282057357884e-07
1.328583510536855456e-04,-5.390349453614457848e-09
1.328174887269581808e-04,-9.976248675367656872e-08
1.328579741261289417e-04,-5.514697101487510932e-09
1.328579261841256827e-04,-6.906973125184105947e-09
1.328575928885669959e-04,-1.191204432681023088e-08
1.328536374307983541e-04,-2.412871123939766409e-08
1.372685366323177529e-04,-7.036870318161019721e-06
1.327498675604162331e-04,-4.989319862815762861e-11
1.368984545866115069e-04,-8.574315730670889376e-06
1.328560241881260469e-04,-7.657528815915602001e-09
1.368754163956375136e-04,-5.127899569298390316e-06
1.343190192516764106e-04,-7.172069854705531890e-07
1.328488867153685023e-04,-8.171182464251101304e-08
1.357143984331357633e-04,-7.210545560481592366e-06
1.343707892560279133e-04,1.806699874409201899e-07
1.359785601370669969e-04,-2.510799821801671205e-06
1.328607513045183255e-04,-2.717960447766795287e-09
1.337014574612306931e-04,7.389439433111685192e-08
1.328589363242416860e-04,-4.161414898251861222e-09
1.351829099145196477e-04,2.404661147670289589e-07
1.355990132801808293e-04,-3.990501021446780078e-07
1.327704024649475087e-04,-4.384398253512649083e-08
1.376737319522337898e-04,-7.457996698247188022e-06
1.331046080888605339e-04,2.687413568336953532e-08
1.328566047051949785e-04,-7.944613941031981955e-09
1.369312340632130871e-04,-1.027271607237007143e-06
1.328078292780915132e-04,-7.327297734181877574e-08
1.328534313090889995e-04,-9.207780832808016375e-09
1.358427842149649708e-04,-2.123821878481228063e-06
1.328337966214186044e-04,-1.657269780385420756e-07
1.369021971960432654e-04,-9.736398014413222762e-06
1.328588217757619349e-04,-5.692794131358867637e-09
1.329149830045505429e-04,5.238235755766598182e-08
1.328562789986778830e-04,-7.613892487977902591e-09
1.351433875468560739e-04,-9.522562660499622985e-06
1.375090488088387668e-04,-9.759249060959484373e-06
1.328612119753876694e-04,-1.983196823023190287e-09
1.368654098908299484e-04,-2.094447082814543854e-06
1.328566823405670136e-04,-7.639385934238231807e-09
1.328508307304201129e-04,-1.069090314549266072e-08
1.358305569225090647e-04,-5.527584494023026986e-08
1.354144181574808245e-04,-8.392814764572853584e-06
1.353352456591533023e-04,-4.471560768268521812e-06
1.328477101991181939e-04,-2.503240473326245482e-08
1.333105936951192532e-04,3.105685136382520446e-07
1.372398407270940810e-04,-5.287948620270945924e-06
1.355746326114678081e-04,-5.438984635111659478e-06
1.359908578020713492e-04,-4.098213759723284437e-06
1.328427872719119816e-04,-6.111111846957766371e-08
1.359547727024203385e-04,-9.434072277596030972e-06
1.372929216111885007e-04,-5.687813004065098869e-06
1.373923977983705397e-04,-2.534233096966754288e-06
1.328507533069367170e-04,-1.295607803283613256e-08
1.335930956689877530e-04,-1.912382230143710222e-07
1.367683605489775848e-04,6.438100128112194245e-07
1.360885851488782469e-04,2.998574732524894885e-07
1.351826971881393000e-04,-7.576705936777758526e-06
1.373340383561516391e-04,-1.721867153478831267e-06
1.370954474987172011e-04,-8.087330308861097813e-06
1.355411834509024542e-04,-6.536458433190887663e-06
1.328576481404590873e-04,-6.926872561805155750e-09
1.328601111319916285e-04,-1.377176799274638918e-09
1.328558093070059880e-04,-8.404205211801643461e-09
1.372340992520158071e-04,-4.612553964398173221e-07
1.328495185251193683e-04,-3.372073874334682745e-08
1.328269635451931015e-04,-3.677509359995839627e-08
1.328417810616763794e-04,-2.888342709969435026e-08
1.327965548309843996e-04,2.103990153114480442e-08
1.327942016353116539e-04,-6.001747773175847045e-08
1.328525774122979962e-04,-1.650923181804845585e-08
1.346125028696058649e-04,-6.432542999336601417e-07
1.354217070793786260e-04,-2.059710361382200481e-06
1.328528532116752289e-04,-9.434571495779753140e-09
1.328587458264823818e-04,-3.840055983455226015e-09
1.328597920362660370e-04,-1.441993421178707594e-09
1.365138072736333836e-04,3.011200361892945101e-07
1.328593208523449467e-04,-2.949909729303638454e-09
1.349103781714271915e-04,-1.080050643740310227e-06
1.373405860118282655e-04,-6.075041079179648811e-06
1.335079055112718346e-04,-4.072163670576113888e-07
1.328593140256689763e-04,-3.651537807233966298e-09
1.371079222273714282e-04,-9.495232290365573683e-06
1.328597164706190085e-04,-2.169163347225709655e-09
1.327714865828853188e-04,8.469310645138289157e-09
1.328591924237783372e-04,-3.008059183416479392e-09
1.374259983121384882e-04,-7.675388462501920485e-06
1.330151659750651257e-04,9.410917357946160989e-08
1.370794270665390811e-04,-8.379257426584488214e-06
1.371647574523633401e-04,6.318277175231818549e-07
1.367337614851733591e-04,-3.200738588150729003e-06
1.350898714882134291e-04,-9.220669070302009923e-06
1.328161272908637595e-04,-6.136695246189105723e-08
1.328836312523530236e-04,-1.895175096925781394e-07
1.328560204242941359e-04,-8.384480635080498340e-09
1.335247789138087142e-04,4.108426171761195988e-07
1.327497602667304969e-04,4.683215723869187200e-09
1.328435427154784623e-04,-2.468145503324813486e-08
1.355361943120488575e-04,-5.068549132829732063e-06
1.358682392395482372e-04,-3.515768218945569120e-06
1.377651899565603079e-04,-9.780755534373623136e-06
1.328487697484618559e-04,-1.295592388585481372e-08
1.374778912634608730e-04,-8.719227180488111430e-06
1.327540269938098667e-04,-9.342120922889368721e-09
1.328614584787163777e-04,-9.889699050089828080e-10
1.338222146031834434e-04,-6.415906419153091620e-07
1.365223436507964367e-04,-2.066906668961319828e-06
1.351058809315505000e-04,-9.773698371033629997e-06
1.328562795945734760e-04,-7.218635995817308883e-09
1.373780919747450520e-04,-6.443323659370545740e-06
1.328607805973956398e-04,-1.028188507883310288e-09
1.373037492861624092e-04,-1.162578668196178347e-06
1.328479125832151154e-04,-1.114697840370935205e-07
1.354715400185789172e-04,-6.229498451239171422e-06
1.353748500048879090e-04,-8.074607974440898512e-06
1.328586095483248676e-04,-4.532557040374244176e-09
1.327809174065540843e-04,-5.652926409350144673e-08
1.354257676270324124e-04,-9.506812328436516749e-06
1.371162196395502876e-04,-2.797411360325249022e-06
1.372042835448408554e-04,-3.557446130477566777e-06
1.328545243689957468e-04,-8.642227299088414099e-09
1.328461518299781910e-04,-1.752474660163272388e-08
1.354578011389033596e-04,-7.105379024754888378e-06
1.328603422783391878e-04,-3.716115815746795878e-09
1.328485992156107777e-04,-5.936769884252578136e-08
1.329117968305711865e-04,-1.642150046456059511e-07
1.327828825963993571e-04,-6.887146323808173824e-08
1.369852175664118034e-04,-6.632862514585707849e-07
1.328561751368257130e-04,-5.758644005660981245e-09
1.328571267652188786e-04,-7.237641599437105179e-09
1.372518167440585791e-04,3.187148599020605719e-07
1.375236685242145474e-04,-9.021304322929998696e-06
1.328522856103790510e-04,-9.952302413065103527e-09
1.352574462134776352e-04,-2.350134787681995607e-06
1.373767698205452894e-04,-9.558674075753362685e-06
1.353260905363813009e-04,-9.055410332429578206e-06
1.362809197436281445e-04,-9.812010992432160754e-06
