Size 674,2
8.512445614452850086e-05,6.340317277796710490e-07
8.217878716559632126e-05,0.000000000000000000e+00
8.542234273786227091e-05,-6.185936410943824332e-06
8.349960574417458173e-05,-6.185916042791155767e-06
8.359009830368699942e-05,-2.366737313986935126e-06
8.223168330930572326e-05,-2.390327410011625400e-08
8.224413557832095699e-05,-4.257153875739989491e-09
8.224780667708170062e-05,0.000000000000000000e+00
8.484191162343289341e-05,6.343469198124682390e-07
8.455521249690714795e-05,6.323424375823081081e-07
8.426579875581862887e-05,6.243814867800573908e-07
8.397807696646114627e-05,6.080104152250428099e-07
8.369722078959188592e-05,5.821569390098673846e-07
8.342852441749299352e-05,5.460322233562093732e-07
8.317804344506801381e-05,5.002254010076749851e-07
8.295117866142476498e-05,4.458072883961825107e-07
8.275483171381182285e-05,3.861721998222956735e-07
8.258987991591490256e-05,3.186400299016918766e-07
8.245943632531962941e-05,2.545938496698855269e-07
8.236170746968666785e-05,1.963269955750569843e-07
8.229209180541913313e-05,1.440727670499203608e-07
8.224534653284805354e-05,1.013145597597114002e-07
8.221625246812773002e-05,6.793911636511055521e-08
8.219851790181406008e-05,4.337836674823995156e-08
8.218818972462631548e-05,2.623206359050562093e-08
8.218236400200352695e-05,1.454937564105522446e-08
8.217978037793573416e-05,6.254751840492468660e-09
8.542235863104767960e-05,-5.992840334283527783e-06
8.542235587557978798e-05,-5.794778005860394603e-06
8.542227539003210447e-05,-5.591478403455804803e-06
8.542196846148259316e-05,-5.382813959582711100e-06
8.542130376500591384e-05,-5.168692481014432908e-06
8.542016198207730651e-05,-4.949105878788044845e-06
8.541839991038272352e-05,-4.723948442466332253e-06
8.541582992322269586e-05,-4.493229742079184159e-06
8.541228394657683751e-05,-4.257019956934753411e-06
8.540762809288993107e-05,-4.015635383501665703e-06
8.540143139240457745e-05,-3.769010775356467520e-06
8.539352099585123838e-05,-3.517659454378828596e-06
8.538366819614570473e-05,-3.261984293374931457e-06
8.537159881660581838e-05,-3.002544143200932082e-06
8.535704092962370681e-05,-2.740059835240716093e-06
8.533991201250257772e-05,-2.475667869577900601e-06
8.531971387612069350e-05,-2.210331802412457392e-06
8.529653064018048237e-05,-1.945134672259567114e-06
8.527124086412681122e-05,-1.681848013900106689e-06
8.524428225699732847e-05,-1.421172215079528719e-06
8.521766096358034353e-05,-1.163931599449543199e-06
8.519146367656423057e-05,-9.101369175077738674e-07
8.516757179856409730e-05,-6.598259947365787656e-07
8.514811088151651186e-05,-4.103025856692516585e-07
8.513440555774957571e-05,-1.600701974108767071e-07
8.512690038071551231e-05,9.552728577026319527e-08
8.512456025629984251e-05,3.590656815490230410e-07
8.369217459485116110e-05,-6.185830538891740779e-06
8.388460780643643242e-05,-6.185643304109980532e-06
8.407689737944840525e-05,-6.185429141267413212e-06
8.426900768432598341e-05,-6.185246615613990351e-06
8.446099037660340059e-05,-6.185181534849335838e-06
8.465300459507382378e-05,-6.185242966175911685e-06
8.484508740365968654e-05,-6.185410634631696348e-06
8.503733604873486558e-05,-6.185637476381924306e-06
8.522976953674906819e-05,-6.185843709113079086e-06
8.349959426055704448e-05,-5.999966497633546827e-06
8.349958731082904708e-05,-5.809410938991639570e-06
8.349963767194247923e-05,-5.614006705728047715e-06
8.349989301681596632e-05,-5.413640146879142989e-06
8.350045320579644215e-05,-5.208238825771363340e-06
8.350142530236847661e-05,-4.997712525184800603e-06
8.350294863882852970e-05,-4.782019200970077504e-06
8.350516377450995257e-05,-4.561235932838014541e-06
8.350824809593055970e-05,-4.335315561779082942e-06
8.351227253584717102e-05,-4.104512237320307700e-06
8.351752329358745131e-05,-3.868765606648220850e-06
8.352419071245385383e-05,-3.628316415662473778e-06
8.353244684909953742e-05,-3.383630277160397253e-06
8.354265417337148605e-05,-3.134850473459507392e-06
8.355507050712602548e-05,-2.882086254899985859e-06
8.357036327123480409e-05,-2.626067036181764804e-06
8.359476362106457411e-05,-2.094235051086016181e-06
8.356567357262721651e-05,-1.826404205466065800e-06
8.350008926582716225e-05,-1.568993064301230082e-06
8.340193274001384384e-05,-1.329138127864287681e-06
8.327410640885185241e-05,-1.106995675292688669e-06
8.312211166879382180e-05,-9.099476359811170610e-07
8.296046877368757027e-05,-7.354967401497858336e-07
8.279319391502134738e-05,-5.890376301369174940e-07
8.264522862577000065e-05,-4.671294890395393133e-07
8.251678200836693713e-05,-3.684511451163102943e-07
8.241728731855238010e-05,-2.885294131943021501e-07
8.234410934756212922e-05,-2.239096614588618473e-07
8.229457448874790933e-05,-1.718779614508562253e-07
8.226315474291681228e-05,-1.294808851694431173e-07
8.224496890025829055e-05,-9.564065071797044793e-08
8.223572092673374411e-05,-6.915098736657042288e-08
8.223150658375217984e-05,-4.849772630007334016e-08
8.223086115355092451e-05,-3.373345993569829727e-08
8.223312371378887098e-05,-1.749980630984293379e-08
8.223500383298392607e-05,-1.330010831817757993e-08
8.223671005539665837e-05,-1.056705633460688863e-08
8.223822087322280906e-05,-8.690991304263290937e-09
8.223954363561323416e-05,-7.445208078593020688e-09
8.224069142414872839e-05,-6.654155722573631923e-09
8.224159899218621531e-05,-6.151706715204569205e-09
8.224234064610565947e-05,-5.865185624998525075e-09
8.224291111441373600e-05,-5.693807699688259096e-09
8.224334612532171443e-05,-5.576923658278384420e-09
8.224366568668651113e-05,-5.491265016017774632e-09
8.224388462513284952e-05,-5.403188781094410176e-09
8.224402231928146733e-05,-5.284266045851815761e-09
8.224409646289101354e-05,-5.113191760694360824e-09
8.224412673940305102e-05,-4.881283608952788594e-09
8.224413227744571816e-05,-4.585609294775661288e-09
8.224770006963569866e-05,-7.312592499108130602e-10
8.224745668227459797e-05,-1.387612744309418810e-09
8.224711515338623013e-05,-1.977829059630722931e-09
8.224671802077555220e-05,-2.513258429918240952e-09
8.224626845467458540e-05,-2.981041714048485213e-09
8.224580153535242298e-05,-3.391362865234092946e-09
8.224533809440000667e-05,-3.736944467573206744e-09
8.224490029971702736e-05,-4.008797493920137795e-09
8.224449696948666147e-05,-4.187236715893822889e-09
8.217781420771780440e-05,0.000000000000000000e+00
8.217899230189101801e-05,0.000000000000000000e+00
8.218308936355367552e-05,0.000000000000000000e+00
8.218979025911206404e-05,0.000000000000000000e+00
8.219848674099435374e-05,0.000000000000000000e+00
8.220802724508804494e-05,0.000000000000000000e+00
8.221739544157968458e-05,0.000000000000000000e+00
8.222580356521517499e-05,0.000000000000000000e+00
8.223266684610837005e-05,0.000000000000000000e+00
8.223784602294781636e-05,0.000000000000000000e+00
8.224153307204683239e-05,0.000000000000000000e+00
8.224390615701980003e-05,0.000000000000000000e+00
8.224540816374695132e-05,0.000000000000000000e+00
8.224616411795525382e-05,0.000000000000000000e+00
8.224649480400781005e-05,0.000000000000000000e+00
8.224658573390370645e-05,0.000000000000000000e+00
8.224656092901566379e-05,0.000000000000000000e+00
8.224649248371445210e-05,0.000000000000000000e+00
8.224643721284819917e-05,0.000000000000000000e+00
8.224642195246848798e-05,0.000000000000000000e+00
8.224645384862691838e-05,0.000000000000000000e+00
8.224654183473315287e-05,0.000000000000000000e+00
8.224667951907532466e-05,0.000000000000000000e+00
8.224685741811087463e-05,0.000000000000000000e+00
8.224706768232860061e-05,0.000000000000000000e+00
8.224730748647660224e-05,0.000000000000000000e+00
8.224755628947185771e-05,0.000000000000000000e+00
8.366621228648845872e-05,-5.104214092675429218e-06
8.224391940833611760e-05,-5.358156095043854747e-09
8.224637036165900977e-05,-3.076180902619486093e-09
8.454050979006439727e-05,-6.010942350237940884e-06
8.368184146112373476e-05,-4.470745773048550393e-06
8.224279939710266120e-05,-5.617811083400048064e-09
8.224889365050894229e-05,-1.154919028965753101e-07
8.349183589550006562e-05,-1.089940349274372474e-06
8.523209786408405099e-05,-4.843141936759553003e-06
8.224643503120855105e-05,-9.923989588264107518e-10
8.224644292298375638e-05,-1.211448366951447738e-09
8.520733444024971746e-05,-3.881718307923918187e-06
8.373791980144739788e-05,-3.256999782395420985e-06
8.223920484459740351e-05,-9.145942917620893869e-09
8.496881530157162005e-05,-5.193010891463937409e-07
8.219436371013459370e-05,-1.115615848372065542e-08
8.498840811985076038e-05,-1.302036790605115924e-06
8.222193558530130006e-05,-1.217750282472563148e-08
8.223654868171936577e-05,-1.949094432426318870e-08
8.378934061064138329e-05,-2.504500789982309314e-06
8.383062529909470460e-05,3.646587767389783219e-07
8.220097722789056031e-05,3.416616686836133248e-08
8.514979984452974104e-05,-3.131525157891942732e-06
8.224631739208297806e-05,-2.299161673517331553e-09
8.379422949015253945e-05,-1.914231662334375682e-06
8.223739125142792217e-05,-4.258255847409097417e-08
8.229522732218654381e-05,-1.800758870281326022e-07
8.312435341253503500e-05,-6.617400732936533477e-07
8.224285665951073328e-05,-5.104300447693538778e-09
8.510530090630159068e-05,-2.341414756378646486e-06
8.224692804062112871e-05,-9.868286139870525368e-10
8.524869857940460397e-05,-5.487075266448632069e-06
8.271063354789119084e-05,-3.757052556390333267e-07
8.243140838966980289e-05,-2.521947972567102431e-07
8.507250000053968441e-05,-1.816326803145725887e-06
8.223623437545371354e-05,-8.890757918565553275e-09
8.224634861376181193e-05,-1.050509501210459682e-09
8.521129096637841346e-05,-4.383092905604820916e-06
8.370300327677729520e-05,-3.976676660453570909e-06
8.224180209035172515e-05,-6.070123076075499272e-09
8.225773435807919726e-05,7.488746920333513748e-08
8.329295522530639378e-05,3.159673240333577692e-07
8.365277378772499378e-05,-5.512606987887621492e-06
8.224425346966441361e-05,-5.143249715051967694e-09
8.420325088332861793e-05,-6.044566473657132758e-06
8.224550223098619237e-05,-3.893077321795729717e-09
8.440418138768244875e-05,4.077273572820486903e-07
8.218265602740470208e-05,1.162823525344960919e-08
8.240001980155348756e-05,1.321421102576608001e-07
8.281715340055522843e-05,2.336932154537713383e-07
8.224714967796637854e-05,-1.905278435405062093e-09
8.494133533774806050e-05,-6.027584685438412323e-06
8.489737573333174686e-05,-3.363563454103976061e-08
8.218113392679388118e-05,-4.229116423847335055e-09
8.224466641667727462e-05,-4.443634365636813053e-09
8.378034676801937000e-05,-6.037629866449878823e-06
8.522456654151047814e-05,-5.891179454024769606e-06
8.224735550585913991e-05,-7.983347228394238126e-10
8.361994700586397253e-05,-1.295307745363186495e-06
8.372864575026736774e-05,-1.074957760844218640e-06
8.360041097055976071e-05,-8.634712447786018452e-07
8.384982908265733483e-05,-8.638199480384048297e-07
8.372121325366263338e-05,-6.546887128662976340e-07
8.398113939000674706e-05,-1.082485767013113497e-06
8.396902018749922330e-05,-6.542858025316801288e-07
8.382782882828518811e-05,-4.478410415239513238e-07
8.408313978271479607e-05,-4.456714670097744104e-07
8.422528848993056719e-05,-6.543567487783016764e-07
8.354706181999065984e-05,-4.658667371354719059e-07
8.368462863609195997e-05,-2.509486073028558724e-07
8.344245452870587031e-05,-2.511487687806885623e-07
8.434541608058683418e-05,-4.419696933223736767e-07
8.420100778813046738e-05,-2.398619021152342756e-07
8.355431700177376876e-05,-5.679378421935421273e-08
8.330981661180286192e-05,-6.692512660479631353e-08
8.320688028462919596e-05,-2.446945829107472428e-07
8.308275580724211126e-05,-7.575200191106098097e-08
8.448909399685300913e-05,-6.525142341001590692e-07
8.437344018496629029e-05,-8.680870967748152231e-07
8.463244491032514646e-05,-8.677171567881065034e-07
8.455311913749425105e-05,-1.081474404162620846e-06
8.381129385585796927e-05,-5.075264274086897062e-08
8.446579328582796238e-05,-2.314562267793045674e-07
8.297543743224602194e-05,-2.756162200295427375e-07
8.287785419420201085e-05,-8.715391640273519569e-08
8.434923438719152844e-05,-2.556853155351522735e-08
8.224192214102131221e-05,-8.641037529662850417e-08
8.223775252156469379e-05,-9.813646637812557518e-08
8.223677239805796515e-05,-7.821264823325480202e-08
8.222834054930544317e-05,-7.963273178856758272e-08
8.222744772340809564e-05,-9.321103604872102896e-08
8.221709920290015585e-05,-7.176683120448659701e-08
8.221528420608364626e-05,-7.713966204485913555e-08
8.220571798038215511e-05,-5.752651596243692184e-08
8.223028707000903036e-05,-6.422653371702247893e-08
8.220445590943307741e-05,-5.564477264806347172e-08
8.221715670110016404e-05,-7.495588408646535063e-08
8.220786617920929811e-05,-5.131503463915290125e-08
8.219476093677293544e-05,-3.696773706465772676e-08
8.220677226607491959e-05,-4.381096521752706036e-08
8.222464054460046519e-05,-6.064467084752157155e-08
8.223675474111577261e-05,-6.050638309408500415e-08
8.223264321615504288e-05,-4.943422901993247331e-08
8.223813668159144072e-05,-4.485568390397111373e-08
8.223527146238191214e-05,-3.620679726723256795e-08
8.223965433742999327e-05,-3.226332518734946389e-08
8.222453687200002642e-05,-5.018621419854132554e-08
8.223751685676408566e-05,-9.923622781247163950e-08
8.224863716791211681e-05,-7.931882504421790997e-08
8.221461077908468037e-05,-2.019461071692978962e-08
8.223769919916330850e-05,-2.537688243052469350e-08
8.224120008821960760e-05,-2.241404672402935664e-08
8.224171029499050944e-05,-2.665352826736310106e-08
8.224287807000517727e-05,-1.879462531526182828e-08
8.224208868287024091e-05,-2.084177386515258281e-08
8.224330048834052761e-05,-1.508199713275954821e-08
8.224401200132645372e-05,-1.281143098854747575e-08
8.224435122188740997e-05,-1.067961286632766370e-08
8.224308831606187990e-05,-1.197979391502835391e-08
8.224419576400741547e-05,-8.811788933106428626e-09
8.224498089742080420e-05,-8.341586545024688191e-09
8.224268442032713782e-05,-9.596901509184745392e-09
8.224388128649268062e-05,-7.358838883371972164e-09
8.224504554668276798e-05,-6.381305225942249179e-09
8.224476391597631425e-05,-5.625627708101153628e-09
8.224359868455058886e-05,-6.358710599577694975e-09
8.224448474022206341e-05,-5.117466401857465705e-09
8.224342342691377599e-05,-5.722053204826517285e-09
8.224428730317053296e-05,-4.820993222694003787e-09
8.224513863598297936e-05,-4.109367349209843402e-09
8.224493807707000984e-05,-4.065269235296644719e-09
8.224418249049796732e-05,-4.694492987034920502e-09
8.224480966533864767e-05,-4.119795175511455175e-09
8.224415567751124057e-05,-4.688934178900738041e-09
8.224475622283495646e-05,-4.228859840415580839e-09
8.224530771871216110e-05,-3.588986729748875144e-09
8.224524497118334925e-05,-3.783912418091645566e-09
8.224475334893363067e-05,-4.369582087433637951e-09
8.224522483864322368e-05,-3.985202290666797650e-09
8.224477659235484293e-05,-4.519842444621337820e-09
8.224523580294004982e-05,-4.161888508680590848e-09
8.224564583376096471e-05,-3.570950155978389153e-09
8.224565899700416523e-05,-3.764119071795597577e-09
8.224526047856221822e-05,-4.292327152604305082e-09
8.224602972933868581e-05,-3.115273859155793908e-09
8.224605894359261304e-05,-3.318406041417430703e-09
8.224428200916240829e-05,-4.836235716509810461e-09
8.224569997370385975e-05,-3.075159253940580622e-09
8.224566879290233447e-05,-4.527170428302647555e-09
8.224601331459771363e-05,-2.864938328583463581e-09
8.224558152982366769e-05,-3.316026603121394089e-09
8.224633470572777216e-05,-2.338259303445250609e-09
8.224107815654869795e-05,-1.236606288459079140e-08
8.224582958845179012e-05,-2.746939483325622358e-09
8.224343507025632966e-05,-5.172717515454817913e-09
8.224229639161943480e-05,-6.810873590717762961e-09
8.224437663141123309e-05,-4.923724334077574512e-09
8.224389221943540992e-05,-5.189943817728901623e-09
8.223204384247310365e-05,-2.587218073332684353e-08
8.224582373015243018e-05,-3.209729324815315830e-09
8.224609082815758829e-05,-2.210538916269032294e-09
8.219890097685804962e-05,-1.719277559692309833e-08
8.224244780431634973e-05,-6.077935198700409843e-09
8.224373988633387333e-05,-5.136099323374334775e-09
8.224080207501916623e-05,-2.797531029342437273e-08
8.223970094206972344e-05,-1.561844530090930240e-08
8.234898430498889348e-05,-2.150509824407788979e-07
8.236040831717452316e-05,-1.632112563717666189e-07
8.245183616628332221e-05,-1.686947102499409961e-07
8.238064637857228320e-05,-8.135210739893473428e-08
8.247619508235609989e-05,-5.723733599784058828e-08
8.256682434484966015e-05,-1.525729964148284148e-07
8.260508630237397871e-05,-1.026027782126846272e-08
8.250707849849865042e-05,6.693487888550758351e-08
8.296370861905149696e-05,-5.068469644269233070e-07
8.226453588250180879e-05,-1.471277048698794944e-07
8.231313169832640765e-05,-9.558191449955101569e-08
8.232449466446101064e-05,-1.763536884753473182e-08
8.375970925412080242e-05,-1.654588989458116903e-06
8.399210107415740363e-05,-1.722348016633401196e-06
8.403767987778149615e-05,-1.983825969795559641e-06
8.422797586927146412e-05,-1.805878621300089581e-06
8.428464333939133005e-05,-2.052842748920951944e-06
8.445945321087532163e-05,-1.888261657714478562e-06
8.451346727220928376e-05,-2.146720436564723790e-06
8.429802628415108273e-05,-2.320697894665693628e-06
8.458163404460434479e-05,-2.407165775590899132e-06
8.439538719371911116e-05,-2.584772711566624401e-06
8.463517004482844317e-05,-2.666198478818471178e-06
8.445077537390411357e-05,-2.839394147381779691e-06
8.421752673317462509e-05,-2.766370005786539793e-06
8.426826935454309175e-05,-3.015775505572805153e-06
8.450314362048845442e-05,-3.091648287394901695e-06
8.432175747675119874e-05,-3.263988324907464091e-06
8.455514462163112380e-05,-3.339903554896725370e-06
8.437677554928801839e-05,-3.509053811962529118e-06
8.460709186462114643e-05,-3.584321541099489349e-06
8.443333899907956336e-05,-3.750808496432323133e-06
8.465880689816953893e-05,-3.824770960600182881e-06
8.448792725572506265e-05,-3.988141652278526337e-06
8.471048688697277657e-05,-4.059858980956659066e-06
8.453923025591737186e-05,-4.220830865311816483e-06
8.431998368167945034e-05,-4.151459818369610146e-06
8.437273305360436118e-05,-4.379520642987388295e-06
8.458791828220921921e-05,-4.447648320086296074e-06
8.442437937399237507e-05,-4.603132026230165053e-06
8.463535680482626360e-05,-4.670186327483976669e-06
8.447260818058036026e-05,-4.821501831354576349e-06
8.426488193796711958e-05,-4.757134923328411084e-06
8.431396026771750579e-05,-4.972975564336976336e-06
8.451864739145066184e-05,-5.035485308631036125e-06
8.436376420175990235e-05,-5.182829638101715845e-06
8.456300634110408424e-05,-5.245308124654771530e-06
8.441029722308978158e-05,-5.388533467729331487e-06
8.460711418107568469e-05,-5.450291427686170873e-06
8.421226100683623357e-05,-5.327975195254435544e-06
8.471043860457372874e-05,-5.103874091626013774e-06
8.425899552034803381e-05,-5.529349885598406917e-06
8.420305108716565968e-05,-3.680138876931872743e-06
8.441169802478076009e-05,-1.634685905004484196e-06
8.410906790646658661e-05,-4.909954513816288254e-06
8.415810525684962596e-05,-4.313388971849121710e-06
8.405754379960212147e-05,-4.694202021502567847e-06
8.478194899917743230e-05,-3.419825641799617745e-06
8.405992123439100672e-05,-5.470394834611582209e-06
8.480217482835697006e-05,-4.516448010431421787e-06
8.486845190256411722e-05,-4.762893499611006358e-06
8.401577777422156135e-05,-5.270357929101990109e-06
8.411049831339169574e-05,-5.663998598564373498e-06
8.430801093342158738e-05,-5.727789914008605086e-06
8.410307274546666438e-05,-4.088128197078883739e-06
8.400623584234028093e-05,-2.937443729837423516e-06
8.388203382336525884e-05,-4.840523052218860445e-06
8.466340838028618384e-05,-1.732970768880690668e-06
8.459025859026962797e-05,-1.480078177371687541e-06
8.434492014741272253e-05,-1.384436026919718603e-06
8.394138747857024074e-05,-1.487508081977629265e-06
8.472874421557427722e-05,-2.193440493586546461e-06
8.393576927352542987e-05,-4.248456600036134606e-06
8.392142498745145177e-05,-5.618211212610116419e-06
8.396409451057789612e-05,-5.794870019120315073e-06
8.377285475838888902e-05,-5.747477739639189971e-06
8.223852075688824865e-05,-6.121322185669550331e-08
8.224105636640877441e-05,-7.029064807627408029e-09
8.334683015340519014e-05,-8.386870004902850876e-07
8.332671081351993654e-05,-5.938946431206635365e-07
8.482869384682191136e-05,-1.525596607941575088e-06
8.502353569214811336e-05,-4.567627398661474045e-06
8.487698263496038474e-05,-3.901477154383880168e-06
8.493544732609271107e-05,-4.135128697840867218e-06
8.224633476613218530e-05,-1.887900865852896925e-09
8.224652938904934642e-05,-1.568846898958067025e-09
8.229423256713069618e-05,-1.520296748611733161e-07
8.296959660721814843e-05,8.145582341129358118e-08
8.224582532185635813e-05,-4.883379148043264435e-09
8.462132963966131286e-05,-2.171130440272193979e-08
8.264271284916879865e-05,1.284656992003342509e-07
8.384986637824813128e-05,-2.197197248112623278e-06
8.402129231103921199e-05,-2.363333186364082068e-06
8.255822550284018773e-05,-2.999388347209629225e-07
8.478869009845510789e-05,-1.082457502499213701e-06
8.489298944206360011e-05,-8.807077873537788438e-07
8.226949662084781967e-05,-3.833528959973107878e-08
8.399088492708175395e-05,-2.655821346788144444e-06
8.428564391760762654e-05,-1.119037960601652219e-06
8.385795079305082499e-05,-4.591707615078662895e-06
8.224052178856780982e-05,-9.847284283500299523e-09
8.224259710222376067e-05,-1.188585715384457003e-07
8.223850471838930988e-05,-1.262919861734688129e-08
8.224662974517774245e-05,-1.782282904552756044e-09
8.472634110961127540e-05,-2.340644532369741425e-07
8.476507956505478650e-05,1.780679447624857039e-07
8.224401960476410861e-05,-8.671166439580814452e-09
8.224519578591929264e-05,-4.576756577370412570e-09
8.278913794461369516e-05,-2.439789174523289152e-07
8.396833075660360387e-05,-5.059622087310733176e-06
8.224627782486794089e-05,-2.903691227347405306e-09
8.224577751539064927e-05,-4.859025882000249456e-09
8.224608046254589899e-05,-3.088225848669155849e-09
8.409428155931099346e-05,-3.193758302436644175e-06
8.414925154316024009e-05,-3.440426576215670229e-06
8.394657435126152316e-05,-3.639160349784139354e-06
8.404671664061963735e-05,-3.872954879783658291e-06
8.224567750803626854e-05,-3.898872775770844914e-09
8.224527894588715040e-05,-4.359325119105691463e-09
8.224487314385045555e-05,-4.701825283808066313e-09
8.224568914731592364e-05,-3.948607304066714412e-09
8.224490261659627333e-05,-4.701103470200142738e-09
8.224447260409808915e-05,-5.040193624964189761e-09
8.224446352187154117e-05,-4.984374875231302165e-09
8.510098698533458844e-05,-2.610708456074166225e-06
8.517369586299760101e-05,-3.385812237626540606e-06
8.522979434125488893e-05,-5.057399374125738351e-06
8.504230247514515386e-05,-4.939074506753161708e-06
8.504046133507803468e-05,-5.164363522105084258e-06
8.342386793276959070e-05,1.304734454344633481e-07
8.411783476936763833e-05,3.909779180465242267e-07
8.218902434481909749e-05,2.053758301385457820e-08
8.218474024945149651e-05,5.088867041773512945e-10
8.218066003591764743e-05,3.873261542376017225e-10
8.218465656113554865e-05,-1.343937621706406726e-08
8.217939702213124947e-05,6.229002519264741026e-09
8.220362402995750803e-05,-1.281333727955411058e-08
8.220003681971683692e-05,-2.430471268594701302e-08
8.221052219244809659e-05,-2.868820775565994802e-08
8.219143239950877625e-05,-1.975770212470594596e-08
8.219828480464156891e-05,-3.383258106812391325e-08
8.219030693200258424e-05,-1.693970353122960971e-08
8.468587547130880337e-05,-2.923639636199016793e-06
8.487904698770198984e-05,-2.763328070998362844e-06
8.485476328677354636e-05,-2.453015744870388608e-06
8.512920618123762833e-05,-2.877473052996145108e-06
8.222245310957267573e-05,5.306528999474709755e-08
8.411744932279305103e-05,-8.732365721474789797e-07
8.231348399064826850e-05,1.034662865569532664e-07
8.305019914644065691e-05,2.837113664672267844e-07
8.224334768021726323e-05,-5.445280337817244385e-09
8.373194252183796288e-05,-3.506339556484904042e-06
8.445712850639803572e-05,-5.591485743505657718e-06
8.465047025615356799e-05,-5.651654683034510314e-06
8.480145414213103618e-05,-5.512931762766995109e-06
8.484014959894906733e-05,-5.707028366145951757e-06
8.498126717426578917e-05,-5.558783228072576933e-06
8.504714383445369339e-05,-5.747953582932033795e-06
8.468866341637875728e-05,-5.844335399766211049e-06
8.492752866842045089e-05,-5.353064847045570907e-06
8.450163376226853176e-05,-5.796125742983444077e-06
8.434682805447642272e-05,-5.917881037662369017e-06
8.224608583407495334e-05,-3.447827999733282495e-09
8.224643757764155908e-05,-2.828733145082082230e-09
8.224649850379753865e-05,-2.933750592448429869e-09
8.224681966129970150e-05,-2.225690253806622386e-09
8.224607345023363222e-05,-3.500467052356529516e-09
8.224562142425977031e-05,-3.962080885380117351e-09
8.224526733570344296e-05,-4.356200664935829268e-09
8.224490042333935827e-05,-4.619825842610481343e-09
8.224673996118553093e-05,-2.003300169238124916e-09
8.224704745154261427e-05,-1.406268817922719795e-09
8.519663597038716770e-05,-3.635767205453672888e-06
8.524586566348959550e-05,-5.275065611565002726e-06
8.224433401338745835e-05,-4.958663407955001085e-09
8.492067603944398243e-05,-3.020094534171907847e-06
8.516985607666642131e-05,-4.145862850843924446e-06
8.224637763476762525e-05,-1.129717472080184295e-09
8.224614455783755456e-05,-2.001549169270931491e-09
8.224634909613874059e-05,-1.175709719460062880e-09
8.509843649109122743e-05,-2.072848865033981263e-06
8.485842708728131851e-05,-1.952845570809184647e-06
8.224008973271187376e-05,-6.929375656151743219e-09
8.224648623661534130e-05,-1.549153856552590175e-09
8.223483390859271779e-05,1.341918242264380076e-08
8.223013531130257171e-05,-1.273928872546126793e-08
8.221327086353568238e-05,-1.349963289111388709e-08
8.221956770405888597e-05,-2.585917732781962462e-08
8.355293796041707451e-05,3.455343151169806831e-07
8.224360797420608661e-05,-5.099833492578210499e-09
8.224281447298589776e-05,-5.526829142787195750e-09
8.367650676663010044e-05,-4.896147389336462103e-06
8.372974352757602630e-05,-4.225512405753850461e-06
8.371334173239661518e-05,-3.747544058239783230e-06
8.375952692595581240e-05,-3.009610918538961939e-06
8.524924566069509756e-05,-5.693095538305414119e-06
8.224174149193141405e-05,-1.592875638472915236e-08
8.224412015339821111e-05,-5.269029184006007188e-09
8.366680382022679207e-05,-5.311244194220512407e-06
8.384696825931046776e-05,-5.429036869217317148e-06
8.218648382886439895e-05,-8.068570917855389865e-09
8.218460580956523038e-05,-1.262808674941295754e-08
8.224238250888137015e-05,-7.926616405262889253e-09
8.224339266346685103e-05,-5.344561965619634342e-09
8.224057070354407308e-05,-3.653138829488527862e-08
8.224675758367658957e-05,-2.569916069975080586e-09
8.475799182984045457e-05,-4.290101774677239784e-06
8.467992920655431860e-05,-4.886692709107526457e-06
8.482169728284991519e-05,-3.665127433417582746e-06
8.416390335050709609e-05,-5.120628643851774190e-06
8.459488834818885711e-05,-4.350994257091288403e-07
8.224483094848556407e-05,-4.631279734234096426e-09
8.395639262476907547e-05,1.642607442794094766e-07
8.224612194215866656e-05,-2.297618730765408110e-09
8.426585205854900888e-05,-3.918077194277736050e-06
8.421374587711361428e-05,-4.537098526697149716e-06
8.224508351080131116e-05,-4.186247011137252793e-09
8.398689677466717146e-05,-5.995563635532634797e-06
8.224638772839035379e-05,-2.604760594364005924e-09
8.224368011499446544e-05,-5.408335774346000668e-09
8.222727928284004285e-05,-3.610182291687670737e-08
8.223749362387971931e-05,-2.842405575540581458e-08
8.225778864006539758e-05,-1.384703841273607327e-07
8.224565386298942412e-05,-3.336882995099329464e-09
8.222035813692019405e-05,-6.175772989512579634e-08
8.224542052688301960e-05,-3.413860110445818825e-09
8.224539084850011298e-05,-4.275745267973159414e-09
8.224518452267803067e-05,-7.374122678499722789e-09
8.224273590596413994e-05,-1.493682124343423745e-08
8.497576874500003565e-05,-4.356157816004453888e-06
8.217849741477512525e-05,-3.088626581496653326e-11
8.474667033575321903e-05,-5.307909738034374288e-06
8.224421342240500034e-05,-4.740374981288737980e-09
8.473240859848364865e-05,-3.174414019089481171e-06
8.314987703317420662e-05,-4.439852767198649364e-07
8.223979498688842251e-05,-5.058351049297893992e-08
8.401368319312530614e-05,-4.463671061250521942e-06
8.318192513110616410e-05,1.118433255586784660e-07
8.417721186698755385e-05,-1.554304651591514366e-06
8.224713973255262330e-05,-1.682546943862035517e-09
8.276757687718405861e-05,4.574414887164615973e-08
8.224601617333378864e-05,-2.576113984637335045e-09
8.368466649112485682e-05,1.488599758081734707e-07
8.394225428891513726e-05,-2.470310156133723824e-07
8.219120949853260289e-05,-2.714151299793225300e-08
8.522660394304310493e-05,-4.616855098914944836e-06
8.239809869428814056e-05,1.663636970875135707e-08
8.224457279011436472e-05,-4.918094344447347544e-09
8.476696239269706406e-05,-6.359300425752853466e-07
8.221437847809796547e-05,-4.535946216397435979e-08
8.224260830681072866e-05,-5.700054801264664711e-09
8.409316010568620536e-05,-1.314746877155045984e-06
8.223045350015759656e-05,-1.025928911667181193e-07
8.474898718921100138e-05,-6.027294008922473250e-06
8.224594526237011000e-05,-3.524110652746060077e-09
8.228071173733442505e-05,3.242717372618133237e-08
8.224437116227046782e-05,-4.713362016367639671e-09
8.366020026352366848e-05,-5.894919742214050227e-06
8.512465723522721320e-05,-6.041439894879670356e-06
8.224742490975748557e-05,-1.227693271396798911e-09
8.472621409550741035e-05,-1.296562479837583610e-06
8.224462085010658923e-05,-4.729143673577070263e-09
8.224099842477755867e-05,-6.618178137701426355e-09
8.408559082940413780e-05,-3.421838020108673783e-08
8.382798111771994011e-05,-5.195551997116533209e-06
8.377896957113618360e-05,-2.768109047023371452e-06
8.223906666730485177e-05,-1.549625054916014190e-08
8.252561359340082050e-05,1.922566989189236662e-07
8.495800461319479057e-05,-3.273492003024869714e-06
8.392716149399760239e-05,-3.366990488402456613e-06
8.418482470722832268e-05,-2.536989470304897707e-06
8.223601914093906775e-05,-3.783069238593240828e-08
8.416248631220629619e-05,-5.840139981368962761e-06
8.499086420811037209e-05,-3.521027097754578641e-06
8.505244470493738282e-05,-1.568810964788947325e-06
8.224095049595448468e-05,-8.020429258425212097e-09
8.270049576770036157e-05,-1.183855666279409001e-07
8.466613593150370241e-05,3.985490555498144778e-07
8.424532258858503952e-05,1.856260548705995559e-07
8.368453480336564883e-05,-4.690341770386240584e-06
8.501631743118280723e-05,-1.065917761677374348e-06
8.486861832896152008e-05,-5.006442572152116842e-06
8.390645487079045407e-05,-4.046379030070558138e-06
8.224521872623025262e-05,-4.288063966830781023e-09
8.224674343527418278e-05,-8.525380185973520111e-10
8.224408040075929988e-05,-5.202603226357716058e-09
8.495445036671779614e-05,-2.855390549389322210e-07
8.224018610721039752e-05,-2.087474303159319813e-08
8.222622350058946363e-05,-2.276553413330520534e-08
8.223539624888861501e-05,-1.788021677599628230e-08
8.220739905846018007e-05,1.302470094784914243e-08
8.220594231828186598e-05,-3.715367669108744410e-08
8.224207970403527208e-05,-1.022000064926714865e-08
8.333155736808303519e-05,-3.982050428160742948e-07
8.383249330746615812e-05,-1.275058795141364088e-06
8.224225043698313894e-05,-5.840449021195844472e-09
8.224589824614942713e-05,-2.377177513567144972e-09
8.224654589982500325e-05,-8.926625940630168240e-10
8.450855533248103452e-05,1.864076414505266126e-07
8.224625421454052974e-05,-1.826134594334578151e-09
8.351595636444864219e-05,-6.686027794582892546e-07
8.502037074183978454e-05,-3.760739715682641656e-06
8.264775900340004403e-05,-2.520863224642363401e-07
8.224624998850306814e-05,-2.260475785433350178e-09
8.487634078003318517e-05,-5.878000941654876123e-06
8.224649912109112198e-05,-1.342815405426349593e-09
8.219188061916073553e-05,5.242906589844711266e-09
8.224617471114215820e-05,-1.862131875449610959e-09
8.507324502298416484e-05,-4.751430952977390884e-06
8.234272976670064701e-05,5.825805983491009283e-08
8.485870091856551783e-05,-5.187159359314214210e-06
8.491152449074243686e-05,3.911314441810272788e-07
8.464471746343443207e-05,-1.981409602188544126e-06
8.362707127484007874e-05,-5.708033233996479187e-06
8.221951534314742157e-05,-3.798906580974252799e-08
8.226130350978358039e-05,-1.173203631430271786e-07
8.224421109241381988e-05,-5.190392774098475246e-09
8.265820444306576885e-05,2.543311439661741585e-07
8.217843099487447209e-05,2.899133543346033412e-09
8.223648679648031283e-05,-1.527899597296512642e-08
8.390336635626205832e-05,-3.137673272704120353e-06
8.410891797804737893e-05,-2.176427945061545915e-06
8.528322080286437185e-05,-6.054753426040811176e-06
8.223972257880344215e-05,-8.020333834104303165e-09
8.510536923094562888e-05,-5.397616826016454934e-06
8.218107230211408904e-05,-5.783217714168107009e-09
8.224757750705617427e-05,-6.122194650064365781e-10
8.284233129839296600e-05,-3.971751592809062238e-07
8.451383975643913182e-05,-1.279513652214158477e-06
8.363698188262022376e-05,-6.050384705877961951e-06
8.224437153115820881e-05,-4.468679425982859460e-09
8.504358871888347655e-05,-3.988724170086531018e-06
8.224715786623858237e-05,-6.364976477375418070e-10
8.499756705452285747e-05,-7.196915565023962455e-07
8.223919195269828030e-05,-6.900510440391549089e-08
8.386334226982826315e-05,-3.856356184100444897e-06
8.380348654706715899e-05,-4.998566841320566588e-06
8.224581388348051756e-05,-2.805868644043691543e-09
8.219771874809854017e-05,-3.499430634359409804e-08
8.383500697982329433e-05,-5.885169536651177358e-06
8.488147727328670413e-05,-1.731730842106108393e-06
8.493599302418088190e-05,-2.202228556962302799e-06
8.224328496294342470e-05,-5.349950232770742490e-09
8.223810196259923315e-05,-1.084865265815535996e-08
8.385483724907670945e-05,-4.398567967705419272e-06
8.224688652587031740e-05,-2.300452647844236907e-09
8.223961701084798244e-05,-3.675143261680274967e-08
8.227873934391871625e-05,-1.016569076377540438e-07
8.219893529419327802e-05,-4.263471533785918431e-08
8.480038075182008857e-05,-4.106057747124479005e-07
8.224430686683814053e-05,-3.564874860647124955e-09
8.224489597012917810e-05,-4.480444799651432468e-09
8.496541833798234862e-05,1.972996751774702228e-07
8.513370753522174917e-05,-5.584616961813813032e-06
8.224189906475214520e-05,-6.160949112849819060e-09
8.373080800952747732e-05,-1.454845344755527322e-06
8.504277024247412103e-05,-5.917274427847319838e-06
8.377330211418212687e-05,-5.605730205789739374e-06
8.436438686152541999e-05,-6.074102042934194752e-06
