Size 674,2
0.000000000000000000e+00,-2.868530540973095456e-07
6.550263693577257309e-09,0.000000000000000000e+00
8.793380839709361515e-07,-3.922755902184402745e-06
-5.265673557593892010e-07,-3.918126132986999369e-06
-3.196581063807911823e-07,-1.171280218430982791e-06
5.740771505341056123e-08,-1.408337508229083061e-08
7.165990853113241149e-08,-7.361457549228936951e-09
7.555110229303350858e-08,0.000000000000000000e+00
0.000000000000000000e+00,-2.712637696821160249e-07
0.000000000000000000e+00,-2.591853375227714827e-07
0.000000000000000000e+00,-2.517992674183061153e-07
0.000000000000000000e+00,-2.491051068150078692e-07
0.000000000000000000e+00,-2.498024411995951488e-07
0.000000000000000000e+00,-2.519520722383365706e-07
0.000000000000000000e+00,-2.534201983616154439e-07
0.000000000000000000e+00,-2.523299632479404222e-07
0.000000000000000000e+00,-2.471215508412330642e-07
0.000000000000000000e+00,-2.377157648493241450e-07
0.000000000000000000e+00,-2.242263646499146517e-07
0.000000000000000000e+00,-2.067458337117922724e-07
0.000000000000000000e+00,-1.861584647125091672e-07
0.000000000000000000e+00,-1.631774937131771455e-07
0.000000000000000000e+00,-1.384046515223046876e-07
0.000000000000000000e+00,-1.123559096153624526e-07
0.000000000000000000e+00,-8.540551175304643965e-08
0.000000000000000000e+00,-5.785633261573680232e-08
0.000000000000000000e+00,-2.991688669747210074e-08
8.791020006816693844e-07,-3.781080301110959735e-06
8.788205677363263988e-07,-3.635580111558036244e-06
8.783494966614776732e-07,-3.485847206205509330e-06
8.773548076053118977e-07,-3.331776403950311749e-06
8.755379982144180335e-07,-3.173361044045309179e-06
8.726311331205688732e-07,-3.010792859016877208e-06
8.683056124840837120e-07,-2.844034997013979013e-06
8.621348547202628036e-07,-2.673318366542354151e-06
8.537360166632110954e-07,-2.499027376756655712e-06
8.428126749630353003e-07,-2.322114846450668574e-06
8.283731947593365999e-07,-2.142666080125322366e-06
8.100428705456202445e-07,-1.962084958420189424e-06
7.873186832363562578e-07,-1.781534842799842816e-06
7.596053153995632381e-07,-1.602529374687691805e-06
7.263325255165409874e-07,-1.426936266257802629e-06
6.873819859856073843e-07,-1.257510767851092583e-06
6.417271735213078355e-07,-1.096518497149757200e-06
5.896300097289399837e-07,-9.463499814743379055e-07
5.329771861095010925e-07,-8.106920754457915062e-07
4.723083738631648481e-07,-6.904942695084902484e-07
4.110925778798030519e-07,-5.877403616454523208e-07
3.479045163509401053e-07,-5.017798006307124848e-07
2.857383748470487704e-07,-4.328767832081694898e-07
2.252723666728328243e-07,-3.786743057640640463e-07
1.667039675630756547e-07,-3.382131761762822096e-07
1.111536424200979833e-07,-3.101406536363334846e-07
5.457172884905605886e-08,-2.937879398250345227e-07
-3.853126644219163517e-07,-3.917983563695419340e-06
-2.443556933377326751e-07,-3.917695216390161374e-06
-1.037238509458619670e-07,-3.917439041407367394e-06
3.649674686570955814e-08,-3.917348367042897528e-06
1.764258333921137039e-07,-3.917612379219917381e-06
3.164307526034987029e-07,-3.918253448806703953e-06
4.565891333415044334e-07,-3.919230590692053763e-06
5.971223373391157780e-07,-3.920433074931210335e-06
7.380778665926351152e-07,-3.921680459212521016e-06
-5.265982572261900842e-07,-3.781702251826170898e-06
-5.266179156732789021e-07,-3.641734210808164311e-06
-5.265018131571867315e-07,-3.497853852122110700e-06
-5.259253424543884316e-07,-3.349967546890287020e-06
-5.246552426077274914e-07,-3.198092402415932243e-06
-5.224486654866506014e-07,-3.042205743114780209e-06
-5.189915964443073570e-07,-2.882387420652995727e-06
-5.139604935915385012e-07,-2.719011959013593190e-06
-5.069528907539520447e-07,-2.552163937138740866e-06
-4.978147279552889230e-07,-2.382618574438558613e-06
-4.858826330471631943e-07,-2.210444021681602715e-06
-4.707240402608191393e-07,-2.036376610276319683e-06
-4.519345612005473047e-07,-1.861703854905879614e-06
-4.286651990865465853e-07,-1.686973137178959607e-06
-4.002934304987722222e-07,-1.512638649628466942e-06
-3.652040788065054225e-07,-1.340654162128522096e-06
-2.737233523315594816e-07,-1.001548245044491099e-06
-2.324106521152706068e-07,-8.449705625329677441e-07
-1.997108160570564851e-07,-7.052141432102781462e-07
-1.671754811226028948e-07,-5.897859825135997235e-07
-1.357341750983729929e-07,-4.916918763517577019e-07
-1.074084857307936535e-07,-4.148302901151944784e-07
-7.677468697125493149e-08,-3.513802296128359051e-07
-5.282227189760213618e-08,-3.005372594049582725e-07
-3.037381383190708401e-08,-2.560769523681615026e-07
-1.452255865331810219e-08,-2.162093445622898298e-07
-2.142622168027957723e-09,-1.785616699425966583e-07
7.342380406498462575e-09,-1.431248289871432521e-07
1.593803205001432145e-08,-1.106125668332912934e-07
2.437711082990171830e-08,-8.200621317598774923e-08
3.271148798477370028e-08,-5.847487889082996369e-08
4.041137416947951746e-08,-4.043690707533781043e-08
4.739395622425959603e-08,-2.744520680619703697e-08
5.319256801085021398e-08,-1.908633711881264765e-08
6.057914067750890575e-08,-1.130520836318173060e-08
6.310798261512803105e-08,-9.683912375328672610e-09
6.509309496663624550e-08,-8.806995794400469698e-09
6.663781330424724745e-08,-8.293538567845208073e-09
6.784518350853450575e-08,-8.103957332806084600e-09
6.885556208387978411e-08,-8.049669354474986499e-09
6.962324294051539952e-08,-8.089508732434399206e-09
7.021899116422310062e-08,-8.193171064614655261e-09
7.067487977908663804e-08,-8.298345466093484744e-09
7.102767395055773507e-08,-8.375124896088516658e-09
7.127983014487984297e-08,-8.416768488919541001e-09
7.145068067683188021e-08,-8.412513811157893369e-09
7.156102250061874789e-08,-8.349813550479246559e-09
7.162024595107455087e-08,-8.209458768834090996e-09
7.164604103956829209e-08,-7.990382005313138326e-09
7.165261937728964467e-08,-7.693831144712210761e-09
7.542370059472605006e-08,-1.298446693029082813e-09
7.514092651978169584e-08,-2.474216095513119406e-09
7.476169008690657811e-08,-3.532233800953280041e-09
7.433498808252908661e-08,-4.478142890492255035e-09
7.386123433384925208e-08,-5.295687529380633523e-09
7.337608062701240077e-08,-5.992689891326827521e-09
7.289880616545074130e-08,-6.559727188387241560e-09
7.244916987359278370e-08,-6.988239724634613818e-09
7.203183799637087481e-08,-7.259034813979079574e-09
1.541847061574586003e-08,0.000000000000000000e+00
2.607189649577161341e-08,0.000000000000000000e+00
3.642356357420182055e-08,0.000000000000000000e+00
4.594400877976291430e-08,0.000000000000000000e+00
5.421651907236430495e-08,0.000000000000000000e+00
6.100982303681565992e-08,0.000000000000000000e+00
6.621168095823933526e-08,0.000000000000000000e+00
6.994929256937369458e-08,0.000000000000000000e+00
7.226032073499758938e-08,0.000000000000000000e+00
7.348801148547047794e-08,0.000000000000000000e+00
7.398143314240319389e-08,0.000000000000000000e+00
7.399205796608991315e-08,0.000000000000000000e+00
7.380044297817209795e-08,0.000000000000000000e+00
7.342681507599078356e-08,0.000000000000000000e+00
7.308705936556892497e-08,0.000000000000000000e+00
7.282473030481885350e-08,0.000000000000000000e+00
7.264950942868906333e-08,0.000000000000000000e+00
7.258377712506136571e-08,0.000000000000000000e+00
7.261852966847797387e-08,0.000000000000000000e+00
7.274201575335772599e-08,0.000000000000000000e+00
7.293879947300514216e-08,0.000000000000000000e+00
7.320563528405345175e-08,0.000000000000000000e+00
7.352566147786233968e-08,0.000000000000000000e+00
7.388652478116632750e-08,0.000000000000000000e+00
7.427669058341830564e-08,0.000000000000000000e+00
7.469761610490572694e-08,0.000000000000000000e+00
7.512368972081541803e-08,0.000000000000000000e+00
-4.017748150538856156e-07,-3.120730378122535083e-06
7.142571824954510773e-08,-8.317141387701645450e-09
7.388333342816713864e-08,-5.240458935720901374e-09
2.342461237220941199e-07,-3.790453931009104151e-06
-3.827341483157807636e-07,-2.651137500521898919e-06
7.040066093752828673e-08,-8.050814698612873621e-09
3.786580005417819153e-08,-7.960738860839243639e-08
-1.257470959338120764e-07,-4.999253903267572102e-07
7.328771119499910569e-07,-2.930764939802257452e-06
7.302149595060436227e-08,-1.520102830392160689e-09
7.252053665242531677e-08,-1.464960952867239167e-09
6.937848876915954684e-07,-2.221337312850332618e-06
-3.022845897743954793e-07,-1.768830184321060768e-06
6.659755416325136840e-08,-8.053990392891964972e-09
2.111090051964272114e-07,-3.880629667338671299e-07
4.995872872829503842e-08,-1.724525993290037271e-08
3.475685266817170850e-07,-6.262648910009912981e-07
6.786338653928380261e-08,-9.715462882546925790e-09
6.181038988527805036e-08,-1.165798722481813496e-08
-2.159386166703086769e-07,-1.254467617962984314e-06
-3.560953108460448746e-09,-2.528486701130533656e-07
7.315759028081439351e-09,-1.237675103162094392e-07
6.199131893543655221e-07,-1.685320563992906986e-06
7.309491330721548413e-08,-1.793337482778689594e-09
-1.497607486408219549e-07,-8.891643778916020721e-07
5.649706770926793309e-08,-2.359078301443064515e-08
1.487037370517702582e-08,-1.402768363346617844e-07
-9.434178350954761722e-08,-3.633310283883887287e-07
7.385414409081344665e-08,-3.096046068818865850e-09
5.320856761813380875e-07,-1.166075019115951247e-06
7.407242657432604439e-08,-1.576462836523945517e-09
7.502019025167076193e-07,-3.407830643583780712e-06
-4.692364044438462076e-08,-2.762046569061651116e-07
-1.101859410947242462e-08,-2.069534293069022795e-07
4.557852063538237748e-07,-8.677624745676540691e-07
7.286762961271912826e-08,-5.708455210221112736e-09
7.260326888294899488e-08,-1.499665220270733380e-09
7.101287430528691097e-07,-2.589755696042627755e-06
-3.558242379932355289e-07,-2.287268351807584684e-06
6.941505823724025870e-08,-7.790620300410587454e-09
3.076679595718962769e-09,-1.742266389544205513e-07
-1.511705758508474652e-08,-2.560976749548813147e-07
-4.135655577631375565e-07,-3.422947434540150573e-06
7.174673520729117570e-08,-8.206881867755999155e-09
-1.150541101528454388e-08,-3.814437708467103359e-06
7.301358072685001621e-08,-6.612049198899895162e-09
1.662178027888618111e-08,-2.578042239617366255e-07
1.020891829739631442e-08,-7.118899967347286499e-08
-4.220955106216014108e-09,-2.171758002486176442e-07
-1.565033011177384286e-08,-2.522470050388238482e-07
7.469477322938755200e-08,-3.241114971364077699e-09
5.266523422149097219e-07,-3.804194308316410464e-06
1.118811557723248804e-07,-3.076604392573065280e-07
3.130794256176156091e-08,-2.067317848905930378e-08
7.218318333023439679e-08,-7.479848390230842573e-09
-3.206550453565170007e-07,-3.809283797834035317e-06
7.337383653253896152e-07,-3.705456659524109622e-06
7.481127938829158970e-08,-1.316026138366352436e-09
-1.288354410148421218e-07,-5.806449068412645988e-07
-8.240582029374217103e-08,-5.013630294789218651e-07
-8.774352839574670012e-08,-4.333013026591551172e-07
-4.048465381456884133e-08,-4.375337988131513521e-07
-5.188298521354275056e-08,-3.817599206737180679e-07
-1.766664633703832554e-08,-5.091658178589293324e-07
-6.533079838558472818e-09,-3.845115925588082268e-07
-2.463491213648124450e-08,-3.394338511204403123e-07
1.784801614361873809e-08,-3.416379728305420986e-07
4.971349830269035686e-08,-3.891569598708684597e-07
-6.176858194282542944e-08,-3.407133741466764025e-07
-3.318661734687454861e-08,-3.055412209020864361e-07
-5.401906655743028159e-08,-3.046639805755901364e-07
6.768098454736325581e-08,-3.460229073698630586e-07
3.380472966725188529e-08,-3.087927281916345310e-07
-3.298544798190264917e-08,-2.810979443357408338e-07
-4.509937384196347706e-08,-2.814127991522093512e-07
-6.290210751778107038e-08,-3.006883084110126571e-07
-4.845286123005806851e-08,-2.789958346633906711e-07
1.132703377096006069e-07,-3.960687681193274109e-07
9.512978205835962592e-08,-4.500481117245866188e-07
1.709985133733598297e-07,-4.591935762561012316e-07
1.633313199204044641e-07,-5.248842004925431087e-07
-1.321478862205077893e-08,-2.810003686465949879e-07
7.503399105032011233e-08,-3.140945622299070365e-07
-6.321076566433718235e-08,-2.959201928820234288e-07
-4.555633101496308589e-08,-2.722429684678159537e-07
4.330478295628646590e-08,-2.851999379683856860e-07
4.758815578349316327e-08,-5.510506508938884969e-08
4.706705953999132848e-08,-7.362768628122588549e-08
5.465210785100137898e-08,-5.446884027680255678e-08
5.302694514225712675e-08,-6.509235529459788912e-08
4.486995935631221217e-08,-8.572618526039276981e-08
4.952178019578442729e-08,-7.266991121090278282e-08
4.100687789910311485e-08,-9.306578473988871068e-08
4.406574425038991741e-08,-7.799686894598879339e-08
5.945669617958332305e-08,-4.797259569019156427e-08
3.559514128914096067e-08,-9.735791192540075194e-08
3.158604914972826193e-08,-1.149435910357311969e-07
5.158164148789931524e-08,-5.890173628687948010e-08
3.705564927049039133e-08,-7.910583854950890724e-08
2.634879289271684847e-08,-1.178597254860828993e-07
2.194955898772783566e-08,-1.369078484281531869e-07
6.070208014504068969e-08,-3.950941635748541163e-08
6.447131083909882433e-08,-3.412279143802596614e-08
6.520334508135326525e-08,-2.765430078257312489e-08
6.815983198339865278e-08,-2.344221734154165608e-08
6.844908363653525727e-08,-1.909215746689137343e-08
6.219193939042790815e-08,-4.005237287561064747e-08
2.502130665369401540e-08,-1.336664788111379284e-07
1.574912415016785808e-08,-1.548426194431235128e-07
1.741285644347394521e-08,-1.378195817306344354e-07
7.068462870529408140e-08,-1.566369547702339524e-08
7.068971802750797975e-08,-1.298508042881589638e-08
6.800205375851860917e-08,-1.496497858272442733e-08
7.012179326290272247e-08,-1.062080733224050197e-08
6.744547483069109261e-08,-1.165896094888553659e-08
6.945176291576865419e-08,-8.807107414326477246e-09
7.154528881160240171e-08,-7.498209218792955448e-09
7.086975701517714027e-08,-6.678253761071515673e-09
6.894728312063232416e-08,-7.672299855491707942e-09
7.032508817110846823e-08,-6.216371734303363879e-09
7.242890729552729363e-08,-5.184401082078582724e-09
6.870164643019964466e-08,-7.076832120342957548e-09
7.000653973579113894e-08,-6.063924850121151953e-09
7.125451840200392491e-08,-5.051280604202680670e-09
7.091779898439002876e-08,-5.211492309844051550e-09
6.990456620181821608e-08,-6.154430631411173774e-09
7.075513182599465991e-08,-5.505244422893127212e-09
6.996809482468385566e-08,-6.391391129491211193e-09
7.074526309130749513e-08,-5.874128531657895073e-09
7.138121639456099488e-08,-4.867830998253733260e-09
7.134786442253520683e-08,-5.327262924418737049e-09
7.084446254609539318e-08,-6.275660086071354905e-09
7.141054550899491654e-08,-5.800556716650667060e-09
7.101196850087051735e-08,-6.686801196172057187e-09
7.154211867196079021e-08,-6.245093448485429665e-09
7.189109553719192698e-08,-5.255213053971578497e-09
7.201144246549621797e-08,-5.732779437649941121e-09
7.170608561099749974e-08,-6.650052115552044436e-09
7.216034643538815993e-08,-6.168557728060180882e-09
7.187521701708990193e-08,-7.010790865953449701e-09
7.231954018872581023e-08,-6.533847997179752017e-09
7.260275828758016673e-08,-5.595034746978095941e-09
7.276546034388958415e-08,-5.966584801395902611e-09
7.247041423935030136e-08,-6.813672543085235462e-09
7.304020945316790884e-08,-4.926723122705041866e-09
7.321942777408496355e-08,-5.306407011933212287e-09
7.143500883041322776e-08,-7.379555081120217312e-09
7.230781703420284557e-08,-4.632263577978694539e-09
7.185517804961664998e-08,-4.052702953779118955e-09
7.285939456709443845e-08,-4.475437650676155714e-09
7.182034834577980882e-08,-4.256635558253772889e-09
7.326273689865343217e-08,-3.686880580527962181e-09
6.692006759065399205e-08,-8.315061593330456081e-09
7.222730311153980267e-08,-3.965253235347178632e-09
7.041559435134377038e-08,-7.042076551439646522e-09
6.897502769862051863e-08,-6.919844917909813811e-09
7.163364588941440033e-08,-7.639266045979114137e-09
7.124401719411550140e-08,-7.924289119807466630e-09
6.980550666355758182e-08,-1.757399664896383931e-08
7.194657866747091596e-08,-3.711399170451550916e-09
7.257427934821517000e-08,-3.307326895675824672e-09
2.175322426477960243e-08,-1.149640603269135991e-07
6.938797159746825482e-08,-7.065557367477282166e-09
7.099912218570342911e-08,-7.667563680846035155e-09
6.472178410070161571e-08,-1.542532489099319442e-08
7.259743478254470018e-08,-9.423721219926889496e-09
2.279841928240279098e-09,-1.735009033715248288e-07
-4.117465095496606171e-09,-1.961938289485488678e-07
-1.742138038666029628e-08,-2.237203681377453506e-07
-8.613341541149797378e-09,-2.107383262577748722e-07
-1.820523072035542163e-08,-2.312933901900128534e-07
-2.925464381060441759e-08,-2.464406100733571472e-07
-2.579753147039985960e-08,-2.473479123907358726e-07
-1.455004692753184111e-08,-2.342696816902942387e-07
-7.594180831796279886e-08,-3.233546927553486920e-07
2.682832591821942069e-08,-1.083458221503891768e-07
1.640681822481657028e-09,-1.878570049628399806e-07
-1.547855168414401120e-09,-1.981905815126864045e-07
-1.330923577286594671e-07,-7.486500980725383747e-07
-4.610246723374292878e-08,-7.856044322193578465e-07
-4.107607195466733910e-08,-9.294013837938649919e-07
5.399324356080761749e-08,-8.339116786718550786e-07
7.767976548267341278e-08,-9.729699311832322031e-07
1.624685397666940617e-07,-8.840284964921418713e-07
1.953946460400895367e-07,-1.032312005474934634e-06
8.193235521071800034e-08,-1.134268196041956426e-06
2.381640251457434261e-07,-1.192752901558365149e-06
1.348952364228328655e-07,-1.303792520699395408e-06
2.760969812282098380e-07,-1.360255898101164773e-06
1.677416248951777773e-07,-1.474121458742933778e-06
2.699163349192975304e-08,-1.424033022539672197e-06
5.321921130780442044e-08,-1.594782942588283991e-06
2.011963144110503436e-07,-1.648094437040668789e-06
8.425286609635642701e-08,-1.768697749388023771e-06
2.363501249129156946e-07,-1.823280235363668471e-06
1.186945553051263532e-07,-1.943738451562330303e-06
2.729550398684149512e-07,-1.998844266307568344e-06
1.560947452746291222e-07,-2.118981549255007150e-06
3.104367021630324217e-07,-2.173890373078390116e-06
1.936668902159068001e-07,-2.292825256503718656e-06
3.486770674189847126e-07,-2.346674901783403646e-06
2.300289773503915078e-07,-2.464538094433981340e-06
7.649372097207032304e-08,-2.412874959556862034e-06
1.128356140873734418e-07,-2.581642457563837798e-06
2.652427417443413214e-07,-2.632731131035788589e-06
1.492635171785263291e-07,-2.747703836678973470e-06
3.000140552616655669e-07,-2.798203833137294707e-06
1.838408180824007281e-07,-2.910181560074962970e-06
3.489206426310044367e-08,-2.862021643390381530e-06
6.966034900733203480e-08,-3.022560350970339802e-06
2.172447114326114052e-07,-3.069448918223541728e-06
1.054209588774792765e-07,-3.178565033647136608e-06
2.496568545828307680e-07,-3.225434298339502000e-06
1.391156879511680142e-07,-3.331233742223907416e-06
2.820010229810458006e-07,-3.377496254497337538e-06
-4.542607549927057080e-09,-3.286076606869740443e-06
3.559664461609815258e-07,-3.120990112551546754e-06
2.918843462446762791e-08,-3.435218833578801516e-06
-5.821741454875221322e-11,-2.067685222797416391e-06
1.344463785933062724e-07,-7.516096572330024765e-07
-7.795364359784644187e-08,-2.975687571635316284e-06
-3.864455992385230547e-08,-2.532734582959164645e-06
-1.137306422041180653e-07,-2.815397406718609503e-06
3.872109668229342722e-07,-1.882178562641557056e-06
-1.156125371463107065e-07,-3.391491145862772951e-06
4.181553090043758884e-07,-2.684923136633594175e-06
4.679644164663047609e-07,-2.868392932470016167e-06
-1.472081719392043084e-07,-3.243347652438911715e-06
-7.904068909503766210e-08,-3.534533010296178933e-06
6.479242145174787724e-08,-3.581794215437007628e-06
-7.493157952222817827e-08,-2.366521506762886155e-06
-1.098102932341191847e-07,-1.541956675794420641e-06
-2.418768206101727284e-07,-2.924480022251979034e-06
2.514495327112550363e-07,-8.083350511295498162e-07
2.034088332326105418e-07,-6.854923574169505450e-07
1.015105257271882133e-07,-6.355272597034995982e-07
-5.081732958738429480e-08,-6.706492284315512615e-07
3.110721144111641767e-07,-1.065050245987110187e-06
-1.957237932808608817e-07,-2.485489341496650935e-06
-2.169920296598650706e-07,-3.500716131161104784e-06
-1.860374640878555833e-07,-3.630934573207451697e-06
-3.259451278239520229e-07,-3.596070970501752365e-06
5.226738759182591227e-08,-3.575128874500832454e-08
6.833229980060715617e-08,-7.535140614304114505e-09
-1.110086968550603652e-07,-4.183765542449479638e-07
-8.984772308595041770e-08,-3.618047949327851302e-07
3.087992129833395134e-07,-7.151250750852360258e-07
5.775833836156796132e-07,-2.724547081079936538e-06
4.622804355679601789e-07,-2.231756479931478486e-06
5.075541015751364985e-07,-2.403961853211613592e-06
7.306750371812246033e-08,-2.933513588810262612e-09
7.340398006656675128e-08,-2.465412156998404516e-09
9.774444720661150102e-09,-1.650593377248146699e-07
-3.328658983692586250e-08,-2.638659524242491304e-07
7.229167264238093082e-08,-3.783497268657222877e-09
7.604453309666213306e-08,-2.934612146060475658e-07
-1.796820336667174944e-08,-2.462176024057050917e-07
-1.520327136585017171e-07,-1.056994772815098630e-06
-7.096450360393793005e-08,-1.160075664108628736e-06
-2.811242214217088632e-08,-2.428419533932049363e-07
2.441580770391813582e-07,-5.346516122819187806e-07
2.511293575576313787e-07,-4.753614644961493435e-07
7.236867022583212274e-09,-1.755941736848651505e-07
-1.056200854711437924e-07,-1.351305437416363293e-06
7.556993459295155104e-08,-5.290987593794253295e-07
-2.567098839860045043e-07,-2.739890249801599273e-06
6.701480211137285958e-08,-7.786074885280517960e-09
3.721152975922503991e-08,-9.835797579177103712e-08
6.498816223357356179e-08,-8.925198358195196011e-09
7.365948745813840710e-08,-2.830014278398083960e-09
1.183685582072349526e-07,-3.245638714173630992e-07
6.466437503295877953e-08,-2.822248495370449439e-07
7.321384979834486265e-08,-5.162737268897287116e-09
7.346417944469505289e-08,-2.918785760905844808e-09
-5.105952667292787570e-08,-2.784963883285342611e-07
-1.807745535875679840e-07,-3.087024992113713611e-06
7.254584569343609555e-08,-2.606018182351041504e-09
7.291679051177691923e-08,-3.330451114684585606e-09
7.219936691163248512e-08,-3.155863462787725228e-09
-6.237317460356785313e-08,-1.719835691156920913e-06
-3.215946837900886993e-08,-1.894857906371906798e-06
-1.746109224763286959e-07,-2.039303772914228734e-06
-1.108843644308676466e-07,-2.208783890454285513e-06
7.291443737966302094e-08,-6.249853640722793277e-09
7.259475454906805487e-08,-7.000317282044700682e-09
7.218680700424389760e-08,-7.468298807321155962e-09
7.303670867163766979e-08,-6.418763497152665816e-09
7.229280403955502378e-08,-7.557419010185738941e-09
7.189147963539530228e-08,-7.999361039444842336e-09
7.180118162542275474e-08,-7.824349802833163197e-09
5.529584023638117911e-07,-1.334753434345811127e-06
6.497626181690870830e-07,-1.864005344563295093e-06
7.334872668785153827e-07,-3.089604949687211896e-06
5.954276668716422546e-07,-3.000455895141110290e-06
5.958794289563718800e-07,-3.167650083904515199e-06
-2.661198120925771704e-08,-2.651023539603331567e-07
6.132113525797527966e-09,-2.533349128610331149e-07
8.900545622394287693e-09,-9.708822370936198624e-08
1.899160579475286151e-08,-8.151689617062926289e-08
1.969452746532585457e-08,-5.482904959130076988e-08
2.970541728573550789e-08,-6.414925126067216424e-08
9.966534881309489918e-09,-4.299828756859793231e-08
5.753442434053804277e-08,-1.484968317038663849e-08
5.289393740866345986e-08,-3.179594743482447790e-08
5.999147353433651344e-08,-2.877303041163323195e-08
4.483650050857859186e-08,-3.632489072007098758e-08
4.839398074005440987e-08,-4.930030010224123209e-08
2.583966498144605516e-08,-9.112491878008240171e-08
3.133682063678014622e-07,-1.533858369881910493e-06
4.265284222321691252e-07,-1.429132383801815207e-06
3.954955220042857449e-07,-1.227221087041931121e-06
5.903501240947164041e-07,-1.511376305365873726e-06
5.466569037092458842e-09,-1.500370829033260308e-07
2.461311654654690809e-08,-4.449432687190719003e-07
-6.927559998482032960e-11,-1.964150459592248765e-07
-1.632453041244002362e-08,-2.560349537468412491e-07
7.085572206725496531e-08,-8.121883684168801208e-09
-3.183983000016861445e-07,-1.946038835912094431e-06
1.732151771359907027e-07,-3.481498263961090366e-06
3.138745232769445557e-07,-3.526486598776063354e-06
4.234241133109329901e-07,-3.424582861393178910e-06
4.521389094063493761e-07,-3.568070588539169309e-06
5.547031294709813203e-07,-3.459337709225570757e-06
6.034211808419883153e-07,-3.599202361704341542e-06
3.419939130772916642e-07,-3.668592243837317731e-06
5.146360897038197485e-07,-3.306855655132502867e-06
2.057468331914052517e-07,-3.632545813162223762e-06
9.310173194607233989e-08,-3.721702147791171270e-06
7.337832235416761025e-08,-5.586563779501557585e-09
7.367835691153166140e-08,-4.566310005509138398e-09
7.388139221480933304e-08,-4.826145666019793289e-09
7.415185681848697901e-08,-3.631210009621761076e-09
7.348390198000352408e-08,-5.784567044319035535e-09
7.306330613526178685e-08,-6.564024885532961557e-09
7.266910021216739926e-08,-7.094330799596848808e-09
7.235124876721112669e-08,-7.540954613443509630e-09
7.392676562347765116e-08,-3.217439912712553343e-09
7.435479593721856075e-08,-2.281761811510849717e-09
6.769884119901457635e-07,-2.042973687729538165e-06
7.469628173607978274e-07,-3.250981925339757892e-06
7.183591951211137470e-08,-8.041984257360639473e-09
4.647192677182734402e-07,-1.603743723044827622e-06
6.747782712190714524e-07,-2.414257152281056873e-06
7.251528798502291925e-08,-1.507448701637470610e-09
7.237868708257221802e-08,-2.776384006167236047e-09
7.276859161800195500e-08,-1.755595787840395284e-09
4.997866833882033942e-07,-1.007668580486465904e-06
3.623235696023615056e-07,-9.314411868201364703e-07
7.359912851762932228e-08,-4.220670188148160450e-09
7.261877905879028278e-08,-1.625263609574779723e-09
9.349606003181779492e-09,-1.602669092627902274e-07
7.096603866886874572e-08,-8.916978581874837776e-09
6.352193181408195524e-08,-1.263263177875967918e-08
6.534980876181356250e-08,-2.171821386684385813e-08
-1.077401942621051535e-08,-2.542518571667561208e-07
7.073439144926053677e-08,-7.349944550074558088e-09
7.016398431284641810e-08,-7.651038957220588768e-09
-3.924093681677693691e-07,-2.966400978896629731e-06
-3.429851947502412874e-07,-2.469711651225345768e-06
-3.408732598859321654e-07,-2.120172097338658962e-06
-2.730379597751253256e-07,-1.595738061653761762e-06
7.513528280681371330e-07,-3.559850509098825389e-06
6.708423271742351415e-08,-9.487045106525221210e-09
7.161042827589172828e-08,-8.290699189220444964e-09
-4.025378568554965615e-07,-3.274055648642502621e-06
-2.709256647393170898e-07,-3.360994635504173711e-06
4.107539145160782281e-08,-1.938824838451283080e-08
3.598420661422093822e-08,-3.983753908382933976e-08
6.873397452501290814e-08,-6.876626249544226901e-09
7.016768093548730154e-08,-6.697358718645109802e-09
6.521439571260550420e-08,-2.075937011535937217e-08
7.426097041457305251e-08,-4.350262223427352344e-09
3.844925480128578034e-07,-2.516886900749310238e-06
3.330378142554243546e-07,-2.959405624387952587e-06
4.193833228342345647e-07,-2.059061574789157365e-06
-3.913543560763064777e-08,-3.132197046295624591e-06
1.180027244720356120e-07,-3.525432225491397649e-07
7.204687452307184530e-08,-7.276726171882009245e-09
9.308411698797744719e-10,-2.631221857778974577e-07
7.225215328098984265e-08,-2.925944547434254208e-09
4.037227700315157609e-08,-2.241167475810922341e-06
-7.117923280363255637e-10,-2.698497726104951710e-06
7.259869281689471581e-08,-7.089680718947169240e-09
-1.694727855074251580e-07,-3.778404524924118879e-06
7.347624308476983678e-08,-4.151439239034006707e-09
7.119353546232858482e-08,-8.264075817165995940e-09
6.667513341648821695e-08,-2.682342204207274876e-08
6.031188391724380283e-08,-1.569950724446872023e-08
2.402550839547559502e-08,-1.309730976789497661e-07
7.244312985225444249e-08,-5.147554779027687103e-09
5.653321510555719933e-08,-5.500745144985799953e-08
7.182010917230062531e-08,-4.741597478264085164e-09
7.153478979101065190e-08,-4.443330040903835411e-09
7.176319134796576375e-08,-5.071000682634383405e-09
7.214856313581472792e-08,-8.621942467717163229e-09
5.400775906757163470e-07,-2.567453485256276297e-06
2.030580959243291421e-08,-2.563729571887578496e-08
3.829466114807967719e-07,-3.272554363994279841e-06
7.122949835808090406e-08,-7.046088717189500530e-09
3.489869640765855446e-07,-1.707996505581021531e-06
-7.963386199205345380e-08,-3.276670586044653069e-07
6.048861551175975684e-08,-2.954361837493493901e-08
-1.430460639340364256e-07,-2.644360775520097449e-06
-3.204978508135836170e-08,-2.655680246659639256e-07
3.638305260169782047e-08,-7.066153693225585041e-07
7.458370888342022627e-08,-2.786790064831312055e-09
-3.022333535215148245e-08,-2.575333790998459995e-07
7.268590259628184819e-08,-3.958498370405131875e-09
-1.535285260804413416e-08,-2.635681301224350290e-07
-2.897454717382327078e-09,-3.064266029704454165e-07
4.046662110249519790e-08,-5.620869540226531958e-08
7.255903557761432163e-07,-2.762923899899425988e-06
-8.764248232489579530e-09,-2.170722627172210955e-07
7.202891000390877291e-08,-7.919337025296846952e-09
1.815401183093408272e-07,-4.027486572997033668e-07
5.845932357574562000e-08,-4.326841248107520098e-08
6.976071868308332246e-08,-7.316458771020126574e-09
1.022641823636254476e-08,-5.993165915407222930e-07
3.481648437409110289e-08,-1.102900329770146534e-07
3.862288813431166378e-07,-3.803142955214329537e-06
7.345237089137707456e-08,-5.990927397196181677e-09
2.979584339532583046e-09,-1.848038292407741247e-07
7.188467010026764971e-08,-7.805530916411764529e-09
-4.086797276155575765e-07,-3.704548925177854241e-06
6.607997760257829641e-07,-3.815259064582139776e-06
7.500342774046740175e-08,-2.084862885984778480e-09
2.438323916769905783e-07,-6.125976162887373329e-07
7.210966277669228064e-08,-7.757451596630325526e-09
6.873050056822407989e-08,-7.798577124303382074e-09
1.383382354926155519e-08,-2.812706034589035451e-07
-2.838323719172729352e-07,-3.188106692290091575e-06
-2.440732447613735670e-07,-1.430077938660093083e-06
6.469082291969405023e-08,-9.748403070536918582e-09
-7.314616712109401286e-09,-2.338345648511042466e-07
4.995224694283281751e-07,-1.780793779577548724e-06
-1.791036176184251346e-07,-1.844173277265402109e-06
1.387304511239641390e-08,-1.271864767765787283e-06
1.454748261487562023e-08,-1.537019562597190237e-07
-4.123709323880959764e-08,-3.664330089507454046e-06
5.306232142036096557e-07,-1.957279026062450285e-06
4.130072447970914334e-07,-7.453610446312652011e-07
6.782733492916571841e-08,-7.457220217047536556e-09
-3.867951703101674626e-08,-2.615136520977042743e-07
2.878604988724233866e-08,-2.666652005206346212e-07
2.116262444284769271e-08,-2.650384218412322398e-07
-3.841608705831350146e-07,-2.813722086834931939e-06
3.209716435130203003e-07,-5.411402014919342115e-07
4.699078221841235662e-07,-3.049383591034945465e-06
-2.128005575922099757e-07,-2.336807985990522309e-06
7.268440662472571706e-08,-7.104487069629088611e-09
7.371025119711621374e-08,-1.346823052669453334e-09
7.148041033048210081e-08,-8.069636698333254686e-09
1.650379760822464401e-07,-3.445417700040602014e-07
6.471461308902314276e-08,-1.182398125673363434e-08
6.847255823948344347e-08,-1.699878261259974651e-08
7.170523811096738656e-08,-1.152707052011959400e-08
1.271660926756580665e-08,-1.340171718772172706e-07
5.463856776912100525e-08,-4.258260851594099544e-08
7.328809218067717386e-08,-6.072278403281903549e-09
-7.211922754026628221e-08,-3.258549115417820162e-07
-7.139113707968008609e-08,-5.777006983157268548e-07
6.994334444855030425e-08,-7.986646446814957209e-09
7.342716266213829917e-08,-1.647688677752798468e-09
7.329220233030627843e-08,-1.390322088071284697e-09
4.220273216589718443e-08,-2.714613011772224053e-07
7.283506964462238295e-08,-2.788066096764728569e-09
-8.073072753333267966e-08,-3.828417295340288400e-07
5.584997971558783448e-07,-2.130748340285175034e-06
-3.978734070498542940e-08,-2.608717870344444392e-07
7.233443696948492478e-08,-2.554638771075789209e-09
4.789189087286529583e-07,-3.694093906334407384e-06
7.286911319475703008e-08,-1.229548633214508911e-09
1.620959139014966494e-08,-1.056685078656981419e-07
7.252055847169953527e-08,-2.706186572354495128e-09
6.159334388222303016e-07,-2.861423963913285785e-06
-2.775808209121811544e-09,-2.048920155949682050e-07
4.637708383041623833e-07,-3.183531355486223611e-06
4.038922085799210689e-08,-2.790557164553540959e-07
2.564569025383824461e-07,-9.410723003828970888e-07
-4.328389639649999144e-07,-3.567097106353920855e-06
6.300490416328159813e-08,-3.243217496496373453e-08
1.685837604276940192e-08,-1.516735128570455537e-07
7.164350299523165439e-08,-8.137725597339289213e-09
-7.903368156280172351e-09,-2.437142658657676381e-07
1.083243434811407549e-08,-2.020299310397305281e-08
6.304030298958256809e-08,-1.008016564036594880e-08
-1.855995170604330372e-07,-1.682607784021026599e-06
-1.475309781455457001e-08,-1.044575287788343044e-06
7.770680494151157856e-07,-3.825837031584501903e-06
6.737013366594885037e-08,-7.901718427408839487e-09
6.447155129872798890e-07,-3.340857276737960182e-06
2.763346217394173459e-08,-4.127241773829407141e-08
7.518613218854016189e-08,-1.039409699265300805e-09
-6.049627383856632244e-08,-2.977343977542515740e-07
1.616454983674782255e-07,-5.982133404224077609e-07
-4.257684440425734647e-07,-3.818683150033839427e-06
7.189488120417698888e-08,-7.560060439921732113e-09
5.809976027822541020e-07,-2.297480760631450470e-06
7.445874923511085043e-08,-1.028554630419824019e-09
2.542769515550388019e-07,-4.366599952296477072e-07
5.564054373827247255e-08,-4.346342713910872115e-08
-2.387164989493614738e-07,-2.198016850196024910e-06
-3.004662412936295424e-07,-3.042051440774143739e-06
7.208374333962836170e-08,-3.816401202129699472e-09
2.976741643144024655e-08,-1.002247885147302598e-07
-2.805562157440599990e-07,-3.697326912044697455e-06
3.534456657038377159e-07,-8.168566011444303163e-07
4.239404211043230808e-07,-1.076844086812348694e-06
7.064230865973365743e-08,-7.786298473856268757e-09
6.541613839457618271e-08,-8.570454731107295907e-09
-2.561910669300685619e-07,-2.596814979370291126e-06
7.433224256314310308e-08,-3.828747450498155102e-09
6.167926143911429395e-08,-2.035805794309217549e-08
1.000477294623841817e-08,-1.687494269181595558e-07
4.448128229355426660e-08,-6.567673409039399392e-08
1.572548537883219276e-07,-3.577800315910466451e-07
7.380832454117566861e-08,-2.200788466489491198e-09
7.238457704848618768e-08,-7.433196051926826161e-09
7.734372454922791455e-08,-2.923106166697179415e-07
6.662764589560836982e-07,-3.479207184664185096e-06
6.921669790245807472e-08,-7.484117428624798923e-09
-1.179568529880034573e-07,-6.537607476383792009e-07
6.006190346401204046e-07,-3.723720171304927658e-06
-3.253766547102134670e-07,-3.491591277829743913e-06
1.059789484673086152e-07,-3.836274631660243545e-06
