Size 674,2
1.637008833604597260e-04,1.219291784191672301e-06
1.580361353240516769e-04,0.000000000000000000e+00
1.642737421937937460e-04,-1.189603155950734810e-05
1.605761710520868307e-04,-1.189599238998296006e-05
1.607501952049952929e-04,-4.551417911513263446e-06
1.581378586773390927e-04,-4.596783480793640625e-08
1.581618053485221698e-04,-8.186834376451965531e-09
1.581688651538312870e-04,0.000000000000000000e+00
1.631575285121989946e-04,1.219897922716242634e-06
1.626061840381110121e-04,1.216043149196774876e-06
1.620496191514021517e-04,1.200733628423254751e-06
1.614963080180223159e-04,1.169250798509599586e-06
1.609561999855815026e-04,1.119532575018910372e-06
1.604394761930837306e-04,1.050061967992650096e-06
1.599577820153434725e-04,9.619719250147626979e-07
1.595215035852602767e-04,8.573217084542273523e-07
1.591439133013891236e-04,7.426388458121451198e-07
1.588266983054335108e-04,6.127692882724686469e-07
1.585758452465965294e-04,4.896035570574684614e-07
1.583879051396098428e-04,3.775519145674059281e-07
1.582540288621724783e-04,2.770630135574429093e-07
1.581641341072280069e-04,1.948356918455996112e-07
1.581081839827660183e-04,1.306521468559751777e-07
1.580740790475473889e-04,8.341993605429291402e-08
1.580542171683400616e-04,5.044627613556648088e-08
1.580430138556040737e-04,2.797956854047250428e-08
1.580380453477813504e-04,1.202836892402573423e-08
1.642737727576118782e-04,-1.152469295054528086e-05
1.642737674586351260e-04,-1.114380385742385089e-05
1.642736126787358066e-04,-1.075284308356884223e-05
1.642730224315253236e-04,-1.035156530688974570e-05
1.642717441690702107e-04,-9.939793232720035723e-06
1.642695484326690521e-04,-9.517511305361621836e-06
1.642661598332563466e-04,-9.084516235512150566e-06
1.642612175502562027e-04,-8.640826427075351806e-06
1.642543983643987766e-04,-8.186576840259114526e-06
1.642454447996162038e-04,-7.722375737503224321e-06
1.642335280679135725e-04,-7.248097644916297831e-06
1.642183157668495089e-04,-6.764729719959285696e-06
1.641993680751080897e-04,-6.273046718028626510e-06
1.641761577298390452e-04,-5.774123352309457897e-06
1.641481617933349699e-04,-5.269345837001331362e-06
1.641152215681019428e-04,-4.760899749188249960e-06
1.640763789981368351e-04,-4.250638081562373104e-06
1.640317958520980384e-04,-3.740643600499106964e-06
1.639831616673794942e-04,-3.234323103654018861e-06
1.639313181921305484e-04,-2.733023490537596782e-06
1.638801233970979695e-04,-2.238329998941458485e-06
1.638297439989899859e-04,-1.750263302899589083e-06
1.637837980797589635e-04,-1.268896143724173913e-06
1.637463732392828377e-04,-7.890434339793112131e-07
1.637200168474233159e-04,-3.078273027131845672e-07
1.637055838146655215e-04,1.837063187889639479e-07
1.637010835754046096e-04,6.905109260558227844e-07
1.609464957649263178e-04,-1.189582795940715601e-05
1.613165596333595360e-04,-1.189546789251916329e-05
1.616863472737671938e-04,-1.189505604089885065e-05
1.620557901677625260e-04,-1.189470503002688954e-05
1.624249876529113750e-04,-1.189457987471022533e-05
1.627942457653544246e-04,-1.189469801187673278e-05
1.631636357818657898e-04,-1.189502045121482725e-05
1.635333447147026319e-04,-1.189545668534985444e-05
1.639034091147300145e-04,-1.189585328675590158e-05
1.605761489682069399e-04,-1.153839711083375426e-05
1.605761356033453679e-04,-1.117194411344545120e-05
1.605762324516403765e-04,-1.079616674178463332e-05
1.605767234994740379e-04,-1.041084643630596928e-05
1.605778007859749018e-04,-1.001584389571416607e-05
1.605796702024596325e-04,-9.610985625355391118e-06
1.605825996956520120e-04,-9.196190771096343029e-06
1.605868595719624604e-04,-8.771607563149966781e-06
1.605927909593097777e-04,-8.337145311113602276e-06
1.606005302668416673e-04,-7.893292764077465288e-06
1.606106278778806512e-04,-7.439933858938857581e-06
1.606234498372391102e-04,-6.977531568581631117e-06
1.606393270230960940e-04,-6.506981302231487178e-06
1.606589564928497871e-04,-6.028558602806686799e-06
1.606828340577625162e-04,-5.542473567115403389e-06
1.607122432195103436e-04,-5.050128915734094769e-06
1.607591669691829021e-04,-4.027375098242454560e-06
1.607032245683419726e-04,-3.512315779742478994e-06
1.605771009014185860e-04,-3.017294354425383287e-06
1.603883383517777715e-04,-2.556034861277469680e-06
1.601425184841586010e-04,-2.128837837101325243e-06
1.598502209071238204e-04,-1.749899299963671360e-06
1.595393691857656089e-04,-1.414416807980371862e-06
1.592176867652535970e-04,-1.132764673340207022e-06
1.589331381320780324e-04,-8.983259404605892139e-07
1.586861254063029686e-04,-7.085598944544171613e-07
1.584947894643520632e-04,-5.548642561429433878e-07
1.583540625970629857e-04,-4.305955028055861362e-07
1.582588032531894828e-04,-3.305345412516354800e-07
1.581983806650526941e-04,-2.490017022489758052e-07
1.581634078907093101e-04,-1.839243283039194433e-07
1.581456233262389295e-04,-1.329826680127308593e-07
1.581375188205050926e-04,-9.326485826943054902e-08
1.581362776085796975e-04,-6.487203833784941987e-08
1.581406286859606588e-04,-3.365347367274757265e-08
1.581442442997971979e-04,-2.557713138109459539e-08
1.581475254967447538e-04,-2.032126218193049560e-08
1.581504309156410014e-04,-1.671344481588995926e-08
1.581529746894687837e-04,-1.431770784345558017e-08
1.581551819751140337e-04,-1.279645331262814601e-08
1.581569272982629782e-04,-1.183020522157058565e-08
1.581583535558003719e-04,-1.127920312494694159e-08
1.581594506102389837e-04,-1.094963019173364998e-08
1.581602871696773777e-04,-1.072485318902225574e-08
1.581609017107636639e-04,-1.056012503081781486e-08
1.581613227462373478e-04,-1.039074765596345605e-08
1.581615875426771684e-04,-1.016205008811227279e-08
1.581617301265416428e-04,-9.833061078290981380e-09
1.581617883506031470e-04,-9.387083863361525569e-09
1.581617990006852273e-04,-8.818479413024324924e-09
1.581686601395119638e-04,-1.406267788229192655e-09
1.581681920868943582e-04,-2.668486046733866326e-09
1.581675353005707074e-04,-3.803517422372130035e-09
1.581667715840117468e-04,-4.833189288296261341e-09
1.581659070338175893e-04,-5.732772527024195976e-09
1.581650091120441687e-04,-6.521851663940225347e-09
1.581641178794434286e-04,-7.186431668414675024e-09
1.581632759665915484e-04,-7.709225949882076939e-09
1.581625003315331431e-04,-8.052378299816967819e-09
1.580342642512083836e-04,0.000000000000000000e+00
1.580365298169259978e-04,0.000000000000000000e+00
1.580444087816618745e-04,0.000000000000000000e+00
1.580572951192742279e-04,0.000000000000000000e+00
1.580740191228939063e-04,0.000000000000000000e+00
1.580923662461510590e-04,0.000000000000000000e+00
1.581103820086350543e-04,0.000000000000000000e+00
1.581265514771648206e-04,0.000000000000000000e+00
1.581397500942670928e-04,0.000000000000000000e+00
1.581497100497275445e-04,0.000000000000000000e+00
1.581568005287641628e-04,0.000000000000000000e+00
1.581613641537122630e-04,0.000000000000000000e+00
1.581642526281875195e-04,0.000000000000000000e+00
1.581657063862805111e-04,0.000000000000000000e+00
1.581663423209968289e-04,0.000000000000000000e+00
1.581665171861812273e-04,0.000000000000000000e+00
1.581664694844734634e-04,0.000000000000000000e+00
1.581663378588942664e-04,0.000000000000000000e+00
1.581662315687668236e-04,0.000000000000000000e+00
1.581662022218828241e-04,0.000000000000000000e+00
1.581662635606490572e-04,0.000000000000000000e+00
1.581664327646994592e-04,0.000000000000000000e+00
1.581666975422805317e-04,0.000000000000000000e+00
1.581670396558103656e-04,0.000000000000000000e+00
1.581674440100751993e-04,0.000000000000000000e+00
1.581679051718982835e-04,0.000000000000000000e+00
1.581683836391969424e-04,0.000000000000000000e+00
1.608965682488441374e-04,-9.815796332068134415e-06
1.581613896370128185e-04,-1.030414633662124892e-08
1.581661030087875923e-04,-5.915732505028520871e-09
1.625779096018748176e-04,-1.155950451968834134e-05
1.609266243539120332e-04,-8.597588025093318186e-06
1.581592357692560079e-04,-1.080348285269617048e-08
1.581709554873450725e-04,-2.220998132627199147e-07
1.605612290354051534e-04,-2.096039133219979432e-06
1.639078866672973923e-04,-9.313734493768325746e-06
1.581662273733060588e-04,-1.908459536205231043e-09
1.581662425497967382e-04,-2.329708398018761935e-09
1.638602646983850571e-04,-7.464842899853705827e-06
1.610344673160727237e-04,-6.263461119991169507e-06
1.581523231682845044e-04,-1.758835176467901532e-08
1.634015740470810591e-04,-9.986559406661358395e-07
1.580660902173944553e-04,-2.145415093023230809e-08
1.634392525437717344e-04,-2.503916905009923507e-06
1.581191130542534268e-04,-2.341827466294061602e-08
1.581472151627500052e-04,-3.748258523897255400e-08
1.611333534875999398e-04,-4.816347673042790815e-06
1.612127471192407828e-04,7.012668783441487284e-07
1.580788085207714111e-04,6.570416705450658427e-08
1.637496212450774424e-04,-6.022163765176775220e-06
1.581660011442182683e-04,-4.421464756745455666e-09
1.611427551789676145e-04,-3.681214735258479929e-06
1.581488354891124552e-04,-8.188953552711144335e-08
1.582600587021097888e-04,-3.462997827464823814e-07
1.598545319527800476e-04,-1.272577064026250101e-06
1.581593458892716802e-04,-9.815962399369292593e-09
1.636640463638693380e-04,-4.502720685343513013e-06
1.581671754683300975e-04,-1.897747334541559346e-09
1.639398111198367598e-04,-1.055206782009350132e-05
1.590589168284648803e-04,-7.225101069981264626e-07
1.585219453703470371e-04,-4.849899947243755175e-07
1.636009676989427254e-04,-3.492936159895556532e-06
1.581466107276235163e-04,-1.709761138181508656e-08
1.581660611859082583e-04,-2.020210579241815034e-09
1.638678734024787533e-04,-8.429024818470798834e-06
1.609673201532457439e-04,-7.647455116256840157e-06
1.581573178716581644e-04,-1.167331360785077160e-08
1.581879568480573390e-04,1.440143638525337132e-07
1.601787662081095430e-04,6.076294692949018014e-07
1.608707249819914557e-04,-1.060116728439920551e-05
1.581620320626441194e-04,-9.890864836629364691e-09
1.619293347812291340e-04,-1.162416629549451461e-05
1.581644335267245820e-04,-7.486687157306152009e-09
1.623157395972942495e-04,7.840910716962036392e-07
1.580435754429139591e-04,2.236199087203841413e-08
1.584615827008923792e-04,2.541194428031550947e-07
1.592637626989726188e-04,4.494100297188033274e-07
1.581676016939939915e-04,-3.663996991109693186e-09
1.633487279628050080e-04,-1.159150901045848556e-05
1.632641902620044893e-04,-6.468391257892333938e-08
1.580406483263545412e-04,-8.132916199707729485e-09
1.581628261915151259e-04,-8.545450703182376723e-09
1.611160576364036728e-04,-1.161082666624970937e-05
1.638934033546556631e-04,-1.132919125773997967e-05
1.581679975168647824e-04,-1.535259082447750648e-09
1.608075965553355466e-04,-2.490976433390741288e-06
1.610166326022652945e-04,-2.067226463161968208e-06
1.607700272566736914e-04,-1.660521624574291631e-06
1.612496774722460547e-04,-1.661192207766168697e-06
1.610023393395640043e-04,-1.259016755512100491e-06
1.615021972940717317e-04,-2.081703398102169277e-06
1.614788911354035888e-04,-1.258241927945499705e-06
1.612073692907610737e-04,-8.612327721613938564e-07
1.616983518954334155e-04,-8.570605134802791501e-07
1.619717147939255311e-04,-1.258378363035207414e-06
1.606674327363483807e-04,-8.958975714143326763e-07
1.609319843057741028e-04,-4.825934755823855379e-07
1.604662648684930830e-04,-4.829784015013120798e-07
1.622027293913411519e-04,-8.499417179276786704e-07
1.619250211366172966e-04,-4.612728886831914648e-07
1.606813850090083463e-04,-1.092188158064215927e-07
1.602111919513719536e-04,-1.287021665476461377e-07
1.600132374760379942e-04,-4.705665055975836885e-07
1.597745365579859812e-04,-1.456769267520313839e-07
1.624790330764682008e-04,-1.254835065577275900e-06
1.622566218997632131e-04,-1.669398263028478735e-06
1.627547079100684899e-04,-1.668686839977194823e-06
1.626021583469322996e-04,-2.079758469543450398e-06
1.611755712668625645e-04,-9.760123604012153937e-08
1.624342240168046285e-04,-4.451081284217987228e-07
1.595681550676090229e-04,-5.300311923644298622e-07
1.593804949944474308e-04,-1.676036853898908459e-07
1.622100722886576517e-04,-4.917025298753209272e-08
1.581575487383303524e-04,-1.661737986474430515e-07
1.581495302393752273e-04,-1.887239738041132297e-07
1.581476453864778505e-04,-1.504089389101309929e-07
1.581314302927229693e-04,-1.531398688241744970e-07
1.581297133198434496e-04,-1.792519924014057308e-07
1.581098123188668487e-04,-1.380131369317487060e-07
1.581063219403735912e-04,-1.483455039324820222e-07
1.580879253524859946e-04,-1.106279153124173682e-07
1.581351736017685972e-04,-1.235125648404997645e-07
1.580854982929684937e-04,-1.070091781693681018e-07
1.581099228923283956e-04,-1.441459309355716436e-07
1.580920565040767575e-04,-9.868275892144682314e-08
1.580668541147759766e-04,-7.109180204744778999e-08
1.580899528249719822e-04,-8.425185618755366094e-08
1.581243148990598367e-04,-1.166243670144940378e-07
1.581476114308198223e-04,-1.163584290270102096e-07
1.581397046520495583e-04,-9.506582503836270405e-08
1.581502690086575486e-04,-8.626093058452756846e-08
1.581447589717164029e-04,-6.962845628314645779e-08
1.581531875775777805e-04,-6.204485612947302706e-08
1.581241155286741305e-04,-9.651195038181869750e-08
1.581490770378359153e-04,-1.908388996393415902e-07
1.581704622515820217e-04,-1.525362020080349562e-07
1.581050268884523664e-04,-3.883578984027172518e-08
1.581494276962958393e-04,-4.880169698179195663e-08
1.581561601752500522e-04,-4.310393600775943010e-08
1.581571413421175318e-04,-5.125678512954404894e-08
1.581593870632995718e-04,-3.614351022165358530e-08
1.581578690111170237e-04,-4.008033435614105051e-08
1.581601994062524865e-04,-2.900384063993797238e-08
1.581615677004557694e-04,-2.463736728568701640e-08
1.581622200476883713e-04,-2.053771705061648280e-08
1.581597913826392177e-04,-2.303806522121733342e-08
1.581619210902267204e-04,-1.694574794830037535e-08
1.581634309621756784e-04,-1.604151258658478065e-08
1.581590146600723383e-04,-1.845557982540087532e-08
1.581613163257754751e-04,-1.415161323727781980e-08
1.581635552876794277e-04,-1.227174081908625865e-08
1.581630136901671199e-04,-1.081851482323999663e-08
1.581607728605021487e-04,-1.222828961453432607e-08
1.581624768137163530e-04,-9.841281542035256381e-09
1.581604358265852875e-04,-1.100394847080127439e-08
1.581620971270788080e-04,-9.271140812850546270e-09
1.581637343055644434e-04,-7.902629517691787623e-09
1.581633486153471849e-04,-7.817825452426925456e-09
1.581618955642471157e-04,-9.027871128828265201e-09
1.581631016697098520e-04,-7.922683029711939561e-09
1.581618440008113571e-04,-9.017181113265421469e-09
1.581629988956646370e-04,-8.132422769980022823e-09
1.581640594646586463e-04,-6.901897557107750381e-09
1.581639387963343552e-04,-7.276754650147820439e-09
1.581629933689312963e-04,-8.403042475823723753e-09
1.581639000799113569e-04,-7.663850558960593972e-09
1.581630380678181137e-04,-8.692004701167424007e-09
1.581639211650971190e-04,-8.003631747464525302e-09
1.581647096859066114e-04,-6.867211838399422302e-09
1.581647349998358410e-04,-7.238690522730685941e-09
1.581639686182165965e-04,-8.254475293436048836e-09
1.581654479466328990e-04,-5.990911267656436041e-09
1.581655041278905703e-04,-6.381550079627127346e-09
1.581620869462941801e-04,-9.300453300896731087e-09
1.581648138011810102e-04,-5.913767796026487031e-09
1.581647538381016408e-04,-8.706096977472523316e-09
1.581654163798234028e-04,-5.509496785730855118e-09
1.581645860244888899e-04,-6.376974236778428493e-09
1.581660344396890053e-04,-4.496652506603227059e-09
1.581559256912676910e-04,-2.378089016272286522e-08
1.581650630603120052e-04,-5.282575929482694518e-09
1.581604582176284900e-04,-9.947533683569581850e-09
1.581582684510191039e-04,-1.309783382825723834e-08
1.581622689121574830e-04,-9.468700642400129216e-09
1.581613373506652849e-04,-9.980661187886075292e-09
1.581385520103531408e-04,-4.975419371791870464e-08
1.581650517943518895e-04,-6.172556393851537683e-09
1.581655654443617849e-04,-4.251036377428781691e-09
1.580748157303241814e-04,-3.306302999405299422e-08
1.581585596292824081e-04,-1.168833692054852799e-08
1.581610444023929824e-04,-9.877114083416459420e-09
1.581553947652494265e-04,-5.379867364119261450e-08
1.581532772018851593e-04,-3.003547173252065584e-08
1.583634375151913274e-04,-4.135595816169371561e-07
1.583854067693947877e-04,-3.138678007149014233e-07
1.585612295561422312e-04,-3.244129043266865031e-07
1.584243261182365547e-04,-1.564463603825397517e-07
1.586080736255126656e-04,-1.100717999958575427e-07
1.587823606687694257e-04,-2.934096084900453387e-07
1.588559413563160681e-04,-1.973130350244911529e-08
1.586674648104021671e-04,1.287209209336421250e-07
1.595455996576193548e-04,-9.747057008210401432e-07
1.582010367027163720e-04,-2.829378939805365078e-07
1.582944901946866127e-04,-1.838113740375802685e-07
1.583163420526376858e-04,-3.391417086064059415e-08
1.610763701096757229e-04,-3.181901902804096736e-06
1.615232774558999758e-04,-3.312207724295042632e-06
1.616109290013309334e-04,-3.815049941914574193e-06
1.619768828311192259e-04,-3.472843502500214525e-06
1.620858587351957359e-04,-3.947774517155701087e-06
1.624220315649728961e-04,-3.631272418681718765e-06
1.625259047598456364e-04,-4.128308531855225091e-06
1.621115951674261869e-04,-4.462880566664743932e-06
1.626569947067594342e-04,-4.629164953059369282e-06
1.622988276858261373e-04,-4.970716753012727310e-06
1.627599485533441929e-04,-5.127304766958538639e-06
1.624053434169512222e-04,-5.460373360349480907e-06
1.619567883386253558e-04,-5.319942318820233746e-06
1.620543703027952807e-04,-5.799568279947578453e-06
1.625060515834597316e-04,-5.945477475759381771e-06
1.621572320762725461e-04,-6.276900624822024860e-06
1.626060535087338560e-04,-6.422891451724477827e-06
1.622630360619203513e-04,-6.748180407620276940e-06
1.627059520529453723e-04,-6.892926040575999468e-06
1.623718119269043116e-04,-7.213093262369883975e-06
1.628054040405383014e-04,-7.355328770384905832e-06
1.624767893435296337e-04,-7.669503177458660708e-06
1.629047886343909567e-04,-7.807421117224291190e-06
1.625754489592844164e-04,-8.116982433291926172e-06
1.621538209319040296e-04,-7.983576573787679371e-06
1.622552620317596367e-04,-8.422155082668012453e-06
1.626690797790764900e-04,-8.553169846319779292e-06
1.623545818786594570e-04,-8.852176973519502179e-06
1.627603077071861949e-04,-8.981127552853783238e-06
1.624473295836362057e-04,-9.272118906451047899e-06
1.620478560401493993e-04,-9.148336391016109419e-06
1.621422374435153911e-04,-9.563414546801872357e-06
1.625358665276177821e-04,-9.683625593521230941e-06
1.622380142397509401e-04,-9.966980073272576536e-06
1.626211722000284882e-04,-1.008713100895152906e-05
1.623275008192311716e-04,-1.036256436101797605e-05
1.627059949692042707e-04,-1.048132966862722405e-05
1.619466619418209340e-04,-1.024610614472008503e-05
1.629046957836237071e-04,-9.815142483896189130e-06
1.620365360062668016e-04,-1.063336516461235058e-05
1.619289505578391591e-04,-7.077190147945871233e-06
1.623301946686372206e-04,-3.143626740393250159e-06
1.617482136718789612e-04,-9.442220218877447636e-06
1.618425162687697728e-04,-8.294978792017533085e-06
1.616491288509860436e-04,-9.027311579812588059e-06
1.630422157732461285e-04,-6.576587772691574411e-06
1.616537008409644376e-04,-1.051999006656078773e-05
1.630811115985915122e-04,-8.685476943137298116e-06
1.632085675105283441e-04,-9.159410576175014117e-06
1.615688095714076691e-04,-1.013530370981156427e-05
1.617509644544274283e-04,-1.089230499723919544e-05
1.621307964160234290e-04,-1.101498060386269420e-05
1.617366845161101604e-04,-7.861784994382442406e-06
1.615504597024055330e-04,-5.648930249687270003e-06
1.613116096659149485e-04,-9.308698177343912290e-06
1.628142530446089517e-04,-3.332636094001349252e-06
1.626735803715003488e-04,-2.846304187253194465e-06
1.622017756736985586e-04,-2.662376974845542411e-06
1.614257513105400201e-04,-2.860592465341567587e-06
1.629398988817014598e-04,-4.218154795358721986e-06
1.614149470700691747e-04,-8.170108846223312650e-06
1.613873619045423907e-04,-1.080425233194252662e-05
1.614694186797855247e-04,-1.114398080600058148e-05
1.611016499255758425e-04,-1.105284180699842538e-05
1.581510076149975920e-04,-1.177177343398621467e-07
1.581558837871525848e-04,-1.351743232235532371e-08
1.602823718390686584e-04,-1.612859616327454349e-06
1.602436808008276766e-04,-1.142105082924346993e-06
1.631321097110239801e-04,-2.933839630656861504e-06
1.635068055674205256e-04,-8.783898843579726308e-06
1.632249727651363810e-04,-7.502840681507431238e-06
1.633374048634678361e-04,-7.952170572770906966e-06
1.581660345558514290e-04,-3.630578588156720043e-09
1.581664088306921766e-04,-3.017013267198867415e-09
1.582581457116176459e-04,-2.923647593484441656e-07
1.595569227117862247e-04,1.566458142524750565e-07
1.581650548553212819e-04,-9.391113746248304346e-09
1.627333323895613522e-04,-4.175250846673911444e-08
1.589283001001527294e-04,2.470494215390902508e-07
1.612497491945358102e-04,-4.225379323293564554e-06
1.615794144499029916e-04,-4.544871512238576456e-06
1.587658244341361689e-04,-5.768054513864506334e-07
1.630551794257027059e-04,-2.081649043267663078e-06
1.632557550864885962e-04,-1.693668821834173991e-06
1.582105765841507227e-04,-7.372171076863542589e-08
1.615209387115236722e-04,-5.107348743823322480e-06
1.620877829240733865e-04,-2.151996078080059292e-06
1.612652961460795645e-04,-8.830206952074343642e-06
1.581548557528428321e-04,-1.893708516061093983e-08
1.581588467406428377e-04,-2.285741760355070346e-07
1.581509767717307138e-04,-2.428692041798290863e-08
1.581666018232467583e-04,-3.427467124108803743e-09
1.629352775240805505e-04,-4.501239485326357423e-07
1.630097745537794696e-04,3.424383553124767040e-07
1.581615823224513597e-04,-1.667532007612704464e-08
1.581638442092880706e-04,-8.801454956498434255e-09
1.592098868221619289e-04,-4.691902258698329072e-07
1.614775653067579062e-04,-9.730042475597524185e-06
1.581659250534202179e-04,-5.584021591036311896e-09
1.581649629198099134e-04,-9.344280542309380988e-09
1.581655455104932642e-04,-5.938895862842347267e-09
1.617197783888874724e-04,-6.141842889301181460e-06
1.618254898962901095e-04,-6.616204954260877085e-06
1.614357260657155548e-04,-6.998385288046407011e-06
1.616283073914042735e-04,-7.447990153430073200e-06
1.581647705979743188e-04,-7.497832261098026516e-09
1.581640041323030869e-04,-8.383317536704740079e-09
1.581632237437712962e-04,-9.041971699595192777e-09
1.581647929812043539e-04,-7.593475584773252633e-09
1.581632804221288059e-04,-9.040583596522583298e-09
1.581624534750166464e-04,-9.692680047987622689e-09
1.581624360091964880e-04,-9.585336298510099619e-09
1.636557503620097683e-04,-5.020593184757999298e-06
1.637955751267462486e-04,-6.511177380051010991e-06
1.639034568157029333e-04,-9.725768027164875254e-06
1.635428955347224421e-04,-9.498220205294512816e-06
1.635393548807473818e-04,-9.931468311740529188e-06
1.604305214147695767e-04,2.509104719893590226e-07
1.617650730236115924e-04,7.518806116278926327e-07
1.580558222071723723e-04,3.949535194964785215e-08
1.580475835622348574e-04,9.786282772989742140e-10
1.580397369977465047e-04,7.448579889770473369e-10
1.580474226231654673e-04,-2.584495426359451182e-08
1.580373081250804413e-04,1.197885099859273061e-08
1.580838985247460865e-04,-2.464103322986953105e-08
1.580770000435139505e-04,-4.673983208834694561e-08
1.580971642218435629e-04,-5.516963029935499430e-08
1.580604530815754463e-04,-3.799558100902810762e-08
1.580736307837540084e-04,-6.506265590021573482e-08
1.580582887209868261e-04,-3.257635294467202299e-08
1.628574589888831449e-04,-5.622383915767259323e-06
1.632289426742546720e-04,-5.314092444227583127e-06
1.631822432493922515e-04,-4.717337970904568523e-06
1.637100180464386276e-04,-5.533602024992541755e-06
1.581201082932369916e-04,1.020486346053258475e-07
1.617643317801994833e-04,-1.679301100283595024e-06
1.582951676799206769e-04,1.989736279941360895e-07
1.597119275949062029e-04,5.455987816677408882e-07
1.581602901598610535e-04,-1.047169295735051383e-08
1.610229725475930817e-04,-6.742960685547849972e-06
1.624175609794395914e-04,-1.075285719904934164e-05
1.627893720366617480e-04,-1.086856669814330496e-05
1.630797256635415737e-04,-1.060179185147498903e-05
1.631541400035760509e-04,-1.097505455028065150e-05
1.634255199561082813e-04,-1.068996774629341711e-05
1.635522058410850306e-04,-1.105375689025391342e-05
1.628628204217101420e-04,-1.123910653801195703e-05
1.633221766756364477e-04,-1.029435547508762854e-05
1.625031480099597427e-04,-1.114639565958357197e-05
1.622054447257441692e-04,-1.138054045704302021e-05
1.581655558403564498e-04,-6.630438461033660065e-09
1.581662322702922228e-04,-5.439871432817681687e-09
1.581663494359770376e-04,-5.641828062389985133e-09
1.581669670465581231e-04,-4.280173565003381282e-09
1.581655320252771738e-04,-6.731667408359223583e-09
1.581646627445581522e-04,-7.619386318043644062e-09
1.581639818050268285e-04,-8.377308971040266533e-09
1.581632762043266188e-04,-8.884280466560003240e-09
1.581668137771079046e-04,-3.852500325424158969e-09
1.581674051047178022e-04,-2.704363111368870543e-09
1.638396907178801235e-04,-6.991860010487806610e-06
1.639343632046157899e-04,-1.014435694531728563e-05
1.581621869544192795e-04,-9.535891169143623924e-09
1.633089985429893450e-04,-5.807874104176677511e-06
1.637881909222634296e-04,-7.972813174699848969e-06
1.581661169955350622e-04,-2.172533600119532617e-09
1.581656687706693373e-04,-3.849133017822724282e-09
1.581660621135564618e-04,-2.260980229747919370e-09
1.636508455653879650e-04,-3.986247817373026718e-06
1.631892890195995661e-04,-3.755472251556105198e-06
1.581540248761969180e-04,-1.332572241567027383e-08
1.581663258452419864e-04,-2.979142031825651985e-09
1.581439175221218579e-04,2.580612004354668989e-08
1.581348817581019323e-04,-2.449863216435118748e-08
1.581024501277812926e-04,-2.596083248293396814e-08
1.581145594364796693e-04,-4.972918716890587869e-08
1.606787330063992126e-04,6.644890675326264868e-07
1.581607907252242473e-04,-9.807372101096814262e-09
1.581592647613391832e-04,-1.062851758229731465e-08
1.609163653260395365e-04,-9.415668056416279922e-06
1.610187437124741688e-04,-8.125985395680459112e-06
1.609872017986674797e-04,-7.206815496614941330e-06
1.610760194785888679e-04,-5.787713304882579172e-06
1.639408631992415020e-04,-1.094826065058734709e-05
1.581572013362344653e-04,-3.063222381678634126e-08
1.581617756852092397e-04,-1.013274843075823927e-08
1.608977058137255685e-04,-1.021393114273175033e-05
1.612441758888865750e-04,-1.044045551772560879e-05
1.580509365995672098e-04,-1.551648253433759209e-08
1.580473250239917699e-04,-2.428478221042017496e-08
1.581584340611382009e-04,-1.524349308707933917e-08
1.581603766661101847e-04,-1.027800378003546388e-08
1.581549498201050583e-04,-7.025266979787556638e-08
1.581668476665137261e-04,-4.942146288398761302e-09
1.629961442937520458e-04,-8.250195720533122482e-06
1.628460238643555794e-04,-9.397485979052906826e-06
1.631186547803085247e-04,-7.048321987341517921e-06
1.618536664488801286e-04,-9.847362776637994970e-06
1.626824837521140623e-04,-8.367296648252776481e-07
1.581631425988385905e-04,-8.906307181206999904e-09
1.614546073609222736e-04,3.158860466911152601e-07
1.581656252789790534e-04,-4.418497559165133929e-09
1.620497216566531837e-04,-7.534763835149460282e-06
1.619495174615850192e-04,-8.725189474417558924e-06
1.581636282955997479e-04,-8.050475021419666761e-09
1.615132691876494490e-04,-1.152993006833196549e-05
1.581661364063478902e-04,-5.009154989156262865e-09
1.581609294575096183e-04,-1.040064571988666552e-08
1.581293893956741694e-04,-6.942658253244006271e-08
1.581490323592120776e-04,-5.466164568346373106e-08
1.581880612364922468e-04,-2.662892002449383113e-07
1.581647251267306322e-04,-6.417082682865950741e-09
1.581160794996745592e-04,-1.187648651829481234e-07
1.581642764034489829e-04,-6.565115597011493241e-09
1.581642193296359136e-04,-8.222587053810857608e-09
1.581638225492086602e-04,-1.418100515097791497e-08
1.581591136709127989e-04,-2.872465623737390312e-08
1.634149460536741660e-04,-8.377226569239309837e-06
1.580355781109340433e-04,-5.939666503339345292e-11
1.629743721897379343e-04,-1.020751872698917911e-05
1.581619550486838062e-04,-9.116105733222901294e-09
1.629469457719117905e-04,-6.104642344402825406e-06
1.599036158386247825e-04,-8.538178398458972889e-07
1.581534580573057240e-04,-9.727598171726499923e-08
1.615647815308383093e-04,-8.583982810097147482e-06
1.599652467961860849e-04,2.150833183820652850e-07
1.618792597498039951e-04,-2.989047406906738508e-06
1.581675825681985617e-04,-3.235667199727607141e-09
1.591684232309511582e-04,8.796951706084992824e-08
1.581654218773927893e-04,-4.954065355050309253e-09
1.609320571039142588e-04,2.862691842464738687e-07
1.614274182535110197e-04,-4.750596454103211325e-07
1.580600244258521976e-04,-5.219521730372850997e-08
1.638973214345263005e-04,-8.878567497913328674e-06
1.584578882638437768e-04,3.199301867067944997e-08
1.581626461404325213e-04,-9.457873739301993408e-09
1.630133953761684024e-04,-1.222942389567861583e-06
1.581045801557855299e-04,-8.722973493072108175e-08
1.581588682879254049e-04,-1.096164384858502049e-08
1.617176217473014269e-04,-2.528359379144311479e-06
1.581354936597463307e-04,-1.972940214744646482e-07
1.629788276771566944e-04,-1.159095001715859667e-05
1.581652855101550834e-04,-6.777135870670410070e-09
1.582321441158556006e-04,6.235994947342183923e-08
1.581622583945789485e-04,-9.064157723773630662e-09
1.608850066662197023e-04,-1.133638411964240428e-05
1.637012700733418203e-04,-1.161815364399936639e-05
1.581681309858999228e-04,-2.360948598850164115e-09
1.629350332661882908e-04,-2.493389384303031705e-06
1.581627385634945093e-04,-9.094507064548764202e-09
1.581557723609386531e-04,-1.272726564942410020e-08
1.617030654467586828e-04,-6.580457730978214384e-08
1.612076621550585570e-04,-9.991446148301021818e-06
1.611134091808591180e-04,-5.323286628891071581e-06
1.581520574427220196e-04,-2.980048182531003290e-08
1.587031092236756784e-04,3.697244209979465814e-07
1.633807842617409961e-04,-6.295176928893953960e-06
1.613983936479002079e-04,-6.474981708466230628e-06
1.618938998271900577e-04,-4.878825904432469332e-06
1.581461968150954577e-04,-7.275133151140835479e-08
1.618509413752246295e-04,-1.123103842570954221e-05
1.634439757904247671e-04,-6.771205957220325949e-06
1.635623998227844897e-04,-3.016944163055661157e-06
1.581556801901249742e-04,-1.542390242005898261e-08
1.590394210973287796e-04,-2.276645512075748270e-07
1.628194983354121618e-04,7.664404914419549057e-07
1.620102419067222222e-04,3.569731824434546248e-07
1.609318038582234836e-04,-9.019888019973521732e-06
1.634929242963333723e-04,-2.049841849379556232e-06
1.632088875612924198e-04,-9.627774177215598039e-06
1.613585732186557378e-04,-7.781498134751043956e-06
1.581638883252707475e-04,-8.246276859295102589e-09
1.581668204580475602e-04,-1.639496189591766474e-09
1.581616992378266900e-04,-1.000500620452134896e-08
1.633739491723621502e-04,-5.491135671902588933e-07
1.581542102117710626e-04,-4.014373659922269251e-08
1.581273590451922988e-04,-4.377987333327368417e-08
1.581449989457674773e-04,-3.438503226152253102e-08
1.580911581949435963e-04,2.504750182280225965e-08
1.580883567715238584e-04,-7.144937825208687979e-08
1.581578517441264791e-04,-1.965384740242876390e-08
1.602530010980645497e-04,-7.657789284924421332e-07
1.612163394430320823e-04,-2.452036144502622807e-06
1.581581800767186319e-04,-1.123163273306142934e-08
1.581651950943460748e-04,-4.571495218386483701e-09
1.581664405821838306e-04,-1.716658834727974651e-09
1.625164587219068415e-04,3.584762335586963259e-07
1.581658796489443844e-04,-3.511797296773837805e-09
1.606076145526136886e-04,-1.285774575881318119e-06
1.635007191245197149e-04,-7.232191760928136930e-06
1.589380042429049524e-04,-4.847813893542954985e-07
1.581658715219493765e-04,-4.347068818142979607e-09
1.632237384287378806e-04,-1.130384796472091484e-05
1.581663506230801335e-04,-2.582337318129094111e-09
1.580613150424448532e-04,1.008251267278553967e-08
1.581657267577936898e-04,-3.581022837398826279e-09
1.636024004344129197e-04,-9.137367217264208156e-06
1.583514095569446079e-04,1.120347304517473905e-07
1.631898156182231868e-04,-9.975306460219631569e-06
1.632913994108711091e-04,7.521758541942875980e-07
1.627783089737402347e-04,-3.810403081131803865e-06
1.608212970725973810e-04,-1.097698698845476259e-05
1.581144587424192119e-04,-7.305589578795984261e-08
1.581948206013348592e-04,-2.256160829673537985e-07
1.581619505679315570e-04,-9.981524565566686597e-09
1.589580916268774501e-04,4.890983537811094979e-07
1.580354503803558402e-04,5.575256814127359212e-09
1.581470961526748272e-04,-2.938268456338999642e-08
1.613526337676395744e-04,-6.033987062892509331e-06
1.617479253479959633e-04,-4.185438355887555947e-06
1.640062000111055390e-04,-1.164375658854002149e-05
1.581533188109883936e-04,-1.542371891173904722e-08
1.636641777574157175e-04,-1.038003235772393968e-05
1.580405298173550525e-04,-1.112157252724696837e-08
1.581684244422437290e-04,-1.177345125013092584e-09
1.593121817332758842e-04,-7.637983832325057341e-07
1.625266210756723590e-04,-2.460603177334896268e-06
1.608403559337130164e-04,-1.163535520361146444e-05
1.581622591039784473e-04,-8.593614280737334428e-09
1.635453690803730824e-04,-7.670623404012535737e-06
1.581676174406713097e-04,-1.224033937956714308e-09
1.634568658796795634e-04,-1.384022224043064580e-06
1.581522983761707486e-04,-1.327021238536891593e-07
1.612756643706515411e-04,-7.416069584808519014e-06
1.611605572114955132e-04,-9.612628541001068286e-06
1.581650328584443058e-04,-5.395901238545715661e-09
1.580725422134790178e-04,-6.729674296844413612e-08
1.612211734283342684e-04,-1.131763372432918475e-05
1.632336163003793425e-04,-3.330251619434803666e-06
1.633384542828680646e-04,-4.235054917235175472e-06
1.581601695497191439e-04,-1.028836583225050155e-08
1.581502022413649804e-04,-2.086279357337620598e-08
1.612593085615139003e-04,-8.458784553279631401e-06
1.581670956322708387e-04,-4.423947399700515339e-09
1.581531157956894858e-04,-7.067583195539265402e-08
1.582283510515946712e-04,-1.954940531495261675e-07
1.580748817251995716e-04,-8.198983718818979582e-08
1.630776614514050120e-04,-7.896264898316237038e-07
1.581621347495166608e-04,-6.855528578167420319e-09
1.581632676404609648e-04,-8.616239999329781474e-09
1.633950414247940320e-04,3.794224522643640580e-07
1.637186744964082231e-04,-1.073964800348808941e-05
1.581575043608897738e-04,-1.184797906317274741e-08
1.610207907931500112e-04,-2.797779509145218950e-06
1.635437950872782045e-04,-1.137937389970638157e-05
1.611025102251781782e-04,-1.078025039574949762e-05
1.622392116623768104e-04,-1.168096546718114206e-05
