Size 674,2
4.583625345557607267e-05,3.414016995736565530e-07
4.425012400538184140e-05,0.000000000000000000e+00
4.599665392890959581e-05,-3.330888836662044660e-06
4.496133400923166875e-05,-3.330877869195232443e-06
4.501006077204601675e-05,-1.274397015223731366e-06
4.427860654430227039e-05,-1.287099374622919997e-08
4.428531161223356208e-05,-2.292313625407073607e-09
4.428728835772008507e-05,0.000000000000000000e+00
4.568411409806308820e-05,3.415714183605348254e-07
4.552973764531844769e-05,3.404920817750993411e-07
4.537389947703998410e-05,3.362054159584953977e-07
4.521897235969365097e-05,3.273902235826907301e-07
4.506774211061022133e-05,3.134691210053034336e-07
4.492305944871083649e-05,2.940173510379613773e-07
4.478818507894350950e-05,2.693521390041429871e-07
4.466602711852024095e-05,2.400500783671744366e-07
4.456030183903632297e-05,2.079388768274043552e-07
4.447148164016874895e-05,1.715754007162884301e-07
4.440124278369439090e-05,1.370889959761004919e-07
4.434861955373813600e-05,1.057145360788710510e-07
4.431113419605565171e-05,7.757764379608276099e-08
4.428596366467126125e-05,5.455399371676257653e-08
4.427029762982187191e-05,3.658260111967971301e-08
4.426074824796062749e-05,2.335758209519755868e-08
4.425518692178257259e-05,1.412495731796022560e-08
4.425204999421649896e-05,7.834279191323041341e-09
4.425065881202616463e-05,3.367943298723021391e-09
4.599666248677866307e-05,-3.226914026152677505e-06
4.599666100306520173e-05,-3.120265080078684670e-06
4.599661766469337684e-05,-3.010796063399267879e-06
4.599645239547443945e-05,-2.898438285929149329e-06
4.599609448198699725e-05,-2.783142105161619642e-06
4.599547967579466554e-05,-2.664903165501239833e-06
4.599453086795912346e-05,-2.543664545943397686e-06
4.599314702871906582e-05,-2.419431399581116852e-06
4.599123765667898460e-05,-2.292241515272558030e-06
4.598873065853988426e-05,-2.162265206500898253e-06
4.598539397366319657e-05,-2.029467340576557447e-06
4.598113452936526717e-05,-1.894124321588602587e-06
4.597582917567768986e-05,-1.756453081048044967e-06
4.596933027900232160e-05,-1.616754538646672987e-06
4.596149141678121901e-05,-1.475416834360357636e-06
4.595226815371597793e-05,-1.333051929772719145e-06
4.594139223412570548e-05,-1.190178662837495725e-06
4.592890895323483455e-05,-1.047380208139779825e-06
4.591529138151360668e-05,-9.056104690231629910e-07
4.590077520844390292e-05,-7.652465773505389446e-07
4.588644066583476240e-05,-6.267323997035996387e-07
4.587233443436457118e-05,-4.900737248118860062e-07
4.585946957697988247e-05,-3.552909202427761094e-07
4.584899062164654690e-05,-2.209321615142107904e-07
4.584161083192589680e-05,-8.619164475969012662e-08
4.583756958275369891e-05,5.143776926091244837e-08
4.583630951576063656e-05,1.933430592956337042e-07
4.506502492882674004e-05,-3.330831828634007326e-06
4.516864281198803112e-05,-3.330731009905378987e-06
4.527218335130219536e-05,-3.330615691451687295e-06
4.537562736162088295e-05,-3.330517408407526783e-06
4.547900265746255714e-05,-3.330482364918870765e-06
4.558239492894661292e-05,-3.330515443325486738e-06
4.568582413356979220e-05,-3.330605726340143601e-06
4.578934263476411260e-05,-3.330727871897955007e-06
4.589296066677175912e-05,-3.330838920291650477e-06
4.496132782574530150e-05,-3.230751191033441417e-06
4.496132408358404398e-05,-3.128144351764737991e-06
4.496135120110667432e-05,-3.022926687699703243e-06
4.496148869450009462e-05,-2.915037002165682833e-06
4.496179033472032894e-05,-2.804436290799957317e-06
4.496231377133605596e-05,-2.691075975099496875e-06
4.496313402942991194e-05,-2.574933415906979894e-06
4.496432679479682882e-05,-2.456050117682001998e-06
4.496598758325407412e-05,-2.334400687111822851e-06
4.496815458936303275e-05,-2.210121973941701800e-06
4.497098192045396802e-05,-2.083181480502907143e-06
4.497457206907430838e-05,-1.953708839202874568e-06
4.497901768111424702e-05,-1.821954764624823491e-06
4.498451393264530984e-05,-1.687996408785873854e-06
4.499119965082086286e-05,-1.551892598792335116e-06
4.499943421611021874e-05,-1.414036096405551541e-06
4.501257286601854707e-05,-1.127665027507845484e-06
4.499690899378313126e-05,-9.834484183278731797e-07
4.496159436704459412e-05,-8.448424192391162101e-07
4.490874085314515250e-05,-7.156897611577008107e-07
4.483991129021177772e-05,-5.960745943883775817e-07
4.475806796864205433e-05,-4.899718039898382173e-07
4.467102948666172856e-05,-3.960367062345072193e-07
4.458095840891835953e-05,-3.171741085352650008e-07
4.450128479162914207e-05,-2.515312633289755847e-07
4.443212122841215999e-05,-1.983967704472508786e-07
4.437854716466582461e-05,-1.553619917200111773e-07
4.433914364182491924e-05,-1.205667407855462235e-07
4.431247102554036798e-05,-9.254967155044772499e-08
4.429555270086215062e-05,-6.972047662968392024e-08
4.428576032404599904e-05,-5.149881192506403052e-08
4.428078064599428839e-05,-3.723514704354019947e-08
4.427851138438877233e-05,-2.611416031543522787e-08
4.427816384504968853e-05,-1.816417073459324532e-08
4.427938214671629021e-05,-9.422972628381836314e-09
4.428039451859054908e-05,-7.161596786710206474e-09
4.428131325373586282e-05,-5.689953410937341914e-09
4.428212677102685662e-05,-4.679764548441172119e-09
4.428283902769860990e-05,-4.008958196172475271e-09
4.428345706767927367e-05,-3.583006927536779996e-09
4.428394575816099792e-05,-3.312457462026469057e-09
4.428434511027146055e-05,-3.158176874996782043e-09
4.428465228551426266e-05,-3.065896453687934754e-09
4.428488652215699264e-05,-3.002958892921165541e-09
4.428505859366111238e-05,-2.956835008611470427e-09
4.428517648359375769e-05,-2.909409343673938968e-09
4.428525062659692318e-05,-2.845374024693376667e-09
4.428529055007901884e-05,-2.753257101910216014e-09
4.428530685281624842e-05,-2.628383481737186994e-09
4.428530983483922252e-05,-2.469174235643202420e-09
4.428723095371068949e-05,-3.937549807157632773e-10
4.428709989897778026e-05,-7.471760930913107991e-10
4.428691599880713525e-05,-1.064984878274654272e-09
4.428670215817065962e-05,-1.353293000733561668e-09
4.428646008411630175e-05,-1.605176307566234600e-09
4.428620866601972773e-05,-1.826118465890333975e-09
4.428595912089150721e-05,-2.012200867160710497e-09
4.428572338529300544e-05,-2.158583265958037040e-09
4.428550620747664571e-05,-2.254665923941778304e-09
4.424960010498571277e-05,0.000000000000000000e+00
4.425023446338667864e-05,0.000000000000000000e+00
4.425244057351269945e-05,0.000000000000000000e+00
4.425604874804410553e-05,0.000000000000000000e+00
4.426073146905760600e-05,0.000000000000000000e+00
4.426586866356961391e-05,0.000000000000000000e+00
4.427091307706516377e-05,0.000000000000000000e+00
4.427544052825350268e-05,0.000000000000000000e+00
4.427913614104217954e-05,0.000000000000000000e+00
4.428192492857109601e-05,0.000000000000000000e+00
4.428391026270132446e-05,0.000000000000000000e+00
4.428518807768678682e-05,0.000000000000000000e+00
4.428599685053985838e-05,0.000000000000000000e+00
4.428640390280585699e-05,0.000000000000000000e+00
4.428658196452646471e-05,0.000000000000000000e+00
4.428663092677806267e-05,0.000000000000000000e+00
4.428661757029987386e-05,0.000000000000000000e+00
4.428658071513765480e-05,0.000000000000000000e+00
4.428655095390200360e-05,0.000000000000000000e+00
4.428654273677451111e-05,0.000000000000000000e+00
4.428655991162906046e-05,0.000000000000000000e+00
4.428660728876318412e-05,0.000000000000000000e+00
4.428668142648589201e-05,0.000000000000000000e+00
4.428677721827423901e-05,0.000000000000000000e+00
4.428689043746841114e-05,0.000000000000000000e+00
4.428701956277888502e-05,0.000000000000000000e+00
4.428715353362248621e-05,0.000000000000000000e+00
4.505104522432372925e-05,-2.748422972979074926e-06
4.428519521301088380e-05,-2.885160974253350272e-09
4.428651495710790288e-05,-1.656405101408520211e-09
4.552182080317232406e-05,-3.236661265512735575e-06
4.505946093374272248e-05,-2.407324647026145745e-06
4.428459213003905706e-05,-3.024975198760580024e-09
4.428787365110405479e-05,-6.218794771353996619e-08
4.495715024456082133e-05,-5.868909573015976882e-07
4.589421438149062573e-05,-2.607845658255121316e-06
4.428654977917304936e-05,-5.343686701406495069e-10
4.428655402859038213e-05,-6.523183514386986635e-10
4.588088023019516428e-05,-2.090156011959041308e-06
4.508965696314774996e-05,-1.753769113597533383e-06
4.428265660176702390e-05,-4.924738494102214260e-09
4.575244684783006462e-05,-2.796236633865200447e-07
4.425851137551773887e-05,-6.007162260471692199e-09
4.576299682690340356e-05,-7.010967334027838125e-07
4.427335776983834655e-05,-6.557116905634814346e-09
4.428122636021731179e-05,-1.049512386691836439e-08
4.511734509117530298e-05,-1.348577348451991906e-06
4.513957530803482278e-05,1.963547259363668871e-07
4.426207250046335995e-05,1.839716677526469188e-08
4.584990006326908151e-05,-1.686205854249507853e-06
4.428648643502843603e-05,-1.238010131893989770e-09
4.511997756475826763e-05,-1.030740125872334146e-06
4.428168005159884008e-05,-2.292906994758137485e-08
4.431282255123807860e-05,-9.696393916900113628e-08
4.475927506142576731e-05,-3.563215779273507886e-07
4.428462296364341712e-05,-2.748469471836250837e-09
4.582593909653086077e-05,-1.260761791896201152e-06
4.428681524577976096e-05,-5.313692536797227417e-10
4.590315322820166978e-05,-2.954578989626180504e-06
4.453650282661750340e-05,-2.023028299594823912e-07
4.438615081834444470e-05,-1.357971985228374512e-07
4.580827707035134151e-05,-9.780221247707917177e-07
4.428105711838201011e-05,-4.787331186917013461e-09
4.428650324670163082e-05,-5.656589621887751236e-10
4.588301066734134663e-05,-2.360126949171834075e-06
4.507085575755618071e-05,-2.141287432551926543e-06
4.428405511871164925e-05,-3.268527810184759525e-09
4.429263403210341921e-05,4.032402187871098790e-08
4.485006065291803065e-05,1.701362514025719093e-07
4.504380910960496077e-05,-2.968326839631780779e-06
4.428537509218773832e-05,-2.769442154254991186e-09
4.534021985339154430e-05,-3.254766562738463431e-06
4.428604750213020904e-05,-2.096272404051144533e-09
4.544841320188973952e-05,2.195455000749442696e-07
4.425220723866325794e-05,6.261357444169058682e-09
4.436924927089720580e-05,7.115344398488755367e-08
4.459385967035972440e-05,1.258348083212697566e-07
4.428693458896566158e-05,-1.025919157521648485e-09
4.573764994423275759e-05,-3.245622522928374009e-06
4.571397938800859391e-05,-1.811149552208944464e-08
4.425138764602667458e-05,-2.277216535920023874e-09
4.428559744827158083e-05,-2.392726196888164626e-09
4.511250225284038943e-05,-3.251031466549933057e-06
4.589015905395094807e-05,-3.172173552167194645e-06
4.428704541936947598e-05,-4.298725430691377319e-10
4.502613315014133603e-05,-6.974734013494129096e-07
4.508466324328163618e-05,-5.788234096853382444e-07
4.501561374651604072e-05,-4.649460548807892455e-07
4.514991580687619996e-05,-4.651338181745294078e-07
4.508066112972526786e-05,-3.525246915433895881e-07
4.522062135698743236e-05,-5.828769514686003247e-07
4.521409563256036047e-05,-3.523077398247323830e-07
4.513806951606047036e-05,-2.411451762051982673e-07
4.527554464536866398e-05,-2.399769437744853533e-07
4.535208625694645256e-05,-3.523459416498430899e-07
4.498688728082491604e-05,-2.508513199960171685e-07
4.506096172026414749e-05,-1.351261731630708697e-07
4.493056027782544161e-05,-1.352339524203584864e-07
4.541677034422284616e-05,-2.379836810197414822e-07
4.533901203290023716e-05,-1.291564088312795833e-07
4.499079391716969149e-05,-3.058126842579706392e-08
4.485913986103155467e-05,-3.603660663333860537e-08
4.480371260793801513e-05,-1.317586215673177968e-07
4.473687635088344200e-05,-4.078953949056542981e-08
4.549413537605848248e-05,-3.513538183616290294e-07
4.543186024658107426e-05,-4.674315136479864316e-07
4.557132432946655747e-05,-4.672323151936247064e-07
4.552861045178839761e-05,-5.823323714721864825e-07
4.512916606936888316e-05,-2.732834609123311742e-08
4.548158883935268494e-05,-1.246302759581036794e-07
4.467908953357784815e-05,-1.484087338620446209e-07
4.462654471309260724e-05,-4.692903190916470273e-08
4.541882635547148182e-05,-1.376767083651865312e-08
4.428411976137991554e-05,-4.652866362127503696e-08
4.428187458167247591e-05,-5.284271266513870950e-08
4.428134682286115266e-05,-4.211450289483262814e-08
4.427680659660977643e-05,-4.287916327075057967e-08
4.427632584420354209e-05,-5.019055787237269588e-08
4.427075356393006837e-05,-3.864367834086905532e-08
4.426977625795197336e-05,-4.153674110107969420e-08
4.426462521334346040e-05,-3.097581628747107071e-08
4.427785472314248557e-05,-3.458351815532330919e-08
4.426394563667855364e-05,-2.996256988742484488e-08
4.427078452449930720e-05,-4.036086066194950670e-08
4.426578193578882737e-05,-2.763117249798903273e-08
4.425872526678464668e-05,-1.990570457328914507e-08
4.426519290563953881e-05,-2.359051973251032893e-08
4.427481428638409933e-05,-3.265482276404206835e-08
4.428133731527688472e-05,-3.258036012756947508e-08
4.427912341722115930e-05,-2.661843101073577759e-08
4.428208143707147628e-05,-2.415306056367286860e-08
4.428053862672787824e-05,-1.949596775929383755e-08
4.428289863636910786e-05,-1.737255971624485088e-08
4.427475846267608424e-05,-2.702334610689464900e-08
4.428174768524145011e-05,-5.343489189901827425e-08
4.428773554509031490e-05,-4.271013656226407719e-08
4.426941364341402174e-05,-1.087402115527798762e-08
4.428184586961020038e-05,-1.366447515490163662e-08
4.428373096371730544e-05,-1.206910208216891904e-08
4.428400569044025042e-05,-1.435189983624706558e-08
4.428463449237113054e-05,-1.012018286205311689e-08
4.428420943776016264e-05,-1.122249361969391110e-08
4.428486194839796971e-05,-8.121075379191174460e-09
4.428524507077494639e-05,-6.898462839996870377e-09
4.428542772800005947e-05,-5.750560774194141499e-09
4.428474770178625309e-05,-6.450658261937792426e-09
4.428534401991076442e-05,-4.744809425515084229e-09
4.428576678405655152e-05,-4.491623524248807644e-09
4.428453021946760680e-05,-5.167562351094511132e-09
4.428517468586438646e-05,-3.962451706431733987e-09
4.428580159519753440e-05,-3.436087429352386028e-09
4.428564994789405514e-05,-3.029184150513693384e-09
4.428502251558791877e-05,-3.423921092070428521e-09
4.428549962248793363e-05,-2.755558831770626324e-09
4.428492814609117755e-05,-3.081105571836063272e-09
4.428539331022945111e-05,-2.595919427606513204e-09
4.428585172020537076e-05,-2.212736264970037616e-09
4.428574372694448472e-05,-2.188991126690219353e-09
4.428533687263641491e-05,-2.527803916084483894e-09
4.428567458216606728e-05,-2.218351248333934460e-09
4.428532243487444126e-05,-2.524810711724899620e-09
4.428564580543342254e-05,-2.277078375604781998e-09
4.428594276475175732e-05,-1.932531316007741226e-09
4.428590897762094933e-05,-2.037491302059802730e-09
4.428564425794811099e-05,-2.352851893242029503e-09
4.428589813702248377e-05,-2.145878156523451816e-09
4.428565677363638516e-05,-2.433761316324582766e-09
4.428590404087453023e-05,-2.241016889286903499e-09
4.428612482670129190e-05,-1.922819314760314215e-09
4.428613191460142363e-05,-2.026833346356773106e-09
4.428591732774801699e-05,-2.311253082163108244e-09
4.428633153970466872e-05,-1.677455154922558877e-09
4.428634727045682560e-05,-1.786834022295847070e-09
4.428539045960967969e-05,-2.604126924270019348e-09
4.428615397897809621e-05,-1.655854982886484260e-09
4.428613718931581150e-05,-2.437707153687674334e-09
4.428632270099795178e-05,-1.542659100009929526e-09
4.428609020150420033e-05,-1.785552786306184362e-09
4.428649575776027222e-05,-1.259062701849865803e-09
4.428366530820231805e-05,-6.658649245565335146e-09
4.428622377153471789e-05,-1.479121260251724279e-09
4.428493441558331871e-05,-2.785309431403788277e-09
4.428432128093270334e-05,-3.667393471919443286e-09
4.428544141005139419e-05,-2.651236179879375953e-09
4.428518057283361615e-05,-2.794585132618561393e-09
4.427880067754623558e-05,-1.393117424102659840e-08
4.428622061706585105e-05,-1.728315790290754136e-09
4.428636443906866082e-05,-1.190290185681148212e-09
4.426095451913814103e-05,-9.257648398344437381e-09
4.428440281084643719e-05,-3.272734337773738121e-09
4.428509854731738120e-05,-2.765591943362770554e-09
4.428351664891720018e-05,-1.506362861952416484e-08
4.428292373117521024e-05,-8.409932085101087897e-09
4.434176861890089477e-05,-1.157966828527383221e-07
4.434792001007779210e-05,-8.788298420017131750e-08
4.439715039036711312e-05,-9.083561321148866126e-08
4.435881742775352155e-05,-4.380498090711230044e-08
4.441026672979096757e-05,-3.082010399884691098e-08
4.445906710190279914e-05,-8.215469037720551360e-08
4.447966969441590157e-05,-5.524764980683929176e-09
4.442689626156002907e-05,3.604185786142257803e-08
4.467277401878076601e-05,-2.729175962298895058e-07
4.429629639140792840e-05,-7.922261031454388055e-08
4.432246336915959795e-05,-5.146718473052134783e-08
4.432858188938595912e-05,-9.495967840976804486e-09
4.510138974535655369e-05,-8.909325327851511265e-07
4.522652380229925451e-05,-9.274181628025960425e-07
4.525106623502004325e-05,-1.068213983736071423e-06
4.535353330736080827e-05,-9.723961807000465907e-07
4.538404656050220990e-05,-1.105376864803594102e-06
4.547817495283974591e-05,-1.016756277230872013e-06
4.550725944740415630e-05,-1.155926388919467210e-06
4.539125276152671505e-05,-1.249606558666146453e-06
4.554396463254001157e-05,-1.296166186856635469e-06
4.544367786667872149e-05,-1.391800690843568288e-06
4.557279170958373912e-05,-1.435645334748400178e-06
4.547350227139375719e-05,-1.528904540897884402e-06
4.534790684946242380e-05,-1.489583849269679052e-06
4.537522979943008680e-05,-1.623879118385343541e-06
4.550170055801607477e-05,-1.664733693212655093e-06
4.540403109600368235e-05,-1.757532174950182013e-06
4.552970109709280656e-05,-1.798409606482854224e-06
4.543365621198504312e-05,-1.889490514133678289e-06
4.555767268947208913e-05,-1.930019291361262876e-06
4.546411345418042787e-05,-2.019666113463559652e-06
4.558551924599813204e-05,-2.059492055707784983e-06
4.549350713083562270e-05,-2.147460889688456186e-06
4.561334693227683704e-05,-2.186077912822818864e-06
4.552113182324695265e-05,-2.272755081321759098e-06
4.540307597558047387e-05,-2.235401440660573416e-06
4.543147948354000267e-05,-2.358203423147052923e-06
4.554734845278868689e-05,-2.394887556969541759e-06
4.545928904067197783e-05,-2.478609552585472350e-06
4.557289227265947556e-05,-2.514715714799066608e-06
4.548525839806552708e-05,-2.596193293806300764e-06
4.537340580588921155e-05,-2.561534189484522530e-06
4.539983259883165266e-05,-2.677756073104524938e-06
4.551004874238027932e-05,-2.711415166185938294e-06
4.542665010177756788e-05,-2.790754420516311757e-06
4.553393433065528351e-05,-2.824396682506421140e-06
4.545170634403218965e-05,-2.901518021085021063e-06
4.555768470602456930e-05,-2.934772307215611673e-06
4.534507145835719652e-05,-2.868909720521604023e-06
4.561332093406197816e-05,-2.748239895490933295e-06
4.537023619640204435e-05,-2.977342246091454146e-06
4.534011227084226378e-05,-1.981613241424863122e-06
4.545246062186572778e-05,-8.802154873101139198e-07
4.528950594277347531e-05,-2.643821661285695011e-06
4.531591066990289281e-05,-2.322594061764913482e-06
4.526176219292341258e-05,-2.527647242347536142e-06
4.565182653115622795e-05,-1.841444576353646400e-06
4.526304235011739435e-05,-2.945597218637015872e-06
4.566271736225292402e-05,-2.431933544078454823e-06
4.569840501759523559e-05,-2.564634961329006291e-06
4.523927279464159024e-05,-2.837885038747235641e-06
4.529027616188704774e-05,-3.049845399226967609e-06
4.539662911113391194e-05,-3.084194569081546127e-06
4.528627777915818209e-05,-2.201299798427081536e-06
4.523413483132094091e-05,-1.581700469912453050e-06
4.516725682110357129e-05,-2.606435489656301489e-06
4.558799696713787590e-05,-9.331381063203711160e-07
4.554860861866746549e-05,-7.969651724309098322e-07
4.541650330328292790e-05,-7.454655529567637122e-07
4.519921648159855581e-05,-8.009658902956455990e-07
4.562317780152382968e-05,-1.181083342700453828e-06
4.519619129426671476e-05,-2.287630476942525255e-06
4.518846744791928192e-05,-3.025190652943897764e-06
4.521144334498731365e-05,-3.120314625680163237e-06
4.510846809380858989e-05,-3.094795705959552787e-06
4.428228824684666648e-05,-3.296096561515219066e-08
4.428365357505011459e-05,-3.784881050259143058e-09
4.487907022958659975e-05,-4.516006925716951629e-07
4.486823673887910182e-05,-3.197894232188213847e-07
4.567699683373406137e-05,-8.214750965839297633e-07
4.578191167352508488e-05,-2.459491676202327585e-06
4.570299848888551003e-05,-2.100795390822097010e-06
4.573447947641832615e-05,-2.226607760375869790e-06
4.428649579028574109e-05,-1.016562004677894206e-09
4.428660058724112250e-05,-8.447637148147279748e-10
4.431228691390031084e-05,-8.186213261756334198e-08
4.467594447394748443e-05,4.386082799070214207e-08
4.428622147413729748e-05,-2.629511848949654042e-09
4.556533918372451147e-05,-1.169070237069604454e-08
4.449993014269014641e-05,6.917383803095606565e-08
4.514993588911742203e-05,-1.183106210522181863e-06
4.524224216062027620e-05,-1.272564023426799722e-06
4.445443695620545607e-05,-1.615055263882068645e-07
4.565545635384412058e-05,-5.828617321149657195e-07
4.571161753886420512e-05,-4.742272701135684590e-07
4.429896755820957288e-05,-2.064207901522715350e-08
4.522586895387404698e-05,-1.430057648270549497e-06
4.538458533338792417e-05,-6.025589018624423302e-07
4.515428903554963964e-05,-2.472457946580818287e-06
4.428336572544336786e-05,-5.302383844960192047e-09
4.428448320202739300e-05,-6.400076928993274813e-08
4.428227961073192783e-05,-6.800337717028415985e-09
4.428665462515643249e-05,-9.596907947541054120e-10
4.562188382138985610e-05,-1.260347055891318150e-07
4.564274298970560901e-05,9.588273948749566987e-08
4.428524916493366070e-05,-4.669089621301881798e-09
4.428588249324798639e-05,-2.464407387819266040e-09
4.457877442485272878e-05,-1.313732632435589463e-07
4.521372440053964388e-05,-2.724411893167315225e-06
4.428646512960493937e-05,-1.563526045499216050e-09
4.428619573219410671e-05,-2.616398551846645702e-09
4.428635885758538043e-05,-1.662890841584441150e-09
4.528154406353584354e-05,-1.719716009004343980e-06
4.531114328560855754e-05,-1.852537387193051132e-06
4.520200941304770528e-05,-1.959547880653012090e-06
4.525593218424053078e-05,-2.085437242960440249e-06
4.428614188208023129e-05,-2.099393033122523867e-09
4.428592727169227170e-05,-2.347328910280854601e-09
4.428570876290330093e-05,-2.531752075884734505e-09
4.428614814938458121e-05,-2.126173163727262113e-09
4.428572463284336083e-05,-2.531363407030194462e-09
4.428549308765201525e-05,-2.713950413432689617e-09
4.428548819722231316e-05,-2.683894163578794279e-09
4.582361621601016934e-05,-1.405766091732249688e-06
4.586276715013640063e-05,-1.823129666414297155e-06
4.589297402304413925e-05,-2.723215047606170323e-06
4.579201686436964672e-05,-2.659501657482470060e-06
4.579102548125657941e-05,-2.780811127287365605e-06
4.492055211078284984e-05,7.025493215701803870e-08
4.529422656125865597e-05,2.105265712558104041e-07
4.425563633265565129e-05,1.105869854590585863e-08
4.425332951207310212e-05,2.740159176423048565e-10
4.425113247401636933e-05,2.085602369043213653e-10
4.425328444913368564e-05,-7.236587193808235959e-09
4.425045238966989896e-05,3.354078279604050822e-09
4.426349770157617959e-05,-6.899489304364150223e-09
4.426156612683120701e-05,-1.308715298473890064e-08
4.426721209676350716e-05,-1.544749648382157846e-08
4.425693297748849685e-05,-1.063876268252224339e-08
4.426062273409852677e-05,-1.821754365206102541e-08
4.425632695652368835e-05,-9.121378824505696541e-09
4.560009463153468824e-05,-1.574267496414866094e-06
4.570411006343878574e-05,-1.487945884383730467e-06
4.569103422447727656e-05,-1.320854631853288275e-06
4.583881116765016402e-05,-1.549408566997918408e-06
4.427363643675374960e-05,2.857361768948182994e-08
4.529401901310316838e-05,-4.702043080794109520e-07
4.432265306502516060e-05,5.571261583835953867e-08
4.471934584122107508e-05,1.527676588669699178e-07
4.428488735940846441e-05,-2.932074028064475691e-09
4.508643842797345914e-05,-1.888028991953414560e-06
4.547692318889042196e-05,-3.010800015733806866e-06
4.558103028491270305e-05,-3.043198675480127389e-06
4.566232930043899246e-05,-2.968501718412994337e-06
4.568316531564871249e-05,-3.073015274078586215e-06
4.575915170235763941e-05,-2.993190968962156843e-06
4.579462375015117529e-05,-3.095051929271102027e-06
4.560159583272621543e-05,-3.146949830643348222e-06
4.573021558382558944e-05,-2.882419533024542937e-06
4.550088755743612423e-05,-3.120990784683402999e-06
4.541753063785572029e-05,-3.186551327972046387e-06
4.428636174994730819e-05,-1.856522769084226948e-09
4.428655115032925578e-05,-1.523164001189500790e-09
4.428658395672093292e-05,-1.579711857473849067e-09
4.428675688768361410e-05,-1.198448598195292599e-09
4.428635508172498487e-05,-1.884866874339098161e-09
4.428611168312362144e-05,-2.133428169047145485e-09
4.428592102005488035e-05,-2.345646511890084151e-09
4.428572345185881077e-05,-2.487598530638961288e-09
4.428671397223754884e-05,-1.078700091114821085e-09
4.428687954396826569e-05,-7.572216711855129708e-10
4.587511951565384033e-05,-1.957720802936600945e-06
4.590162781193974370e-05,-2.840419944688851531e-06
4.428541846188477961e-05,-2.670049527354978811e-09
4.572652570668438388e-05,-1.626204749169476640e-06
4.586069957288106767e-05,-2.232387688915968960e-06
4.428651887339708440e-05,-6.083094080421244941e-10
4.428639337043474594e-05,-1.077757244989719219e-09
4.428650350644313890e-05,-6.330744643263686177e-10
4.582224287295601591e-05,-1.116149388864459805e-06
4.569300704013529781e-05,-1.051532230435720137e-06
4.428313307998252247e-05,-3.731202276388676603e-09
4.428657735131510151e-05,-8.341597689105963620e-10
4.428030302084148123e-05,7.225713612190893746e-09
4.427777300691594707e-05,-6.859617006003021978e-09
4.426869215042612268e-05,-7.269033095213872827e-09
4.427208275686165840e-05,-1.392417240730505186e-08
4.499005135643917633e-05,1.860569389091419522e-07
4.428502751771012290e-05,-2.746064188308306644e-09
4.428460024782232421e-05,-2.975984923042229147e-09
4.505658840593841771e-05,-2.636387055796558700e-06
4.508525435414012587e-05,-2.275275910790533854e-06
4.507642261827429276e-05,-2.017908339052203969e-06
4.510129156865223186e-05,-1.620559725367142522e-06
4.590344781043496453e-05,-3.065512982164458220e-06
4.428402248879300507e-05,-8.577022668698106146e-09
4.428530330650590153e-05,-2.837169560614434867e-09
4.505136374249054082e-05,-2.859900719964884552e-06
4.514837536353563240e-05,-2.923327544963172173e-06
4.425426836252617789e-05,-4.344615109612602956e-09
4.425325712136505689e-05,-6.799739018912647624e-09
4.428436765176606461e-05,-4.268178064370938246e-09
4.428491158115821274e-05,-2.877841058408064263e-09
4.428339206427673778e-05,-1.967074754340590742e-08
4.428672346127119215e-05,-1.383800960753664578e-09
4.563892651689787722e-05,-2.310054801749293777e-06
4.559689279666689291e-05,-2.631296074134823991e-06
4.567322945313370675e-05,-1.973530156455633793e-06
4.531903272033379812e-05,-2.757261577458645165e-06
4.555110156523931015e-05,-2.342843061510707683e-07
4.428568604232218102e-05,-2.493766010734788645e-09
4.520729617570562014e-05,8.844809307351942125e-08
4.428638119276148135e-05,-1.237179316569472860e-09
4.537392817851012617e-05,-2.109733873841864193e-06
4.534587100389115042e-05,-2.443053052836923936e-06
4.428582203741529750e-05,-2.254133005993913338e-09
4.522372148718922384e-05,-3.228380419132954625e-06
4.428652430842474290e-05,-1.402563396958039174e-09
4.428506636275002597e-05,-2.912180801569305153e-09
4.427623514543608944e-05,-1.943944310908313153e-08
4.428173517522669748e-05,-1.530526079137282797e-08
4.429266326086517768e-05,-7.456097606857621825e-08
4.428612915013198413e-05,-1.796783151204531975e-09
4.427250837455621620e-05,-3.325416225121805402e-08
4.428600350761303261e-05,-1.838232367166170191e-09
4.428598752694538351e-05,-2.302324375063593351e-09
4.428587642842581897e-05,-3.970681442271925985e-09
4.428455794250294743e-05,-8.042903746463909965e-09
4.575619100967609390e-05,-2.345623439387014903e-06
4.424996798570891160e-05,-1.663106620784647693e-11
4.563283032777399158e-05,-2.858105243556970184e-06
4.428535352827879534e-05,-2.552509605307809732e-09
4.562515093078261982e-05,-1.709299856432800160e-06
4.477301854946227249e-05,-2.390689951568502689e-07
4.428297437069297649e-05,-2.723727488083440810e-08
4.523814494328209061e-05,-2.403515186827207478e-06
4.479027521757946264e-05,6.022332914698143022e-08
4.532619884459249051e-05,-8.369332739338904371e-07
4.428692923374289271e-05,-9.059868159249314089e-10
4.456716461931369320e-05,2.463146477704457657e-08
4.428632424031734395e-05,-1.387138299418868712e-09
4.506098210374336733e-05,8.015537158901361020e-08
4.519968322563046174e-05,-1.330167007148962074e-07
4.425681295388596959e-05,-1.461466084503894698e-08
4.589125611631471188e-05,-2.485998899415731317e-06
4.436821482852357462e-05,8.958045227788536506e-09
4.428554703396846403e-05,-2.648204647009836228e-09
4.564375681997453864e-05,-3.424238690789986577e-07
4.426928855826728636e-05,-2.442432578059578427e-08
4.428448923526648009e-05,-3.069260277603126109e-09
4.528094020389178577e-05,-7.079406261604115423e-07
4.427794433937635288e-05,-5.524232601284832908e-08
4.563407786425125118e-05,-3.245466004804409423e-06
4.428628605749080770e-05,-1.897598043784924640e-09
4.430500646708695388e-05,1.746078585255865695e-08
4.428543846512945930e-05,-2.537964162659553705e-09
4.504780798118884950e-05,-3.174187553499874470e-06
4.583636173518306693e-05,-3.253083020319823607e-06
4.428708279069933616e-05,-6.610656076755734267e-10
4.562181542918005968e-05,-6.981490276048564923e-07
4.428557291242580683e-05,-2.546461978078451211e-09
4.428362237571018228e-05,-3.563634381840843819e-09
4.527686443973984642e-05,-1.842528164674183731e-08
4.513815151806377542e-05,-2.797604921524289751e-06
4.511176068528790757e-05,-1.490520256089519270e-06
4.428258219860952679e-05,-8.344134911084696791e-09
4.443687669727657593e-05,1.035228378794211554e-07
4.574662570793485187e-05,-1.762649540090317849e-06
4.519155633605941627e-05,-1.812994878370559018e-06
4.533029806626063277e-05,-1.366071253241103212e-06
4.428094122287407752e-05,-2.037037282319335308e-08
4.531826969971026651e-05,-3.144690759198671767e-06
4.576431933596629799e-05,-1.895937668021703505e-06
4.579747806502697992e-05,-8.447443656555921035e-07
4.428359656788237008e-05,-4.318692677612305577e-09
4.453104402189938437e-05,-6.374607433811945656e-08
4.558946564856279263e-05,2.146033376037466197e-07
4.536287384852957159e-05,9.995249108416728330e-08
4.506091119494992262e-05,-2.525568645592591963e-06
4.577802491762071585e-05,-5.739557178262799124e-07
4.569849463180921393e-05,-2.695776769620368620e-06
4.518040661587097628e-05,-2.178819477730303370e-06
4.428589484572317603e-05,-2.308957520601373925e-09
4.428671584290066489e-05,-4.590589330885325598e-10
4.428528190123880279e-05,-2.801401737265196718e-09
4.574471188290876961e-05,-1.537517988132673497e-07
4.428318497394326291e-05,-1.124024624777850884e-08
4.427566664730114913e-05,-1.225836453331597968e-08
4.428060581946229371e-05,-9.627809033226894528e-09
4.426553040923159537e-05,7.013300510381408187e-09
4.426474601067404736e-05,-2.000582591058302125e-08
4.428420460300276488e-05,-5.503077272680629346e-09
4.487084642210544878e-05,-2.144180999778867492e-07
4.514058115869633975e-05,-6.865701204607353642e-07
4.428429653612856332e-05,-3.144857165257852795e-09
4.428626074106426061e-05,-1.280018661148546813e-09
4.428660947765883496e-05,-4.806644737250732968e-10
4.550461455678130187e-05,1.003733453964356018e-07
4.428645241635178001e-05,-9.833032431007275387e-10
4.497013818937922882e-05,-3.600168812467729167e-07
4.578020746951287498e-05,-2.025013693059891266e-06
4.450264730266074038e-05,-1.357387890192038492e-07
4.428645014079311869e-05,-1.217179269078920102e-09
4.570265287469398794e-05,-3.165077430121858035e-06
4.428658428910978704e-05,-7.230544490760747957e-10
4.425717432653190854e-05,2.823103548379050457e-09
4.428640960682957682e-05,-1.002686394472344327e-09
4.580867823628295823e-05,-2.558462820833979707e-06
4.433840079059183742e-05,3.136972452648905839e-08
4.569315448774983383e-05,-2.793085808861502142e-06
4.572159794969127158e-05,2.106092391744011426e-07
4.557793262729463381e-05,-1.066912862716914679e-06
4.502996929497463232e-05,-3.073556356767338758e-06
4.427205456252471759e-05,-2.045565082062863298e-08
4.429455588302110507e-05,-6.317250323085830337e-08
4.428535227366816961e-05,-2.794826878356942728e-09
4.450827177017304488e-05,1.369475390587113593e-07
4.424993222114701987e-05,1.561071907955877574e-09
4.428119303739628068e-05,-8.227151677748401661e-09
4.517874356958642370e-05,-1.689516377609915911e-06
4.528942521208625081e-05,-1.171922739648527981e-06
4.592174211775690491e-05,-3.260251844791206865e-06
4.428293538172410339e-05,-4.318641295285391754e-09
4.582597588672376898e-05,-2.906409060162707480e-06
4.425135446350678494e-05,-3.114040307628976179e-09
4.428716495847556775e-05,-3.296566350028651257e-10
4.460741699996461675e-05,-2.138635473051031069e-07
4.550746001583561452e-05,-6.889688896537799462e-07
4.503530577608701185e-05,-3.257899457011210281e-06
4.428543866376131462e-05,-2.406211998607475688e-09
4.579270945715182412e-05,-2.147774553123520611e-06
4.428693899803532857e-05,-3.427295026279684814e-10
4.576792856095765504e-05,-3.875262227320589019e-07
4.428264965997515601e-05,-3.715659467903018529e-08
4.515719213842979499e-05,-2.076499483746398944e-06
4.512496213386610528e-05,-2.691535991480307268e-06
4.428621531501174686e-05,-1.510852346792580843e-09
4.426031793442149252e-05,-1.884308803116578682e-08
4.514193467458095104e-05,-3.168937442812171967e-06
4.570541867875356934e-05,-9.324704534417541915e-07
4.573477331385042752e-05,-1.185815376825859686e-06
4.428485358856871563e-05,-2.880742433029676369e-09
4.428206274222954390e-05,-5.841582200544496066e-09
4.515261251187125774e-05,-2.368459674918304737e-06
4.428679289168318693e-05,-1.238705271915729183e-09
4.428287853744040161e-05,-1.978923294750821108e-08
4.430394440909387574e-05,-5.473833488186722763e-08
4.426097299770325464e-05,-2.295715441269316718e-08
4.566175132104077062e-05,-2.210954171528568224e-07
4.428540384451201738e-05,-1.919548001886948115e-09
4.428572105397642848e-05,-2.412547199812313799e-09
4.575061771358967779e-05,1.062382866340227759e-07
4.584123497364165592e-05,-3.007101440976668914e-06
4.428410733569648820e-05,-3.317434137688371427e-09
4.508582753672936091e-05,-7.833782625606699670e-07
4.579226873908525015e-05,-3.186224691917788973e-06
4.510870897769725851e-05,-3.018470110809861096e-06
4.542698538011286850e-05,-3.270670330810721522e-06
