Size 674,2
1.538788108501953163e-04,1.146134277140194815e-06
1.485539476959716915e-04,0.000000000000000000e+00
1.544172981535292999e-04,-1.118226966593691504e-05
1.509415812803247675e-04,-1.118223284658399469e-05
1.511051639840588462e-04,-4.278332836822470977e-06
1.486495676480619301e-04,-4.320976471944514072e-08
1.486720775189739354e-04,-7.695624313855595452e-09
1.486787137359644973e-04,0.000000000000000000e+00
1.533680572928301745e-04,1.146704047353297370e-06
1.528497934871874276e-04,1.143080560244959926e-06
1.523266224936811590e-04,1.128689610717836169e-06
1.518065100283040852e-04,1.099095750598995261e-06
1.512988084778098870e-04,1.052360620517682986e-06
1.508130881128620529e-04,9.870582499131266105e-07
1.503602955857860353e-04,9.042536095139434112e-07
1.499501938615077515e-04,8.058824059469951199e-07
1.495952589946689527e-04,6.980805150634200866e-07
1.492970768984706409e-04,5.760031309761274335e-07
1.490612750231638849e-04,4.602273436340344780e-07
1.488846113225964732e-04,3.548987996933648843e-07
1.487587676218052866e-04,2.604392327439517257e-07
1.486742665521576857e-04,1.831455503348415206e-07
1.486216734351633053e-04,1.228130180446325103e-07
1.485896147960578365e-04,7.841473989100822168e-08
1.485709446296028604e-04,4.741949956749251967e-08
1.485604135156309445e-04,2.630079442807108451e-08
1.485557431182776367e-04,1.130666678862654742e-08
1.544173268835183366e-04,-1.083321137351254933e-05
1.544173219024802665e-04,-1.047517562597842309e-05
1.544171764093748558e-04,-1.010767249855472420e-05
1.544166215769969520e-04,-9.730471388476435093e-06
1.544154200102890856e-04,-9.343405638756843948e-06
1.544133560180720112e-04,-8.946460627039842973e-06
1.544101707346240914e-04,-8.539445261381407607e-06
1.544055249886040315e-04,-8.122376841450899883e-06
1.543991149538979869e-04,-7.695382229843567587e-06
1.543906986030023961e-04,-7.259033193253034894e-06
1.543794968752020685e-04,-6.813211786221292890e-06
1.543651973122018455e-04,-6.358845936761694995e-06
1.543473864819649662e-04,-5.896663914947017543e-06
1.543255687574120682e-04,-5.427675951170928963e-06
1.542992525770982553e-04,-4.953185086781309722e-06
1.542682887653791697e-04,-4.475245764237029823e-06
1.542317767496118768e-04,-3.995599796668699497e-06
1.541898685923353423e-04,-3.516204984469223828e-06
1.541441524586998734e-04,-3.040263717434831058e-06
1.540954195919658350e-04,-2.569042081105361964e-06
1.540472964846351935e-04,-2.104030199004960286e-06
1.539999398504137090e-04,-1.645247504725626541e-06
1.539567506863365664e-04,-1.192762375100755662e-06
1.539215713362889675e-04,-7.417008279405784849e-07
1.538967963279411070e-04,-2.893576645504054914e-07
1.538832292771487298e-04,1.726839396616394349e-07
1.538789990522435004e-04,6.490802704924638565e-07
1.512896865103939234e-04,-1.118207828184273123e-05
1.516375465467210872e-04,-1.118173981896802339e-05
1.519851469287043268e-04,-1.118135267844494712e-05
1.523324232490599634e-04,-1.118102272822527227e-05
1.526794688850998207e-04,-1.118090508222763627e-05
1.530265715107963784e-04,-1.118101613116416043e-05
1.533737981263170135e-04,-1.118131922414191725e-05
1.537213245231837172e-04,-1.118172928422888096e-05
1.540691850592094167e-04,-1.118210208955054887e-05
1.509415605214776794e-04,-1.084609328418370451e-05
1.509415479585078093e-04,-1.050162746663875672e-05
1.509416389959051836e-04,-1.014839673727758585e-05
1.509421005808687672e-04,-9.786195650127678039e-06
1.509431132301795268e-04,-9.414893261971292964e-06
1.509448704816750738e-04,-9.034326487834048880e-06
1.509476242052760532e-04,-8.644419324830552215e-06
1.509516284890078785e-04,-8.245311109360996997e-06
1.509572039931144315e-04,-7.836916592446793289e-06
1.509644789421944841e-04,-7.419695198232876494e-06
1.509739706965710488e-04,-6.993537827402579659e-06
1.509860233383678941e-04,-6.558879674466737773e-06
1.510009478930735601e-04,-6.116562424097665524e-06
1.510193995946420285e-04,-5.666845086638329078e-06
1.510418445056599889e-04,-5.209925153088489486e-06
1.510694891177029775e-04,-4.747121180790106410e-06
1.511135974423951994e-04,-3.785732592347802406e-06
1.510610115856045961e-04,-3.301576832957870700e-06
1.509424553386967802e-04,-2.836256693159878933e-06
1.507650185420343874e-04,-2.402672769600849697e-06
1.505339478664722728e-04,-2.001107566875258112e-06
1.502591881440596571e-04,-1.644905341965867346e-06
1.499669875259828289e-04,-1.329551799501569824e-06
1.496646060507014948e-04,-1.064798792939838130e-06
1.493971303355163659e-04,-8.444263840329554153e-07
1.491649383732878700e-04,-6.660463007871474898e-07
1.489850825878539251e-04,-5.215724007743563046e-07
1.488527993326021332e-04,-4.047597726372048333e-07
1.487632555493612388e-04,-3.107024687765309561e-07
1.487064583165127751e-04,-2.340616001140369721e-07
1.486735839086299345e-04,-1.728888686056932807e-07
1.486568664180277035e-04,-1.250037079319818763e-07
1.486492481826379804e-04,-8.766896677323763511e-08
1.486480814434282044e-04,-6.097971603761350014e-08
1.486521714561661177e-04,-3.163426525240342944e-08
1.486555701331724764e-04,-2.404250349822004415e-08
1.486586544583031421e-04,-1.910198645104562353e-08
1.486613855520657157e-04,-1.571063812691719462e-08
1.486637766994637199e-04,-1.345864537284603060e-08
1.486658515479702674e-04,-1.202866611388780909e-08
1.486674921517303440e-04,-1.112039290826866531e-08
1.486688328338155770e-04,-1.060245093747623098e-08
1.486698640649877822e-04,-1.029265238021760503e-08
1.486706504308598319e-04,-1.008136199760540212e-08
1.486712280994808319e-04,-9.926517528922094039e-09
1.486716238728260535e-04,-9.767302796654148341e-09
1.486718727814795619e-04,-9.552327082926760694e-09
1.486720068103121635e-04,-9.243077413606062588e-09
1.486720615409300420e-04,-8.823858831573897363e-09
1.486720715520071872e-04,-8.289370648233857399e-09
1.486785210225043715e-04,-1.321891720987023011e-09
1.486780810530439036e-04,-2.508376883958324068e-09
1.486774636738996767e-04,-3.575306377049165655e-09
1.486767457803342006e-04,-4.543197930991775770e-09
1.486759331031516800e-04,-5.388806175381416441e-09
1.486750890566846837e-04,-6.130540564057302107e-09
1.486742512980399739e-04,-6.755245768283258800e-09
1.486734598999591166e-04,-7.246672392839693936e-09
1.486727308030042145e-04,-7.569235601803772022e-09
1.485521888874989952e-04,0.000000000000000000e+00
1.485543185192736610e-04,0.000000000000000000e+00
1.485617247461253803e-04,0.000000000000000000e+00
1.485738379034808000e-04,0.000000000000000000e+00
1.485895584668833844e-04,0.000000000000000000e+00
1.486068047627451248e-04,0.000000000000000000e+00
1.486237395794801671e-04,0.000000000000000000e+00
1.486389388798981524e-04,0.000000000000000000e+00
1.486513455799743288e-04,0.000000000000000000e+00
1.486607079381072007e-04,0.000000000000000000e+00
1.486673729884014272e-04,0.000000000000000000e+00
1.486716627958526934e-04,0.000000000000000000e+00
1.486743779618594351e-04,0.000000000000000000e+00
1.486757444944668575e-04,0.000000000000000000e+00
1.486763422731002542e-04,0.000000000000000000e+00
1.486765066463734662e-04,0.000000000000000000e+00
1.486764618067681844e-04,0.000000000000000000e+00
1.486763380787237999e-04,0.000000000000000000e+00
1.486762381660040194e-04,0.000000000000000000e+00
1.486762105799330593e-04,0.000000000000000000e+00
1.486762682383733917e-04,0.000000000000000000e+00
1.486764272901806524e-04,0.000000000000000000e+00
1.486766761811068589e-04,0.000000000000000000e+00
1.486769977678248345e-04,0.000000000000000000e+00
1.486773778608338221e-04,0.000000000000000000e+00
1.486778113529475820e-04,0.000000000000000000e+00
1.486782611122082595e-04,0.000000000000000000e+00
1.512427546452766878e-04,-9.226848552144056853e-06
1.486716867501549667e-04,-9.685897556451336555e-09
1.486761173196235366e-04,-5.560788554722986787e-09
1.528232155171254780e-04,-1.086593424850705102e-05
1.512710073840404775e-04,-8.081732743587735765e-06
1.486696621144638786e-04,-1.015527388155121071e-08
1.486806786494675886e-04,-2.087738244669653040e-07
1.509275357846440277e-04,-1.970276785226790076e-06
1.540733939586227637e-04,-8.754910424142192625e-06
1.486762342222709568e-04,-1.793951964046582071e-09
1.486762484881719445e-04,-2.189925894103570432e-09
1.540286293078451296e-04,-7.016952325862494336e-06
1.513723797684716479e-04,-5.887653452791750175e-06
1.486631642695505949e-04,-1.653305065881728904e-08
1.535974600956192912e-04,-9.387365842261901398e-07
1.485821052957137661e-04,-2.016690187441925892e-08
1.536328778825085044e-04,-2.353681890709308107e-06
1.486319467623615229e-04,-2.201317818317523621e-08
1.486583627443480941e-04,-3.523363012463639590e-08
1.514653327697072034e-04,-4.527366812660268480e-06
1.515399627834494690e-04,6.591908656434729071e-07
1.485940605008883100e-04,6.176191703126304386e-08
1.539246244617361442e-04,-5.660833939266163642e-06
1.486760215669284029e-04,-4.156176871358003844e-09
1.514741703595927184e-04,-3.460341851142920312e-06
1.486598858511288751e-04,-7.697616339547269130e-08
1.487644356713463715e-04,-3.255217957816692335e-07
1.502632405269764364e-04,-1.196222440184673893e-06
1.486697656272784908e-04,-9.227004655422221356e-09
1.538441840734004697e-04,-4.232557444222956154e-06
1.486771254315934427e-04,-1.783882494511556771e-09
1.541034029440097541e-04,-9.918943750887901131e-06
1.495153623101200507e-04,-6.791595005782456108e-07
1.490106091394892678e-04,-4.558905950408801153e-07
1.537848901283693319e-04,-3.283359990301881382e-06
1.486577945753293978e-04,-1.607175469895207083e-08
1.486760780061170391e-04,-1.898997944498629292e-09
1.540357814896931195e-04,-7.923283329362570759e-06
1.513092614354141947e-04,-7.188607809281468982e-06
1.486678592907218072e-04,-1.097291479137193648e-08
1.486966599285371375e-04,1.353735020213920803e-07
1.505680207269862478e-04,5.711717011372131715e-07
1.512184619744351346e-04,-9.965097247335261108e-06
1.486722906302486021e-04,-9.297412946474846323e-09
1.522135551857185798e-04,-1.092671631776484082e-05
1.486745480064842191e-04,-7.037485927856158916e-09
1.525767757128197136e-04,7.370456073944461423e-07
1.485609414077022547e-04,2.102027141972023341e-08
1.489538682302019620e-04,2.388722762349752694e-07
1.497079174283974198e-04,4.224454279357350935e-07
1.486775260837175502e-04,-3.444157171673820476e-09
1.535477847763998423e-04,-1.089601846983097101e-05
1.534683193376473645e-04,-6.080287782418352783e-08
1.485581899181364165e-04,-7.644941227731868040e-09
1.486730371113872235e-04,-8.032723660982498783e-09
1.514490746695826165e-04,-1.091417706627475977e-05
1.540597796447395389e-04,-1.064943978227556412e-05
1.486778981572159451e-04,-1.443143537465435982e-09
1.511591212533786423e-04,-2.341517847387332064e-06
1.513556151374925826e-04,-1.943192875372223942e-06
1.511238061126365180e-04,-1.560890327099817874e-06
1.515746773152743107e-04,-1.561520675300206618e-06
1.513421794705531399e-04,-1.183475750181371243e-06
1.518120459477906054e-04,-1.956801194216042466e-06
1.517901381586424399e-04,-1.182747412268778545e-06
1.515349076246784205e-04,-8.095588058317269666e-07
1.519964312730704510e-04,-8.056368826715516742e-07
1.522533923976526543e-04,-1.182875661253088837e-06
1.510273672635305709e-04,-8.421437171294325960e-07
1.512760457387906233e-04,-4.536378670473991921e-07
1.508382694677468171e-04,-4.539996974112401355e-07
1.524705461192236641e-04,-7.989452148519995187e-07
1.522095003597834651e-04,-4.335965153621868172e-07
1.510404823998312801e-04,-1.026656868580458315e-07
1.505985009256529240e-04,-1.209800365548238258e-07
1.504124237188389555e-04,-4.423325152617499446e-07
1.501880448558700688e-04,-1.369363111469098106e-07
1.527302715832434257e-04,-1.179544961642624451e-06
1.525212050771405166e-04,-1.569234367246800191e-06
1.529894059268276552e-04,-1.568565629578559551e-06
1.528460093374795945e-04,-1.954972961370892417e-06
1.515050174822138581e-04,-9.174516187768522369e-08
1.526881510671596217e-04,-4.184016407164981368e-07
1.499940462549156158e-04,-4.982293208226471898e-07
1.498176457861435332e-04,-1.575474642664933902e-07
1.524774484427014135e-04,-4.622003780829913792e-08
1.486680763053936649e-04,-1.562033707286528183e-07
1.486605389163757752e-04,-1.774005353758832008e-07
1.486587671546522752e-04,-1.413844025755635659e-07
1.486435249665226787e-04,-1.439514766947484630e-07
1.486419110120159627e-04,-1.684968728573368538e-07
1.486232040710977378e-04,-1.297323487158231282e-07
1.486199231153142585e-04,-1.394447736965005144e-07
1.486026303226998353e-04,-1.039902403936191261e-07
1.486470436770254990e-04,-1.161018109500590356e-07
1.486003488867535059e-04,-1.005886274791897772e-07
1.486233080101518787e-04,-1.354971750793942892e-07
1.486065136051951507e-04,-9.276179338614406703e-08
1.485828233592525983e-04,-6.682629392460551801e-08
1.486045361468368495e-04,-7.919674481630644543e-08
1.486368364964794019e-04,-1.096269049935793636e-07
1.486587352363338637e-04,-1.093769232854271664e-07
1.486513028642895797e-04,-8.936187553600813963e-08
1.486612333595013649e-04,-8.108527474948751053e-08
1.486560539247762326e-04,-6.545074890613107852e-08
1.486639768142862734e-04,-5.832216476172608570e-08
1.486366490883167372e-04,-9.072123335890934695e-08
1.486601129069290079e-04,-1.793885656610005332e-07
1.486802150078503294e-04,-1.433840298875595642e-07
1.486187057665084871e-04,-3.650564244985402459e-08
1.486604425258810681e-04,-4.587359516286768466e-08
1.486667710560982179e-04,-4.051769984728645421e-08
1.486676933529533983e-04,-4.818137802171110334e-08
1.486698043308645625e-04,-3.397489960829308046e-08
1.486683773618130964e-04,-3.767551429473323023e-08
1.486705679332404732e-04,-2.726361020152202222e-08
1.486718541297913222e-04,-2.315912524851755355e-08
1.486724673361900667e-04,-1.930545402759567064e-08
1.486701843910440168e-04,-2.165578130797453422e-08
1.486721863161763837e-04,-1.592900307143148044e-08
1.486736055958081109e-04,-1.507902183140030799e-08
1.486694542718312341e-04,-1.734824503585762070e-08
1.486716178375921903e-04,-1.330251644300156129e-08
1.486737224617819047e-04,-1.153543637000582934e-08
1.486732133601200085e-04,-1.016940393385484445e-08
1.486711069802352581e-04,-1.149459223767533933e-08
1.486727086962565483e-04,-9.250804649531246030e-09
1.486707901683534351e-04,-1.034371156252477150e-08
1.486723517908172636e-04,-8.714872364108277177e-09
1.486738907385937690e-04,-7.428471746681744532e-09
1.486735281897894501e-04,-7.348755925362811869e-09
1.486721623217552961e-04,-8.486198861143688253e-09
1.486732960608903398e-04,-7.447322047963141894e-09
1.486721138521257003e-04,-8.476150246511886905e-09
1.486731994532877797e-04,-7.644477403795604734e-09
1.486741963881421918e-04,-6.487783703731307981e-09
1.486740829599172357e-04,-6.840149371209678530e-09
1.486731942581585137e-04,-7.898859927352265641e-09
1.486740465664796015e-04,-7.204019525453110059e-09
1.486732362751118797e-04,-8.170484419068740151e-09
1.486740663865543008e-04,-7.523413842620846829e-09
1.486748075961155039e-04,-6.455179128077580234e-09
1.486748313912090037e-04,-6.804369091286108301e-09
1.486741109924865571e-04,-7.759206775831200229e-09
1.486755015611981954e-04,-5.631456591510331936e-09
1.486755543715803207e-04,-5.998657074796426655e-09
1.486723422208794580e-04,-8.742426102874831445e-09
1.486749054644734530e-04,-5.558941728262899507e-09
1.486748490991789140e-04,-8.183731158827119129e-09
1.486754718883971410e-04,-5.178926978543940243e-09
1.486746913543826848e-04,-5.994355782617431262e-09
1.486760528646706870e-04,-4.226853356211170977e-09
1.486665506411547866e-04,-2.235403675296194567e-08
1.486751397680565530e-04,-4.965621373723058216e-09
1.486708112159341056e-04,-9.350681662562402637e-09
1.486687528353211217e-04,-1.231196379855731235e-08
1.486725132687909969e-04,-8.900578603867922452e-09
1.486716376009884050e-04,-9.381821516648896043e-09
1.486502193810950313e-04,-4.676894209486698350e-08
1.486751291780538014e-04,-5.802203010243263530e-09
1.486756120090632690e-04,-3.995974194785488884e-09
1.485903072778678761e-04,-3.107924819442691986e-08
1.486690265428886645e-04,-1.098703670536768534e-08
1.486713622296125025e-04,-9.284487238411056941e-09
1.486660515706975984e-04,-5.057075322272241063e-08
1.486640610611350826e-04,-2.823334342858017778e-08
1.488616117556428031e-04,-3.887460067198810738e-07
1.488822628545942125e-04,-2.950357326720165145e-07
1.490475362741366136e-04,-3.049481300671551879e-07
1.489188470425052279e-04,-1.470595787596134287e-07
1.490915696993450848e-04,-1.034674919961013131e-07
1.492553995200064534e-04,-2.758050319806310670e-07
1.493245653663003477e-04,-1.854742529229871572e-08
1.491473974131412412e-04,1.209976656776274017e-07
1.499728441695253049e-04,-9.162233587717838502e-07
1.487089549919164925e-04,-2.659616203417120243e-07
1.487968012743685550e-04,-1.727826915953310290e-07
1.488173420208425100e-04,-3.187932060899647928e-08
1.514117683944583089e-04,-2.990987788635851957e-06
1.518318612999089478e-04,-3.113475260837331841e-06
1.519142537526142539e-04,-3.586146945399759102e-06
1.522582503526154066e-04,-3.264472892350227124e-06
1.523606877024469752e-04,-3.710908046126351144e-06
1.526766901624375351e-04,-3.413396073560797911e-06
1.527743309656180552e-04,-3.880610019943901099e-06
1.523848799487435737e-04,-4.195107732664896684e-06
1.528975555157169601e-04,-4.351415055875844395e-06
1.525608785160397982e-04,-4.672473747831969634e-06
1.529943321315067786e-04,-4.819666480941059693e-06
1.526610033032973948e-04,-5.132750958728592741e-06
1.522393615296709231e-04,-5.000745779691042066e-06
1.523310885759909046e-04,-5.451594183150779701e-06
1.527556689798154153e-04,-5.588748827213856913e-06
1.524277786430592999e-04,-5.900286587332715193e-06
1.528496707895730976e-04,-6.037517964620985847e-06
1.525272343895680692e-04,-6.343289583163072386e-06
1.529435754211319154e-04,-6.479350478141418392e-06
1.526294837026527930e-04,-6.780307666627719786e-06
1.530370602894694535e-04,-6.914009044161874332e-06
1.527281624742812404e-04,-7.209332986811217604e-06
1.531304818076907148e-04,-7.338975850190918490e-06
1.528209025130905648e-04,-7.629963487294449837e-06
1.524245721673529827e-04,-7.504561979360439988e-06
1.525199268012171732e-04,-7.916825777707917069e-06
1.529089154836949763e-04,-8.039979655540556620e-06
1.526132874573031160e-04,-8.321046355108323815e-06
1.529946697361182816e-04,-8.442259899682534865e-06
1.527004702999811947e-04,-8.715791772063986414e-06
1.523249651691035078e-04,-8.599436207555219866e-06
1.524136836882674371e-04,-8.989609673993754425e-06
1.527836950273236754e-04,-9.102608057909967283e-06
1.525037138767289030e-04,-9.368961268876246372e-06
1.528638823593896176e-04,-9.481903148414446228e-06
1.525878312614406573e-04,-9.740810499356868587e-06
1.529436157624152078e-04,-9.852449888509585629e-06
1.522298427166749347e-04,-9.631339776036839883e-06
1.531303945279694498e-04,-9.226233934862428963e-06
1.523143243372539863e-04,-9.995363254735585383e-06
1.522131940157318397e-04,-6.652558739069168697e-06
1.525903634798819904e-04,-2.955009135969686151e-06
1.520433013429296483e-04,-8.875687005744853429e-06
1.521319457840067326e-04,-7.797280064496452334e-06
1.519501616112899230e-04,-8.485672885023875026e-06
1.532596633182145823e-04,-6.181992506330098886e-06
1.519544592818698758e-04,-9.888790662567123593e-06
1.532962253940390760e-04,-8.164348326549060399e-06
1.534160339512598227e-04,-8.609845941604512830e-06
1.518746614884867107e-04,-9.527185487222831077e-06
1.520458870785250144e-04,-1.023876669740481729e-05
1.524029291224252328e-04,-1.035408176763096006e-05
1.520324639365067761e-04,-7.390077894719531031e-06
1.518574126116245342e-04,-5.309994434706076409e-06
1.516328935773234780e-04,-8.750176286703299338e-06
1.530453783532955618e-04,-3.132677928361310446e-06
1.529131460405734242e-04,-2.675525936018058006e-06
1.524696496246396920e-04,-2.502634356354868777e-06
1.517401867232706690e-04,-2.688956917421117146e-06
1.531634854401626739e-04,-3.965065507637218521e-06
1.517300307372283134e-04,-7.679902315449921006e-06
1.517041006816331251e-04,-1.015599719202597492e-05
1.517812340503615865e-04,-1.047534195764055590e-05
1.514355314214044701e-04,-1.038967129857850454e-05
1.486619276494609548e-04,-1.106546702794506363e-07
1.486665112512867103e-04,-1.270638638302215318e-08
1.506654100200877284e-04,-1.516088039347826561e-06
1.506290404441411161e-04,-1.073578777948893284e-06
1.533441636197257877e-04,-2.757809252817462375e-06
1.536963777247383556e-04,-8.256864912964963940e-06
1.534314548905913562e-04,-7.052670240617040506e-06
1.535371410630228389e-04,-7.475040338404678468e-06
1.486760529738635880e-04,-3.412743872863562400e-09
1.486764047922138111e-04,-2.835992471167126085e-09
1.487626374602839230e-04,-2.748228737875329205e-07
1.499834878404422678e-04,1.472470653973225281e-07
1.486751320553649836e-04,-8.827646921444977972e-09
1.529693129375509322e-04,-3.924735795875584387e-08
1.493925825855065654e-04,2.322264562467506411e-07
1.515747447342269741e-04,-3.971856563895880614e-06
1.518846300742721870e-04,-4.272179221504299121e-06
1.492398554594511189e-04,-5.421971243032744501e-07
1.532718491515239613e-04,-1.956750100671639834e-06
1.534603902726625600e-04,-1.592048692524141856e-06
1.487179224804647431e-04,-6.929840812251182850e-08
1.518296628801955579e-04,-4.800907819193955031e-06
1.523624964399922124e-04,-2.022876313395290039e-06
1.515893588686780891e-04,-8.300394534949906842e-06
1.486655448990353715e-04,-1.780086005097341053e-08
1.486692964275674244e-04,-2.148597254733472776e-07
1.486618986567900334e-04,-2.282970519291374746e-08
1.486765862052151586e-04,-3.221819096663333391e-09
1.531591413639987829e-04,-4.231165116206834984e-07
1.532291685719158454e-04,3.218920539937149812e-07
1.486718678744672925e-04,-1.567480087149306063e-08
1.486739940480939109e-04,-8.273367659093722163e-09
1.496572741041952948e-04,-4.410388123176677053e-07
1.517888918797158642e-04,-9.146239927061708343e-06
1.486759500415780631e-04,-5.248980295579505340e-09
1.486750456359845428e-04,-8.783623709763734154e-09
1.486755932712267099e-04,-5.582562111051869641e-09
1.520165721769174618e-04,-5.773332315943143945e-06
1.521159409938758675e-04,-6.219232657005250633e-06
1.517495629931358485e-04,-6.578482170763679088e-06
1.519305894392832348e-04,-7.001110744224313582e-06
1.486748648534592270e-04,-7.047962325427848880e-09
1.486741443757280678e-04,-7.880318484488663529e-09
1.486734108105079711e-04,-8.499453397618839318e-09
1.486748858936954578e-04,-7.137867049676106443e-09
1.486734640881642107e-04,-8.498148580730758594e-09
1.486726867578787845e-04,-9.111119245125181910e-09
1.486726703400077071e-04,-9.010216120593353215e-09
1.538363858316525116e-04,-4.719357593672559286e-06
1.539678211105050540e-04,-6.120506737248011538e-06
1.540692298981237635e-04,-9.142221945534977317e-06
1.537303022940022829e-04,-8.928326992976849433e-06
1.537269740792656780e-04,-9.335580213036088831e-06
1.508046706212466464e-04,2.358558436699682575e-07
1.520591491335580576e-04,7.067677749302139586e-07
1.485724533661054265e-04,3.712563083266912687e-08
1.485647090398638866e-04,9.199105806391973865e-10
1.485573332692447283e-04,7.001665095517989438e-10
1.485645577571386886e-04,-2.429425700778713608e-08
1.485550501289387908e-04,1.126011993869957357e-08
1.485988451046242771e-04,-2.316257123611219685e-08
1.485923605322661675e-04,-4.393544216305082276e-08
1.486113148598958503e-04,-5.185945248142221994e-08
1.485768063880439670e-04,-3.571584614849197373e-08
1.485891934280921163e-04,-6.115889654622395809e-08
1.485747718890908435e-04,-3.062177176798096798e-08
1.530859919409134303e-04,-5.285040880821310533e-06
1.534351866051628511e-04,-4.995246897573959920e-06
1.533912891457920626e-04,-4.434297692650313503e-06
1.538873974550156892e-04,-5.201585903493041461e-06
1.486328822870060641e-04,9.592571652898566477e-08
1.520584523647505845e-04,-1.578543034266607266e-06
1.487974381104885261e-04,1.870352103144817615e-07
1.501291924305749319e-04,5.128628547676840963e-07
1.486706532416326324e-04,-9.843391379891108505e-09
1.513615746861006581e-04,-6.338383044415008941e-06
1.526724878120363615e-04,-1.010768576710638856e-05
1.530219902058251968e-04,-1.021645269625472469e-05
1.532949226150923160e-04,-9.965684340386466074e-06
1.533648720947247408e-04,-1.031655127726382091e-05
1.536199692501049479e-04,-1.004856968151581199e-05
1.537390539819831221e-04,-1.039053147683868811e-05
1.530910316877706818e-04,-1.056476014573123402e-05
1.535228265664614195e-04,-9.676694146582365407e-06
1.527529396207252788e-04,-1.047761192000856382e-05
1.524730985335626045e-04,-1.069770802962044855e-05
1.486756029812985407e-04,-6.232612153405282459e-09
1.486762388254377087e-04,-5.113479146879052247e-09
1.486763489611816580e-04,-5.303318378687866209e-09
1.486769295151276935e-04,-4.023363151115061616e-09
1.486755805951237583e-04,-6.327767363879962404e-09
1.486747634712479258e-04,-7.162223138959822896e-09
1.486741233880882734e-04,-7.874670432782964503e-09
1.486734601234301521e-04,-8.351223638578783888e-09
1.486767854418444420e-04,-3.621350305915066200e-09
1.486773412897977463e-04,-2.542101324683858341e-09
1.540092897661706210e-04,-6.572348409858552071e-06
1.540982819037018531e-04,-9.535695528598275364e-06
1.486724362285172325e-04,-8.963737698976255627e-09
1.535104391217734069e-04,-5.459401657926106185e-06
1.539608799582907733e-04,-7.494444384217880427e-06
1.486761304671660531e-04,-2.042181584140042772e-09
1.486757091357924544e-04,-3.618185036760037066e-09
1.486760788781062875e-04,-2.125321415955720813e-09
1.538317753228278832e-04,-3.747072948330685264e-06
1.533979121697867751e-04,-3.530143916462771311e-06
1.486647638749883130e-04,-1.252617907072070308e-08
1.486763267858906762e-04,-2.800393509922431352e-09
1.486552629621577511e-04,2.425775284092991432e-08
1.486467693439792563e-04,-2.302871423446565697e-08
1.486162836114776067e-04,-2.440318253396053580e-08
1.486276663616539512e-04,-4.674543593879055311e-08
1.510379895173786775e-04,6.246197234806764722e-07
1.486711237730739435e-04,-9.218929775058987966e-09
1.486696893670219719e-04,-9.990806527357459663e-09
1.512613638978403555e-04,-8.850727973031302483e-06
1.513575995810888741e-04,-7.638426271939659077e-06
1.513279501821107099e-04,-6.774406566818082408e-06
1.514114388012368056e-04,-5.440450506589654017e-06
1.541043918986502101e-04,-1.029136501155211860e-05
1.486677497474236823e-04,-2.879429038777530903e-08
1.486720496354596173e-04,-9.524783524960047332e-09
1.512438239562653470e-04,-9.601095274167869941e-06
1.515695058269164567e-04,-9.814028186662088324e-06
1.485678608949562367e-04,-1.458549358228201934e-08
1.485644660139153730e-04,-2.282769527778275740e-08
1.486689085088333429e-04,-1.432888350183931853e-08
1.486707345575069138e-04,-9.661323553240309013e-09
1.486656333222617405e-04,-6.603750960996136023e-08
1.486768172978861181e-04,-4.645617511092978769e-09
1.532163561274899023e-04,-7.755183977301183414e-06
1.530752429238574559e-04,-8.833636820309750373e-06
1.533315159848531648e-04,-6.625422668101083835e-06
1.521424269533104827e-04,-9.256521010039747019e-06
1.529215152183505220e-04,-7.865258849357566715e-07
1.486733345342713963e-04,-8.371928750315581060e-09
1.517673114106299478e-04,2.969328838896651496e-07
1.486756682536036526e-04,-4.153387705610225488e-09
1.523267188486170163e-04,-7.082678005040541234e-06
1.522325269052531005e-04,-8.201678105952525243e-06
1.486737910892268859e-04,-7.567446520138978511e-09
1.518224535277536255e-04,-1.083813426423204831e-05
1.486761487133300187e-04,-4.708605689792672524e-09
1.486712541814220448e-04,-9.776606976673787230e-09
1.486416065232968394e-04,-6.526098758049912495e-08
1.486600709090225533e-04,-5.138194694245576068e-08
1.486967580536658739e-04,-2.503118482302250932e-07
1.486748221104900152e-04,-6.032057721888355451e-09
1.486290952210571163e-04,-1.116389732719645770e-07
1.486744003106052546e-04,-6.171208661196083789e-09
1.486743466612207862e-04,-7.729231830577319003e-09
1.486739736876192114e-04,-1.333014484190961272e-08
1.486695473420210269e-04,-2.700117686313647086e-08
1.536100297818167846e-04,-7.874592975084979842e-06
1.485534239156411143e-04,-5.583286512712358082e-11
1.531958903497168992e-04,-9.595067603369822364e-06
1.486722182371259370e-04,-8.569139389244045030e-09
1.531701095169602238e-04,-5.738363803738695811e-06
1.503093793796704200e-04,-8.025887694551551364e-07
1.486642310652305462e-04,-9.143942281424051464e-08
1.518708751303512094e-04,-8.068943841491335066e-06
1.503673124797780746e-04,2.021783192791350141e-07
1.521664846561789249e-04,-2.809704562492379615e-06
1.486775081054696993e-04,-3.041527167747499044e-09
1.496182983284571693e-04,8.269134603720009245e-08
1.486754770561124364e-04,-4.656821433741877661e-09
1.512761141690426752e-04,2.690930331916821532e-07
1.517417536496634245e-04,-4.465560666857221066e-07
1.485764034516642298e-04,-4.906350426550508710e-08
1.540634626398179944e-04,-8.345853448038547317e-06
1.489503954593762800e-04,3.007343755043915718e-08
1.486728678633698214e-04,-8.890401314959800670e-09
1.532325721449615615e-04,-1.149565846193804694e-06
1.486182858378014727e-04,-8.199595083488149773e-08
1.486693166820130603e-04,-1.030394521766180151e-08
1.520145449338264820e-04,-2.376657816395683732e-06
1.486473445315247984e-04,-1.854563801859926247e-07
1.532000785078905473e-04,-1.089549301612908802e-05
1.486753488709089636e-04,-6.370507718425371887e-09
1.487381959602675013e-04,5.861835250501866763e-08
1.486725033822673225e-04,-8.520308260372562997e-09
1.512318867576096322e-04,-1.065620107246386426e-05
1.538791743603045098e-04,-1.092106442535940661e-05
1.486780236181091386e-04,-2.219291682919901378e-09
1.531589117615801893e-04,-2.343786021244874596e-06
1.486729547410479144e-04,-8.548836640698034087e-09
1.486664065106454470e-04,-1.196362971045683502e-08
1.520008620113163936e-04,-6.185630267120627667e-08
1.515351829171182791e-04,-9.391959379402977788e-06
1.514465851213707480e-04,-5.003889431157634476e-06
1.486629144875218484e-04,-2.801245291579228749e-08
1.491809031616183061e-04,3.475409557380499003e-07
1.535779176973997443e-04,-5.917466313160368510e-06
1.517144705203893654e-04,-6.086482805958297787e-06
1.521802463289218020e-04,-4.586096350166551783e-06
1.486574054975529446e-04,-6.838625162070736997e-08
1.521398653840742973e-04,-1.055717612016697232e-05
1.536373177343625899e-04,-6.364933599787147981e-06
1.537486363247805930e-04,-2.835927513272340986e-06
1.486663198700806615e-04,-1.449846827484604033e-08
1.494970363228521242e-04,-2.140046781351272053e-07
1.530503089266505164e-04,7.204540619554384838e-07
1.522896078836819542e-04,3.355547914968401179e-07
1.512758761180932256e-04,-8.478694738775130859e-06
1.536833293299164993e-04,-1.926851338416804593e-06
1.534163347989780880e-04,-9.050107726582670831e-06
1.516770393168996079e-04,-7.314608246666020180e-06
1.486740355171176011e-04,-7.751500247731615202e-09
1.486767917219278560e-04,-1.541126418217800295e-09
1.486719777749200987e-04,-9.404705832250940962e-09
1.535714927133835722e-04,-5.161667531588561816e-07
1.486649380904279949e-04,-3.773511240326136422e-08
1.486396979938438463e-04,-4.115308093328369541e-08
1.486562795003846637e-04,-3.232193032584150528e-08
1.486056691946102660e-04,2.354465171343173551e-08
1.486030358565955248e-04,-6.716241555697002113e-08
1.486683611308421021e-04,-1.847461655828661036e-08
1.506378015235438673e-04,-7.198321927829078596e-07
1.515433395678133165e-04,-2.304913975832490375e-06
1.486686697634785853e-04,-1.055773476909183970e-08
1.486752638800485041e-04,-4.297205505285807058e-09
1.486764346386159621e-04,-1.613659304645128862e-09
1.527654516899556395e-04,3.369676595451682561e-07
1.486759073613709299e-04,-3.301089458969561151e-09
1.509711381708200969e-04,-1.208628101328449027e-06
1.536906564684117492e-04,-6.798260255272483849e-06
1.494017044796938610e-04,-4.556945059930476196e-07
1.486758997219954695e-04,-4.086244689057608587e-09
1.534302946143768125e-04,-1.062561708683767059e-05
1.486763500770584988e-04,-2.427397079039818188e-09
1.485776166312613217e-04,9.477561912417989266e-09
1.486757636436892942e-04,-3.366161467157653579e-09
1.537862368997112950e-04,-8.589125184228358750e-06
1.488503054748910553e-04,1.053126466246401434e-07
1.533984071724928903e-04,-9.376788072606470175e-06
1.534938959375819795e-04,7.070453029426260942e-07
1.530115909266789706e-04,-3.581778896263924721e-06
1.511719997396047336e-04,-1.031836776914748754e-05
1.486275717092371332e-04,-6.867254204069294690e-08
1.487031118566179647e-04,-2.120791179893189747e-07
1.486722140252187739e-04,-9.382633091640652574e-09
1.494205866206279850e-04,4.597524525542348050e-07
1.485533038488976202e-04,5.240741405282007163e-09
1.486582508748774843e-04,-2.761972348958687278e-08
1.516714562329443867e-04,-5.671947839118995701e-06
1.520430303184793972e-04,-3.934312054534342757e-06
1.541658085018023712e-04,-1.094513119322762359e-05
1.486641001736922426e-04,-1.449829577703248344e-08
1.538443075833339515e-04,-9.757230416260517425e-06
1.485580785196768949e-04,-1.045427817561334723e-08
1.486782994670721679e-04,-1.106704417513266939e-09
1.497534313206425060e-04,-7.179704802385681104e-07
1.527750043024952227e-04,-2.312966986694838084e-06
1.511899150690534141e-04,-1.093723389139477441e-05
1.486725040491028058e-04,-8.077997423892399398e-09
1.537326274269138751e-04,-7.210385999771819981e-06
1.486775408855941800e-04,-1.150591901679194883e-09
1.536494344182619211e-04,-1.300980890600499819e-06
1.486631409649636292e-04,-1.247399964224713435e-07
1.515991049997756485e-04,-6.971105409720048819e-06
1.514909042701690267e-04,-9.035870828541031090e-06
1.486751113783008375e-04,-5.072147164230988580e-09
1.485881701720334278e-04,-6.325893839034181708e-08
1.515478835139974002e-04,-1.063857570086943658e-05
1.534395798137196934e-04,-3.130436522268752386e-06
1.535381275172591686e-04,-3.980951622201104822e-06
1.486705398680991436e-04,-9.671063882320839065e-09
1.486611705982461876e-04,-1.961102595897193201e-08
1.515837305391862753e-04,-7.951257480082879131e-06
1.486770503856977568e-04,-4.158510555716523322e-09
1.486639093393112845e-04,-6.643528203807103687e-08
1.487346304798621685e-04,-1.837644099605611751e-07
1.485903693130507749e-04,-7.707044695690097325e-08
1.532929822556838493e-04,-7.422489004417407044e-07
1.486723871559088696e-04,-6.444196863477721457e-09
1.486734520733964764e-04,-8.099265599370054540e-09
1.535913194306695378e-04,3.566571051285003500e-07
1.538955345179868954e-04,-1.009526912327881831e-05
1.486680345905995297e-04,-1.113710031938237000e-08
1.513595238369241675e-04,-2.629912738596544819e-06
1.537311478734046247e-04,-1.069661146572400372e-05
1.514363401030306905e-04,-1.013343537200453186e-05
1.525048394539973648e-04,-1.098010753915028021e-05
