Size 674,2
0.000000000000000000e+00,-2.206561954594689194e-08
5.038664379674812678e-10,0.000000000000000000e+00
6.764139107468750622e-08,-3.017504540141848550e-07
-4.050518121226067875e-08,-3.013943179220765895e-07
-2.458908510621465593e-08,-9.009847834084488406e-08
4.415978081031581506e-09,-1.083336544791602721e-09
5.512300656240953521e-09,-5.662659653253030094e-10
5.811623253310270972e-09,0.000000000000000000e+00
0.000000000000000000e+00,-2.086644382170124440e-08
0.000000000000000000e+00,-1.993733365559782214e-08
0.000000000000000000e+00,-1.936917441679279439e-08
0.000000000000000000e+00,-1.916193129346217891e-08
0.000000000000000000e+00,-1.921557239996889221e-08
0.000000000000000000e+00,-1.938092863371822472e-08
0.000000000000000000e+00,-1.949386141243195671e-08
0.000000000000000000e+00,-1.940999717291848943e-08
0.000000000000000000e+00,-1.900935006471024080e-08
0.000000000000000000e+00,-1.828582806533262781e-08
0.000000000000000000e+00,-1.724818189614728395e-08
0.000000000000000000e+00,-1.590352567013788060e-08
0.000000000000000000e+00,-1.431988190096225317e-08
0.000000000000000000e+00,-1.255211490101363778e-08
0.000000000000000000e+00,-1.064651165556191114e-08
0.000000000000000000e+00,-8.642762278104810791e-09
0.000000000000000000e+00,-6.569654750234347111e-09
0.000000000000000000e+00,-4.450487124287449577e-09
0.000000000000000000e+00,-2.301298976728624248e-09
6.762323082166700705e-08,-2.908523308546891411e-07
6.760158213356365364e-08,-2.796600085813870898e-07
6.756534589703673391e-08,-2.681420927850390122e-07
6.748883135425485299e-08,-2.562904926115622997e-07
6.734907678572469013e-08,-2.441046956957924681e-07
6.712547177850521751e-08,-2.315994506936052896e-07
6.679273942185251789e-08,-2.187719228472286418e-07
6.631806574771241442e-08,-2.056398743494116521e-07
6.567200128178549229e-08,-1.922328751351272138e-07
6.483174422792579844e-08,-1.786242189577435898e-07
6.372101498148746640e-08,-1.648204677019478397e-07
6.231099004197093057e-08,-1.509296121861681647e-07
6.056297563356579472e-08,-1.370411417538336189e-07
5.843117810765870095e-08,-1.232714903605913190e-07
5.587173273204153399e-08,-1.097643281736766824e-07
5.287553738350806791e-08,-9.673159752700680309e-08
4.936362873240818559e-08,-8.434757670382742197e-08
4.535615459453372476e-08,-7.279615242110286083e-08
4.099824508534617578e-08,-6.236092888044554018e-08
3.633141337408953906e-08,-5.311494380834540678e-08
3.162250599075404580e-08,-4.521079704965015816e-08
2.676188587314920120e-08,-3.859844620236249323e-08
2.197987498823449280e-08,-3.329821409293611104e-08
1.732864359021790575e-08,-2.912879275108185455e-08
1.282338212023658768e-08,-2.601639816740631516e-08
8.550280186161373021e-09,-2.385697335664103982e-08
4.197825296081233006e-09,-2.259907229423343042e-08
-2.963943572476274335e-08,-3.013833510534935144e-07
-1.879659179521020909e-08,-3.013611704915506917e-07
-7.978757765066201055e-09,-3.013414647236434217e-07
2.807442066593068354e-09,-3.013344897725304610e-07
1.357121795323952256e-08,-3.013547984015320736e-07
2.434082712334595735e-08,-3.014041114466695063e-07
3.512224102626942570e-08,-3.014792762070810709e-07
4.593248748762439089e-08,-3.015717749947085850e-07
5.677522050712578674e-08,-3.016677276317324062e-07
-4.050755824816840388e-08,-2.909001732173975537e-07
-4.050907043640599049e-08,-2.801334008313968841e-07
-4.050013947362966917e-08,-2.690656809324699439e-07
-4.045579557341445758e-08,-2.576898112992528518e-07
-4.035809558520975307e-08,-2.460071078781486015e-07
-4.018835888358850424e-08,-2.340158263934445011e-07
-3.992243049571588436e-08,-2.217221092809995838e-07
-3.953542258396452351e-08,-2.091547660779685827e-07
-3.899637621184249807e-08,-1.963203028568260616e-07
-3.829344061194531755e-08,-1.832783518798889693e-07
-3.737558715747406641e-08,-1.700341555139693011e-07
-3.620954155852449319e-08,-1.566443546366396742e-07
-3.476419701542663990e-08,-1.432079888389135843e-07
-3.297424608358039406e-08,-1.297671643983815246e-07
-3.079180234605936556e-08,-1.163568192021897220e-07
-2.809262144665418819e-08,-1.031272432406555489e-07
-2.105564248704303985e-08,-7.704217269573009672e-08
-1.787774247040541195e-08,-6.499773557945907963e-08
-1.536237046592740106e-08,-5.424724178540602957e-08
-1.285965239404635833e-08,-4.536815250104614225e-08
-1.044109039218252748e-08,-3.782245202705830003e-08
-8.262191210061053577e-09,-3.191002231655340411e-08
-5.905745151634986904e-09,-2.702924843175661165e-08
-4.063251684430931962e-09,-2.311825072345833706e-08
-2.336447217839001977e-09,-1.969822710524319022e-08
-1.117119896409087091e-09,-1.663148804325307757e-08
-1.648170898483077092e-10,-1.373551307250745129e-08
5.647984928075749191e-10,-1.100960222978027014e-08
1.226002465385714139e-09,-8.508658987176266064e-09
1.875162371530899531e-09,-6.308170244306752232e-09
2.516268306521057176e-09,-4.498067606986920029e-09
3.108567243806112210e-09,-3.110531313487524007e-09
3.645688940327659356e-09,-2.111169754322846898e-09
4.091736000834631590e-09,-1.468179778370202981e-09
4.659933898269917481e-09,-8.696314125524410382e-10
4.854460201163692851e-09,-7.449163365637429254e-10
5.007161151279711956e-09,-6.774612149538812584e-10
5.125985638788250313e-09,-6.379645052188630423e-10
5.218860269887270246e-09,-6.233813332927761679e-10
5.296581698759983520e-09,-6.192053349596154675e-10
5.355634072347340652e-09,-6.222699024949540873e-10
5.401460858786393882e-09,-6.302439280472786764e-10
5.436529213775891353e-09,-6.383342666225728624e-10
5.463667226965976249e-09,-6.442403766221929528e-10
5.483063857298445196e-09,-6.474437299168891930e-10
5.496206205910144695e-09,-6.471164470121460176e-10
5.504694038509134071e-09,-6.422933500368679514e-10
5.509249688544202075e-09,-6.314968283718537659e-10
5.511233926120638871e-09,-6.146447696394712722e-10
5.511739952099202227e-09,-5.918331649778622151e-10
5.801823122671238311e-09,-9.988051484839145688e-11
5.780071270752441896e-09,-1.903243150394686238e-10
5.750899237454352481e-09,-2.717102923810205593e-10
5.718076006348390896e-09,-3.444725300378651237e-10
5.681633410296096378e-09,-4.073605791831246892e-10
5.644313894385568590e-09,-4.609761454866788850e-10
5.607600474265443038e-09,-5.045943991067096325e-10
5.573013067199442101e-09,-5.375569018949701744e-10
5.540910615105450636e-09,-5.583872933830053337e-10
1.186036201211219064e-09,0.000000000000000000e+00
2.005530499674739302e-09,0.000000000000000000e+00
2.801812582630907682e-09,0.000000000000000000e+00
3.534154521520216224e-09,0.000000000000000000e+00
4.170501467104933363e-09,0.000000000000000000e+00
4.693063310524270779e-09,0.000000000000000000e+00
5.093206227556868698e-09,0.000000000000000000e+00
5.380714813028746882e-09,0.000000000000000000e+00
5.558486210384434024e-09,0.000000000000000000e+00
5.652923960420808096e-09,0.000000000000000000e+00
5.690879472492552040e-09,0.000000000000000000e+00
5.691696766622296875e-09,0.000000000000000000e+00
5.676957152167085540e-09,0.000000000000000000e+00
5.648216544306986405e-09,0.000000000000000000e+00
5.622081489659148965e-09,0.000000000000000000e+00
5.601902331139914544e-09,0.000000000000000000e+00
5.588423802206848798e-09,0.000000000000000000e+00
5.583367471158565321e-09,0.000000000000000000e+00
5.586040743729071095e-09,0.000000000000000000e+00
5.595539673335207401e-09,0.000000000000000000e+00
5.610676882538856007e-09,0.000000000000000000e+00
5.631202714157960691e-09,0.000000000000000000e+00
5.655820113681720409e-09,0.000000000000000000e+00
5.683578829320487558e-09,0.000000000000000000e+00
5.713591583339870683e-09,0.000000000000000000e+00
5.745970469608134751e-09,0.000000000000000000e+00
5.778745363139649768e-09,0.000000000000000000e+00
-3.090575500414498576e-08,-2.400561829325025561e-07
5.494286019195777072e-09,-6.397801067462805226e-10
5.683333340628242070e-09,-4.031122258246839257e-10
1.801893259400715829e-08,-2.915733793083926637e-07
-2.944108833198313566e-08,-2.039336538862997967e-07
5.415435456732945642e-09,-6.192934383548349132e-10
2.912753850321402561e-09,-6.123645277568652835e-09
-9.672853533370141395e-09,-3.845579925590439213e-08
5.637516245769155206e-08,-2.254434569078654529e-07
5.617038150046491378e-09,-1.169309869532430583e-10
5.578502819417333013e-09,-1.126893040667098541e-10
5.336806828396890764e-08,-1.708721009884869616e-07
-2.325266075187654199e-08,-1.360638603323891371e-07
5.122888781788564891e-09,-6.195377225301509926e-10
1.623915424587900048e-08,-2.985099744106671451e-08
3.842979132945764232e-09,-1.326558456376950140e-09
2.673604051397819098e-08,-4.817422238469166275e-08
5.220260503021828997e-09,-7.473432986574561322e-10
4.754645375790620977e-09,-8.967682480629344527e-10
-1.661066282079295224e-08,-9.649750907407574495e-08
-2.739194698815708847e-10,-1.944989770100413864e-08
5.627506944678032020e-10,-9.520577716631502578e-09
4.768562995033582008e-08,-1.296400433840694994e-07
5.622685639016575066e-09,-1.379490371368226582e-10
-1.152005758775551845e-08,-6.839725983781549514e-08
4.345928285328299937e-09,-1.814675616494664900e-09
1.143874900398235778e-09,-1.079052587189707625e-08
-7.257060269965202088e-09,-2.794854064526066965e-08
5.681088006985648279e-09,-2.381573899091470185e-10
4.092966739856439141e-08,-8.969807839353462274e-08
5.697878967255848932e-09,-1.212663720403043345e-10
5.770783865513141692e-08,-2.621408187372137950e-07
-3.609510803414196793e-09,-2.124651206970501953e-08
-8.475841622671113999e-10,-1.591949456206942189e-08
3.506040048875563223e-08,-6.675095958212724118e-08
5.605202277901470768e-09,-4.391119392477788095e-10
5.584866837149919374e-09,-1.153588630977490695e-10
5.462528792714382450e-08,-1.992119766186635900e-07
-2.737109523024886470e-08,-1.759437193698140191e-07
5.339619864403096886e-09,-5.992784846469689259e-10
2.366676612091542035e-10,-1.340204915034005539e-08
-1.162850583468048882e-09,-1.969982115037548320e-08
-3.181273521254902143e-08,-2.633036488107807115e-07
5.518979631330096610e-09,-6.312986052120006747e-10
-8.850316165602865439e-10,-2.934182852667002503e-07
5.616429286680771687e-09,-5.086191691461447477e-10
1.278598482991247596e-09,-1.983109415090283134e-08
7.853014074920238915e-10,-5.476076897959455671e-09
-3.246888543243114778e-10,-1.670583078835519933e-08
-1.203871547059530891e-09,-1.940361577221721298e-08
5.745751786875965730e-09,-2.493165362587752236e-10
4.051171863191608104e-08,-2.926303314089545778e-07
8.606242751717288057e-09,-2.366618763517740258e-08
2.408303273981658213e-09,-1.590244499158407904e-09
5.552552563864182969e-09,-5.753729530946792912e-10
-2.466577271973206196e-08,-2.930218306026179180e-07
5.644141271733771209e-08,-2.850351276557005610e-07
5.754713799099357317e-09,-1.012327798743347839e-10
-9.910418539603240645e-09,-4.466499283394342355e-08
-6.338909253364785186e-09,-3.856638688299396926e-08
-6.749502184288199111e-09,-3.333086943531964985e-08
-3.114204139582218468e-09,-3.365644606255008467e-08
-3.990998862580218963e-09,-2.936614774413214583e-08
-1.358972795156787178e-09,-3.916660137376379429e-08
-5.025446029660418109e-10,-2.957781481221602075e-08
-1.894993241267797646e-09,-2.611029624003388265e-08
1.372924318739895867e-09,-2.627984406388784814e-08
3.824115254053094384e-09,-2.993515075929759673e-08
-4.751429380217337290e-09,-2.620872108820587890e-08
-2.552816718990349702e-09,-2.350317083862202260e-08
-4.155312812110018734e-09,-2.343569081350691270e-08
5.206229580566400666e-09,-2.661714672075868460e-08
2.600363820557828231e-09,-2.375328678397188318e-08
-2.537342152454041092e-09,-2.162291879505698543e-08
-3.469182603227949721e-09,-2.164713839632381050e-08
-4.838623655213924037e-09,-2.312986987777020847e-08
-3.727143171542919184e-09,-2.146121805103008166e-08
8.713102900738508220e-09,-3.046682831687135508e-08
7.317675542950725184e-09,-3.461908551727591157e-08
1.315373179795073818e-08,-3.532258278893085837e-08
1.256394768618493804e-08,-4.037570773019565734e-08
-1.016522201696211600e-09,-2.161541297281499169e-08
5.771845465409233174e-09,-2.416112017153131101e-08
-4.862366589564388844e-09,-2.276309176015566568e-08
-3.504333154997155872e-09,-2.094176680521665255e-08
3.331137150483567365e-09,-2.193845676679892666e-08
3.660627367961013514e-09,-4.238851160722221625e-09
3.620543041537793576e-09,-5.663668175478918532e-09
4.204008296230873906e-09,-4.189910790523274107e-09
4.078995780173617245e-09,-5.007104253430609910e-09
3.451535335100937807e-09,-6.594321943107148038e-09
3.809367707368035350e-09,-5.589993170069452468e-09
3.154375223007929621e-09,-7.158906518452976472e-09
3.389672634645377117e-09,-5.999759149691446027e-09
4.573592013814099801e-09,-3.690199668476278629e-09
2.738087791472377231e-09,-7.489070148107741750e-09
2.429696088440635247e-09,-8.841814695056245408e-09
3.967818575992256927e-09,-4.530902791298424537e-09
2.850434559268493263e-09,-6.085064503808376208e-09
2.026830222516678679e-09,-9.066132729698675021e-09
1.688427614440604382e-09,-1.053137295601177903e-08
4.669390780387747015e-09,-3.039185873652726326e-09
4.959331603007598690e-09,-2.624830110617381343e-09
5.015641929334859495e-09,-2.127253906351781860e-09
5.243063998722968710e-09,-1.803247487810895190e-09
5.265314125887327355e-09,-1.468627497453181983e-09
4.783995337725228858e-09,-3.080951759662358293e-09
1.924715896438002584e-09,-1.028203683162599589e-08
1.211471088474453390e-09,-1.191097072639411789e-08
1.339450495651844993e-09,-1.060150628697187163e-08
5.437279131176468500e-09,-1.204899652078718464e-09
5.437670617500616054e-09,-9.988523406781466549e-10
5.230927212193740503e-09,-1.151152198671111163e-09
5.393984097146362631e-09,-8.169851794031159024e-10
5.188113448514697586e-09,-8.968431499142716712e-10
5.342443301212970854e-09,-6.774698011020389542e-10
5.503483754738648130e-09,-5.767853245225363468e-10
5.451519770398247986e-09,-5.137118277747336690e-10
5.303637163125558879e-09,-5.901769119609010325e-10
5.409622167008340974e-09,-4.781824411002602393e-10
5.571454407348253165e-09,-3.988000832368159526e-10
5.284742033092273932e-09,-5.443717015648402000e-10
5.385118441214697969e-09,-4.664557577016262382e-10
5.481116800154161241e-09,-3.885600464771274331e-10
5.455215306491546210e-09,-4.008840238341567100e-10
5.377274323216793106e-09,-4.734177408777810788e-10
5.442702448153436523e-09,-4.234803402225484817e-10
5.382161140360312497e-09,-4.916454714993250753e-10
5.441943314715958491e-09,-4.518560408967610481e-10
5.490862799581610664e-09,-3.744485383272127005e-10
5.488297263271933960e-09,-4.097894557245181311e-10
5.449574042007338255e-09,-4.827430835439480071e-10
5.493118885307293510e-09,-4.461966705115896227e-10
5.462459115451582776e-09,-5.143693227824643785e-10
5.503239897843130773e-09,-4.803918037296499390e-10
5.530084272091686436e-09,-4.042471579978155718e-10
5.539341728115091208e-09,-4.409830336653801022e-10
5.515852739307484327e-09,-5.115424704270795697e-10
5.550795879645238935e-09,-4.745044406200139458e-10
5.528862847468445532e-09,-5.392916050733429210e-10
5.563041552978911406e-09,-5.026036920907515232e-10
5.584827560583088221e-09,-4.303872882290845020e-10
5.597343103376124212e-09,-4.589680616458392072e-10
5.574647249180789613e-09,-5.241286571604031653e-10
5.618477650243688541e-09,-3.789787017465407514e-10
5.632263674929614871e-09,-4.081851547640925768e-10
5.495000679262558018e-09,-5.676580831630934882e-10
5.562139771861759388e-09,-3.563279675368239016e-10
5.527321388432050699e-09,-3.117463810599298890e-10
5.604568812853421651e-09,-3.442644346673951379e-10
5.524642180444603223e-09,-3.274335044810585503e-10
5.635595146050266304e-09,-2.836061985021497678e-10
5.147697506973382731e-09,-6.396201225638810779e-10
5.555946393195366319e-09,-3.050194796420911054e-10
5.416584180872604339e-09,-5.416981962645866112e-10
5.305771361432347014e-09,-5.322957629161394762e-10
5.510280453031879430e-09,-5.876358496906996637e-10
5.480309014931957701e-09,-6.095607015236492431e-10
5.369654358735201910e-09,-1.351845896074142265e-09
5.534352205190071031e-09,-2.854922438808909976e-10
5.582636872939625344e-09,-2.544097612058333113e-10
1.673324943444584023e-09,-8.843389255916435151e-09
5.337536276728327930e-09,-5.435044128828682964e-10
5.461470937361806502e-09,-5.898125908343089569e-10
4.978598776977048699e-09,-1.186563453153323698e-09
5.584418060195738723e-09,-7.249016323020691545e-10
1.753724560184830473e-10,-1.334622333627116931e-08
-3.167280842689726721e-10,-1.509183299604223867e-08
-1.340106183589251428e-09,-1.720925908751886396e-08
-6.625647339346019538e-10,-1.621064048136730829e-08
-1.400402363104261612e-09,-1.779179924538561709e-08
-2.250357216200332306e-09,-1.895697000564287656e-08
-1.984425497723062273e-09,-1.902676249159507501e-08
-1.119234379040906973e-09,-1.802074474540725524e-08
-5.841677562920204735e-09,-2.487343790425759067e-08
2.063717378324570377e-09,-8.334294011568418451e-09
1.262062940370503915e-10,-1.445053884329539763e-08
-1.190657821857241911e-10,-1.524542934712975167e-08
-1.023787367143533077e-08,-5.758846908250295445e-08
-3.546343633364834472e-09,-6.043111017071979057e-08
-3.159697842666709166e-09,-7.149241413798951092e-08
4.153326427754432305e-09,-6.414705220552717325e-08
5.975366575590226825e-09,-7.484384086024861370e-08
1.249757998205333451e-08,-6.800219203785699677e-08
1.503035738769917680e-08,-7.940861580576423110e-08
6.302488862362913495e-09,-8.725139969553505269e-08
1.832030962659561431e-08,-9.175022319679726522e-08
1.037655664791024167e-08,-1.002917323614918008e-07
2.123822932524690552e-08,-1.046350690847046934e-07
1.290320191501368841e-08,-1.133939583648407768e-07
2.076279499379222080e-09,-1.095410017338207916e-07
4.093785485215706197e-09,-1.226756109683294625e-07
1.547663957008076919e-08,-1.267764951569743349e-07
6.480989699719664644e-09,-1.360536730298477340e-07
1.818077883945509721e-08,-1.402523257972050614e-07
9.130350408086680349e-09,-1.495183424278714396e-07
2.099654152833967144e-08,-1.537572512544280532e-07
1.200728809804839351e-08,-1.629985807119233052e-07
2.387974632023335356e-08,-1.672223363906450189e-07
1.489745309353143255e-08,-1.763711735772091763e-07
2.682131287838342925e-08,-1.805134539833383877e-07
1.769453671926088089e-08,-1.895798534179980312e-07
5.884132382466972996e-09,-1.856057661197588643e-07
8.679662622105765553e-09,-1.985878813510641304e-07
2.040328782648784842e-08,-2.025177793104448871e-07
1.148180901373283451e-08,-2.113618335906896093e-07
2.307800425089750961e-08,-2.152464487028681558e-07
1.414160139095395001e-08,-2.238601200057663945e-07
2.684004943315369176e-09,-2.201555110300290939e-07
5.358488385179298339e-09,-2.325046423823339714e-07
1.671113164866248170e-08,-2.361114552479649499e-07
8.109304529036849737e-09,-2.445050025882413915e-07
1.920437342944855395e-08,-2.481103306414998158e-07
1.070120676547436375e-08,-2.562487494018390972e-07
2.169238638315734612e-08,-2.598074041921028387e-07
-3.494313499944142232e-10,-2.527751236053646087e-07
2.738203432007548748e-08,-2.400761625039648743e-07
2.245264201882028889e-09,-2.642476025829847564e-07
-4.478262657620695288e-12,-1.590527094459550032e-07
1.034202912256202312e-08,-5.781612747946175288e-08
-5.996434122911311272e-09,-2.288990439719474512e-07
-2.972658455680888958e-09,-1.948257371507044453e-07
-8.748510938778345292e-09,-2.165690312860468828e-07
2.978545898637954057e-08,-1.447829663570427996e-07
-8.893272088177762308e-09,-2.608839342971364257e-07
3.216579300033662462e-08,-2.065325489718147858e-07
3.599726280510048075e-08,-2.206456101900007305e-07
-1.132370553378496436e-08,-2.494882809568391754e-07
-6.080053007310659512e-09,-2.718871546381675736e-07
4.984032419365110166e-09,-2.755226319566930451e-07
-5.763967655555987689e-09,-1.820401159048372031e-07
-8.446945633393748187e-09,-1.186120519841861797e-07
-1.860590927770559042e-08,-2.249600017116905035e-07
1.934227174701958076e-08,-6.217961931765760385e-08
1.564683332558540033e-08,-5.273018133976534764e-08
7.808501979014486474e-09,-4.888671228488451728e-08
-3.909025352875728410e-09,-5.158840218704240524e-08
2.392862418547410432e-08,-8.192694199900839346e-08
-1.505567640622007928e-08,-1.911914878074345550e-07
-1.669169458922040735e-08,-2.692858562431618250e-07
-1.431057416060425426e-08,-2.793026594774960075e-07
-2.507270214030395009e-08,-2.766208438847499865e-07
4.020568276294297126e-09,-2.750099134231407989e-09
5.256330753892858803e-09,-5.796262011003169140e-10
-8.539130527312324075e-09,-3.218281186499598856e-08
-6.911363314303868358e-09,-2.783113807175269087e-08
2.375378561410302244e-08,-5.500962116040273762e-08
4.442949104736002217e-08,-2.095805446984564756e-07
3.556003350522768672e-08,-1.716735753793443401e-07
3.904262319808741278e-08,-1.849201425547393503e-07
5.620577209086344502e-09,-2.256548914469430074e-10
5.646460005120521747e-09,-1.896470889998761609e-10
7.518803631277795283e-10,-1.269687213267805802e-08
-2.560506910532757222e-09,-2.029738095571151127e-08
5.560897895567769254e-09,-2.910382514351698611e-10
5.849579468974013035e-09,-2.257393958508061126e-08
-1.382169489743982428e-09,-1.893981556966962982e-08
-1.169482412757703531e-08,-8.130729021654613807e-08
-5.458807969533671084e-09,-8.923658954681764193e-08
-2.162494010936217411e-09,-1.868015026101577756e-08
1.878139054147547942e-08,-4.112704709860913392e-08
1.931764288904856378e-08,-3.656626649970380838e-08
5.566820786602475593e-10,-1.350724412960501896e-08
-8.124621959318718389e-09,-1.039465721089509961e-07
5.813071891765496672e-09,-4.069990456764811245e-08
-1.974691415276955918e-08,-2.107607884462767674e-07
5.154984777797915457e-09,-5.989288373292725689e-10
2.862425366094232916e-09,-7.565998137828551752e-09
4.999089402582582121e-09,-6.865537198611676593e-10
5.666114419856802455e-09,-2.176934060306217496e-10
9.105273708248821126e-09,-2.496645164748945976e-08
4.974182694842978778e-09,-2.170960381054190400e-08
5.631834599872667744e-09,-3.971336360690226466e-10
5.651090726515010240e-09,-2.245219816081431252e-10
-3.927655897917527309e-09,-2.142279910219493349e-08
-1.390573489135144498e-08,-2.374634609318239774e-07
5.580449668725844977e-09,-2.004629371039273671e-10
5.608983885521301670e-09,-2.561885472834293438e-10
5.553797454740948050e-09,-2.427587279067485041e-10
-4.797936507966768178e-09,-1.322950531659168549e-07
-2.473805259923856101e-09,-1.457583004901463388e-07
-1.343160942125607211e-08,-1.568695209934018886e-07
-8.529566494682120429e-09,-1.699064531118678680e-07
5.608802875358703144e-09,-4.807579723632909475e-10
5.584211888389852029e-09,-5.384859447726725681e-10
5.552831308018765108e-09,-5.744845236400900098e-10
5.618208359356753247e-09,-4.937510382425127789e-10
5.560984926119616959e-09,-5.813399238604447180e-10
5.530113818107326491e-09,-6.153354645726808001e-10
5.523167817340209294e-09,-6.018730617563984972e-10
4.253526172029311849e-08,-1.026733411035234554e-07
4.998173985916051023e-08,-1.433850265048682425e-07
5.642209745219349708e-08,-2.376619192067077217e-07
4.580212822089560131e-08,-2.308042996262386218e-07
4.583687915049006063e-08,-2.436653910695777420e-07
-2.047075477635194495e-09,-2.039248876617949166e-08
4.717010404459550043e-10,-1.948730098931028644e-08
6.846573555687945106e-10,-7.468324900720162078e-09
1.460892753442525693e-09,-6.270530474663799888e-09
1.514963651178913353e-09,-4.217619199330829407e-09
2.285032098902732267e-09,-4.934557789282475254e-09
7.666565293315002027e-10,-3.307560582199840724e-09
4.425724949272145810e-09,-1.142283320798971078e-09
4.068764416051035374e-09,-2.445842110371108372e-09
4.614728733410504724e-09,-2.213310031664095911e-09
3.448961577582964246e-09,-2.794222363082387287e-09
3.722613903081105747e-09,-3.792330777095480218e-09
1.987666537034312158e-09,-7.009609136929421243e-09
2.410524664367702461e-08,-1.179891053755314043e-07
3.280987863324377835e-08,-1.099332602924470446e-07
3.042273246186811488e-08,-9.440162208014839406e-08
4.541154800728589098e-08,-1.162597157973744714e-07
4.205053105455701501e-10,-1.154131406948663048e-08
1.893316657426683965e-09,-3.422640528608244470e-08
-5.328892306520220927e-12,-1.510884968917114689e-08
-1.255733108649231393e-09,-1.969499644206467940e-08
5.450440159019609344e-09,-6.247602833975993134e-10
-2.449217692320657891e-08,-1.496952950701609065e-07
1.332424439507611067e-08,-2.678075587662379119e-07
2.414419409822646687e-08,-2.712681999058513367e-07
3.257108563930248272e-08,-2.634294508763984021e-07
3.477991610818068968e-08,-2.744669683491665238e-07
4.266947149776777656e-08,-2.661029007096592035e-07
4.641701391092215977e-08,-2.768617201311029634e-07
2.630722408286851600e-08,-2.821994033721013395e-07
3.958739151567834802e-08,-2.543735119332691581e-07
1.582667947626184420e-08,-2.794266010124790319e-07
7.161671688159368065e-09,-2.862847805993207244e-07
5.644486334935966838e-09,-4.297356753462741654e-10
5.667565916271663016e-09,-3.512546158083946529e-10
5.683184016523799876e-09,-3.712419743092148644e-10
5.703988986037459224e-09,-2.793238468939817365e-10
5.652607844615654871e-09,-4.449666957168487561e-10
5.620254318097069881e-09,-5.049249911948433160e-10
5.589930785551339486e-09,-5.457177538151425421e-10
5.565480674400851064e-09,-5.800734318033484694e-10
5.686674278729054161e-09,-2.474953779009661945e-10
5.719599687478351527e-09,-1.755201393469887102e-10
5.207603169154960998e-08,-1.571518221330413403e-07
5.745867825852290115e-08,-2.500755327184427763e-07
5.525839962470111282e-09,-6.186141736431276483e-10
3.574763597832870836e-08,-1.233649017726788646e-07
5.190602086300552179e-08,-1.857120886370041835e-07
5.578099075770988698e-09,-1.159575924336534674e-10
5.567591314044010789e-09,-2.135680004744029976e-10
5.597583970615535827e-09,-1.350458298338766438e-10
3.844512949140019797e-08,-7.751296772972806913e-08
2.787104381556625133e-08,-7.164932206308743606e-08
5.661471424433025109e-09,-3.246669375498586035e-10
5.586059927599255448e-09,-1.250202776595991939e-10
7.192004617832139821e-10,-1.232822378944542336e-08
5.458926051451442933e-09,-6.859214293749877121e-10
4.886302447237064890e-09,-9.717409060584369394e-10
5.026908366293350262e-09,-1.670631835911064849e-09
-8.287707250931128746e-10,-1.955783516667358389e-08
5.441107034558506583e-09,-5.653803500057351262e-10
5.397229562526650155e-09,-5.885414582477366829e-10
-3.018533601290531776e-08,-2.281846906843560497e-07
-2.638347651924932675e-08,-1.899778193250265141e-07
-2.622101999122552624e-08,-1.630901613337428016e-07
-2.100291998270191020e-08,-1.227490816656740733e-07
5.779637138985670712e-08,-2.738346545460631413e-07
5.160325593647958427e-09,-7.297727005019386614e-10
5.508494482760900967e-09,-6.377460914784957506e-10
-3.096445052734588120e-08,-2.518504345109615690e-07
-2.084043574917823819e-08,-2.585380488849362927e-07
3.159645496277524449e-09,-1.491403721885599634e-09
2.768015893401610919e-09,-3.064426083371487515e-09
5.287228809616383849e-09,-5.289712499649402286e-10
5.397513918114407047e-09,-5.151814398957781145e-10
5.016491977892735101e-09,-1.596874624258413260e-09
5.712382339582543201e-09,-3.346355556482575624e-10
2.957634984714291101e-08,-1.936066846730236466e-07
2.561829340426340044e-08,-2.276465864913809988e-07
3.226025560263340668e-08,-1.583893519068580959e-07
-3.010418123663933588e-09,-2.409382343304326201e-07
9.077132651695042878e-09,-2.711870942685690296e-08
5.542067271005525416e-09,-5.597481670678480819e-10
7.160316691382342190e-11,-2.024016813676135919e-08
5.557857944691528967e-09,-2.250726574949425181e-10
3.105559769473194088e-09,-1.723974981393014884e-07
-5.475325600280974251e-11,-2.075767481619192340e-07
5.584514832068822130e-09,-5.453600553036283315e-10
-1.303636811595575148e-08,-2.906465019172396817e-07
5.652018698828451783e-09,-3.193414799256930542e-10
5.476425804794502389e-09,-6.356981397820000377e-10
5.128856416652941229e-09,-2.063340157082519008e-09
4.639375685941831433e-09,-1.207654403420669991e-09
1.848116030421201526e-09,-1.007485366761152696e-08
5.572548450173413945e-09,-3.959657522328994295e-10
4.348708854273633200e-09,-4.231342419219845863e-09
5.524623782484665458e-09,-3.647382675587748632e-10
5.502676137770048492e-09,-3.417946185310641510e-10
5.520245488305057923e-09,-3.900769755872600074e-10
5.549889471985748047e-09,-6.632263436705507154e-10
4.154443005197817290e-08,-1.974964219427902889e-07
1.561985353264069242e-09,-1.972099670682753866e-09
2.945743165236896565e-08,-2.517349510764829507e-07
5.479192181390839028e-09,-5.420068243991912111e-10
2.684515108281427394e-08,-1.313843465831553354e-07
-6.125681691696415260e-09,-2.520515835418962652e-08
4.652970423981521093e-09,-2.272586028841149537e-09
-1.100354337954124480e-08,-2.034123673476997752e-07
-2.465368083181403912e-09,-2.042830958968955972e-08
2.798696353976748485e-09,-5.435502840942754466e-08
5.737208375647711558e-09,-2.143684665254859344e-10
-2.324871950165493878e-09,-1.981025993075740927e-08
5.591223276637063909e-09,-3.044998746465490790e-10
-1.180988662157236269e-09,-2.027447154787964561e-08
-2.228811321063306987e-10,-2.357127715157270322e-08
3.112817007884245833e-09,-4.323745800174255925e-09
5.581464275201101664e-08,-2.125326076845708816e-07
-6.741729409607340156e-10,-1.669786636286317596e-08
5.540685384916056718e-09,-6.091797711766810359e-10
1.396462448533390482e-08,-3.098066594613101142e-08
4.496871044288125061e-09,-3.328339421621165648e-09
5.366209129467947372e-09,-5.628045208477018612e-10
7.866475566432671139e-10,-4.610127627236319833e-08
2.678191105699316371e-09,-8.483848690539593051e-09
2.970991394947042661e-08,-2.925494580934101069e-07
5.650182376259773693e-09,-4.608405690150911289e-10
2.291987953486608706e-10,-1.421567917236724418e-08
5.529590007712893968e-09,-6.004254551085973192e-10
-3.143690212427365057e-08,-2.849653019367578150e-07
5.083075200198339452e-08,-2.934814665063186317e-07
5.769494441574421692e-09,-1.603740681526752915e-10
1.875633782130693295e-08,-4.712289356067209846e-08
5.546897136668638054e-09,-5.967270458946408467e-10
5.286961582171082051e-09,-5.998905480233383472e-10
1.064140273020115176e-09,-2.163620026606953299e-08
-2.183325937825176832e-08,-2.452389763300067714e-07
-1.877486498164409228e-08,-1.100059952815454741e-07
4.976217147668775003e-09,-7.498771592720701670e-10
-5.626628240084128668e-10,-1.798727421931570848e-08
3.842480534064058202e-08,-1.369841368905804939e-07
-1.377720135526345484e-08,-1.418594828665692871e-07
1.067157316338189216e-09,-9.783575136659891692e-08
1.119037124221202017e-09,-1.182322740459377640e-08
-3.172084095293075687e-09,-2.818715453467271284e-07
4.081717032335455174e-08,-1.505599250817267536e-07
3.176978806131467475e-08,-5.733546497163579437e-08
5.217487302243516800e-09,-5.736323243882722575e-10
-2.975347463924359815e-09,-2.011643477674650300e-08
2.214311529787868673e-09,-2.051270773235651060e-08
1.627894187911359339e-09,-2.038757091086406197e-08
-2.955083619870269471e-08,-2.164401605257639871e-07
2.469012642407845867e-08,-4.162616934553338205e-08
3.614675555262485255e-08,-2.345679685411495534e-07
-1.636927366093921668e-08,-1.797544604608092007e-07
5.591108201901978553e-09,-5.464990053560839223e-10
5.670019322855092156e-09,-1.036017732822656053e-10
5.498493102344778958e-09,-6.207412844871736680e-10
1.269522892940356493e-08,-2.650321307723540316e-08
4.978047160694083896e-09,-9.095370197487414132e-10
5.267119864575648098e-09,-1.307598662507671997e-09
5.515787546997491210e-09,-8.866977323168928486e-10
9.782007128896773551e-10,-1.030901322132440097e-08
4.202966751470850185e-09,-3.275585270457000827e-09
5.637545552359785468e-09,-4.670983387139926603e-10
-5.547632887712781967e-09,-2.506576242629090803e-08
-5.491625929206161232e-09,-4.443851525505590020e-08
5.380257265273101027e-09,-6.143574189857647143e-10
5.648243281702946153e-09,-1.267452829040608778e-10
5.637861717715870626e-09,-1.069478529285603891e-10
3.246364012761316884e-09,-2.088163855209403525e-08
5.602697664970949353e-09,-2.144666228280561432e-10
-6.210055964102509112e-09,-2.944936381030989117e-08
4.296152285814443563e-08,-1.639037184834747522e-07
-3.060564669614258741e-09,-2.006706054111111936e-08
5.564187459191146660e-09,-1.965106746981378681e-10
3.683991605605021229e-08,-2.841610697180311907e-07
5.605316399596691885e-09,-9.458066409342382703e-11
1.246891645396127086e-09,-8.128346758899855161e-09
5.578504497823038375e-09,-2.081681978734227001e-10
4.737949529401768853e-08,-2.201095356856371563e-07
-2.135237083939843401e-10,-1.576092427653600483e-08
3.567467986955094137e-08,-2.448870273450938552e-07
3.106863142922466007e-09,-2.146582434271954787e-08
1.972745404141401930e-08,-7.239017695253054835e-08
-3.329530492038463628e-08,-2.743920851041476278e-07
4.846531089483200620e-09,-2.494782689612592577e-09
1.296798157136109208e-09,-1.166719329669581373e-08
5.511038691940896364e-09,-6.259788921030226050e-10
-6.079513966369359052e-10,-1.874725122044367261e-08
8.332641806241591440e-10,-1.554076392613311007e-09
4.849254076121735944e-09,-7.753973569512265603e-10
-1.427688592772561787e-08,-1.294313680016173309e-07
-1.134853678042655048e-09,-8.035194521448785620e-08
5.977446533962434109e-08,-2.942951562757309156e-07
5.182317974303757657e-09,-6.078244944160648145e-10
4.959350099902150854e-08,-2.569890212875352031e-07
2.125650936457056443e-09,-3.174801364484158608e-09
5.783548629887708006e-09,-7.995459225117686373e-11
-4.653559526043557474e-09,-2.290264598109627569e-08
1.243426910519061670e-08,-4.601641080172366424e-08
-3.275141877250560939e-08,-2.937448576949104605e-07
5.530375477244381596e-09,-5.815431107632101228e-10
4.469212329094261254e-08,-1.767292892793421850e-07
5.727596095008527847e-09,-7.911958695537097700e-11
1.955976550423373948e-08,-3.358923040228058115e-08
4.280041826020959872e-09,-3.343340549162209892e-09
-1.836280761148934541e-08,-1.690782192458478990e-07
-2.311278779181765355e-08,-2.340039569826263335e-07
5.544903333817566221e-09,-2.935693232407459065e-10
2.289801263956942042e-09,-7.709599116517713696e-09
-2.158124736492768027e-08,-2.844097624649765929e-07
2.718812813106441831e-08,-6.283512316495613542e-08
3.261080162340943925e-08,-8.283416052402676353e-08
5.434023743056433532e-09,-5.989460364504814724e-10
5.032010645736628485e-09,-6.592657485467150380e-10
-1.970700514846681068e-08,-1.997549984130992095e-07
5.717864812549470804e-09,-2.945190346537041710e-10
4.744558572239561773e-09,-1.566004457160936624e-09
7.695979189414171088e-10,-1.298072514755073786e-08
3.421637099504175213e-09,-5.052056468491847722e-09
1.209652721448629716e-08,-2.752154089161897702e-08
5.677563426244282965e-09,-1.692914204991916445e-10
5.568044388345092060e-09,-5.717843116866791025e-10
5.949517273017527561e-09,-2.248543205151677008e-08
5.125203530431411180e-08,-2.676313218972448975e-07
5.324361377112160230e-09,-5.757013406634461664e-10
-9.073604076000259711e-09,-5.028928827987530991e-08
4.620146420308617479e-08,-2.864400131773020054e-07
-2.502897343924718570e-08,-2.685839444484416888e-07
8.152226805177585149e-09,-2.950980485892493772e-07
