Size 674,2
0.000000000000000000e+00,-1.765249563675751355e-07
4.030931503739850143e-09,0.000000000000000000e+00
5.411311285975000498e-07,-2.414003632113478840e-06
-3.240414496980854300e-07,-2.411154543376612716e-06
-1.967126808497172475e-07,-7.207878267267590725e-07
3.532782464825265204e-08,-8.666692358332821766e-09
4.409840524992762817e-08,-4.530127722602424075e-09
4.649298602648216778e-08,0.000000000000000000e+00
0.000000000000000000e+00,-1.669315505736099552e-07
0.000000000000000000e+00,-1.594986692447825771e-07
0.000000000000000000e+00,-1.549533953343423551e-07
0.000000000000000000e+00,-1.532954503476974313e-07
0.000000000000000000e+00,-1.537245791997511377e-07
0.000000000000000000e+00,-1.550474290697457977e-07
0.000000000000000000e+00,-1.559508912994556537e-07
0.000000000000000000e+00,-1.552799773833479155e-07
0.000000000000000000e+00,-1.520748005176819264e-07
0.000000000000000000e+00,-1.462866245226610225e-07
0.000000000000000000e+00,-1.379854551691782716e-07
0.000000000000000000e+00,-1.272282053611030448e-07
0.000000000000000000e+00,-1.145590552076980254e-07
0.000000000000000000e+00,-1.004169192081091022e-07
0.000000000000000000e+00,-8.517209324449528910e-08
0.000000000000000000e+00,-6.914209822483848633e-08
0.000000000000000000e+00,-5.255723800187477689e-08
0.000000000000000000e+00,-3.560389699429959662e-08
0.000000000000000000e+00,-1.841039181382899398e-08
5.409858465733360564e-07,-2.326818646837513129e-06
5.408126570685092291e-07,-2.237280068651096719e-06
5.405227671762938713e-07,-2.145136742280312098e-06
5.399106508340388239e-07,-2.050323940892498398e-06
5.387926142857975210e-07,-1.952837565566339745e-06
5.370037742280417401e-07,-1.852795605548842317e-06
5.343419153748201432e-07,-1.750175382777829134e-06
5.305445259816993154e-07,-1.645118994795293217e-06
5.253760102542839383e-07,-1.537863001081017710e-06
5.186539538234063875e-07,-1.428993751661948719e-06
5.097681198518997312e-07,-1.318563741615582717e-06
4.984879203357674446e-07,-1.207436897489345318e-06
4.845038050685263577e-07,-1.096329134030668951e-06
4.674494248612696076e-07,-9.861719228847305518e-07
4.469738618563322719e-07,-8.781146253894134595e-07
4.230042990680645433e-07,-7.738527802160544247e-07
3.949090298592654848e-07,-6.747806136306193758e-07
3.628492367562697981e-07,-5.823692193688228867e-07
3.279859606827694063e-07,-4.988874310435643214e-07
2.906513069927163124e-07,-4.249195504667632542e-07
2.529800479260323664e-07,-3.616863763972012653e-07
2.140950869851936096e-07,-3.087875696188999459e-07
1.758389999058759424e-07,-2.663857127434888883e-07
1.386291487217432460e-07,-2.330303420086548364e-07
1.025870569618927014e-07,-2.081311853392505213e-07
6.840224148929098417e-08,-1.908557868531283186e-07
3.358260236864986405e-08,-1.807925783538674434e-07
-2.371154857981019468e-07,-2.411066808427948115e-06
-1.503727343616816727e-07,-2.410889363932405533e-06
-6.383006212052960844e-08,-2.410731717789147374e-06
2.245953653274454683e-08,-2.410675918180243688e-06
1.085697436259161805e-07,-2.410838387212256589e-06
1.947266169867676588e-07,-2.411232891573356050e-06
2.809779282101554056e-07,-2.411834209656648567e-06
3.674598999009951271e-07,-2.412574199957668680e-06
4.542017640570062940e-07,-2.413341821053859249e-06
-3.240604659853472310e-07,-2.327201385739180429e-06
-3.240725634912479239e-07,-2.241067206651175073e-06
-3.240011157890373533e-07,-2.152525447459759551e-06
-3.236463645873156606e-07,-2.061518490394022814e-06
-3.228647646816780246e-07,-1.968056863025188812e-06
-3.215068710687080339e-07,-1.872126611147556009e-06
-3.193794439657270749e-07,-1.773776874247996670e-06
-3.162833806717161880e-07,-1.673238128623748662e-06
-3.119710096947399845e-07,-1.570562422854608493e-06
-3.063475248955625404e-07,-1.466226815039111754e-06
-2.990046972597925313e-07,-1.360273244111754409e-06
-2.896763324681959455e-07,-1.253154837093117394e-06
-2.781135761234131192e-07,-1.145663910711308675e-06
-2.637939686686431525e-07,-1.038137315187052196e-06
-2.463344187684749245e-07,-9.308545536175177759e-07
-2.247409715732335055e-07,-8.250179459252443915e-07
-1.684451398963443188e-07,-6.163373815658407737e-07
-1.430219397632432956e-07,-5.199818846356726371e-07
-1.228989637274192085e-07,-4.339779342832482366e-07
-1.028772191523708666e-07,-3.629452200083691380e-07
-8.352872313746021983e-08,-3.025796162164664002e-07
-6.609752968048842861e-08,-2.552801785324272329e-07
-4.724596121307989523e-08,-2.162339874540528932e-07
-3.250601347544745569e-08,-1.849460057876666964e-07
-1.869157774271201581e-08,-1.575858168419455218e-07
-8.936959171272696725e-09,-1.330519043460246206e-07
-1.318536718786461673e-09,-1.098841045800596103e-07
4.518387942460599353e-09,-8.807681783824216111e-08
9.808019723085713113e-09,-6.806927189741012851e-08
1.500129897224719625e-08,-5.046536195445401785e-08
2.013014645216845741e-08,-3.598454085589536024e-08
2.486853795044889768e-08,-2.488425050790019205e-08
2.916551152262127485e-08,-1.688935803458277518e-08
3.273388800667705272e-08,-1.174543822696162385e-08
3.727947118615933985e-08,-6.957051300419528306e-09
3.883568160930954281e-08,-5.959330692509943403e-09
4.005728921023769564e-08,-5.419689719631050067e-09
4.100788511030600250e-08,-5.103716041750904338e-09
4.175088215909816197e-08,-4.987050666342209343e-09
4.237265359007986816e-08,-4.953642679676923740e-09
4.284507257877872522e-08,-4.978159219959632699e-09
4.321168687029115106e-08,-5.041951424378229412e-09
4.349223371020713082e-08,-5.106674132980582899e-09
4.370933781572780999e-08,-5.153923012977543622e-09
4.386451085838756157e-08,-5.179549839335113544e-09
4.396964964728115756e-08,-5.176931576097168141e-09
4.403755230807307257e-08,-5.138346800294943611e-09
4.407399750835361660e-08,-5.051974626974830128e-09
4.408987140896511097e-08,-4.917158157115770178e-09
4.409391961679361782e-08,-4.734665319822897721e-09
4.641458498136990648e-08,-7.990441187871316550e-10
4.624057016601953517e-08,-1.522594520315748990e-09
4.600719389963481985e-08,-2.173682339048164475e-09
4.574460805078712717e-08,-2.755780240302920989e-09
4.545306728236877102e-08,-3.258884633464997514e-09
4.515451115508454872e-08,-3.687809163893431080e-09
4.486080379412354431e-08,-4.036755192853677060e-09
4.458410453759553681e-08,-4.300455215159761395e-09
4.432728492084360509e-08,-4.467098347064042669e-09
9.488289609689752509e-09,0.000000000000000000e+00
1.604424399739791442e-08,0.000000000000000000e+00
2.241450066104726146e-08,0.000000000000000000e+00
2.827323617216172979e-08,0.000000000000000000e+00
3.336401173683946691e-08,0.000000000000000000e+00
3.754450648419416623e-08,0.000000000000000000e+00
4.074564982045494958e-08,0.000000000000000000e+00
4.304571850422997506e-08,0.000000000000000000e+00
4.446788968307547220e-08,0.000000000000000000e+00
4.522339168336646476e-08,0.000000000000000000e+00
4.552703577994041632e-08,0.000000000000000000e+00
4.553357413297837500e-08,0.000000000000000000e+00
4.541565721733668432e-08,0.000000000000000000e+00
4.518573235445589124e-08,0.000000000000000000e+00
4.497665191727319172e-08,0.000000000000000000e+00
4.481521864911931635e-08,0.000000000000000000e+00
4.470739041765479038e-08,0.000000000000000000e+00
4.466693976926852257e-08,0.000000000000000000e+00
4.468832594983256876e-08,0.000000000000000000e+00
4.476431738668165921e-08,0.000000000000000000e+00
4.488541506031084806e-08,0.000000000000000000e+00
4.504962171326368552e-08,0.000000000000000000e+00
4.524656090945376328e-08,0.000000000000000000e+00
4.546863063456390047e-08,0.000000000000000000e+00
4.570873266671896546e-08,0.000000000000000000e+00
4.596776375686507800e-08,0.000000000000000000e+00
4.622996290511719814e-08,0.000000000000000000e+00
-2.472460400331598861e-07,-1.920449463460020449e-06
4.395428815356621658e-08,-5.118240853970244181e-09
4.546666672502593656e-08,-3.224897806597471406e-09
1.441514607520572663e-07,-2.332587034467141309e-06
-2.355287066558650853e-07,-1.631469231090398374e-06
4.332348365386356514e-08,-4.954347506838679306e-09
2.330203080257122049e-08,-4.898916222054922268e-08
-7.738282826696113116e-08,-3.076463940472351370e-07
4.510012996615324165e-07,-1.803547655262923623e-06
4.493630520037193103e-08,-9.354478956259444666e-10
4.462802255533866411e-08,-9.015144325336788331e-10
4.269445462717512611e-07,-1.366976807907895693e-06
-1.860212860150123359e-07,-1.088510882659113097e-06
4.098311025430851913e-08,-4.956301780241207941e-09
1.299132339670320038e-07,-2.388079795285337161e-07
3.074383306356611386e-08,-1.061246765101560112e-08
2.138883241118255279e-07,-3.853937790775333020e-07
4.176208402417463198e-08,-5.978746389259649058e-09
3.803716300632496781e-08,-7.174145984503475622e-09
-1.328853025663436179e-07,-7.719800725926059596e-07
-2.191355759052567078e-09,-1.555991816080331091e-07
4.502005555742425616e-09,-7.616462173305202062e-08
3.814850396026865607e-07,-1.037120347072555995e-06
4.498148511213260053e-08,-1.103592297094581266e-09
-9.216046070204414759e-08,-5.471780787025239611e-07
3.476742628262639949e-08,-1.451740493195731920e-08
9.150999203185886224e-09,-8.632420697517661000e-08
-5.805648215972161670e-08,-2.235883251620853572e-07
4.544870405588518623e-08,-1.905259119273176148e-09
3.274373391885151313e-07,-7.175846271482769819e-07
4.558303173804679146e-08,-9.701309763224346759e-10
4.616627092410513354e-07,-2.097126549897710360e-06
-2.887608642731357434e-08,-1.699720965576401562e-07
-6.780673298136891199e-09,-1.273559564965553751e-07
2.804832039100450578e-07,-5.340076766570179294e-07
4.484161822321176615e-08,-3.512895513982230476e-09
4.467893469719935499e-08,-9.228709047819925562e-10
4.370023034171505960e-07,-1.593695812949308720e-06
-2.189687618419909176e-07,-1.407549754958512153e-06
4.271695891522477509e-08,-4.794227877175751407e-09
1.893341289673233628e-09,-1.072163932027204431e-07
-9.302804667744391060e-09,-1.575985692030038656e-07
-2.545018817003921714e-07,-2.106429190486245692e-06
4.415183705064077288e-08,-5.050388841696005398e-09
-7.080252932482292351e-09,-2.347346282133602002e-06
4.493143429344617349e-08,-4.068953353169157982e-09
1.022878786392998077e-08,-1.586487532072226507e-07
6.282411259936191132e-09,-4.380861518367564537e-08
-2.597510834594491823e-09,-1.336466463068415946e-07
-9.630972376476247131e-09,-1.552289261777377039e-07
4.596601429500772584e-08,-1.994532290070201788e-09
3.240937490553286483e-07,-2.341042651271636622e-06
6.884994201373830445e-08,-1.893295010814192206e-07
1.926642619185326570e-08,-1.272195599326726323e-08
4.442042051091346375e-08,-4.602983624757434330e-09
-1.973261817578564957e-07,-2.344174644820943344e-06
4.515313017387016967e-07,-2.280281021245604488e-06
4.603771039279485854e-08,-8.098622389946782710e-10
-7.928334831682592516e-08,-3.573199426715473884e-07
-5.071127402691828149e-08,-3.085310950639517541e-07
-5.399601747430559289e-08,-2.666469554825571988e-07
-2.491363311665774775e-08,-2.692515685004006773e-07
-3.192799090064175170e-08,-2.349291819530571667e-07
-1.087178236125429742e-08,-3.133328109901103543e-07
-4.020356823728334487e-09,-2.366225184977281660e-07
-1.515994593014238117e-08,-2.088823699202710612e-07
1.098339454991916694e-08,-2.102387525111027851e-07
3.059292203242475507e-08,-2.394812060743807739e-07
-3.801143504173869832e-08,-2.096697687056470312e-07
-2.042253375192279762e-08,-1.880253667089761808e-07
-3.324250249688014987e-08,-1.874855265080553016e-07
4.164983664453120533e-08,-2.129371737660694768e-07
2.080291056446262585e-08,-1.900262942717750654e-07
-2.029873721963232874e-08,-1.729833503604558835e-07
-2.775346082582359776e-08,-1.731771071705904840e-07
-3.870898924171139229e-08,-1.850389590221616677e-07
-2.981714537234335347e-08,-1.716897444082406533e-07
6.970482320590806576e-08,-2.437346265349708406e-07
5.854140434360580148e-08,-2.769526841382072925e-07
1.052298543836059055e-07,-2.825806623114468670e-07
1.005115814894795043e-07,-3.230056618415652587e-07
-8.132177613569692802e-09,-1.729233037825199335e-07
4.617476372327386539e-08,-1.932889613722504881e-07
-3.889893271651511075e-08,-1.821047340812453254e-07
-2.803466523997724697e-08,-1.675341344417332204e-07
2.664909720386853892e-08,-1.755076541343914133e-07
2.928501894368810811e-08,-3.391080928577777300e-08
2.896434433230234861e-08,-4.530934540383134826e-08
3.363206636984699125e-08,-3.351928632418619286e-08
3.263196624138893796e-08,-4.005683402744487928e-08
2.761228268080750245e-08,-5.275457554485718430e-08
3.047494165894428280e-08,-4.471994536055561974e-08
2.523500178406343696e-08,-5.727125214762381178e-08
2.711738107716301694e-08,-4.799807319753156822e-08
3.658873611051279840e-08,-2.952159734781022903e-08
2.190470233177901785e-08,-5.991256118486193400e-08
1.943756870752508197e-08,-7.073451756044996326e-08
3.174254860793805542e-08,-3.624722233038739630e-08
2.280347647414794611e-08,-4.868051603046700966e-08
1.621464178013342943e-08,-7.252906183758940017e-08
1.350742091552483505e-08,-8.425098364809423220e-08
3.735512624310197612e-08,-2.431348698922181060e-08
3.967465282406078952e-08,-2.099864088493905074e-08
4.012513543467887596e-08,-1.701803125081425488e-08
4.194451198978374968e-08,-1.442597990248716152e-08
4.212251300709861884e-08,-1.174901997962545587e-08
3.827196270180183086e-08,-2.464761407729886634e-08
1.539772717150402067e-08,-8.225629465300796715e-08
9.691768707795627118e-09,-9.528776581115294316e-08
1.071560396521475995e-08,-8.481205029577497304e-08
4.349823304941174800e-08,-9.639197216629747710e-09
4.350136494000492843e-08,-7.990818725425173239e-09
4.184741769754992403e-08,-9.209217589368889303e-09
4.315187277717090104e-08,-6.535881435224927219e-09
4.150490758811758069e-08,-7.174745199314173370e-09
4.273954640970376683e-08,-5.419758408816311633e-09
4.402787003790918504e-08,-4.614282596180290774e-09
4.361215816318598389e-08,-4.109694622197869352e-09
4.242909730500447103e-08,-4.721415295687208260e-09
4.327697733606672779e-08,-3.825459528802081914e-09
4.457163525878602532e-08,-3.190400665894527621e-09
4.227793626473819146e-08,-4.354973612518721600e-09
4.308094752971758375e-08,-3.731646061613009905e-09
4.384893440123328993e-08,-3.108480371817019465e-09
4.364172245193236968e-08,-3.207072190673253680e-09
4.301819458573434485e-08,-3.787341927022248631e-09
4.354161958522749218e-08,-3.387842721780387853e-09
4.305728912288249997e-08,-3.933163771994600602e-09
4.353554651772766793e-08,-3.614848327174088385e-09
4.392690239665288531e-08,-2.995588306617701604e-09
4.390637810617547168e-08,-3.278315645796145049e-09
4.359659233605870604e-08,-3.861944668351584057e-09
4.394495108245834808e-08,-3.569573364092716982e-09
4.369967292361266221e-08,-4.114954582259715028e-09
4.402591918274504618e-08,-3.843134429837199512e-09
4.424067417673349149e-08,-3.233977263982524575e-09
4.431473382492072967e-08,-3.527864269323040817e-09
4.412682191445987462e-08,-4.092339763416636558e-09
4.440636703716191148e-08,-3.796035524960111567e-09
4.423090277974756425e-08,-4.314332840586743368e-09
4.450433242383129125e-08,-4.020829536726012186e-09
4.467862048466470577e-08,-3.443098305832676016e-09
4.477874482700899369e-08,-3.671744493166713658e-09
4.459717799344631690e-08,-4.193029257283225323e-09
4.494782120194950833e-08,-3.031829613972326011e-09
4.505810939943691897e-08,-3.265481238112740614e-09
4.396000543410046414e-08,-4.541264665304747906e-09
4.449711817489407510e-08,-2.850623740294591213e-09
4.421857110745640559e-08,-2.493971048479439112e-09
4.483655050282737321e-08,-2.754115477339161103e-09
4.419713744355682579e-08,-2.619468035848468402e-09
4.508476116840213043e-08,-2.268849588017198142e-09
4.118158005578706185e-08,-5.116960980511048623e-09
4.444757114556293055e-08,-2.440155837136728843e-09
4.333267344698083471e-08,-4.333585570116692890e-09
4.244617089145877611e-08,-4.258366103329115809e-09
4.408224362425503544e-08,-4.701086797525597310e-09
4.384247211945566161e-08,-4.876485612189193945e-09
4.295723486988161528e-08,-1.081476716859313812e-08
4.427481764152056825e-08,-2.283937951047127981e-09
4.466109498351700275e-08,-2.035278089646666490e-09
1.338659954755667218e-08,-7.074711404733148121e-08
4.270029021382662344e-08,-4.348035303062946371e-09
4.369176749889445202e-08,-4.718500726674471655e-09
3.982879021581638959e-08,-9.492507625226589583e-09
4.467534448156590979e-08,-5.799213058416553236e-09
1.402979648147864378e-09,-1.067697866901693545e-07
-2.533824674151781377e-09,-1.207346639683379093e-07
-1.072084946871401143e-08,-1.376740727001509117e-07
-5.300517871476815630e-09,-1.296851238509384664e-07
-1.120321890483409289e-08,-1.423343939630849367e-07
-1.800285772960265845e-08,-1.516557600451430125e-07
-1.587540398178449819e-08,-1.522140999327606001e-07
-8.953875032327255787e-09,-1.441659579632580419e-07
-4.673342050336163788e-08,-1.989875032340607254e-07
1.650973902659656302e-08,-6.667435209254734760e-08
1.009650352296403132e-09,-1.156043107463631810e-07
-9.525262574857935286e-10,-1.219634347770380134e-07
-8.190298937148264615e-08,-4.607077526600236356e-07
-2.837074906691867577e-08,-4.834488813657583245e-07
-2.527758274133367333e-08,-5.719393131039160873e-07
3.322661142203545844e-08,-5.131764176442173860e-07
4.780293260472181460e-08,-5.987507268819889096e-07
9.998063985642667612e-08,-5.440175363028559742e-07
1.202428591015934144e-07,-6.352689264461138488e-07
5.041991089890330796e-08,-6.980111975642804215e-07
1.465624770127649145e-07,-7.340017855743781218e-07
8.301245318328193337e-08,-8.023338588919344062e-07
1.699058346019752442e-07,-8.370805526776375472e-07
1.032256153201095073e-07,-9.071516669187262148e-07
1.661023599503377664e-08,-8.763280138705663330e-07
3.275028388172564958e-08,-9.814048877466356997e-07
1.238131165606461536e-07,-1.014211961255794679e-06
5.184791759775731715e-08,-1.088429384238781872e-06
1.454462307156407777e-07,-1.122018606377640491e-06
7.304280326469344279e-08,-1.196146739422971517e-06
1.679723322267173715e-07,-1.230058010035424425e-06
9.605830478438714808e-08,-1.303988645695386442e-06
1.910379705618668285e-07,-1.337778691125160151e-06
1.191796247482514604e-07,-1.410969388617673410e-06
2.145705030270674340e-07,-1.444107631866707102e-06
1.415562937540870471e-07,-1.516638827343984249e-06
4.707305905973578397e-08,-1.484846128958070915e-06
6.943730097684612442e-08,-1.588703050808513043e-06
1.632263026119027873e-07,-1.620142234483559097e-06
9.185447210986267604e-08,-1.690894668725516874e-06
1.846240340071800769e-07,-1.721971589622945246e-06
1.131328111276316001e-07,-1.790880960046131156e-06
2.147203954652295341e-08,-1.761244088240232751e-06
4.286790708143438671e-08,-1.860037139058671771e-06
1.336890531892998536e-07,-1.888891641983719599e-06
6.487443623229479790e-08,-1.956040020705931132e-06
1.536349874355884316e-07,-1.984882645131998527e-06
8.560965412379490998e-08,-2.049989995214712777e-06
1.735390910652587689e-07,-2.078459233536822709e-06
-2.795450799955313786e-09,-2.022200988842916870e-06
2.190562745606038998e-07,-1.920609300031718994e-06
1.796211361505623112e-08,-2.113980820663878051e-06
-3.582610126096556230e-11,-1.272421675567640025e-06
8.273623298049618494e-08,-4.625290198356940231e-07
-4.797147298329049018e-08,-1.831192351775579610e-06
-2.378126764544711167e-08,-1.558605897205635562e-06
-6.998808751022676234e-08,-1.732552250288375062e-06
2.382836718910363245e-07,-1.158263730856342396e-06
-7.114617670542209847e-08,-2.087071474377091405e-06
2.573263440026929970e-07,-1.652260391774518287e-06
2.879781024408038460e-07,-1.765164881520005844e-06
-9.058964427027971491e-08,-1.995906247654713403e-06
-4.864042405848527610e-08,-2.175097237105340589e-06
3.987225935492088133e-08,-2.204181055653544361e-06
-4.611174124444790151e-08,-1.456320927238697625e-06
-6.757556506714998550e-08,-9.488964158734894378e-07
-1.488472742216447233e-07,-1.799680013693524028e-06
1.547381739761566461e-07,-4.974369545412608308e-07
1.251746666046832026e-07,-4.218414507181227811e-07
6.246801583211589179e-08,-3.910936982790761382e-07
-3.127220282300582728e-08,-4.127072174963392419e-07
1.914289934837928345e-07,-6.554155359920671477e-07
-1.204454112497606342e-07,-1.529531902459476440e-06
-1.335335567137632588e-07,-2.154286849945294600e-06
-1.144845932848340341e-07,-2.234421275819968060e-06
-2.005816171224316007e-07,-2.212966751077999892e-06
3.216454621035437701e-08,-2.200079307385126391e-08
4.205064603114287042e-08,-4.637009608802535312e-09
-6.831304421849859260e-08,-2.574624949199679085e-07
-5.529090651443094687e-08,-2.226491045740215270e-07
1.900302849128241795e-07,-4.400769692832219009e-07
3.554359283788801773e-07,-1.676644357587651805e-06
2.844802680418214938e-07,-1.373388603034754721e-06
3.123409855846993022e-07,-1.479361140437914802e-06
4.496461767269075601e-08,-1.805239131575544059e-09
4.517168004096417398e-08,-1.517176711999009287e-09
6.015042905022236227e-09,-1.015749770614244642e-07
-2.048405528426205777e-08,-1.623790476456920902e-07
4.448718316454215403e-08,-2.328306011481358889e-09
4.679663575179210428e-08,-1.805915166806448900e-07
-1.105735591795185942e-08,-1.515185245573570385e-07
-9.355859302061628248e-08,-6.504583217323691046e-07
-4.367046375626936867e-08,-7.138927163745411354e-07
-1.729995208748973929e-08,-1.494412020881262205e-07
1.502511243318038354e-07,-3.290163767888730714e-07
1.545411431123885102e-07,-2.925301319976304670e-07
4.453456629281980475e-09,-1.080579530368401516e-07
-6.499697567454974711e-08,-8.315725768716079687e-07
4.650457513412397338e-08,-3.255992365411848996e-07
-1.579753132221564734e-07,-1.686086307570214139e-06
4.123987822238332366e-08,-4.791430698634180551e-09
2.289940292875386333e-08,-6.052798510262841402e-08
3.999271522066065697e-08,-5.492429758889341274e-09
4.532891535885441964e-08,-1.741547248244973997e-09
7.284218966599056901e-08,-1.997316131799156780e-07
3.979346155874383022e-08,-1.736768304843352320e-07
4.505467679898134195e-08,-3.177069088552181172e-09
4.520872581212008192e-08,-1.796175852865145002e-09
-3.142124718334021847e-08,-1.713823928175594679e-07
-1.112458791308115598e-07,-1.899707687454591819e-06
4.464359734980675982e-08,-1.603703496831418937e-09
4.487187108417041336e-08,-2.049508378267434751e-09
4.443037963792758440e-08,-1.942069823253988033e-09
-3.838349206373414542e-08,-1.058360425327334839e-06
-1.979044207939084881e-08,-1.166066403921170710e-06
-1.074528753700485769e-07,-1.254956167947215109e-06
-6.823653195745696344e-08,-1.359251624894942944e-06
4.487042300286962516e-08,-3.846063778906327580e-09
4.467369510711881623e-08,-4.307887558181380545e-09
4.442265046415012087e-08,-4.595876189120720079e-09
4.494566687485402598e-08,-3.950008305940102231e-09
4.448787940895693567e-08,-4.650719390883557744e-09
4.424091054485861193e-08,-4.922683716581446401e-09
4.418534253872167435e-08,-4.814984494051187978e-09
3.402820937623449479e-07,-8.213867288281876431e-07
3.998539188732840818e-07,-1.147080212038945940e-06
4.513767796175479767e-07,-1.901295353653661774e-06
3.664170257671648105e-07,-1.846434397009908975e-06
3.666950332039204850e-07,-1.949323128556621936e-06
-1.637660382108155596e-08,-1.631399101294359333e-07
3.773608323567640034e-09,-1.558984079144822915e-07
5.477258844550356085e-09,-5.974659920576129662e-08
1.168714202754020554e-08,-5.016424379731039910e-08
1.211970920943130683e-08,-3.374095359464663525e-08
1.828025679122185813e-08,-3.947646231425980203e-08
6.133252234652001622e-09,-2.646048465759872579e-08
3.540579959417716648e-08,-9.138266566391768627e-09
3.255011532840828299e-08,-1.956673688296886697e-08
3.691782986728403779e-08,-1.770648025331276729e-08
2.759169262066371397e-08,-2.235377890465909829e-08
2.978091122464884598e-08,-3.033864621676384175e-08
1.590133229627449726e-08,-5.607687309543536994e-08
1.928419731494161969e-07,-9.439128430042512346e-07
2.624790290659502268e-07,-8.794660823395763571e-07
2.433818596949449191e-07,-7.552129766411871525e-07
3.632923840582871279e-07,-9.300777263789957708e-07
3.364042484364561201e-09,-9.233051255589304381e-08
1.514653325941347172e-08,-2.738112422886595576e-07
-4.263113845216176742e-11,-1.208707975133691751e-07
-1.004586486919385115e-08,-1.575599715365174352e-07
4.360352127215687475e-08,-4.998082267180794507e-09
-1.959374153856526313e-07,-1.197562360561287252e-06
1.065939551606088854e-07,-2.142460470129903295e-06
1.931535527858117350e-07,-2.170145599246810694e-06
2.605686851144198618e-07,-2.107435607011187217e-06
2.782393288654455174e-07,-2.195735746793332190e-06
3.413557719821422125e-07,-2.128823205677273628e-06
3.713361112873772782e-07,-2.214893761048823708e-06
2.104577926629481280e-07,-2.257595226976810716e-06
3.166991321254267842e-07,-2.034988095466153265e-06
1.266134358100947536e-07,-2.235412808099832255e-06
5.729337350527494452e-08,-2.290278244794565795e-06
4.515589067948773470e-08,-3.437885402770193323e-09
4.534052733017330413e-08,-2.810036926467157223e-09
4.546547213219039901e-08,-2.969935794473718915e-09
4.563191188829967379e-08,-2.234590775151853892e-09
4.522086275692523897e-08,-3.559733565734790049e-09
4.496203454477655904e-08,-4.039399929558746528e-09
4.471944628441071589e-08,-4.365742030521140337e-09
4.452384539520680851e-08,-4.640587454426787755e-09
4.549339422983243329e-08,-1.979963023207729556e-09
4.575679749982681222e-08,-1.404161114775909681e-09
4.166082535323968798e-07,-1.257214577064330722e-06
4.596694260681832092e-07,-2.000604261747542210e-06
4.420671969976089025e-08,-4.948913389145021187e-09
2.859810878266296669e-07,-9.869192141814309170e-07
4.152481669040441743e-07,-1.485696709096033468e-06
4.462479260616790959e-08,-9.276607394692277395e-10
4.454073051235208631e-08,-1.708544003795223981e-09
4.478067176492428662e-08,-1.080366638671013150e-09
3.075610359312015838e-07,-6.201037418378245530e-07
2.229683505245300107e-07,-5.731945765046994885e-07
4.529177139546420087e-08,-2.597335500398868828e-09
4.468847942079404359e-08,-1.000162221276793551e-09
5.753603694265711857e-09,-9.862579031556338685e-08
4.367140841161154346e-08,-5.487371434999901697e-09
3.909041957789651912e-08,-7.773927248467495516e-09
4.021526693034680209e-08,-1.336505468728851879e-08
-6.630165800744902997e-09,-1.564626813333886711e-07
4.352885627646805266e-08,-4.523042800045881009e-09
4.317783650021320124e-08,-4.708331665981893463e-09
-2.414826881032425421e-07,-1.825477525474848398e-06
-2.110678121539946140e-07,-1.519822554600212112e-06
-2.097681599298042099e-07,-1.304721290669942413e-06
-1.680233598616152816e-07,-9.819926533253925863e-07
4.623709711188536570e-07,-2.190677236368505130e-06
4.128260474918366742e-08,-5.838181604015509292e-09
4.406795586208720773e-08,-5.101968731827966004e-09
-2.477156042187670496e-07,-2.014803476087692552e-06
-1.667234859934259055e-07,-2.068304391079490341e-06
2.527716397022019560e-08,-1.193122977508479707e-08
2.214412714721288735e-08,-2.451540866697190012e-08
4.229783047693107079e-08,-4.231769999719521829e-09
4.318011134491525638e-08,-4.121451519166224916e-09
4.013193582314188081e-08,-1.277499699406730608e-08
4.569905871666034561e-08,-2.677084445186060500e-09
2.366107987771432881e-07,-1.548853477384189173e-06
2.049463472341072035e-07,-1.821172691931047990e-06
2.580820448210672534e-07,-1.267114815254864768e-06
-2.408334498931146870e-08,-1.927505874643460961e-06
7.261706121356034302e-08,-2.169496754148552237e-07
4.433653816804420333e-08,-4.477985336542784656e-09
5.728253353105873752e-10,-1.619213450940908735e-07
4.446286355753223173e-08,-1.800581259959540145e-09
2.484447815578555271e-08,-1.379179985114411908e-06
-4.380260480224779401e-10,-1.660613985295353872e-06
4.467611865655057704e-08,-4.362880442429026652e-09
-1.042909449276460118e-07,-2.325172015337917453e-06
4.521614959062761426e-08,-2.554731839405544434e-09
4.381140643835601911e-08,-5.085585118256000301e-09
4.103085133322352983e-08,-1.650672125666015206e-08
3.711500548753465146e-08,-9.661235227365359930e-09
1.478492824336961221e-08,-8.059882934089221569e-08
4.458038760138731156e-08,-3.167726017863195436e-09
3.478967083418906560e-08,-3.385073935375876690e-08
4.419699025987732367e-08,-2.917906140470198906e-09
4.402140910216038794e-08,-2.734356948248513208e-09
4.416196390644046338e-08,-3.120615804698080059e-09
4.439911577588598438e-08,-5.305810749364405723e-09
3.323554404158253832e-07,-1.579971375542322311e-06
1.249588282611255393e-08,-1.577679736546203093e-08
2.356594532189517252e-07,-2.013879608611863605e-06
4.383353745112671223e-08,-4.336054595193529689e-09
2.147612086625141915e-07,-1.051074772665242683e-06
-4.900545353357132208e-08,-2.016412668335170122e-07
3.722376339185216875e-08,-1.818068823072919629e-08
-8.802834703632995840e-08,-1.627298938781598202e-06
-1.972294466545123129e-08,-1.634264767175164777e-07
2.238957083181398788e-08,-4.348402272754203573e-07
4.589766700518169247e-08,-1.714947732203887475e-09
-1.859897560132395102e-08,-1.584820794460592741e-07
4.472978621309651127e-08,-2.435998997172392632e-09
-9.447909297257890152e-09,-1.621957723830371649e-07
-1.783049056850645589e-09,-1.885702172125816258e-07
2.490253606307396667e-08,-3.458996640139404740e-08
4.465171420160881331e-07,-1.700260861476567053e-06
-5.393383527685872125e-09,-1.335829309029054077e-07
4.432548307932845375e-08,-4.873438169413448287e-09
1.117169958826712386e-07,-2.478453275690480913e-07
3.597496835430500049e-08,-2.662671537296932518e-08
4.292967303574357898e-08,-4.502436166781614890e-09
6.293180453146136911e-09,-3.688102101789055867e-07
2.142552884559453096e-08,-6.787078952431674441e-08
2.376793115957634129e-07,-2.340395664747280855e-06
4.520145901007818955e-08,-3.686724552120729031e-09
1.833590362789286965e-09,-1.137254333789379535e-07
4.423672006170315174e-08,-4.803403640868778554e-09
-2.514952169941892045e-07,-2.279722415494062520e-06
4.066460160158671562e-07,-2.347851732050549053e-06
4.615595553259537353e-08,-1.282992545221402332e-09
1.500507025704554636e-07,-3.769831484853767877e-07
4.437517709334910443e-08,-4.773816367157126773e-09
4.229569265736865640e-08,-4.799124384186706778e-09
8.513122184160921405e-09,-1.730896021285562640e-07
-1.746660750260141466e-07,-1.961911810640054171e-06
-1.501989198531527383e-07,-8.800479622523637931e-07
3.980973718135020002e-08,-5.999017274176561336e-09
-4.501302592067302934e-09,-1.438981937545256678e-07
3.073984427251246562e-07,-1.095873095124643951e-06
-1.102176108421076387e-07,-1.134875862932554297e-06
8.537258530705513731e-09,-7.826860109327913354e-07
8.952296993769616138e-09,-9.458581923675021121e-08
-2.537667276234460550e-08,-2.254972362773817027e-06
3.265373625868364139e-07,-1.204479400653814029e-06
2.541583044905173980e-07,-4.586837197730863550e-07
4.173989841794813440e-08,-4.589058595106178060e-09
-2.380277971139487852e-08,-1.609314782139720240e-07
1.771449223830294938e-08,-1.641016618588520848e-07
1.302315350329087472e-08,-1.631005672869124958e-07
-2.364066895896215577e-07,-1.731521284206111897e-06
1.975210113926276694e-07,-3.330093547642670564e-07
2.891740444209988204e-07,-1.876543748329196427e-06
-1.309541892875137335e-07,-1.438035683686473605e-06
4.472886561521582843e-08,-4.371992042848671378e-09
4.536015458284073725e-08,-8.288141862581248426e-10
4.398794481875823167e-08,-4.965930275897389344e-09
1.015618314352285195e-07,-2.120257046178832253e-07
3.982437728555267117e-08,-7.276296157989931306e-09
4.213695891660518479e-08,-1.046078930006137598e-08
4.412630037597992968e-08,-7.093581858535142789e-09
7.825605703117418841e-09,-8.247210577059520779e-08
3.362373401176680148e-08,-2.620468216365600661e-08
4.510036441887828375e-08,-3.736786709711941282e-09
-4.438106310170225574e-08,-2.005260994103272643e-07
-4.393300743364928986e-08,-3.555081220404472016e-07
4.304205812218480821e-08,-4.914859351886117715e-09
4.518594625362356923e-08,-1.013962263232487022e-09
4.510289374172696500e-08,-8.555828234284831130e-10
2.597091210209053508e-08,-1.670531084167522820e-07
4.482158131976759483e-08,-1.715732982624449146e-09
-4.968044771282007289e-08,-2.355949104824791294e-07
3.436921828651554850e-07,-1.311229747867798018e-06
-2.448451735691406993e-08,-1.605364843288889549e-07
4.451349967352917328e-08,-1.572085397585102945e-09
2.947193284484016983e-07,-2.273288557744249525e-06
4.484253119677353508e-08,-7.566453127473906163e-10
9.975133163169016689e-09,-6.502677407119884129e-08
4.462803598258430700e-08,-1.665345582987381601e-09
3.790359623521415083e-07,-1.760876285485097251e-06
-1.708189667151874721e-09,-1.260873942122880386e-07
2.853974389564075309e-07,-1.959096218760750841e-06
2.485490514337972805e-08,-1.717265947417563830e-07
1.578196323313121544e-07,-5.791214156202443868e-07
-2.663624393630770903e-07,-2.195136680833181022e-06
3.877224871586560496e-08,-1.995826151690074062e-08
1.037438525708887367e-08,-9.333754637356650988e-08
4.408830953552717092e-08,-5.007831136824180840e-09
-4.863611173095487241e-09,-1.499780097635493809e-07
6.666113444993273152e-09,-1.243261114090648806e-08
3.879403260897388755e-08,-6.203178855609812482e-09
-1.142150874218049429e-07,-1.035450944012938647e-06
-9.078829424341240381e-09,-6.428155617159028496e-07
4.781957227169947287e-07,-2.354361250205847325e-06
4.145854379443006126e-08,-4.862595955328518516e-09
3.967480079921720683e-07,-2.055912170300281625e-06
1.700520749165645155e-08,-2.539841091587326886e-08
4.626838903910166405e-08,-6.396367380094149099e-10
-3.722847620834845979e-08,-1.832211678487702055e-07
9.947415284152493358e-08,-3.681312864137893139e-07
-2.620113501800448751e-07,-2.349958861559283684e-06
4.424300381795505277e-08,-4.652344886105680982e-09
3.575369863275409003e-07,-1.413834314234737480e-06
4.582076876006822277e-08,-6.329566956429678160e-10
1.564781240338699159e-07,-2.687138432182446492e-07
3.424033460816767898e-08,-2.674672439329767914e-08
-1.469024608919147633e-07,-1.352625753966783192e-06
-1.849023023345412284e-07,-1.872031655861010668e-06
4.435922667054052977e-08,-2.348554585925967252e-09
1.831841011165553634e-08,-6.167679293214170957e-08
-1.726499789194214421e-07,-2.275278099719812743e-06
2.175050250485153465e-07,-5.026809853196490833e-07
2.608864129872755140e-07,-6.626732841922141082e-07
4.347218994445146826e-08,-4.791568291603851779e-09
4.025608516589302788e-08,-5.274125988373720304e-09
-1.576560411877344854e-07,-1.598039987304793676e-06
4.574291850039576643e-08,-2.356152277229633368e-09
3.795646857791649418e-08,-1.252803565728749299e-08
6.156783351531336870e-09,-1.038458011804059029e-07
2.737309679603340170e-08,-4.041645174793478178e-08
9.677221771589037730e-08,-2.201723271329518162e-07
4.542050740995426372e-08,-1.354331363993533156e-09
4.454435510676073648e-08,-4.574274493493432820e-09
4.759613818414022049e-08,-1.798834564121341606e-07
4.100162824345128944e-07,-2.141050575177959180e-06
4.259489101689728184e-08,-4.605610725307569331e-09
-7.258883260800207769e-08,-4.023143062390024793e-07
3.696117136246893983e-07,-2.291520105418416043e-06
-2.002317875139774856e-07,-2.148671555587533510e-06
6.521781444142068119e-08,-2.360784388713995018e-06
