Size 674,2
7.000000000000000742e-07,-1.162803134811886873e-07
0.000000000000000000e+00,0.000000000000000000e+00
1.711829512120670828e-06,-4.298611648217746467e-06
9.672477678117535041e-08,-4.294454354891923512e-06
3.348303606198373995e-07,-1.137598063763633220e-06
2.125946551214837398e-07,-3.088003673092346497e-08
8.166603738931787579e-08,-3.848322173384599472e-08
0.000000000000000000e+00,0.000000000000000000e+00
7.000000000000000742e-07,-9.847602328818621011e-08
7.000000000000000742e-07,-8.451659459125227535e-08
7.000000000000000742e-07,-7.564609543888022363e-08
7.000000000000000742e-07,-7.172560201128021771e-08
7.000000000000000742e-07,-7.109562129330345368e-08
7.000000000000000742e-07,-7.131022324726311461e-08
7.000000000000000742e-07,-6.969193177780157038e-08
7.000000000000000742e-07,-6.390542449129315658e-08
7.000000000000000742e-07,-5.224815575704328567e-08
7.000000000000000742e-07,-3.498152436972284281e-08
7.000000000000000742e-07,-1.272980831220938001e-08
7.000000000000000742e-07,1.255350449849168776e-08
7.000000000000000742e-07,3.845714438364802687e-08
7.000000000000000742e-07,6.339426827912574279e-08
7.000000000000000742e-07,8.683599204622218584e-08
7.000000000000000742e-07,1.088603934756256026e-07
7.000000000000000742e-07,1.304737638166881191e-07
7.000000000000000742e-07,1.550312807316262338e-07
7.000000000000000742e-07,1.854334933965649227e-07
1.711627314623688602e-06,-4.135847608302755170e-06
1.711373676470938723e-06,-3.968685615386427256e-06
1.710905102913689020e-06,-3.796650907138566445e-06
1.709836251647532994e-06,-3.619624303727374086e-06
1.707823628869721500e-06,-3.437596630457245936e-06
1.704558077213288849e-06,-3.250786494782844574e-06
1.699662236493883973e-06,-3.059152494599684200e-06
1.692645287970025476e-06,-2.862961310241429373e-06
1.683067028843972473e-06,-2.662653805352527458e-06
1.670584791552938168e-06,-2.459324203533131988e-06
1.654061373374961296e-06,-2.253070440503429373e-06
1.633063389878141236e-06,-2.045508378791247195e-06
1.607012155879299791e-06,-1.837975399727531035e-06
1.575223629647129176e-06,-1.632212698284111919e-06
1.537043365454366613e-06,-1.430369243928246701e-06
1.492337421348189406e-06,-1.235610392688848780e-06
1.439930371240999852e-06,-1.050537629072000723e-06
1.380128215097069441e-06,-8.778954957422511165e-07
1.315101621645181152e-06,-7.219055391869606072e-07
1.245471455660978010e-06,-5.836368736333138717e-07
1.175205189464352638e-06,-4.653420242021189422e-07
1.102648042874298973e-06,-3.662397374066644104e-07
1.031206209294792393e-06,-2.865870276620650814e-07
9.615758658660493073e-07,-2.237241635359908894e-07
8.939190682712631029e-07,-1.765599269784346874e-07
8.294990240429851382e-07,-1.436863851005728811e-07
7.636507194865028493e-07,-1.244257274171711588e-07
2.590011739371555553e-07,-4.294277107460877169e-06
4.209323402966982932e-07,-4.293910313181197411e-06
5.824890736628447815e-07,-4.293556684542342341e-06
7.435735873578404728e-07,-4.293369572984021468e-06
9.043230173798791621e-07,-4.293568157135794909e-06
1.065158586829446739e-06,-4.294177755591964425e-06
1.226171313881634692e-06,-4.295149925313615129e-06
1.387615833202829245e-06,-4.296358233580610236e-06
1.549545732668034376e-06,-4.297594834521222409e-06
9.669044712272327628e-08,-4.137724667840096606e-06
9.666879862679646523e-08,-3.976918741554324722e-06
9.680191345216156379e-08,-3.811608893203537812e-06
9.746607369592091371e-08,-3.641689033738264739e-06
9.892802550780344722e-08,-3.467177260099507434e-06
1.014672631062191019e-07,-3.288046678048256981e-06
1.054457299370737139e-07,-3.104391259777724087e-06
1.112346002905130124e-07,-2.916638955543646198e-06
1.192971022658569727e-07,-2.724886958498517290e-06
1.298126458428367279e-07,-2.530026741681392519e-06
1.435414841875767003e-07,-2.332134963168864451e-06
1.609829171737545118e-07,-2.132061564428645897e-06
1.826023168989887482e-07,-1.931283200682748453e-06
2.093769435853892752e-07,-1.730429065843774690e-06
2.420251398049500737e-07,-1.530023900341037538e-06
2.824070295822359639e-07,-1.332313103051836646e-06
3.877350295134906129e-07,-9.424793696847284050e-07
4.353905924867989005e-07,-7.625204869961869698e-07
4.732238228914378478e-07,-6.019877211500565956e-07
5.110167403795033834e-07,-4.696503554030234023e-07
5.477155301444956365e-07,-3.577213509901451226e-07
5.809389403752037581e-07,-2.709810082980357015e-07
6.164969949947861414e-07,-2.011904286204437271e-07
6.439317751027884569e-07,-1.482832449131178921e-07
6.662818759159663745e-07,-1.066093584168921336e-07
6.752387315567224689e-07,-7.597031101016992875e-08
6.694332614714753238e-07,-5.567503438537443923e-08
6.443995459163799222e-07,-4.613939787009247750e-08
5.996442378518442056e-07,-4.540604155431507593e-08
5.372251305874844926e-07,-4.925639162393590063e-08
4.634053944177097577e-07,-5.331891018757367298e-08
3.879156439717527978e-07,-5.397551492642786365e-08
3.164023593923105972e-07,-4.919284727382828514e-08
2.567792267608836070e-07,-4.013716573693298459e-08
1.810153096434830346e-07,-2.228805022483651504e-08
1.583664976949143860e-07,-1.664438287552822684e-08
1.402361198133671140e-07,-1.277145060144004738e-08
1.259904844384449403e-07,-1.083213502742951823e-08
1.148743328218134678e-07,-9.289774944965382770e-09
1.053185741332473037e-07,-8.629929022923054840e-09
9.793582089975683713e-08,-8.662776498907052319e-09
9.223732253362665139e-08,-8.949190161870658696e-09
8.793159316805016095e-08,-9.983692075208910382e-09
8.479804231126475200e-08,-1.158939710471039119e-08
8.276188668400379485e-08,-1.364355601672084433e-08
8.162388288971304386e-08,-1.633265786860854857e-08
8.117085481846324641e-08,-1.974610046869918870e-08
8.115158284686042065e-08,-2.383152388321366652e-08
8.136376365294257405e-08,-2.846240739292264717e-08
8.157868221818639964e-08,-3.343613703365763809e-08
1.247270106589019920e-08,-1.408904137561431313e-08
2.301508622655859462e-08,-2.285404990975728856e-08
3.327196251055037575e-08,-2.880270133466090482e-08
4.251085692084302411e-08,-3.282268326181087979e-08
5.102093249344273817e-08,-3.546715393451072654e-08
5.857987086327419261e-08,-3.707752432585992427e-08
6.529048860506974818e-08,-3.791648520957667626e-08
7.119650188408169385e-08,-3.828428509784777907e-08
7.653224466716268025e-08,-3.843561190546991500e-08
0.000000000000000000e+00,0.000000000000000000e+00
0.000000000000000000e+00,0.000000000000000000e+00
0.000000000000000000e+00,0.000000000000000000e+00
0.000000000000000000e+00,0.000000000000000000e+00
0.000000000000000000e+00,0.000000000000000000e+00
0.000000000000000000e+00,0.000000000000000000e+00
0.000000000000000000e+00,0.000000000000000000e+00
0.000000000000000000e+00,0.000000000000000000e+00
0.000000000000000000e+00,0.000000000000000000e+00
0.000000000000000000e+00,0.000000000000000000e+00
0.000000000000000000e+00,0.000000000000000000e+00
0.000000000000000000e+00,0.000000000000000000e+00
0.000000000000000000e+00,0.000000000000000000e+00
0.000000000000000000e+00,0.000000000000000000e+00
0.000000000000000000e+00,0.000000000000000000e+00
0.000000000000000000e+00,0.000000000000000000e+00
0.000000000000000000e+00,0.000000000000000000e+00
0.000000000000000000e+00,0.000000000000000000e+00
0.000000000000000000e+00,0.000000000000000000e+00
0.000000000000000000e+00,0.000000000000000000e+00
0.000000000000000000e+00,0.000000000000000000e+00
0.000000000000000000e+00,0.000000000000000000e+00
0.000000000000000000e+00,0.000000000000000000e+00
0.000000000000000000e+00,0.000000000000000000e+00
0.000000000000000000e+00,0.000000000000000000e+00
0.000000000000000000e+00,0.000000000000000000e+00
0.000000000000000000e+00,0.000000000000000000e+00
2.401314606617759055e-07,-3.378271555953858795e-06
7.940576151227153362e-08,-1.513753262447459302e-08
4.620817598619167131e-08,-2.780627447035401638e-08
9.707802432845750085e-07,-4.147437527554672493e-06
2.620495333830256988e-07,-2.838622398949918182e-06
8.894134677604298352e-08,-1.030737710043020209e-08
4.718707376656736404e-07,-3.870351980033561312e-08
5.585809771072467194e-07,-3.668372727722996259e-07
1.543993501569268177e-06,-3.159034705646803841e-06
1.219876905637133277e-08,-3.721791336159035216e-09
1.858446929718925539e-08,-5.068326537362641639e-09
1.499339309520043672e-06,-2.343717682728175254e-06
3.546337774949306513e-07,-1.824506150936058367e-06
1.321245215447460886e-07,-1.526574969696474723e-08
9.450608743018378754e-07,-2.350171060681149552e-07
1.132331789773038114e-07,-1.381471749254346729e-08
1.101979307903585525e-06,-5.100710561314307472e-07
6.568083143304976331e-08,-1.653513738879961017e-08
1.917933315213788340e-07,-3.123081159885020873e-08
4.540088465517550613e-07,-1.233205396888011122e-06
6.970983135562957539e-07,-7.577471801148350162e-08
6.609043635033784918e-07,9.109673075936613407e-08
1.414619064412496883e-06,-1.727641149644858745e-06
2.872941688552809890e-08,-8.529435668484471332e-09
5.302197309694016985e-07,-8.132750830217940965e-07
2.735714045797516393e-07,-5.271718506826586359e-08
6.104068321150759049e-07,-2.609831673972218565e-08
5.965203012920241151e-07,-2.128423959586097895e-07
3.941956923911965412e-08,-1.277515993124420978e-08
1.313845400324688658e-06,-1.130769206669191536e-06
9.953726751581902596e-09,-4.494884755341825231e-09
1.563701733821540213e-06,-3.707210467214633716e-06
6.514116375397021733e-07,-1.192721123120474078e-07
6.697934872272554597e-07,-5.626854119607919546e-08
1.226267661309021251e-06,-7.878114763931581963e-07
5.296601088773305489e-08,-1.648354894770937299e-08
1.498297417845547639e-08,-4.120803500150374359e-09
1.517985309593350688e-06,-2.767156170130216480e-06
2.930162304102137107e-07,-2.420420321597399279e-06
9.960126125356019962e-08,-1.039661384257784788e-08
6.790749853869628556e-07,4.769234766439286687e-08
6.846665959665583345e-07,-7.540015505785378625e-08
2.265655252705854322e-07,-3.725535191140078940e-06
7.735406278578593268e-08,-2.165092853598105151e-08
6.884482420212904140e-07,-4.175175759018217253e-06
6.145231907930406096e-08,-3.212679451654894865e-08
7.197640897975330209e-07,-8.294205154598412569e-08
6.156371062700839823e-07,1.101301443648398548e-07
6.877844623917498477e-07,-5.424482235780483368e-09
6.844142891065409881e-07,-6.231376449960920419e-08
2.646431675490683753e-08,-1.900186524408584845e-08
1.306702298597381625e-06,-4.162909583128828756e-06
8.302953313100852301e-07,-1.413084900471712263e-07
1.862860389606363545e-07,-7.973555917726816212e-09
7.353419940887914456e-08,-3.331052282547560087e-08
3.332876274950013526e-07,-4.169387321862661033e-06
1.544656280971378675e-06,-4.049193170508599790e-06
8.089052414646184664e-09,-5.596783597967019278e-09
5.546522131082706506e-07,-4.590815824854702370e-07
6.080638532261332403e-07,-3.680241125387041895e-07
6.023951594966538077e-07,-2.902141220172925744e-07
6.563357600237936696e-07,-2.943247100412469480e-07
6.437282523212770225e-07,-2.301295474248221033e-07
6.822398544343872412e-07,-3.765410578783973381e-07
6.953689254247496250e-07,-2.326437754933769781e-07
6.749648394655796343e-07,-1.803031453464786350e-07
7.232369425270658091e-07,-1.823985979962231746e-07
7.596723838909451347e-07,-2.375215795188883426e-07
6.331467240733004343e-07,-1.826629373605230922e-07
6.655490377666959235e-07,-1.402310905081547477e-07
6.425738219422775734e-07,-1.395411637599558172e-07
7.801472174114447957e-07,-1.871156959374466187e-07
7.412236516254863167e-07,-1.436276445908800194e-07
6.658699658831623418e-07,-1.101401293026872869e-07
6.529692555741512254e-07,-1.099274590363048773e-07
6.334389776608739332e-07,-1.353680959462087780e-07
6.501113412395854761e-07,-1.063439971513065326e-07
8.325329802044670447e-07,-2.451036059552014291e-07
8.117455919808223243e-07,-3.077591989772657453e-07
8.989056217831691421e-07,-3.179345849370980606e-07
8.900881701348379346e-07,-3.938377237962089425e-07
6.877222497670604628e-07,-1.104610353301932093e-07
7.882846568911948798e-07,-1.495619694414283546e-07
6.340911757584867264e-07,-1.319560709253118243e-07
6.538442288045014326e-07,-9.799990708449324134e-08
7.515865839199433875e-07,-1.155999041325059154e-07
3.909207607432186436e-07,-5.028752136879636801e-08
4.183074958151585255e-07,-3.518165050290296032e-08
3.524473271530558371e-07,-4.585113947050697574e-08
3.688352173374602290e-07,-3.363412200815690855e-08
4.380643060398796836e-07,-1.944367706272821427e-08
3.863295751306219427e-07,-2.005668126204060379e-08
4.586876922490599585e-07,-3.176007170958229682e-09
4.106781808840448833e-07,-4.008979021799981536e-09
3.036286003607544326e-07,-4.312918813693580209e-08
4.859180624391014138e-07,1.567562611643408607e-08
5.265097053663900401e-07,1.398137008281238309e-08
3.289665545638079536e-07,-2.002055817811415346e-08
4.407194648482132939e-07,1.537992343356952190e-08
5.540325252978984629e-07,3.527072239897301507e-08
5.835392217308338732e-07,2.682823360008728619e-08
2.898313691272748380e-07,-5.132267647467804285e-08
2.437306423087059475e-07,-4.682570994757728848e-08
2.359088135733514751e-07,-5.144765750866436638e-08
1.903497933560387559e-07,-4.469058431776260959e-08
1.878382258857644418e-07,-4.696066875752581716e-08
2.520656737057595318e-07,-3.928083543855373357e-08
5.668196620039488485e-07,8.274264516315292319e-09
6.097540534407051566e-07,1.606734996932294813e-08
6.081295742680982857e-07,4.755819065521470886e-08
1.448352289851397299e-07,-3.896605739408623574e-08
1.461890374768865256e-07,-3.963645523315102118e-08
1.821005750017853510e-07,-4.516386014962819312e-08
1.449441140436505135e-07,-3.789056851671659363e-08
1.720715299017092078e-07,-4.030453146945070836e-08
1.404366277752874822e-07,-3.379492384112966145e-08
1.120565952593273246e-07,-3.022461730195543488e-08
1.115168240394324033e-07,-2.750115582103544708e-08
1.337339156151699940e-07,-2.864266475997727582e-08
1.086860738321418017e-07,-2.408344306978079791e-08
8.214936094753715081e-08,-2.271966186130547765e-08
1.256122769805906096e-07,-2.359187939017444596e-08
1.042289403348187904e-07,-2.056388794568719400e-08
8.589930724241538569e-08,-1.971744861575851647e-08
8.454481247695350585e-08,-1.753690883226624528e-08
9.914636684276399127e-08,-1.746410499420182833e-08
8.237593216561472809e-08,-1.554551632798577869e-08
9.417929844055322598e-08,-1.504854939914960200e-08
7.978160806503979553e-08,-1.391427763199467330e-08
6.664914613172277225e-08,-1.351415784611863461e-08
6.610592630553846172e-08,-1.260542163201104410e-08
7.726974479678463756e-08,-1.278881787799024699e-08
6.546712881363642433e-08,-1.208598627793116744e-08
7.506945851839323209e-08,-1.217065217559146538e-08
6.470785693172227245e-08,-1.193292121244524143e-08
5.418325048385801865e-08,-1.116649948670277811e-08
5.482468952315094060e-08,-1.146533412235970878e-08
6.427541619278250024e-08,-1.232582439931869692e-08
5.561890468049963165e-08,-1.232344591766690410e-08
6.434530454416537411e-08,-1.337452045636526647e-08
5.660343664130099984e-08,-1.382708053372630708e-08
4.714340954092474478e-08,-1.211167050208913435e-08
4.902725819261009989e-08,-1.411154437500266270e-08
5.791198943797512337e-08,-1.616173854736222486e-08
3.894544164917889585e-08,-1.165570293532974576e-08
4.163286684363912110e-08,-1.419833951646298184e-08
7.191318416098539704e-08,-1.274387532367906225e-08
4.366876706116305201e-08,-1.000975245789514576e-08
6.519348998222254947e-08,-1.556136000878754509e-08
3.653941778551261118e-08,-9.978802149674891731e-09
5.297146428484718186e-08,-1.145853942808417211e-08
2.785398466442885392e-08,-8.797795814515702737e-09
1.477203556548533403e-07,-2.629871295552104654e-08
4.085766934426971024e-08,-9.466552020595287612e-09
8.536283093948766568e-08,-1.219479873263194565e-08
1.088566642703857070e-07,-1.585332248589439505e-08
7.119559481969669995e-08,-1.401242043087576376e-08
7.765191582705192523e-08,-1.284580317825305921e-08
1.388737136836092901e-07,-3.517895877137341014e-08
5.069567056843996632e-08,-1.177991671241254507e-08
3.064369739473923632e-08,-7.764934169252134171e-09
5.770145754513960097e-07,5.472219304328761602e-08
1.008860918315633133e-07,-1.351621234286088447e-08
7.918632919488289946e-08,-1.194995272421155265e-08
2.063611912458430101e-07,-4.614159432521624221e-08
9.816367922379001391e-08,-2.920690336105461992e-08
6.518027726759104247e-07,-3.588490628432508121e-08
6.595893347112621007e-07,-3.029419335872414926e-08
6.691234766669058937e-07,-5.275568235455901574e-08
6.672016120450329995e-07,-2.439440856713160561e-08
6.726669465209012149e-07,-4.416621181218694253e-08
6.668116086935028089e-07,-7.235279672282524083e-08
6.719247699897676725e-07,-6.097170289590668472e-08
6.802322839201682802e-07,-3.648723240246666157e-08
6.187196106221867666e-07,-1.687252814082602297e-07
5.477679231986949477e-07,-2.865436652805047118e-08
6.504459041982392955e-07,-6.832675314722702941e-09
6.650382898321422853e-07,1.585639576208265187e-09
5.494687027638919644e-07,-6.518273493357009147e-07
6.493349274080690649e-07,-6.942106547253620217e-07
6.550650321179646705e-07,-8.594632215958783402e-07
7.643309422755514032e-07,-7.496230105979691808e-07
7.915290405252606480e-07,-9.094416201476542768e-07
8.890004202135694261e-07,-8.070946804709689988e-07
9.268221852575202194e-07,-9.775255291198923520e-07
7.963863781493200929e-07,-1.094859215756580479e-06
9.759522168671289552e-07,-1.161919851009304822e-06
8.572265347859237891e-07,-1.289687680566553979e-06
1.019514342230509511e-06,-1.354438454866621697e-06
8.949411753713974438e-07,-1.485457796969147160e-06
7.331784056779863890e-07,-1.428002832289534104e-06
7.632837118610010017e-07,-1.624263683192782085e-06
9.333506371416082496e-07,-1.685411536815659815e-06
7.989112566248738358e-07,-1.824153069746653562e-06
9.737103331178618740e-07,-1.886752480868915700e-06
8.384544661235715137e-07,-2.025327464894011939e-06
1.015735377946323817e-06,-2.088520359518303956e-06
8.813964313828385783e-07,-2.226724015899658869e-06
1.058766051661307334e-06,-2.289684260118624364e-06
9.245342647432488493e-07,-2.426504152657709863e-06
1.102666601062318032e-06,-2.488239741504385897e-06
9.662794842731084909e-07,-2.623828083899251355e-06
7.898448405959980754e-07,-2.564581119085197739e-06
8.315714562094307113e-07,-2.758518425462457290e-06
1.006703280924025775e-06,-2.817098936625571999e-06
8.733948216750250460e-07,-2.949336826890365716e-06
1.046616423418953327e-06,-3.007234865260844995e-06
9.130895925837827650e-07,-3.136028624024990638e-06
7.419411590137538635e-07,-3.080798558047450642e-06
7.818601086327871956e-07,-3.265259730946369720e-06
9.514337348099189110e-07,-3.319022003986523382e-06
8.229171074474777657e-07,-3.444500315155267695e-06
9.886360836924224048e-07,-3.498235184714565428e-06
8.615979339367648173e-07,-3.619899573823694961e-06
1.025758343226797908e-06,-3.672930961889742036e-06
6.965452411936155541e-07,-3.568114149973513768e-06
1.110818694195916038e-06,-3.378113562607811960e-06
7.352727973104590427e-07,-3.739459534589714402e-06
7.019417829225179326e-07,-2.167885510821291388e-06
8.568137421579225985e-07,-6.548884536275562382e-07
6.122478886889327735e-07,-3.211488802960652162e-06
6.575003195361323069e-07,-2.702414307972583635e-06
5.711622593715670191e-07,-3.027305688777050340e-06
1.147086662774965582e-06,-1.954282296945487204e-06
5.689097421649477491e-07,-3.689299765756570122e-06
1.182412650517988641e-06,-2.876918870146698469e-06
1.239593698194942057e-06,-3.087712763348841119e-06
5.326280616780446129e-07,-3.519093162524144706e-06
6.109063052829752309e-07,-3.853633247269700211e-06
7.761496739598396868e-07,-3.907845067673577741e-06
6.158295040720706224e-07,-2.511405176106005258e-06
5.759142349609735228e-07,-1.563645468920319006e-06
4.238895902673758107e-07,-3.152715669832779384e-06
9.913139462438835706e-07,-7.199070982385551833e-07
9.361110171705274979e-07,-5.786919330399426061e-07
8.189899323661546828e-07,-5.214555384463041737e-07
6.439813584233145914e-07,-5.621567434143973070e-07
1.059794008503025838e-06,-1.014999339428846277e-06
4.769893310013640342e-07,-2.648193906082542546e-06
4.524143545873227765e-07,-3.814840903293970539e-06
4.879635192414433965e-07,-3.964441525197711329e-06
3.272266908231285224e-07,-3.924431459431623368e-06
3.276648983429957119e-07,-5.594475769689990528e-08
1.132119476736342795e-07,-1.310650604178202849e-08
5.762383141232182556e-07,-2.741718548754207549e-07
6.014013111298382556e-07,-2.089124363905027870e-07
1.057305629519860551e-06,-6.125337066699001896e-07
1.365612302341113770e-06,-2.922259449626887102e-06
1.233261933820017458e-06,-2.356017965187637941e-06
1.285240363489488673e-06,-2.553892576052480025e-06
2.309516480256148282e-08,-6.823519366032429756e-09
1.792459636821518834e-08,-6.003188416229007065e-09
6.284943918154695136e-07,-1.265408472763130419e-08
6.665129151255485371e-07,-8.340261275682726481e-08
6.279031259065906507e-08,-1.634528444316157277e-08
7.890201028206248488e-07,-1.250818610159940798e-07
6.809599791505494201e-07,-5.263549064127134489e-08
5.275265843810874378e-07,-1.006179862333550778e-06
6.206571223165110556e-07,-1.124636531338841191e-06
6.675714825208217831e-07,-8.634538879644266159e-08
9.830455008616286349e-07,-4.047905277521888876e-07
9.911010229788082210e-07,-3.362250077355035702e-07
6.444546537252009902e-07,1.865748054964165517e-08
5.807766771863927825e-07,-1.344481390173004407e-06
7.892357949349970353e-07,-3.990504828335369774e-07
4.068671861099613401e-07,-2.940589920998531272e-06
1.360690640826830347e-07,-2.016940498724505383e-08
4.920335858884500796e-07,-2.109251037702297576e-08
1.558761437164601465e-07,-2.219435152450694085e-08
1.987702512341944816e-08,-7.311537104342004283e-09
8.380086908240061816e-07,-1.614405758198537144e-07
7.755187555801330597e-07,-1.115993881618029039e-07
7.222349698418368518e-08,-2.171377690956719919e-08
4.458476908368198576e-08,-1.343925541572170487e-08
6.477482125514500396e-07,-1.128370825586108432e-07
4.940804690278935842e-07,-3.339478893564167510e-06
4.076008090247960625e-08,-1.099469385218897901e-08
5.414356755418556228e-08,-1.548572354702599210e-08
4.666895385149663960e-08,-1.159856086241987699e-08
6.303963052590829969e-07,-1.768090312363922907e-06
6.650841851366689888e-07,-1.969254338975028620e-06
5.013296339467267088e-07,-2.135360134099171399e-06
5.745398077564631516e-07,-2.330128245669819051e-06
5.124613039480104045e-08,-1.705869550780774586e-08
5.964884927581657431e-08,-1.947046302343379216e-08
6.546827880998080481e-08,-1.783169256384001632e-08
5.376033092135540218e-08,-2.109742756212016472e-08
6.669313984428034331e-08,-2.140592384505081920e-08
7.259710189171134840e-08,-1.912116843183643183e-08
7.106753058322645546e-08,-1.599333556147431190e-08
1.337776434194592889e-06,-1.324693430110511423e-06
1.448867386046856457e-06,-1.933017025155527731e-06
1.544629842217247478e-06,-3.341569892784030593e-06
1.386019332751199406e-06,-3.239317110847089775e-06
1.386477043335112735e-06,-3.431446452839287075e-06
6.727170317384132351e-07,-8.898231736541765737e-08
7.079033192161640806e-07,-7.730251977182383601e-08
6.439368050858704912e-07,1.057202998528457199e-07
5.593562381718924848e-07,7.549732701670495814e-08
4.907143145525335247e-07,5.924527539072895033e-08
4.400102296574929315e-07,3.084401719422188564e-08
5.575846765721763300e-07,9.620479261337640082e-08
9.293268338634808949e-08,-1.558466839513305500e-08
1.954897761867445534e-07,-1.996788543437854978e-08
1.765485088659667709e-07,-2.658607302688015457e-08
2.371587095953938213e-07,-1.313155746752438718e-08
2.931878384776303242e-07,-1.504103032445982688e-08
5.288483959719379364e-07,4.973887452909340552e-08
1.062309752477377169e-06,-1.553963401420696676e-06
1.192411657144142188e-06,-1.433411252787930864e-06
1.156799028361762852e-06,-1.201322603224612576e-06
1.380697039586435983e-06,-1.527704991547499228e-06
6.716715152350765990e-07,7.073196211750603078e-08
7.308561683726860171e-07,-3.022966239102296843e-07
6.852190347709328939e-07,2.239369079955140267e-08
6.836167598973506472e-07,-7.173782826518641655e-08
8.380944835285741211e-08,-1.145029309590010816e-08
3.360812965236987317e-07,-2.028205269522376937e-06
9.007413140875534080e-07,-3.792526494708051650e-06
1.062337158198619574e-06,-3.844088368521556635e-06
1.188234812378993224e-06,-3.726886722662567975e-06
1.221179086793101936e-06,-3.891717891933189052e-06
1.339057031975401748e-06,-3.766662720259606864e-06
1.394978372087001810e-06,-3.927299344266478072e-06
1.094601470917487990e-06,-4.007329736259855335e-06
1.293075606048525437e-06,-3.591507657520962931e-06
9.380797422518616043e-07,-3.966044427158367343e-06
8.086439290932626473e-07,-4.068566334196032599e-06
4.465773090385727936e-08,-1.783696181253628010e-08
3.453860493864302335e-08,-1.407008152769340548e-08
3.832459715805191557e-08,-1.889897523020576869e-08
2.658944082597497897e-08,-1.313690777118233523e-08
4.862497727157409842e-08,-2.316076197441445825e-08
5.754737011987064477e-08,-2.637744778171771600e-08
6.189415336864729133e-08,-2.365359175922037316e-08
6.833112085072124974e-08,-2.576463270760527372e-08
2.254623949481216219e-08,-9.451777173808647060e-09
1.502904470625854228e-08,-7.789582059207581212e-09
1.480097995450075249e-06,-2.138712512451995440e-06
1.560047374305292062e-06,-3.526989663369486519e-06
7.725976409435315316e-08,-2.591175845438619198e-08
1.236257373588019993e-06,-1.634097016500914456e-06
1.477423242837776424e-06,-2.565496932764070019e-06
1.689342893613973656e-08,-4.620584487180262605e-09
3.007449555853616988e-08,-7.542964012865224656e-09
1.568366009351805310e-08,-4.450869770145022923e-09
1.276784808270167669e-06,-9.486549515746159029e-07
1.118760394609344167e-06,-8.612732401552539753e-07
4.590497758419276966e-08,-1.464755851894682646e-08
2.317732473058306320e-08,-6.422984821605108874e-09
6.480427928686899796e-07,4.753993524114714671e-08
6.947782543026389405e-08,-1.974747044871662265e-08
7.974783542827260746e-08,-1.688620821186775215e-08
1.416839664781331803e-07,-2.896567639912810417e-08
6.891916444051106335e-07,-7.573407720727245269e-08
8.139948365973530634e-08,-1.170954866422491533e-08
9.020059618645131940e-08,-1.103365892689374791e-08
2.509035181422720013e-07,-3.200925519762365712e-06
3.077500275301733584e-07,-2.630106757906567796e-06
3.102218433571487916e-07,-2.228361156817268462e-06
3.882857378432281141e-07,-1.625529109838218691e-06
1.564957228556899713e-06,-3.881876374852858104e-06
1.598847240778480553e-07,-3.338848077669207065e-08
7.796886232347631455e-08,-1.799688711356005883e-08
2.392450381552492028e-07,-3.554454653203847961e-06
3.904618877235049243e-07,-3.654321040518006370e-06
1.431326074587737890e-07,-1.098593122585906833e-08
2.893921316225010039e-07,-9.699896805035198303e-10
1.170521802463239302e-07,-1.919025903249658938e-08
8.930399107791530232e-08,-1.323052505669605796e-08
2.213791246105345851e-07,-5.138219394323798501e-08
3.668469324131535094e-08,-2.296278347550292111e-08
1.143777775081487657e-06,-2.683833003629694887e-06
1.084518960152311677e-06,-3.192454424749685763e-06
1.184011955350730797e-06,-2.157567891376382467e-06
6.568254555767774667e-07,-3.391316107132874610e-06
8.378273724767712629e-07,-1.943429753448171045e-07
6.458343441505361133e-08,-1.514484285088281479e-08
7.029583160575786217e-07,-8.889557640783512891e-08
3.584384114315004261e-08,-8.820799998710183041e-09
7.483701117346521126e-07,-2.367255827648294599e-06
7.010598906984592691e-07,-2.892897320428929745e-06
6.768043987760301370e-08,-3.319424153817881419e-08
5.069751206925699615e-07,-4.133861825852473694e-06
3.087547355311956752e-08,-1.086165753160198525e-08
8.107275831929008496e-08,-1.298797115722362946e-08
1.855076137634202024e-07,-3.882449656093196213e-08
2.255952938068095035e-07,-4.344103845948874915e-08
5.701329195082077358e-07,-9.558348811189501081e-09
4.546265713397480558e-08,-1.082799135082156485e-08
3.162513940421975574e-07,-3.210896747160986544e-08
5.341936243614633674e-08,-1.118392651328302260e-08
6.669145289535511471e-08,-1.456133480330677494e-08
8.586572645172709924e-08,-2.172460805046295904e-08
1.094844006015209352e-07,-3.147719346997518841e-08
1.322564161283169849e-06,-2.741760888557981842e-06
2.992943209039422613e-07,2.898714346023312613e-09
1.141774425727751118e-06,-3.552245245369765634e-06
7.302540967439298996e-08,-1.211699583495874932e-08
1.103202398660428302e-06,-1.754102134545882853e-06
6.142551475698221659e-07,-1.700282060803902543e-07
2.741257198679814109e-07,-5.573324924579104470e-08
5.375014452712813492e-07,-2.830758759808313029e-06
6.672811035784812650e-07,-8.760477226511169344e-08
7.441262830338672854e-07,-6.033314394348610196e-07
2.020354616815012625e-08,-1.237672719606346531e-08
6.695780823789571623e-07,-7.330643363485508882e-08
3.410435924864534788e-08,-8.803757227085363425e-09
6.848645516865227955e-07,-8.855421603117748558e-08
6.995801850190783098e-07,-1.410577106278911227e-07
3.500217065807778826e-07,-1.057016954864420256e-09
1.535687194240161258e-06,-2.966155428325544584e-06
6.759961540798134693e-07,-1.640525141000002570e-08
7.259824910684158865e-08,-2.320357028641283138e-08
9.109866870920888193e-07,-2.524188504045297442e-07
2.569069838761916892e-07,-3.074008556506696180e-08
9.501452219136075101e-08,-1.194418901764974627e-08
7.141368831592573712e-07,-4.800601243930941721e-07
5.097281558291509467e-07,-4.037248988149379566e-09
1.145379183579919470e-06,-4.161864403903511049e-06
5.410157290184261579e-08,-3.015434921185219987e-08
6.670077942345851726e-07,2.664247213155367256e-08
7.753197983856675925e-08,-3.068202773719741245e-08
2.321656313748589314e-07,-4.049078553920722626e-06
1.460812781950754401e-06,-4.175445382291810004e-06
1.594516605352194546e-08,-1.277344610693007075e-08
9.826295678188489013e-07,-4.946572554898441881e-07
7.316974294390805569e-08,-2.795868388305142915e-08
1.070964244252798219e-07,-1.060838714257859503e-08
7.181286785621841392e-07,-1.109815220312669050e-07
3.756494281174872765e-07,-3.455667500963857912e-06
4.216189370897562116e-07,-1.435089541871711567e-06
1.690451195894440316e-07,-2.869343235787164816e-08
6.904959797483450536e-07,-2.972545284877895841e-08
1.276206295733558720e-06,-1.837584391840888585e-06
4.962036543498971639e-07,-1.911071042159037630e-06
7.181351475194408061e-07,-1.253087247365619362e-06
6.197095794641947974e-07,3.210240505015375909e-08
6.543172170889594383e-07,-4.002739837826511250e-06
1.311897314309484755e-06,-2.040420307121833889e-06
1.177158670166536769e-06,-6.470499781720561482e-07
1.223113196799684121e-07,-1.619477935908424182e-08
6.604564999123333956e-07,-8.639607913848820296e-08
7.337218443375752407e-07,-9.331657279351314101e-08
7.257402482702852342e-07,-9.157983817812691090e-08
2.603951266115668179e-07,-3.025470142081800498e-06
1.071475721311565134e-06,-4.119467752850527725e-07
1.241767968950657657e-06,-3.295700958293967375e-06
4.573871508089288322e-07,-2.477318815655346579e-06
6.433926223475927298e-08,-2.820527143739998930e-08
8.995010523703909831e-09,-3.450077416251878615e-09
7.616394539979643292e-08,-1.449102329352034156e-08
8.918651344022178655e-07,-1.843704941194968087e-07
1.871504224923780028e-07,-3.837711398506017523e-08
1.209568180436080262e-07,-2.906374546916879282e-08
1.013550440484434132e-07,-2.893324545321158636e-08
6.334030209634686278e-07,6.847862849169080827e-08
2.514715350023887628e-07,-2.389223968262140362e-08
7.370259020035091650e-08,-2.254796886702874571e-08
6.222085572224084760e-07,-1.660016619958952498e-07
6.204791715310798825e-07,-4.554942055107371153e-07
9.401874081121805119e-08,-9.735553657937627925e-09
2.605328651582957549e-08,-8.001369908831061715e-09
1.019852820785572040e-08,-3.363828917633306919e-09
7.497195802295407185e-07,-9.918587370758625869e-08
2.369497998736082748e-08,-6.548604930221032326e-09
6.110227555507538615e-07,-2.322374288342603069e-07
1.343881168522787718e-06,-2.239785313171592899e-06
6.585059606773622368e-07,-9.648667600986118235e-08
3.480359281511971784e-08,-8.949996140986800496e-09
1.251902941021421895e-06,-4.036476913310242568e-06
1.881161879375021791e-08,-5.389643755122154196e-09
6.032978918461778494e-07,7.853973331779468971e-08
2.667642037774537576e-08,-6.834863027746636932e-09
1.409633948710524831e-06,-3.079512317209436108e-06
6.777834330795901116e-07,5.249185044118759721e-09
1.234671731425276247e-06,-3.449859170071216528e-06
7.471168252710898834e-07,-1.075482788571975351e-07
9.970378913306444584e-07,-8.725357552440616481e-07
2.044146412824870917e-07,-3.891160900556682070e-06
2.041410537279287147e-07,-3.414210243716340693e-08
6.016134753838906357e-07,9.164392771374667228e-10
7.552214656706243891e-08,-1.656752065003306746e-08
6.916923118229810635e-07,-4.614219649747348795e-08
3.429595124849963734e-07,1.965606502642255916e-08
1.711147756083354215e-07,-2.379035572276363575e-08
4.887708720668192415e-07,-1.725357289626591774e-06
6.852859143412966450e-07,-9.918322119652796282e-07
1.594382169017223509e-06,-4.187427959943597473e-06
1.223260977306606399e-07,-1.285431708567498441e-08
1.442525051751849401e-06,-3.630407742685703164e-06
3.459368055017262451e-07,1.357202036944673801e-08
7.171115496934580897e-09,-6.522867531962042009e-09
6.366718095004718459e-07,-1.400146308109068676e-07
8.881228362004909568e-07,-4.783386497114955558e-07
2.125285477168620436e-07,-4.180203850034279006e-06
7.797934733475437016e-08,-3.473448851884939847e-08
1.369682473501780879e-06,-2.431405328298498624e-06
6.177912948759536306e-09,-3.444405947487998530e-09
9.947953031122030622e-07,-2.912965683465904359e-07
3.287983007224271548e-07,-5.325704805945921857e-08
4.276237077719671015e-07,-2.317806414448840471e-06
3.565508691260075616e-07,-3.287838950989354535e-06
4.350273505267012405e-08,-9.945055033344653079e-09
5.184299695999770054e-07,3.549992049103317328e-08
3.793649690040064155e-07,-4.040752672152552937e-06
1.108602594073477515e-06,-7.294859471401276428e-07
1.189550354681065227e-06,-1.028363741367891869e-06
8.447093463632779867e-08,-1.125197879107074109e-08
1.445473458646360237e-07,-1.714405733523901038e-08
4.074818205791788197e-07,-2.776160191348105875e-06
2.996968701848194046e-08,-1.749121135730472078e-08
2.401861902651030800e-07,-5.150866179615677619e-08
6.293549845283373646e-07,2.227054237645336030e-09
3.693484792655931067e-07,-5.137450929669495110e-09
8.829349115557675983e-07,-2.000937552269756101e-07
3.091745388987776001e-08,-9.823012716069545539e-09
6.950257488522895858e-08,-2.967408211032115561e-08
7.901444883737937151e-07,-1.230736978811877444e-07
1.467243469535775377e-06,-3.789342850142446468e-06
1.020401569148029310e-07,-1.186029614385409198e-08
5.669589503249721233e-07,-5.428923191600180837e-07
1.391710215165888278e-06,-4.070360314322549148e-06
3.278879637452795434e-07,-3.804388870960356657e-06
8.234121231469756328e-07,-4.200182019734345516e-06
