Size 674,2
7.999999999999999638e-07,-9.662572037123165556e-08
0.000000000000000000e+00,0.000000000000000000e+00
1.851490774899501734e-06,-4.439913997633281110e-06
1.740203639692749281e-07,-4.435163947572543545e-06
4.211910492614427230e-07,-1.156877466244709605e-06
2.416310252440363195e-07,-3.302502809979664950e-08
9.218989648858068768e-08,-4.212505531946323004e-08
0.000000000000000000e+00,0.000000000000000000e+00
7.999999999999999638e-07,-7.797335252220830490e-08
7.999999999999999638e-07,-6.333430177552243871e-08
7.999999999999999638e-07,-5.399215489605450340e-08
7.999999999999999638e-07,-4.979081903227307117e-08
7.999999999999999638e-07,-4.899163167759445946e-08
7.999999999999999638e-07,-4.903337013075309312e-08
7.999999999999999638e-07,-4.711241528760843768e-08
7.999999999999999638e-07,-4.078376170713416304e-08
7.999999999999999638e-07,-2.828429017519402824e-08
7.999999999999999638e-07,-9.914058248644204497e-09
7.999999999999999638e-07,1.363395734588762559e-08
7.999999999999999638e-07,4.015619349506568189e-08
7.999999999999999638e-07,6.701784308997539775e-08
7.999999999999999638e-07,9.250320455902126094e-08
7.999999999999999638e-07,1.160883964138856370e-07
7.999999999999999638e-07,1.379349358170114789e-07
7.999999999999999638e-07,1.592472036347880024e-07
7.999999999999999638e-07,1.839043033573450860e-07
7.999999999999999638e-07,2.152655871538351600e-07
1.851255086357794642e-06,-4.270867566057319916e-06
1.850965723465210195e-06,-4.097254927329377454e-06
1.850452027155896676e-06,-3.918585164384558066e-06
1.849314374650178115e-06,-3.734733880006240176e-06
1.847196202920395805e-06,-3.545692117249344356e-06
1.843776902019661006e-06,-3.351687559949184595e-06
1.838664466435271943e-06,-3.152676867520132389e-06
1.831349378084268890e-06,-2.948936519410414846e-06
1.821374554331898067e-06,-2.740924727407659914e-06
1.808384877105583723e-06,-2.529778202808312346e-06
1.791198429459358267e-06,-2.315598755767229890e-06
1.769366215115893909e-06,-2.100063682045079717e-06
1.742287606669612331e-06,-1.884561869533529946e-06
1.709252449233763172e-06,-1.670901126262891943e-06
1.669581329679647381e-06,-1.461312421826841741e-06
1.623135433249401299e-06,-1.259082823808365250e-06
1.568694262675400834e-06,-1.066913472614879915e-06
1.506576196677009241e-06,-8.876527458565768802e-07
1.439036057408120529e-06,-7.256831765184970875e-07
1.366718443638932267e-06,-5.821123587975491169e-07
1.293742647017102875e-06,-4.592781626350416410e-07
1.218388886526493209e-06,-3.563644708473126385e-07
1.144191044262392707e-06,-2.736353729158685100e-07
1.071866232069769646e-06,-2.083280883169817643e-07
1.001576022641228844e-06,-1.593106721523367755e-07
9.346289186379633961e-07,-1.251335818055977394e-07
8.661783191840771816e-07,-1.051004791520098548e-07
3.425618439455792817e-07,-4.434984855658552560e-06
5.107459400661525655e-07,-4.434617100566090386e-06
6.785414708874918187e-07,-4.434271870553031909e-06
8.458464434973552290e-07,-4.434108377703436121e-06
1.012803448805042643e-06,-4.434353589997604431e-06
1.179850286486170441e-06,-4.435033947455956459e-06
1.347080810402951615e-06,-4.436099640337336949e-06
1.514759376545015838e-06,-4.437419060119552948e-06
1.682942011006225318e-06,-4.438776530737848659e-06
1.739842718648200652e-07,-4.272384446074506361e-06
1.739614382764224847e-07,-4.105373041639608602e-06
1.740997967246942896e-07,-3.933687285105487431e-06
1.747889217410287018e-07,-3.757216442784377848e-06
1.763063263112686554e-07,-3.575979893879716937e-06
1.789421183142841302e-07,-3.389950021588366464e-06
1.830717840615653428e-07,-3.199223601898239652e-06
1.890810321227508842e-07,-3.004245983378391652e-06
1.974506663456700348e-07,-2.805118096772311555e-06
2.083661336137538339e-07,-2.602765526904584577e-06
2.226177462477911710e-07,-2.397268457909898184e-06
2.407232579067028815e-07,-2.189508098471520695e-06
2.631658233702628062e-07,-1.981019005155471181e-06
2.909599738225578384e-07,-1.772454448195067778e-06
3.248510786569513887e-07,-1.564357990989995672e-06
3.667706522285738830e-07,-1.359061501533110507e-06
4.761075532639348415e-07,-9.542745744779624844e-07
5.255747421118163529e-07,-7.674138128722634896e-07
5.648480617687154732e-07,-6.007333662628784098e-07
6.040930821000089299e-07,-4.633650519264643024e-07
6.422206308208255876e-07,-3.472600519976251618e-07
6.767557941951778538e-07,-2.574265318269057096e-07
7.136901659277816006e-07,-1.854001811014194641e-07
7.421658956891201908e-07,-1.312044666750005138e-07
7.650494900843948038e-07,-8.912811187274037875e-08
7.734878774631006009e-07,-5.913872743648661272e-08
7.655698596896113019e-07,-4.070760998291652109e-08
7.361692144017354065e-07,-3.428388526009972155e-08
6.844975305251837290e-07,-3.752868735358035882e-08
6.128150300077309507e-07,-4.550216585063010004e-08
5.282357024679451487e-07,-5.306744709630847481e-08
4.418720590203833483e-07,-5.605349135677756326e-08
3.601419503507743168e-07,-5.221456204061073728e-08
2.920489948102289172e-07,-4.294216685162192853e-08
2.055966253894217837e-07,-2.359717785509098309e-08
1.797386931318031610e-07,-1.737181176150898112e-08
1.590520553520222356e-07,-1.307069140447524823e-08
1.428046208490023107e-07,-1.091841414225826715e-08
1.301292097348216262e-07,-9.182976045077458150e-09
1.192363130292025663e-07,-8.436118407239281160e-09
1.108203881312914306e-07,-8.462941926021251589e-09
1.043225203546659495e-07,-8.770908521634234146e-09
9.940930484221027709e-08,-9.922349154391568775e-09
9.582804504437643395e-08,-1.172094207656239414e-08
9.349525521547414685e-08,-1.402850750493521556e-08
9.218458204134679534e-08,-1.705541590460694082e-08
9.165394917813503399e-08,-2.090411426693501820e-08
9.162000534084619110e-08,-2.551927022552673598e-08
9.185279981039086523e-08,-3.075959199220327460e-08
9.209283804087962072e-08,-3.639790633223003476e-08
1.390440157553124203e-08,-1.560167954401146310e-08
2.574321579347415073e-08,-2.527983223282553582e-08
3.730452057853084309e-08,-3.181516321361280852e-08
4.774535460520636635e-08,-3.619659539801199038e-08
5.738272450575877675e-08,-3.904973011627022303e-08
6.595724504298067681e-08,-4.075599640506415519e-08
7.357890828208720748e-08,-4.161301564026697534e-08
8.029211630673473011e-08,-4.196025683954861913e-08
8.635855579691944698e-08,-4.208785227129975466e-08
0.000000000000000000e+00,0.000000000000000000e+00
0.000000000000000000e+00,0.000000000000000000e+00
0.000000000000000000e+00,0.000000000000000000e+00
0.000000000000000000e+00,0.000000000000000000e+00
0.000000000000000000e+00,0.000000000000000000e+00
0.000000000000000000e+00,0.000000000000000000e+00
0.000000000000000000e+00,0.000000000000000000e+00
0.000000000000000000e+00,0.000000000000000000e+00
0.000000000000000000e+00,0.000000000000000000e+00
0.000000000000000000e+00,0.000000000000000000e+00
0.000000000000000000e+00,0.000000000000000000e+00
0.000000000000000000e+00,0.000000000000000000e+00
0.000000000000000000e+00,0.000000000000000000e+00
0.000000000000000000e+00,0.000000000000000000e+00
0.000000000000000000e+00,0.000000000000000000e+00
0.000000000000000000e+00,0.000000000000000000e+00
0.000000000000000000e+00,0.000000000000000000e+00
0.000000000000000000e+00,0.000000000000000000e+00
0.000000000000000000e+00,0.000000000000000000e+00
0.000000000000000000e+00,0.000000000000000000e+00
0.000000000000000000e+00,0.000000000000000000e+00
0.000000000000000000e+00,0.000000000000000000e+00
0.000000000000000000e+00,0.000000000000000000e+00
0.000000000000000000e+00,0.000000000000000000e+00
0.000000000000000000e+00,0.000000000000000000e+00
0.000000000000000000e+00,0.000000000000000000e+00
0.000000000000000000e+00,0.000000000000000000e+00
3.229480703506823375e-07,-3.483653044843759291e-06
8.969465363827743765e-08,-1.572669448918547644e-08
5.196858730413304712e-08,-3.044897952181860453e-08
1.081814463620508610e-06,-4.282599236218429113e-06
3.456966554065341192e-07,-2.923232498415955183e-06
1.005864095791269341e-07,-1.032219209405101769e-08
5.371678339370379396e-07,-3.388170324723552347e-08
6.534666499120269581e-07,-3.566812842503473512e-07
1.677017712469962549e-06,-3.256324111041997126e-06
1.377197172509986271e-08,-3.960528345945871251e-09
2.099787299170817912e-08,-5.472685440474546490e-09
1.630542565114507448e-06,-2.409645496081502411e-06
4.417984508001496085e-07,-1.870149468392235312e-06
1.497453357203644568e-07,-1.596279907928659267e-08
1.054712133491633071e-06,-2.199686024118821202e-07
1.285211674399006718e-07,-1.371287148528619614e-08
1.217712158062041414e-06,-5.056067748096434139e-07
7.404931026565093614e-08,-1.757642578197414107e-08
2.176445749626499577e-07,-3.367673399037471362e-08
5.449507362980182614e-07,-1.256161100544611546e-06
7.971036499396191136e-07,-5.395854289934469611e-08
7.548805214662044240e-07,1.191043843445237251e-07
1.542495305728187095e-06,-1.769894563099188257e-06
3.241641463033425530e-08,-9.326721978792596676e-09
6.240488053583216042e-07,-8.201250107494054947e-07
3.106325547542220878e-07,-5.665173798028952266e-08
6.968099844191855401e-07,-1.197590201730376082e-08
6.929911307638290958e-07,-1.972467562605098345e-07
4.437777973172362685e-08,-1.399124325794355270e-08
1.437784813591309773e-06,-1.150121153204400887e-06
1.119505486238250212e-08,-4.828024132956145849e-09
1.697559739989967237e-06,-3.825622128911568458e-06
7.500550113794627025e-07,-1.011556528752060746e-07
7.670066376412775938e-07,-3.798177188131815960e-08
1.346805310467043123e-06,-7.940166361669956544e-07
5.960643379997036095e-08,-1.791016527527021565e-08
1.692979727662542434e-08,-4.405479016727345673e-09
1.649958031884900392e-06,-2.849360431798510580e-06
3.778404323066417882e-07,-2.488951841437950674e-06
1.127295987950944769e-07,-1.045946550653553653e-08
7.759612128108048954e-07,7.602024386274388293e-08
7.842774977306335260e-07,-5.324643117464512515e-08
3.088658528053689585e-07,-3.844297745815012090e-06
8.733115735976804945e-08,-2.306910591562133431e-08
7.885852235072979105e-07,-4.311339470608244984e-06
6.924398948296088289e-08,-3.509474139018381248e-08
8.205887456392091436e-07,-6.164353336397550292e-08
7.031186522149464615e-07,1.342670322325664523e-07
7.866449079358872006e-07,2.103246339077056835e-08
7.840616952171289571e-07,-3.907396891646541526e-08
2.967154901410416839e-08,-2.085933557601458406e-08
1.430705648417211233e-06,-4.298785204965807654e-06
9.354624895007609711e-07,-1.225499912986382633e-07
2.123462844912076532e-07,-6.697224263101067559e-09
8.296323057055617907e-08,-3.629038085987195974e-08
4.197139277509121203e-07,-4.305278291488169033e-06
1.677828101751078120e-06,-4.180784383021838683e-06
9.056448942565802096e-09,-6.103729600419945794e-09
6.493810050578409169e-07,-4.523910386580120887e-07
7.048366723608896649e-07,-3.578784701325699019e-07
6.989714659061102514e-07,-2.771532982614695576e-07
7.549632158176599037e-07,-2.813601782754738914e-07
7.419016027571309156e-07,-2.147191720882398099e-07
7.818524171981555852e-07,-3.667096588009397532e-07
7.954905290099430002e-07,-2.172863509091591115e-07
7.743296443193578958e-07,-1.629040878926811529e-07
8.244088589621651015e-07,-1.650671065038140248e-07
8.622365608683356528e-07,-2.223571541384266373e-07
7.309778342866463546e-07,-1.654457633015015879e-07
7.645852705960351552e-07,-1.212164621323989259e-07
7.408170665939481153e-07,-1.205626741766842975e-07
8.834723772457340543e-07,-1.699973989142893465e-07
8.430478851480856842e-07,-1.247590890784054899e-07
7.649262059525575351e-07,-8.981479004143810227e-08
7.516282373389086537e-07,-8.959295178328070267e-08
7.314320049074207277e-07,-1.163423980617344991e-07
7.487598880916883585e-07,-8.588912476868978023e-08
9.378779382573463598e-07,-2.302777777920737215e-07
9.163107654811527244e-07,-2.953303605266784895e-07
1.006811426485947658e-06,-3.059616442681065769e-07
9.976708039100198663e-07,-3.847582296622557739e-07
7.875360786128435677e-07,-9.017426842262428661e-08
8.918847414006820624e-07,-1.309837523219291956e-07
7.322068413368171380e-07,-1.131203184660812410e-07
7.526866304600739952e-07,-7.730370493657154297e-08
8.537508154515221061e-07,-9.562734801159632278e-08
4.443696176184771885e-07,-5.007426431917817469e-08
4.753954150136035869e-07,-3.068032000417494949e-08
3.999444925218137033e-07,-4.516325941617499952e-08
4.186303050493708292e-07,-3.004655532315249733e-08
4.979981935873330118e-07,-1.136880742718873578e-08
4.387910391450129776e-07,-1.376332944862144116e-08
5.217860718857819557e-07,7.966317509891798285e-09
4.669435866555849286e-07,5.068565253564594373e-09
3.440778392717482243e-07,-4.293415927048511578e-08
5.532500963537952711e-07,2.989358673288255535e-08
5.997704215548655767e-07,3.021783367427711942e-08
3.734534678607717446e-07,-1.552483932145250413e-08
5.017310043365935515e-07,2.721056145389659435e-08
6.315677216384611705e-07,5.477372118496484932e-08
6.655414223602935499e-07,4.758899684460260679e-08
3.283987788277453884e-07,-5.320243082016259416e-08
2.757690215711943744e-07,-4.881097423299198740e-08
2.669327617722713629e-07,-5.477459002459130616e-08
2.150583406228983497e-07,-4.767228521806583956e-08
2.122810991974873284e-07,-5.070798372674152128e-08
2.853455905219672070e-07,-3.960944410549529678e-08
6.462367398416727354e-07,2.611737665540337206e-08
6.959750712596041398e-07,3.762512912465910196e-08
6.939346928449292292e-07,7.127441281784918721e-08
1.634344584562664731e-07,-4.210801613624676569e-08
1.650456854738375131e-07,-4.312904801612035785e-08
2.059232516359327965e-07,-4.911769251620895458e-08
1.637642146036750266e-07,-4.138708105007324071e-08
1.947105134091056201e-07,-4.396938937451389356e-08
1.587911976559601903e-07,-3.692762195170403106e-08
1.265248569177384767e-07,-3.307928753694280460e-08
1.260165150810533209e-07,-3.006002054154967997e-08
1.513045939818639396e-07,-3.119990488040186708e-08
1.228971068432127022e-07,-2.621817504885350514e-08
9.271817739816929424e-08,-2.487920753166483014e-08
1.421760244342114786e-07,-2.552923263400187569e-08
1.179091210524280599e-07,-2.223151445270687417e-08
9.709437913915224759e-08,-2.143617812868833396e-08
9.560499715607340793e-08,-1.892978918584596736e-08
1.121861954882597699e-07,-1.869715601600740933e-08
9.317477007693165991e-08,-1.662611256026895572e-08
1.065723143651630608e-07,-1.592393985260065158e-08
9.024584496121984701e-08,-1.472497093098045023e-08
7.536477400706535423e-08,-1.443630969628126611e-08
7.475280533351712042e-08,-1.334033201181769511e-08
8.739659063702353571e-08,-1.339435358990619548e-08
7.402131842333528832e-08,-1.268418202716598418e-08
8.489003015754287801e-08,-1.263697011646224216e-08
7.314496739284201941e-08,-1.244644275660603553e-08
6.124113232295893366e-08,-1.174298975081545504e-08
6.194711892281220393e-08,-1.200849380078203902e-08
7.263208745945361601e-08,-1.282905399260781205e-08
6.281971368469744894e-08,-1.290896105838522745e-08
7.268341535615314740e-08,-1.395504188770777847e-08
6.390329082151543750e-08,-1.454442367647614024e-08
5.321483998935206695e-08,-1.276663789186774237e-08
5.531135151198330860e-08,-1.495742304867774804e-08
6.535115659222660093e-08,-1.712522383845592581e-08
4.392704018241702185e-08,-1.236274013737993235e-08
4.692630590364480530e-08,-1.516063800458933004e-08
8.126779218515430512e-08,-1.318156530168149498e-08
4.933732696552026857e-08,-1.054621843084240429e-08
7.367373724762774024e-08,-1.688721207123694889e-08
4.123936742037984188e-08,-1.054578979205237730e-08
5.988555612475572586e-08,-1.222112231509494271e-08
3.141118009650531610e-08,-9.343881622934371087e-09
1.673194622004172326e-07,-2.845112910259215665e-08
4.617473959122039556e-08,-1.003508280440423230e-08
9.656588476994021247e-08,-1.260276752276500548e-08
1.232383512391072209e-07,-1.675928965686065774e-08
8.042751223708282843e-08,-1.457051175878519010e-08
8.775291067365048718e-08,-1.320849035790198346e-08
1.566888041644475405e-07,-3.765098453174036351e-08
5.730501096349163869e-08,-1.266889018102110737e-08
3.461760940809512424e-08,-8.229318993378577564e-09
6.581398991616885245e-07,7.654292195721801442e-08
1.141957766177796357e-07,-1.408968030084830989e-08
8.951937319994334369e-08,-1.223721144801571057e-08
2.337317969224989962e-07,-5.014941546659371509e-08
1.106271168129236973e-07,-3.179956264672050077e-08
7.451508746637711944e-07,-1.895487777795840351e-08
7.547042477705375098e-07,-9.848162834172835054e-09
7.669726289154672228e-07,-3.196604144723293922e-08
7.638315846672622810e-07,-1.358149858879316790e-09
7.710727911197173023e-07,-2.125973385253162777e-08
7.656333799427136658e-07,-5.142931614811555436e-08
7.710460527135975023e-07,-3.832600285323578526e-08
7.792315297554526031e-07,-1.212443498616184533e-08
7.161485667540848488e-07,-1.517572622719706834e-07
6.244436013590929326e-07,-1.887398496432149258e-08
7.437011909556938785e-07,1.574471710750614841e-08
7.605923484796451688e-07,2.659561686620862711e-08
6.440177377158532350e-07,-6.524899334308330483e-07
7.477206486874492891e-07,-6.965199682275106499e-07
7.536898764608934911e-07,-8.681109232064327511e-07
8.671366071737128470e-07,-7.540942976128076591e-07
8.953971094289545632e-07,-9.200498734198327793e-07
9.965984211122424600e-07,-8.138219647921797238e-07
1.035891437989190770e-06,-9.907989212175933491e-07
9.004603140659518169e-07,-1.112578561917696031e-06
1.086926523029174243e-06,-1.182280739766750533e-06
9.636550152783197372e-07,-1.314900179410253648e-06
1.132180557701560782e-06,-1.382196766129936969e-06
1.002835513180164041e-06,-1.518193085120438488e-06
8.348547805150758810e-07,-1.458484755914694321e-06
8.661322715545587374e-07,-1.662286061182282863e-06
1.042737953572254524e-06,-1.725832382682947843e-06
9.031445298615214892e-07,-1.869858408129806090e-06
1.084665911456328705e-06,-1.934914853274701554e-06
9.442232456377687321e-07,-2.078768408767315362e-06
1.128323830555105058e-06,-2.144443755049671884e-06
9.888318711758373217e-07,-2.287913000616492053e-06
1.173026667569062882e-06,-2.353348891684898546e-06
1.033644575767269081e-06,-2.495382074837085658e-06
1.218633586307318309e-06,-2.559548884374097284e-06
1.077011876335731788e-06,-2.700303238682197265e-06
8.937847780951872015e-07,-2.638729854893299069e-06
9.371309497871890399e-07,-2.840134805611392691e-06
1.119007610076828931e-06,-2.901018418908547390e-06
9.805784459944561007e-07,-3.038304205407559745e-06
1.160473893595061611e-06,-3.098481304841554346e-06
1.021816188446507029e-06,-3.232191277752110796e-06
8.440726770158630049e-07,-3.174792758264916610e-06
8.855414515372468958e-07,-3.366364209904834209e-06
1.061652164785381067e-06,-3.422240969618917120e-06
9.281929819652303757e-07,-3.552517895860104450e-06
1.100303203080821288e-06,-3.608368141634170593e-06
9.683776913465927348e-07,-3.734685233644105147e-06
1.138871817457862978e-06,-3.789807226001059501e-06
7.969584337634832494e-07,-3.680866222148717662e-06
1.227183530931677216e-06,-3.483658654136731806e-06
8.371898080607447422e-07,-3.858824103416182956e-06
8.024733552969567870e-07,-2.226768527774746180e-06
9.631568197438083294e-07,-6.557727533948902367e-07
7.093923450615451074e-07,-3.310488455992845487e-06
7.563575028527853290e-07,-2.781834010032237766e-06
6.667148211887805464e-07,-3.119208591229980524e-06
1.264710915605742732e-06,-2.005102059781718269e-06
6.644086838135419978e-07,-3.806699672898338992e-06
1.301485347964242877e-06,-2.963199802385706386e-06
1.360889226619672420e-06,-3.182124739305698903e-06
6.267203546456601848e-07,-3.629927733758853305e-06
7.080332595779580931e-07,-3.977376272797255078e-06
8.796543776670783766e-07,-4.033711919701159215e-06
7.130721055930759836e-07,-2.583472663813685641e-06
6.715610872124112317e-07,-1.599299923651955244e-06
5.137770203880738906e-07,-3.249425704929014124e-06
1.102827722804691495e-06,-7.233542902928732086e-07
1.045486745227110363e-06,-5.767081532660038719e-07
9.238631929369492539e-07,-5.172156386867430539e-07
7.421442472037864400e-07,-5.594079805589930763e-07
1.173971286946770365e-06,-1.029773614567932067e-06
5.688983309528157644e-07,-2.725499509319274047e-06
5.434263013803585221e-07,-3.937064966628503674e-06
5.803524003835095221e-07,-4.092440262437659940e-06
4.134129037925598776e-07,-4.050869891336684358e-06
3.722738063914780081e-07,-5.885523022313719186e-08
1.282143555440421183e-07,-1.356540698860351422e-08
6.718418723563987746e-07,-2.606272572262702150e-07
6.980520015775596719e-07,-1.929095450580627210e-07
1.171337649680025367e-06,-6.119277370860844324e-07
1.491740741792260545e-06,-3.010358058674323049e-06
1.354238370317340628e-06,-2.422297346643832271e-06
1.408235974092239740e-06,-2.627795947747802059e-06
2.606417440948374517e-08,-7.236373550716775366e-09
2.021079592702835241e-08,-6.387950716562164120e-09
7.178988743923589834e-07,6.319765284139673817e-09
7.657002590335208200e-07,-6.160682406973507162e-08
7.091578860864174113e-08,-1.783025229490403228e-08
8.926007139661538156e-07,-1.055712357991873168e-07
7.804158688359530574e-07,-2.893040407356754916e-08
6.212713704935783775e-07,-1.020431761760762557e-06
7.179874923677659234e-07,-1.143450687022446045e-06
7.663429093846960895e-07,-6.777029043042405096e-08
1.094196780601806119e-06,-3.962092348739988230e-07
1.102547895847767136e-06,-3.250515949845794256e-07
7.362782641999212444e-07,4.316602798199215220e-08
6.765938336542188999e-07,-1.371725287254022076e-06
8.929509375872766054e-07,-3.901108944500160625e-07
4.960909100133218789e-07,-3.029134337859512154e-06
1.541599452000768429e-07,-2.155320523715287385e-08
5.600655113074099421e-07,-1.160016983164991465e-08
1.767370658353958003e-07,-2.372825682073515306e-08
2.239114535581283735e-08,-7.805810045274114055e-09
9.435057866855747788e-07,-1.434126943709639193e-07
8.785351598058233048e-07,-9.159852668867903891e-08
8.141847441668897160e-08,-2.378852122624417275e-08
5.025923527503546163e-08,-1.472809696977937396e-08
7.463725489153851286e-07,-9.352114434082153409e-08
5.866793666356568674e-07,-3.443389084381989980e-06
4.603616097373899198e-08,-1.196817748037975104e-08
6.109706527485757767e-08,-1.695159826745407705e-08
5.273620131173033712e-08,-1.255555227610474027e-08
7.281507973005665688e-07,-1.811603969111479324e-06
7.641855025494048971e-07,-2.020499550748890022e-06
5.941477486025683794e-07,-2.192957615431089473e-06
6.701836989876772664e-07,-2.395220969117603852e-06
5.778406048862250546e-08,-1.822401661627650928e-08
6.728390870868949712e-08,-2.081349953371831159e-08
7.389472194866306518e-08,-1.889613449205434866e-08
6.059148505869239736e-08,-2.273344449233983791e-08
7.525400935726958970e-08,-2.289877607406650992e-08
8.195939716241522952e-08,-2.025932905225504602e-08
8.025524621136331298e-08,-1.677048039381917897e-08
1.462656803929870751e-06,-1.351474528690476938e-06
1.578082702509963082e-06,-1.983160923215380723e-06
1.677702853107847326e-06,-3.445885693198795663e-06
1.512970507307676262e-06,-3.339624175824687682e-06
1.513468829080377391e-06,-3.539151572375528261e-06
7.719907000759114279e-07,-6.761724315997781303e-08
8.082915452268120106e-07,-5.566753598245889089e-08
7.354404501078653752e-07,1.324442699045841122e-07
6.383073798228158232e-07,9.601831534888914973e-08
5.600557099478969943e-07,7.416689786843155574e-08
5.015400055942039305e-07,4.291339128735992835e-08
6.369321237293281354e-07,1.149376797396837438e-07
1.052167354140129228e-07,-1.597085859945041372e-08
2.217798170474167878e-07,-1.891417593438687544e-08
1.998665820467410694e-07,-2.672928011416011343e-08
2.696061816126030336e-07,-1.063099476685076114e-08
3.330656171533572604e-07,-1.114680949279639604e-08
6.029858528879452899e-07,6.785663945788268891e-08
1.176638775921768818e-06,-1.589390377204728827e-06
1.311724455481166763e-06,-1.464276875147049975e-06
1.274720194888991820e-06,-1.223280679085788881e-06
1.507247960103390389e-06,-1.562281259213515987e-06
7.672992500978615026e-07,9.920220135660057141e-08
8.323271442643090661e-07,-2.896270285262037591e-07
7.832763213409680888e-07,5.003829692622507788e-08
7.832233295540877677e-07,-4.919742103702640973e-08
9.474174440812265572e-08,-1.160244524783399853e-08
4.225437179941007971e-07,-2.081669468493030887e-06
1.009043739486366052e-06,-3.913977020399158554e-06
1.176877031721545351e-06,-3.967574881390666599e-06
1.307618535810671078e-06,-3.845897611807062108e-06
1.341851052381549081e-06,-4.017096529737458701e-06
1.464261300689132150e-06,-3.887265541042542519e-06
1.522359129258075797e-06,-4.054119975415983813e-06
1.210401808867180347e-06,-4.137123346381195682e-06
1.416486583070662075e-06,-3.705340769784675965e-06
1.047836574635988605e-06,-4.094197359392490467e-06
9.134135813244784611e-07,-4.200641222334500820e-06
5.030391504124958573e-08,-1.920251245484816601e-08
3.888358404929472255e-08,-1.513181245646004571e-08
4.310904325173127295e-08,-2.051115941356027157e-08
2.988619861071760137e-08,-1.422600982752306270e-08
5.474723139104729002e-08,-2.514923488888612653e-08
6.484499954778395501e-08,-2.864146441205277324e-08
6.979615654711144018e-08,-2.549814867575256073e-08
7.708575610856915725e-08,-2.779933061578046781e-08
2.536929294249213186e-08,-1.015244735189845396e-08
1.687924238951750370e-08,-8.426034579025578178e-09
1.610537263525550743e-06,-2.196762268477415940e-06
1.693739365129304606e-06,-3.638454363312651002e-06
8.720912124338284629e-08,-2.788463535356760015e-08
1.357274781452956171e-06,-1.672674885628625231e-06
1.607811207757446276e-06,-2.639931486156369475e-06
1.909000087989992421e-08,-4.964003888715478238e-09
3.398792169525721391e-08,-8.055112091331437684e-09
1.771589510093418727e-08,-4.741352930788882557e-09
1.399280160523443616e-06,-9.610290579516138196e-07
1.235182854536821215e-06,-8.702033336122136732e-07
5.166093649276082939e-08,-1.599095562432736176e-08
2.617984048276338306e-08,-6.970723380306613372e-09
7.400974190427820172e-07,7.408286019176091133e-08
7.824412925159825990e-08,-2.125701813279231857e-08
9.007455433033835057e-08,-1.766716422545685529e-08
1.600784385973129302e-07,-3.022436927721141909e-08
7.889301499464690786e-07,-5.377224051074777500e-08
9.205326672111264144e-08,-1.201202565677608924e-08
1.020422260002069216e-07,-1.119922252307309776e-08
3.341313775835001992e-07,-3.299478256321491172e-06
3.931484941149761858e-07,-2.706699786505434011e-06
3.956998982482139825e-07,-2.289513053196545607e-06
4.767316500067796628e-07,-1.663536159805242905e-06
1.698888577777328820e-06,-4.007023254120846821e-06
1.810208247303740511e-07,-3.636395274086329505e-08
8.804663198729505772e-08,-1.894756064963264420e-08
3.220309854545935355e-07,-3.666623460091984970e-06
4.790792193126388004e-07,-3.770349558067733540e-06
1.628376740688118456e-07,-1.026795323833374790e-08
3.295690977498050122e-07,3.619047803913848857e-09
1.325146774810851857e-07,-2.055351852045678236e-08
1.010454133052862435e-07,-1.382286381613949517e-08
2.505858834497430659e-07,-5.548497294823524723e-08
4.120991502699247747e-08,-2.514324154735420222e-08
1.261344810235514992e-06,-2.762674946513034512e-06
1.199853091612701841e-06,-3.290841694056010639e-06
1.303075189727007701e-06,-2.216206140453280673e-06
7.556973664410864761e-07,-3.497248973639243734e-06
9.433501470718380725e-07,-1.775671936913478976e-07
7.292307611132415885e-08,-1.590560672542418590e-08
8.032580354924760992e-07,-6.770759593638178075e-08
4.051118316790454198e-08,-9.464920156651916072e-09
8.507008155833189330e-07,-2.433810038567225446e-06
8.016053813119243457e-07,-2.979652369990631231e-06
7.631399072224292603e-08,-3.622067280927981385e-08
6.001047656626932799e-07,-4.268400105825211191e-06
3.478974181105460343e-08,-1.159309519337770175e-08
9.160861999956927836e-08,-1.331462316353477281e-08
2.096134871476394892e-07,-4.069946521047470266e-08
2.559884523118563562e-07,-4.705581256725689366e-08
6.501102186673550636e-07,5.579175707601548743e-09
5.134310309193640848e-08,-1.139034701611268376e-08
3.586113353216499406e-07,-2.963899292168078531e-08
6.038950506804055968e-08,-1.183867066454475287e-08
7.539745752945771680e-08,-1.568763978327159452e-08
9.699429023772482060e-08,-2.373099086630524901e-08
1.235164176448500569e-07,-3.440660134405986660e-08
1.447015808486972407e-06,-2.822900464190785378e-06
3.416379215797566337e-07,6.298439407572552957e-09
1.259349155852772511e-06,-3.664509029076342504e-06
8.255332532274201167e-08,-1.252470636831988453e-08
1.219121315493691704e-06,-1.797222754732819746e-06
7.115025082140555793e-07,-1.526680950608495249e-07
3.107381473695638003e-07,-5.936941680792721025e-08
6.317482338165783788e-07,-2.915094279510991204e-06
7.664274175473463528e-07,-6.607816488048613349e-08
8.461377334543391692e-07,-6.021912541445866882e-07
2.266206514213249804e-08,-1.349695933884835577e-08
7.688529366303400177e-07,-5.100765746377832103e-08
3.851233725538699735e-08,-9.300947461962201948e-09
7.845283158159922339e-07,-6.726559380194120876e-08
7.998536617157071571e-07,-1.220626067400587734e-07
3.982859453748710103e-07,5.593028664119600880e-09
1.668366305023617442e-06,-3.056020379789999641e-06
7.738055365046191091e-07,8.521488417257857082e-09
8.193699568033181692e-08,-2.486072985369482470e-08
1.019336334583683850e-06,-2.379612588879566082e-07
2.911120402757283414e-07,-2.960560203927323787e-08
1.075249235370917105e-07,-1.227585852984498564e-08
8.149814155717197708e-07,-4.741916697106448195e-07
5.803855800763347994e-07,9.204874005045206076e-09
1.263154926134583590e-06,-4.297639131255135547e-06
6.090917600898480556e-08,-3.297321815457093661e-08
7.623100311838599972e-07,5.340241884919131781e-08
8.750642863735782285e-08,-3.328414665640521357e-08
3.146868953133204853e-07,-4.180319910831998150e-06
1.590766272736061810e-06,-4.311870359176439407e-06
1.783831979991559782e-08,-1.403838363730578563e-08
1.093779027953508650e-06,-4.894987078737988746e-07
8.256562113660419426e-08,-3.023068147899081407e-08
1.212623553828007462e-07,-1.070213789387089583e-08
8.190471332197722220e-07,-9.076082749471902502e-08
4.636893781429653031e-07,-3.564039832821728430e-06
5.113322599258674705e-07,-1.465789515321582821e-06
1.916369998304893949e-07,-3.100643266374285111e-08
7.900500085756611533e-07,-4.460093094902598537e-09
1.398779344323973676e-06,-1.883983605267236368e-06
5.888115364404083253e-07,-1.960053184120446061e-06
8.192191468099708340e-07,-1.276853662914824221e-06
7.073938247456016367e-07,5.570183644626608329e-08
7.531270690134602834e-07,-4.132242164916959823e-06
1.435863091806338451e-06,-2.094617420285152699e-06
1.295794480130202130e-06,-6.478588692826753879e-07
1.385428787287965770e-07,-1.708021286366316812e-08
7.594461423249320778e-07,-6.549879721773789358e-08
8.350790930094974920e-07,-7.253650491219289928e-08
8.268701718741238967e-07,-7.059056774694411056e-08
3.439838295622454422e-07,-3.117269152345586168e-06
1.186023289496342297e-06,-4.037367825232330178e-07
1.363169283007107020e-06,-3.398119878771033788e-06
5.485337799259317892e-07,-2.548052066053649564e-06
7.254291419637860221e-08,-3.061080611915539335e-08
1.013282766026175217e-08,-3.684235075912281129e-09
8.603997785271302194e-08,-1.503924059599259826e-08
9.994437649995237099e-07,-1.673393599432615735e-07
2.120654038197330947e-07,-4.175236140619011179e-08
1.364869352259108593e-07,-3.085140405618517027e-08
1.142312554911796864e-07,-3.128840813737529708e-08
7.231109662555863468e-07,9.461600011479018791e-08
2.852275155321537487e-07,-2.198910696968267276e-08
8.304044982785962391e-08,-2.465252896014289233e-08
7.197051421401276090e-07,-1.482434057700803211e-07
7.177289374333385261e-07,-4.486677535523972567e-07
1.063681103914525231e-07,-9.685929844202132086e-09
2.937735023758899095e-08,-8.765014926780663048e-09
1.150496310734107005e-08,-3.578879085671643680e-09
8.517500539349773282e-07,-7.859124024558052959e-08
2.675674227503778838e-08,-6.945334562072636774e-09
7.079714422423065817e-07,-2.169981190013484005e-07
1.469097640252148958e-06,-2.301649138626367593e-06
7.573515911940644495e-07,-7.710004745407562965e-08
3.932914364688225498e-08,-9.667429587767543354e-09
1.373776556173245936e-06,-4.167451542792991498e-06
2.123703046395806482e-08,-5.872855440030533178e-09
6.885513433426100664e-07,1.025143375517462956e-07
3.014202797766374962e-08,-7.273323096082339878e-09
1.537475383812559614e-06,-3.173680076688290858e-06
7.751624440935394752e-07,3.160659412818505213e-08
1.355816251401984241e-06,-3.558212634304779358e-06
8.489909691604822523e-07,-8.744214336333540378e-08
1.108790182297711371e-06,-8.818245310144158814e-07
2.858631612649773949e-07,-4.016309173016778148e-06
2.309592554228200493e-07,-3.477392496603754245e-08
6.866194977194824034e-07,2.003594721393417961e-08
8.529047259075141253e-08,-1.736501288010054194e-08
7.914623401674453237e-07,-2.182311664957089300e-08
3.917954720928625384e-07,2.483370250684193049e-08
1.941532500964463595e-07,-2.541881012684532773e-08
5.810816080744312425e-07,-1.767207536130158063e-06
7.850845266522586671e-07,-1.005566475385771622e-06
1.729493207826430297e-06,-4.324378690982659903e-06
1.385998446271313624e-07,-1.324269051333315933e-08
1.571701606796218621e-06,-3.745802925398463900e-06
3.944835103268522232e-07,2.037488244490496966e-08
8.006203776428860918e-09,-7.176279620621545497e-09
7.348206875938229451e-07,-1.221519366298658231e-07
9.956423726179872069e-07,-4.724888975560517587e-07
2.942936031813787820e-07,-4.316505598374476936e-06
8.800754208053395627e-08,-3.787878799375228150e-08
1.495912113893122704e-06,-2.500639251085853155e-06
6.933432044005544880e-09,-3.726439823308750400e-09
1.106375056368208660e-06,-2.784391033344736959e-07
3.731110201513330022e-07,-5.488300289341706352e-08
5.176182182476909029e-07,-2.382405786802362411e-06
4.438495683546044293e-07,-3.389745539869808439e-06
4.917318172342580095e-08,-1.059135402748344546e-08
5.907664007586192306e-07,5.279602112208355533e-08
4.675661275575121395e-07,-4.171683394239800024e-06
1.224618652603194605e-06,-7.333790937884853006e-07
1.308708745165978354e-06,-1.043724605099282697e-06
9.552073412104785068e-08,-1.142871570993679464e-08
1.638956372063973991e-07,-1.804257995892989690e-08
4.967225838079709804e-07,-2.858379234477784475e-06
3.365798896485842530e-08,-1.908067121432858967e-08
2.722853894812543298e-07,-5.565949423207176866e-08
7.188484679988500034e-07,2.365373980009197357e-08
4.199388216692614823e-07,2.188796048643477678e-09
9.901829505170766068e-07,-1.836131075887786984e-07
3.482338021595831808e-08,-1.076654746966921865e-08
7.839741057533252025e-08,-3.221000446302833370e-08
8.937225137310717499e-07,-1.036169348788580855e-07
1.597393465000232360e-06,-3.910875786950360112e-06
1.155097362109154674e-07,-1.215716222217567960e-08
6.621657080847379183e-07,-5.393933284708982427e-07
1.518983048001271720e-06,-4.202699639680984500e-06
4.140966775791759286e-07,-3.926197961194184322e-06
9.287613915985237804e-07,-4.337341090900546520e-06
