Size 674,2
4.599999999999999898e-07,-1.634513369450836550e-07
0.000000000000000000e+00,0.000000000000000000e+00
1.376642481451478432e-06,-3.959486009620462985e-06
-8.878463247026369169e-08,-3.956751332458435432e-06
1.275647078799843954e-07,-1.091327497809047905e-06
1.429073668273570879e-07,-2.573205744562788825e-08
5.640877555108697107e-08,-2.974282112836459025e-08
0.000000000000000000e+00,0.000000000000000000e+00
4.599999999999999898e-07,-1.476824331265314171e-07
4.599999999999999898e-07,-1.353540973490021548e-07
4.599999999999999898e-07,-1.276155527416606313e-07
4.599999999999999898e-07,-1.243690811608957839e-07
4.599999999999999898e-07,-1.241451963710031313e-07
4.599999999999999898e-07,-1.247746707268850010e-07
4.599999999999999898e-07,-1.238827713542625186e-07
4.599999999999999898e-07,-1.193974151732726499e-07
4.599999999999999898e-07,-1.097614331534792284e-07
4.599999999999999898e-07,-9.514344306031041274e-08
4.599999999999999898e-07,-7.600284589164122530e-08
4.599999999999999898e-07,-5.369294909328464844e-08
4.599999999999999898e-07,-3.008853251153690357e-08
4.599999999999999898e-07,-6.467178792622553159e-09
4.599999999999999898e-07,1.663022156383084134e-08
4.599999999999999898e-07,3.908149185630011506e-08
4.599999999999999898e-07,6.141750825324858712e-08
4.599999999999999898e-07,8.573602642990132452e-08
4.599999999999999898e-07,1.138364683791164273e-07
1.376520662461834404e-06,-3.811799709691797831e-06
1.376352763684686513e-06,-3.660119266723348050e-06
1.375992484732391153e-06,-3.504008689748187065e-06
1.375088756441185211e-06,-3.343361320658091150e-06
1.373329451148103972e-06,-3.178167462156204563e-06
1.370432897677994655e-06,-3.008623938383624287e-06
1.366056884634554326e-06,-2.834693999590605245e-06
1.359755471695843313e-06,-2.656620808235861613e-06
1.351128967672951597e-06,-2.474803592420206599e-06
1.339864586226589302e-06,-2.290234605272698621e-06
1.324932438772408441e-06,-2.103002483870307962e-06
1.305936609307535204e-06,-1.914575650982046854e-06
1.282351073982550032e-06,-1.726167872193130938e-06
1.253554462639207204e-06,-1.539360471135037489e-06
1.218952251313692305e-06,-1.356105616971617164e-06
1.178422192785281543e-06,-1.179276558002008067e-06
1.130897031798436733e-06,-1.011235604569089603e-06
1.076653059305212945e-06,-8.544780954678689027e-07
1.017658975814126732e-06,-7.128392095912718900e-07
9.544786845138882172e-07,-5.872957092391481821e-07
8.907152913377530004e-07,-4.798952919631028451e-07
8.248700181090332702e-07,-3.899403771491068633e-07
7.600426053725521903e-07,-3.176709990529349891e-07
6.968789869771203252e-07,-2.606747440616110799e-07
6.355423777833449422e-07,-2.179581385610678443e-07
5.771872770150362818e-07,-1.882131130085114161e-07
5.175844802123235835e-07,-1.708063232535565414e-07
5.845556591694066198e-08,-3.956578511786454873e-06
2.053797008500109832e-07,-3.956214023457454611e-06
3.519633203236938088e-07,-3.955840238116687207e-06
4.981187326230065192e-07,-3.955596441657429688e-06
6.439699819594865758e-07,-3.955683118267453244e-06
7.898985076533093485e-07,-3.956122895118383711e-06
9.359885222304735267e-07,-3.956870609256686320e-06
1.082471329181583411e-06,-3.957812249887148746e-06
1.229394664656376793e-06,-3.958758763601319409e-06
-8.881473225830879737e-08,-3.814541200077509466e-06
-8.883353653230608747e-08,-3.668628421349641210e-06
-8.871300640191738852e-08,-3.518620752638852544e-06
-8.810876161233710285e-08,-3.364423252027591666e-06
-8.677989642051201479e-08,-3.206050939027001409e-06
-8.447238939313784730e-08,-3.043478653551986514e-06
-8.085679996170846920e-08,-2.876793638688480379e-06
-7.559683610686080236e-08,-2.706382088740253296e-06
-6.827145152569635879e-08,-2.532332226641408175e-06
-5.871572480736432226e-08,-2.355453657145729970e-06
-4.624154475693732000e-08,-2.175814575790380021e-06
-3.039390058532073254e-08,-1.994189882725743587e-06
-1.075009863206965865e-08,-1.811917269948212549e-06
1.357767101618469054e-08,-1.629568148200668357e-06
4.324288656014699966e-08,-1.447622082783535940e-06
7.993433523102498443e-08,-1.268116946696777391e-06
1.756409725124238926e-07,-9.141708781809656194e-07
2.189486333867566759e-07,-7.507765048936018401e-07
2.533256495859711977e-07,-6.049981728792825264e-07
2.876335202502898706e-07,-4.847350837467638232e-07
3.209032885213028117e-07,-3.828284685721917155e-07
3.509784912072651131e-07,-3.035117518287460833e-07
3.832333847555969230e-07,-2.390870226661003065e-07
4.081698856955926028e-07,-1.892723126845980437e-07
4.292396019117380384e-07,-1.485643501228550402e-07
4.394407813814150157e-07,-1.163661115870088840e-07
4.387054257479490611e-07,-9.159685295127262218e-08
4.241523415515266221e-07,-7.459262813407438238e-08
3.959963354358295719e-07,-6.431169163607791393e-08
3.558093719788928450e-07,-5.826653347986944484e-08
3.078126550971446709e-07,-5.392242160661003346e-08
2.584202478550392117e-07,-4.898837149358857531e-08
2.114273410919974370e-07,-4.194073183355035501e-08
1.721317834424543596e-07,-3.340516306167961179e-08
1.220201518532296238e-07,-1.914614391222581819e-08
1.070732286463809951e-07,-1.489855354917438348e-08
9.507787452059452827e-08,-1.205327267415553556e-08
8.563655705310702907e-08,-1.062506515184050592e-08
7.826262823059366011e-08,-9.546092304696415095e-09
7.191600078295450136e-08,-9.095074500564109357e-09
6.701285954407359832e-08,-9.142379473832967124e-09
6.323284776313211900e-08,-9.377066098438052801e-09
6.038508515006566251e-08,-1.013091508517048888e-08
5.832603575179656311e-08,-1.127368917226553975e-08
5.700180220847480581e-08,-1.271967244500630541e-08
5.627820492579189869e-08,-1.459803858221238601e-08
5.601142835525078815e-08,-1.696686735293317143e-08
5.602736886129442862e-08,-1.978093266166226009e-08
5.619007687506649523e-08,-2.294916435464909700e-08
5.634470824372252610e-08,-2.632789071708383313e-08
9.036619842751664984e-09,-1.045870977146113698e-08
1.646757526596121098e-08,-1.703217233439346205e-08
2.359382314739721176e-08,-2.157279282517631477e-08
2.994806247837096039e-08,-2.472529413492818195e-08
3.575263166388416220e-08,-2.686897109828788467e-08
4.087417283197853258e-08,-2.824919133576971512e-08
4.539828138022775720e-08,-2.904481217591992471e-08
4.936702726971428904e-08,-2.946195291776571793e-08
5.294909795574631169e-08,-2.967023502747821778e-08
0.000000000000000000e+00,0.000000000000000000e+00
0.000000000000000000e+00,0.000000000000000000e+00
0.000000000000000000e+00,0.000000000000000000e+00
0.000000000000000000e+00,0.000000000000000000e+00
0.000000000000000000e+00,0.000000000000000000e+00
0.000000000000000000e+00,0.000000000000000000e+00
0.000000000000000000e+00,0.000000000000000000e+00
0.000000000000000000e+00,0.000000000000000000e+00
0.000000000000000000e+00,0.000000000000000000e+00
0.000000000000000000e+00,0.000000000000000000e+00
0.000000000000000000e+00,0.000000000000000000e+00
0.000000000000000000e+00,0.000000000000000000e+00
0.000000000000000000e+00,0.000000000000000000e+00
0.000000000000000000e+00,0.000000000000000000e+00
0.000000000000000000e+00,0.000000000000000000e+00
0.000000000000000000e+00,0.000000000000000000e+00
0.000000000000000000e+00,0.000000000000000000e+00
0.000000000000000000e+00,0.000000000000000000e+00
0.000000000000000000e+00,0.000000000000000000e+00
0.000000000000000000e+00,0.000000000000000000e+00
0.000000000000000000e+00,0.000000000000000000e+00
0.000000000000000000e+00,0.000000000000000000e+00
0.000000000000000000e+00,0.000000000000000000e+00
0.000000000000000000e+00,0.000000000000000000e+00
0.000000000000000000e+00,0.000000000000000000e+00
0.000000000000000000e+00,0.000000000000000000e+00
0.000000000000000000e+00,0.000000000000000000e+00
4.137159740840168228e-08,-3.125355982618098112e-06
5.471242040985719588e-08,-1.372354414916844404e-08
3.238318882313230451e-08,-2.146378234683899424e-08
7.042981144783336017e-07,-3.823049426761657115e-06
6.129644052660505826e-08,-2.635558160231423026e-06
6.099319604864128247e-08,-1.027182111574022977e-08
3.151577066143989625e-07,-5.027587952777551991e-08
3.308553623757735640e-07,-3.912116452249833911e-07
1.224735395407602913e-06,-2.925540132698338940e-06
8.423082651422837766e-09,-3.148822512670621784e-09
1.279230043034381164e-08,-4.097865169894054941e-09
1.184451496093331247e-06,-2.185490930680190329e-06
1.454385615624051594e-07,-1.714962189041231286e-06
8.983456752326169808e-08,-1.359283117939229106e-08
6.818978522463299147e-07,-2.711335148430719119e-07
7.654200666707111631e-08,-1.405914790996086876e-08
8.242204675232913478e-07,-5.207853313037193307e-07
4.559648223480688500e-08,-1.403604524518069631e-08
1.297503472623279784e-07,-2.536059785919146514e-08
2.357483111607227458e-07,-1.178111708112169299e-06
4.570855062363196269e-07,-1.281335382806148878e-07
4.353615843925964664e-07,2.387836215498854357e-08
1.107716085254841517e-06,-1.626232957354465505e-06
1.988062229799331759e-08,-6.615948523744975141e-09
3.050299524359935438e-07,-7.968352564755250677e-07
1.846246441610221341e-07,-4.327425807940911755e-08
4.030392665852128121e-07,-5.999211207352594863e-08
3.649903105596915791e-07,-2.502719312340480086e-07
2.751986405687008383e-08,-9.856559947165786104e-09
1.016390808484798914e-06,-1.084324534984686806e-06
6.974539285660448513e-09,-3.695350249067449544e-09
1.242442519017313703e-06,-3.423022479141989828e-06
4.146675403242771043e-07,-1.627516149604650087e-07
4.364819262336023166e-07,-1.001567875515048027e-07
9.369773033297695409e-07,-7.729190929359475346e-07
3.702899589836350315e-08,-1.305966976156336020e-08
1.031059874284757682e-08,-3.437582260365638822e-09
1.201250776093631018e-06,-2.569865942126307507e-06
8.943814585878742840e-08,-2.255944673980072204e-06
6.809325115387773287e-08,-1.024576984907939081e-08
4.465480395697422779e-07,-2.029460321164869155e-08
4.456004317327779914e-07,-1.285690923775526883e-07
2.904473918710563987e-08,-3.440505059920231164e-06
5.340903580822872673e-08,-1.824730282484433176e-08
4.481194864548735871e-07,-3.848382851202153750e-06
4.275231011052759303e-08,-2.500372201982521722e-08
4.777849157775099876e-07,-1.340584951828032533e-07
4.056813960024141484e-07,5.220161348229626436e-08
4.505193930858202221e-07,-6.892115173950166862e-08
4.452605144411299048e-07,-1.180892738991525427e-07
1.876695933283318128e-08,-1.454393644745682476e-08
1.009094259029790820e-06,-3.836808090720079401e-06
5.778941516524630917e-07,-1.863288870436484424e-07
1.237414496872649147e-07,-1.103675188882853886e-08
5.090452462085414526e-08,-2.615886354292428863e-08
1.258645068808181836e-07,-3.843248994761441496e-06
1.225043911100100940e-06,-3.733374260476826530e-06
5.767300747639083802e-09,-4.380113192079987038e-09
3.273031124293010588e-07,-4.751388876713683105e-07
3.758090873027170800e-07,-3.923736543134247219e-07
3.706120241139573159e-07,-3.215600990312660149e-07
4.196298661185139348e-07,-3.254395862791007590e-07
4.081122112752268321e-07,-2.671144482326178552e-07
4.431697038013425063e-07,-4.001364156642937949e-07
4.550770768202855033e-07,-2.695015944954980049e-07
4.364893078165114256e-07,-2.220608832355907444e-07
4.804243430828269989e-07,-2.239941775780032335e-07
5.135183591452077431e-07,-2.739162004319946779e-07
3.983520595612702043e-07,-2.239841551021728287e-07
4.278620789762812167e-07,-1.858661986099669361e-07
4.067900347782687175e-07,-1.850895387598056962e-07
5.321668338091510197e-07,-2.281996087930224202e-07
4.968454911712478347e-07,-1.889121778208170108e-07
4.281349897166133273e-07,-1.589209435296836651e-07
4.161876993387333866e-07,-1.587302764435612316e-07
3.982557122691615839e-07,-1.810297708689454116e-07
4.133548287945382087e-07,-1.554356908695852029e-07
5.797050808775571966e-07,-2.806855935467060955e-07
5.607891755800293217e-07,-3.375884112586733276e-07
6.399316904965005146e-07,-3.466696425426759487e-07
6.318898490744003670e-07,-4.156285097176949482e-07
4.481690605371800370e-07,-1.591492759083567921e-07
5.396444540684260649e-07,-1.941496905282244517e-07
3.986135783704924787e-07,-1.771618768274636625e-07
4.166224648311274410e-07,-1.476707922395040839e-07
5.063924282441539548e-07,-1.635340388226869367e-07
2.626435042425975218e-07,-5.079933828787992213e-08
2.812964897388899547e-07,-4.598484369984998514e-08
2.384541302680368734e-07,-4.750205160090368558e-08
2.493270068288750640e-07,-4.224428205216738430e-08
2.942229759259915476e-07,-3.882336418802261986e-08
2.604220614960837024e-07,-3.516072561424641079e-08
3.072515811209275251e-07,-2.991758640499808083e-08
2.756412070323485418e-07,-2.579508528267479084e-08
2.065504269743690415e-07,-4.359725741641742673e-08
3.243211810438360504e-07,-1.844747936304195765e-08
3.506839865140485405e-07,-2.498614253670265589e-08
2.221979626510941724e-07,-3.081028343410192724e-08
2.942917700761003370e-07,-1.301360781521531800e-08
3.679480540805479539e-07,-1.153647468740689050e-08
3.867339402201304905e-07,-2.299759818674895321e-08
1.972695858461452789e-07,-4.681126604551511045e-08
1.668385320787335114e-07,-4.206107566258204283e-08
1.614513378959432361e-07,-4.346301947043970960e-08
1.310492799155755720e-07,-3.753450215703488414e-08
1.291753299376292282e-07,-3.796711283140813520e-08
1.721938733468608414e-07,-3.849217463789402819e-08
3.762186751934112131e-07,-3.454920461749574635e-08
4.028236106753481262e-07,-3.567132000348312358e-08
4.021972896837039261e-07,-9.360742535107369182e-09
1.001970782544353952e-07,-3.142535641290098638e-08
1.009330822842038275e-07,-3.125423255402466083e-08
1.249261510798312753e-07,-3.567466246983445694e-08
9.977587269959148892e-08,-2.949893843666065652e-08
1.177379694839576464e-07,-3.150887249729911154e-08
9.638566006167291668e-08,-2.627644837575118099e-08
7.733276727914049875e-08,-2.337340873798572506e-08
7.671756553954215615e-08,-2.135988049180124449e-08
9.156428753510441613e-08,-2.250528847095820453e-08
7.457959460557149480e-08,-1.896008632000626483e-08
5.678420146601991393e-08,-1.753675225244302309e-08
8.585928309190042346e-08,-1.894223160498859014e-08
7.139650661255643516e-08,-1.656158432883996093e-08
5.903113469024680860e-08,-1.559249778472693531e-08
5.800036924706561248e-08,-1.419399598367489905e-08
6.785077809357397160e-08,-1.450478254186840514e-08
5.645872117845402291e-08,-1.295208537050612736e-08
6.443606022148952175e-08,-1.294761231086705886e-08
5.466743951420758991e-08,-1.196861371442879311e-08
4.573163923090046960e-08,-1.130099340572830941e-08
4.535341663838957100e-08,-1.084163672047506479e-08
5.296531478021122509e-08,-1.133553216939194614e-08
4.493707375035905941e-08,-1.065031647976758181e-08
5.150008658443404482e-08,-1.105148911750155314e-08
4.445879182503479767e-08,-1.070046950645928694e-08
3.724433407001574320e-08,-9.782922852832324363e-09
3.773085896396381066e-08,-1.016175089414608940e-08
4.421940515277173636e-08,-1.111807337542479580e-08
3.833696307042483309e-08,-1.091820957994290290e-08
4.433383859539463883e-08,-1.198126902114320425e-08
3.908378660878630179e-08,-1.210545699112667306e-08
3.257197646469910408e-08,-1.053974876662045292e-08
3.394543422611431031e-08,-1.208143555818243901e-08
4.005798826777148990e-08,-1.384937384873729360e-08
2.698960516940732593e-08,-9.958813650409283371e-09
2.892861309962537445e-08,-1.188882314495971770e-08
4.946212490297994619e-08,-1.169341937647318235e-08
3.006422329070565020e-08,-8.722234122821703454e-09
4.484089654525000162e-08,-1.237931505890896834e-08
2.525953866183120918e-08,-8.618031807968917423e-09
3.637764386906662200e-08,-9.628340499258303148e-09
1.931671562744531889e-08,-7.487189874310892409e-09
1.006824999454998373e-07,-2.113291420255037698e-08
2.809670075158800459e-08,-8.102078139453795882e-09
5.847550174640139324e-08,-1.121567363631256830e-08
7.434061554545389093e-08,-1.367900127557532853e-08
4.903899301796982482e-08,-1.267300124389308432e-08
5.340952819521516875e-08,-1.197535394709560098e-08
9.611749652959735690e-08,-2.924609694649278027e-08
3.483325362031588646e-08,-9.646380387751982641e-09
2.110630856268502856e-08,-6.650410591348656296e-09
3.823137985466942811e-07,2.352443649855065674e-09
6.894284834464398350e-08,-1.213988924369103899e-08
5.438702358273772345e-08,-1.126053178708152038e-08
1.406717376218682993e-07,-3.652282358591039992e-08
6.825142900986913947e-08,-2.298452107545654692e-08
4.277673279050442915e-07,-7.651697469960432948e-08
4.313135433690012777e-07,-7.936466661764654102e-08
4.342855112703587040e-07,-1.026508205321404877e-07
4.352896777516835287e-07,-7.968142946693594338e-08
4.364929194837423297e-07,-9.914175891535856638e-08
4.296393576953964453e-07,-1.225691501021272707e-07
4.340336914525752869e-07,-1.153213829983155861e-07
4.426340939154860851e-07,-9.495794620159689707e-08
3.848901159056305751e-07,-2.094485273353538068e-07
3.637462956137398158e-07,-5.212728228099956521e-08
4.266332159803480106e-07,-6.101841712807109188e-08
4.357085490781347719e-07,-5.843830591979141465e-08
3.225510188791849150e-07,-6.502371475073820577e-07
4.132091963375555739e-07,-6.886683023202033025e-07
4.183654056949351199e-07,-8.387087377305456363e-07
5.175973465199639169e-07,-7.388919217623553294e-07
5.422456751563954845e-07,-8.839818122944240074e-07
6.307652180567551189e-07,-7.909491981000632588e-07
6.650559787015119152e-07,-9.456693880854075236e-07
5.466089319494045906e-07,-1.052332784969902052e-06
7.096138820782212819e-07,-1.113053717991433339e-06
6.017981816041743818e-07,-1.229177683341672615e-06
7.491154250999873703e-07,-1.287818507834661486e-06
6.359947646303585205e-07,-1.406893105406045474e-06
4.891551060689719895e-07,-1.354846215589146110e-06
5.164471685964631772e-07,-1.533009976017977381e-06
6.708210777080583558e-07,-1.588401506734166726e-06
5.487514008569210344e-07,-1.714460257627086860e-06
7.074169451055427933e-07,-1.771162787095028081e-06
5.846093952894994179e-07,-1.897069199598081903e-06
7.455230916852497708e-07,-1.954304210243017877e-06
6.235513758796426106e-07,-2.079870452579252534e-06
7.845405734826963066e-07,-2.136889144359562347e-06
6.626695182856010761e-07,-2.261197139427203551e-06
8.243458364743187860e-07,-2.317097798617075012e-06
7.005217433228130427e-07,-2.440287712420177531e-06
5.403889905979441942e-07,-2.386624153145752767e-06
5.782286716228106803e-07,-2.562639113105009363e-06
7.371728909572980329e-07,-2.615692179146430723e-06
6.161541233083911923e-07,-2.735815118449099537e-06
7.733584949962945265e-07,-2.788243410267141877e-06
6.521457625132448496e-07,-2.905238255079901581e-06
4.968255158086926020e-07,-2.855212477525531475e-06
5.330248856620847622e-07,-3.022608981446051303e-06
6.869095028688109003e-07,-3.071296486468780529e-06
5.702550086048737674e-07,-3.185258121463655925e-06
7.206349971602671400e-07,-3.233916088107512184e-06
6.053265161531796575e-07,-3.344413990254710261e-06
7.542860050722417197e-07,-3.392427928022573427e-06
4.555535790259339111e-07,-3.297509176753026710e-06
8.315430860300886396e-07,-3.124805342938406446e-06
4.906719715097738508e-07,-3.452984569406189195e-06
4.606660092238659210e-07,-2.026566270132994804e-06
6.015903559517977339e-07,-6.527661341859530536e-07
3.791011933946631298e-07,-2.973889635683385132e-06
4.202430795761650011e-07,-2.511807023029410669e-06
3.418361110102539924e-07,-2.806738722890015867e-06
8.647884559811017561e-07,-1.832314866138530912e-06
3.397122822083226534e-07,-3.407539988616324242e-06
8.966381766469790265e-07,-2.669844632773079723e-06
9.484844299755901612e-07,-2.861124021052380320e-06
3.068065585557669971e-07,-3.253090191560843728e-06
3.778016149750173887e-07,-3.556649986003568362e-06
5.277383850624672546e-07,-3.605764622807383812e-06
3.824472604216579776e-07,-2.338443205607569374e-06
3.463617895575228732e-07,-1.478074777564388817e-06
2.081597579777004033e-07,-2.920611585601814822e-06
7.236808824979454198e-07,-7.116338373081906309e-07
6.736092698347280499e-07,-5.834530044973951023e-07
5.672941069962478179e-07,-5.316312978692494003e-07
4.083904253501816573e-07,-5.687537742673660418e-07
7.857685402380403711e-07,-9.795410790950378825e-07
2.564077311178802840e-07,-2.462660458314382285e-06
2.339856822840391311e-07,-3.521503151291088560e-06
2.662302045004869609e-07,-3.657244555821831868e-06
1.203797796964947734e-07,-3.620979222859469031e-06
2.206035190266380845e-07,-4.895962363393032218e-08
7.720616878465524128e-08,-1.200514376941044088e-08
3.467897743635842053e-07,-3.066788892333804308e-07
3.694396540553059776e-07,-2.473193755883573732e-07
7.836287811354645053e-07,-6.139880336710577951e-07
1.062904047658361002e-06,-2.710822787913041082e-06
9.429184862264435011e-07,-2.196947449692769771e-06
9.900508980428874252e-07,-2.376524483983703418e-06
1.596954174594799496e-08,-5.832669322789986064e-09
1.243771742706355253e-08,-5.079758895429421698e-09
4.139236336309347122e-07,-5.819132475588102407e-08
4.284632897464156300e-07,-1.357125056058469562e-07
4.328917014750058959e-08,-1.278136159897965606e-08
5.404266360713552224e-07,-1.719073615363286275e-07
4.422658439055791870e-07,-1.095276984037589565e-07
3.025390977111088965e-07,-9.719753037082417885e-07
3.870642341934994154e-07,-1.079482557698188652e-06
4.305200580475233311e-07,-1.309256248748863583e-07
7.162824294852023121e-07,-4.253856306598435920e-07
7.236285280933075439e-07,-3.630411983377200350e-07
4.240779885858722320e-07,-4.016303328799856825e-08
3.508155016636099206e-07,-1.279096037178559293e-06
5.403194525695263001e-07,-4.205054949539851615e-07
1.927302487418958882e-07,-2.728083320532177493e-06
9.265094940093771249e-08,-1.684828438746624608e-08
3.287569648829461769e-07,-4.387412768591803325e-08
1.058099306310143498e-07,-1.851297881355922560e-08
1.384313656567526448e-08,-6.125282046104936362e-09
5.848156607562418659e-07,-2.047074912971874013e-07
5.282793854384763018e-07,-1.596014556972983906e-07
5.015555114617098850e-08,-1.673439054954243090e-08
3.096605022443359207e-08,-1.034603568598329574e-08
4.110498052780053707e-07,-1.591953342813040467e-07
2.718431147692615561e-07,-3.090094435601394768e-06
2.809748873145703880e-08,-8.658333144531118534e-09
3.745517302457268961e-08,-1.196762421799858259e-08
3.210755994693569939e-08,-9.301781469576185577e-09
3.957855243595228053e-07,-1.663657536169784755e-06
4.272410233461041322e-07,-1.846265830717758291e-06
2.785661587727073664e-07,-1.997126178902564635e-06
3.449944688015493185e-07,-2.173905709395133155e-06
3.555509816962945959e-08,-1.426192484748267826e-08
4.132470663692148150e-08,-1.624717539875089722e-08
4.524481527714323432e-08,-1.527703193612555186e-08
3.736556099174653171e-08,-1.717098692959291862e-08
4.614705301310604476e-08,-1.782307849541313169e-08
5.012759324202193314e-08,-1.638958294283171411e-08
4.901701307569781476e-08,-1.412818796384659520e-08
1.038063546829926870e-06,-1.260418793518592450e-06
1.138750626535400682e-06,-1.812671669811877756e-06
1.225254616079808561e-06,-3.091211971788588581e-06
1.081336513815656647e-06,-2.998580154900851492e-06
1.081696757546477434e-06,-3.172954165952304757e-06
4.344602277284176994e-07,-1.402584954584716241e-07
4.669715767906088580e-07,-1.292264808662981717e-07
4.243280570330822825e-07,4.158277172867400835e-08
3.698734982096763880e-07,2.624695501946351242e-08
3.242949656036608586e-07,2.343338144424309967e-08
2.923387674093858034e-07,1.877519370690841221e-09
3.671508033950114359e-07,5.124586351023887695e-08
6.345095851995238901e-08,-1.465781190477139042e-08
1.323936781211311485e-07,-2.249678823435849343e-08
1.205851332321082002e-07,-2.624237601740821956e-08
1.592847767540915107e-07,-1.913290794914095600e-08
1.974811696558854813e-07,-2.438716032045199936e-08
3.509184993735202775e-07,6.256238699999626008e-09
7.879200962108388435e-07,-1.468938659539017439e-06
9.060609411352840530e-07,-1.359333759126041904e-06
8.737882286964145764e-07,-1.148623221157786524e-06
1.076974830345746130e-06,-1.444721949149055787e-06
4.421649515643932961e-07,2.403387943679918752e-09
4.873258262327903393e-07,-3.327036528318901893e-07
4.498815470028478332e-07,-4.395336390446423927e-08
4.445609927211812191e-07,-1.258348056127685642e-07
5.757193782022068582e-08,-1.108512793125870279e-08
1.285714849947341081e-07,-1.899891191992805763e-06
6.408154931304031040e-07,-3.501045233049395248e-06
7.874414617435987048e-07,-3.547720737635691537e-06
9.017138761429673267e-07,-3.441260588715780276e-06
9.315663693808309699e-07,-3.590809161202937320e-06
1.038566787062450052e-06,-3.477215950380563834e-06
1.089264554876424835e-06,-3.622929829507657939e-06
8.166806598382267556e-07,-3.695825071968634944e-06
9.968892611953986898e-07,-3.318308188088050462e-06
6.746633445299568454e-07,-3.658477389796472100e-06
5.571967637383453293e-07,-3.751586602663707172e-06
3.110688897411564216e-08,-1.455964027098773073e-08
2.411065507307886190e-08,-1.152192729865345637e-08
2.684192653322138771e-08,-1.502973319015493993e-08
1.867722214259262037e-08,-1.052306283596457176e-08
3.393156738483839490e-08,-1.838842697968242856e-08
4.003305949287859959e-08,-2.094380786891354221e-08
4.292934574033319381e-08,-1.922665515954309253e-08
4.731999623188611688e-08,-2.088135772798476424e-08
1.577091122038017607e-08,-7.770168746393099903e-09
1.058857026643698789e-08,-6.262096011644378733e-09
1.167043752068934617e-06,-1.999393097990984632e-06
1.239186596327660727e-06,-3.259474383505889813e-06
5.338130693668183405e-08,-2.117685389635078326e-08
9.458155947121745421e-07,-1.541510130594406521e-06
1.164492127030570855e-06,-2.386854004622549292e-06
1.162165627111526104e-08,-3.796377923495738799e-09
2.068227283040563444e-08,-6.313808624546296513e-09
1.080629607571931356e-08,-3.753710184599751035e-09
9.827959628623061184e-07,-9.189570962698199287e-07
8.393464907834001609e-07,-8.398410158585502768e-07
3.209067620362941572e-08,-1.142340546603354968e-08
1.597128692535026179e-08,-5.108412280721488814e-09
4.271116900508694177e-07,-1.616308464032486068e-08
4.843869625906137099e-08,-1.612455600693496765e-08
5.496371006331469561e-08,-1.501191377925385497e-08
9.753723339210149729e-08,-2.594481349172810801e-08
4.498192311058505875e-07,-1.284424852789297945e-07
5.583040431242951283e-08,-1.098360388210203046e-08
6.178068463343764916e-08,-1.063630629606327056e-08
5.115665548332452900e-08,-2.964398952020458339e-06
1.027937077266464008e-07,-2.446283489269283542e-06
1.050745116185928656e-07,-2.081596605507001283e-06
1.760155486507042436e-07,-1.534312189917356725e-06
1.243521990427869137e-06,-3.581523864609682132e-06
1.091580825117853636e-07,-2.624734806268107847e-08
5.378221513031119199e-08,-1.571527062698583674e-08
4.055876463682412921e-08,-3.285249516672316683e-06
1.777802919095849188e-07,-3.375852598398657689e-06
9.584044759468214881e-08,-1.270907839591970666e-08
1.929674129169706799e-07,-1.198367964310508358e-08
7.994218688289673434e-08,-1.591843626139209511e-08
6.112457773222492424e-08,-1.180891203403178383e-08
1.512829033964339560e-07,-4.153552433124461788e-08
2.582416095569022276e-08,-1.772968410305983786e-08
8.616168907118225635e-07,-2.494612340709676483e-06
8.077170446473755355e-07,-2.956324978414508434e-06
8.982601928476671165e-07,-2.016836093591825164e-06
4.195328695024368924e-07,-3.137077227517587188e-06
5.845727134486119364e-07,-2.346048513131414541e-07
4.456829434400418743e-08,-1.331900955198348043e-08
4.622389894138240615e-07,-1.397467295393214519e-07
2.464222028373919979e-08,-7.274911619650012682e-09
5.027764224978521882e-07,-2.207525721442858111e-06
4.597507132261426196e-07,-2.684685201480842283e-06
4.695991785046711824e-08,-2.593080648753638192e-08
2.834639727642760621e-07,-3.810969953917906497e-06
2.148122973407541187e-08,-9.106207143340244451e-09
5.578669028661985140e-08,-1.220400634207684637e-08
1.276535176412938665e-07,-3.432457180202938884e-08
1.526517133946965487e-07,-3.476558060084525657e-08
3.781874015262540749e-07,-4.588840765628767324e-08
3.134958683486690040e-08,-9.478337754122850021e-09
2.145875349715116577e-07,-3.803690639143964847e-08
3.669102011960011302e-08,-9.612540550254850777e-09
4.579704177350875985e-08,-1.185820285139118579e-08
5.915717336533247402e-08,-1.690928929244146574e-08
7.580755969753094515e-08,-2.444661457217194686e-08
1.023880207994044558e-06,-2.547025907039251070e-06
1.976696792819874816e-07,-5.260625801694685210e-09
8.595950734276999848e-07,-3.282812164473976993e-06
5.015841211835529551e-08,-1.113849055489196293e-08
8.249969982605975792e-07,-1.650612646097230963e-06
3.808614820236615607e-07,-2.116924725272867502e-07
1.862558938641835704e-07,-4.700644709666425134e-08
3.113091527625683511e-07,-2.628353512521884139e-06
4.293299500532054987e-07,-1.392686299882113750e-07
4.992988020247345527e-07,-6.060678841315176151e-07
1.430310063059237803e-08,-9.688170053379705373e-09
4.313184321756378437e-07,-1.268234964454379471e-07
2.352521203246531899e-08,-7.610500663380930123e-09
4.456715177757956138e-07,-1.396469093813426970e-07
4.589238409471687480e-07,-1.866459599586870827e-07
2.341875334749537991e-07,-1.701712644042593785e-08
1.217257328359867008e-06,-2.750479544810849907e-06
4.412536362602800608e-07,-7.622942699541784391e-08
5.018525733046490316e-08,-1.922638732493599380e-08
6.509475331122611279e-07,-2.871170700443032694e-07
1.748148485173033482e-07,-3.346284602697179599e-08
6.498955896160626297e-08,-1.114818218838114498e-08
4.721100053693474744e-07,-4.941444156309712843e-07
3.401503376359090224e-07,-3.581834417181604811e-08
8.627174014487252667e-07,-3.836005058259611915e-06
3.776332544470130342e-08,-2.338906374932718932e-08
4.382824255563248207e-07,-3.758139999077547300e-08
5.359330272146800149e-08,-2.443694233109863816e-08
3.411459792255196829e-08,-3.734099297333655440e-06
1.148924404066019159e-06,-3.848025437768700285e-06
1.140159706217713744e-08,-9.737596034028318975e-09
7.158708634956643820e-07,-5.070377697683517123e-07
5.061963528143716430e-08,-2.250588965279688151e-08
7.309819012722942906e-08,-1.038338533947705392e-08
4.759243873839726559e-07,-1.595111889189800037e-07
1.643535480563406003e-07,-3.195573904504966468e-06
2.063069622830892274e-07,-1.361409605592019076e-06
1.148246070109348922e-07,-2.314223162378080146e-08
4.515663105627853873e-07,-9.036231625808104619e-08
9.820309791165643504e-07,-1.726226279617651364e-06
2.739447373326711919e-07,-1.793513901451656377e-06
4.755335492221693638e-07,-1.196047850047525751e-06
4.092673907888184572e-07,-2.453623030051505337e-08
4.171735724701586173e-07,-3.691934252809433067e-06
1.014379448317036562e-06,-1.910347235529867051e-06
8.924327262537405184e-07,-6.451086395065697189e-07
8.335557796278055164e-08,-1.406973894809480445e-08
4.228813581220958702e-07,-1.365495557482879264e-07
4.904644475249611601e-07,-1.431887357086800588e-07
4.830284316210728044e-07,-1.419540872129639350e-07
5.978223952993825459e-08,-2.805152517448707942e-06
7.965615576680999012e-07,-4.316507579134183839e-07
9.504048152151800745e-07,-3.049895549149006291e-06
2.386352409281217037e-07,-2.307559014699415349e-06
4.465049752687272663e-08,-2.243198820118697920e-08
6.264249395965069188e-09,-2.888099033066907371e-09
5.246146751279648823e-08,-1.317530176758689207e-08
6.336764209686834791e-07,-2.252452161424595786e-07
1.273544673067252316e-07,-3.027652017434832483e-08
8.368453680608108363e-08,-2.477336486032947833e-08
7.045213658587629638e-08,-2.328085501121868529e-08
4.181039522623866212e-07,5.748936596252949946e-09
1.704571817309527170e-07,-2.845975819367423595e-08
5.129172709432999884e-08,-1.749702464355480374e-08
3.882167534198834356e-07,-2.086214769378493634e-07
3.870797333656580685e-07,-4.718776902107512725e-07
6.438025381865509626e-08,-9.854650810902787167e-09
1.807553358360695059e-08,-6.168621865752016033e-09
7.063084449090862071e-09,-2.847708514341292488e-09
5.048464433364921352e-07,-1.486129940163982800e-07
1.634675049693606240e-08,-5.596453813777164611e-09
3.783459074910269835e-07,-2.688117724332470346e-07
1.043361636372321801e-06,-2.091312132080133719e-06
4.212764474372775298e-07,-1.430145845437452965e-07
2.394227081888957973e-08,-7.228155868713003741e-09
9.594062646570442378e-07,-3.722137802551642089e-06
1.299063078525137308e-08,-4.229935711342039014e-09
3.986896082547402746e-07,2.100068315631156807e-08
1.835896213794124803e-08,-5.782558863740940268e-09
1.102814504465641692e-06,-2.853509694460183777e-06
4.440738066461108766e-07,-5.800859675763908559e-08
9.439248834811776353e-07,-3.189810855910664635e-06
5.026188799365473297e-07,-1.558030040424649349e-07
7.288323930096841217e-07,-8.502426933952111706e-07
8.938193324511590743e-09,-3.590805046652446484e-06
1.397773696601891887e-07,-3.262572836786543269e-08
3.975990217784707743e-07,-4.497037977117395703e-08
5.207816411020874472e-08,-1.465353929787110390e-08
4.522442437962656745e-07,-1.045079881324380297e-07
2.257532094261172490e-07,7.229735073416083521e-09
1.158224368368689057e-07,-1.988206515296757568e-08
2.672251056485506509e-07,-1.624916698018028998e-06
4.457692447949879718e-07,-9.588699797560974878e-07
1.270115675875127258e-06,-3.858746205449847133e-06
8.326910517913069950e-08,-1.192222085929535370e-08
1.132501319645362214e-06,-3.353459304175076552e-06
2.294247139214232676e-07,-2.754848611652822324e-09
5.166903626148290815e-09,-4.954678519179223544e-09
4.011145020764289960e-07,-1.828850968454038815e-07
6.300759487984989190e-07,-4.923780548845595252e-07
1.629241460202341055e-08,-3.853079654017801772e-06
5.391167994488321260e-08,-2.718816977908242495e-08
1.066731336562562702e-06,-2.265243913608845463e-06
4.364667120169108780e-09,-2.767524645518191312e-09
7.270038952977909820e-07,-3.221544843756689286e-07
2.224477740930529570e-07,-4.935475645796031656e-08
2.116368826302299145e-07,-2.162767920800386375e-06
1.470339909773756561e-07,-3.043263137676262792e-06
2.989366304285643729e-08,-8.393937447411533159e-09
3.448225348192358344e-07,-6.010721023487379500e-09
1.676821884755948379e-07,-3.726518939143159589e-06
8.301640536021572593e-07,-7.201423951840686711e-07
9.035702175172744217e-07,-9.914976684125522298e-07
5.795141587299954017e-08,-1.082781018579216395e-08
9.811144664440845276e-08,-1.498760303838085363e-08
1.933039888300773638e-07,-2.578834487836876641e-06
2.111776234717830537e-08,-1.367650770044741460e-08
1.631481121463397205e-07,-4.154666394996085382e-08
4.145706241991070317e-07,-4.919699111222585110e-08
2.479316574967887934e-07,-2.272044367762045494e-08
6.255396180486270157e-07,-2.396473095586462712e-07
2.154323070728441932e-08,-7.558529307430322464e-09
4.815496922898027956e-08,-2.358786846382386997e-08
5.415572275163257541e-07,-1.697699290867771206e-07
1.154883480421079507e-06,-3.497663801803450844e-06
6.971316660413260803e-08,-1.114781755588225724e-08
3.384627317015340563e-07,-5.512898968139039023e-07
1.086255416360968949e-06,-3.752745933462302272e-06
1.209870505439299291e-07,-3.512047054399164501e-06
5.705738788632608199e-07,-3.871000248935465649e-06
