Number of nodes 26 
     0 :  2.0000000e+00  1.0000000e+00 
     1 :  2.0000000e+00 -1.0000000e+00 
     2 : -2.0000000e+00 -1.0000000e+00 
     3 : -2.0000000e+00  1.0000000e+00 
     4 :  2.0000000e+00  2.7562397e-12 
     5 :  1.2000000e+00 -1.0000000e+00 
     6 :  4.0000000e-01 -1.0000000e+00 
     7 : -4.0000000e-01 -1.0000000e+00 
     8 : -1.2000000e+00 -1.0000000e+00 
     9 : -2.0000000e+00 -2.7562397e-12 
    10 : -1.2000000e+00  1.0000000e+00 
    11 : -4.0000000e-01  1.0000000e+00 
    12 :  4.0000000e-01  1.0000000e+00 
    13 :  1.2000000e+00  1.0000000e+00 
    14 :  7.4936438e-01  6.0366370e-03 
    15 : -7.5455918e-01  1.8878345e-02 
    16 :  4.3276973e-03 -3.4453615e-01 
    17 :  3.8057323e-04  4.1208200e-01 
    18 : -1.3657304e+00  3.6035638e-01 
    19 : -1.3697397e+00 -3.6132028e-01 
    20 :  1.3767814e+00 -3.6182367e-01 
    21 :  1.3634868e+00  3.5984271e-01 
    22 :  7.7213768e-01  5.6361054e-01 
    23 : -7.6266282e-01 -5.5159708e-01 
    24 :  7.6406313e-01 -5.5337642e-01 
    25 : -7.6727456e-01  5.6564939e-01 
Number of edges 14 
     0 :     13     12 
     1 :     12     11 
     2 :     11     10 
     3 :      8      7 
     4 :      7      6 
     5 :      6      5 
     6 :     10      3 
     7 :      3      9 
     8 :      9      2 
     9 :      2      8 
    10 :      5      1 
    11 :      1      4 
    12 :      0     13 
    13 :      4      0 
Number of triangles 36 
     0 :     14     17     16 
     1 :     16     17     15 
     2 :      6     16      7 
     3 :      2     19      9 
     4 :     21      4      0 
     5 :     22     17     14 
     6 :     17     25     15 
     7 :      4     20      1 
     8 :     18      3      9 
     9 :     13     21      0 
    10 :      8     19      2 
    11 :     24     16      6 
    12 :     24     14     16 
    13 :     16     23      7 
    14 :     23     16     15 
    15 :     18     10      3 
    16 :      1     20      5 
    17 :     11     17     12 
    18 :     17     22     12 
    19 :     25     17     11 
    20 :     23      8      7 
    21 :     22     13     12 
    22 :     10     25     11 
    23 :     24      6      5 
    24 :     21     14     20 
    25 :     18     19     15 
    26 :     25     10     18 
    27 :     20     24      5 
    28 :     14     24     20 
    29 :     25     18     15 
    30 :     21     22     14 
    31 :     19     23     15 
    32 :     22     21     13 
    33 :      8     23     19 
    34 :     19     18      9 
    35 :      4     21     20 
Number of domains 1
 Domain :      0 
 Name : The full stuff 
 Number of elements :     14 
     0     1     2     3     4     5     6     7     8     9
    10    11    12    13