Number of nodes 223 
     0 :      0  0.0000000e+00  0.0000000e+00 
     1 :      1  8.0000000e+00  0.0000000e+00 
     2 :      2  8.0000000e+00  1.0000000e+00 
     3 :      3  0.0000000e+00  1.0000000e+00 
     4 :      4  6.7925100e-01  0.0000000e+00 
     5 :      5  1.3072374e+00  0.0000000e+00 
     6 :      6  1.8878281e+00  0.0000000e+00 
     7 :      7  2.4246003e+00  0.0000000e+00 
     8 :      8  2.9208611e+00  0.0000000e+00 
     9 :      9  3.3796679e+00  0.0000000e+00 
    10 :     10  3.8038475e+00  0.0000000e+00 
    11 :     11  4.1960133e+00  0.0000000e+00 
    12 :     12  4.5585814e+00  0.0000000e+00 
    13 :     13  4.8937857e+00  0.0000000e+00 
    14 :     14  5.2036912e+00  0.0000000e+00 
    15 :     15  5.4902076e+00  0.0000000e+00 
    16 :     16  5.7550998e+00  0.0000000e+00 
    17 :     17  6.0000000e+00  0.0000000e+00 
    18 :     18  6.2264170e+00  0.0000000e+00 
    19 :     19  6.4357458e+00  0.0000000e+00 
    20 :     20  6.6292760e+00  0.0000000e+00 
    21 :     21  6.8082001e+00  0.0000000e+00 
    22 :     22  6.9736204e+00  0.0000000e+00 
    23 :     23  7.1265560e+00  0.0000000e+00 
    24 :     24  7.2679492e+00  0.0000000e+00 
    25 :     25  7.3986711e+00  0.0000000e+00 
    26 :     26  7.5195271e+00  0.0000000e+00 
    27 :     27  7.6312619e+00  0.0000000e+00 
    28 :     28  7.7345637e+00  0.0000000e+00 
    29 :     29  7.8300692e+00  0.0000000e+00 
    30 :     30  7.9183666e+00  0.0000000e+00 
    31 :     31  8.0000000e+00  7.6923077e-02 
    32 :     32  8.0000000e+00  1.5384615e-01 
    33 :     33  8.0000000e+00  2.3076923e-01 
    34 :     34  8.0000000e+00  3.0769231e-01 
    35 :     35  8.0000000e+00  3.8461538e-01 
    36 :     36  8.0000000e+00  4.6153846e-01 
    37 :     37  8.0000000e+00  5.3846154e-01 
    38 :     38  8.0000000e+00  6.1538462e-01 
    39 :     39  8.0000000e+00  6.9230769e-01 
    40 :     40  8.0000000e+00  7.6923077e-01 
    41 :     41  8.0000000e+00  8.4615385e-01 
    42 :     42  8.0000000e+00  9.2307692e-01 
    43 :     43  7.9183666e+00  1.0000000e+00 
    44 :     44  7.8300692e+00  1.0000000e+00 
    45 :     45  7.7345637e+00  1.0000000e+00 
    46 :     46  7.6312619e+00  1.0000000e+00 
    47 :     47  7.5195271e+00  1.0000000e+00 
    48 :     48  7.3986711e+00  1.0000000e+00 
    49 :     49  7.2679492e+00  1.0000000e+00 
    50 :     50  7.1265560e+00  1.0000000e+00 
    51 :     51  6.9736204e+00  1.0000000e+00 
    52 :     52  6.8082001e+00  1.0000000e+00 
    53 :     53  6.6292760e+00  1.0000000e+00 
    54 :     54  6.4357458e+00  1.0000000e+00 
    55 :     55  6.2264170e+00  1.0000000e+00 
    56 :     56  6.0000000e+00  1.0000000e+00 
    57 :     57  5.7550998e+00  1.0000000e+00 
    58 :     58  5.4902076e+00  1.0000000e+00 
    59 :     59  5.2036912e+00  1.0000000e+00 
    60 :     60  4.8937857e+00  1.0000000e+00 
    61 :     61  4.5585814e+00  1.0000000e+00 
    62 :     62  4.1960133e+00  1.0000000e+00 
    63 :     63  3.8038475e+00  1.0000000e+00 
    64 :     64  3.3796679e+00  1.0000000e+00 
    65 :     65  2.9208611e+00  1.0000000e+00 
    66 :     66  2.4246003e+00  1.0000000e+00 
    67 :     67  1.8878281e+00  1.0000000e+00 
    68 :     68  1.3072374e+00  1.0000000e+00 
    69 :     69  6.7925100e-01  1.0000000e+00 
    70 :     70  0.0000000e+00  5.0000000e-01 
    71 :     71  7.9352005e+00  5.0000000e-01 
    72 :     72  7.4598253e+00  8.9919318e-01 
    73 :     73  7.4709617e+00  1.0577063e-01 
    74 :     74  7.0502435e+00  1.2329751e-01 
    75 :     75  7.9367743e+00  2.6199775e-01 
    76 :     76  7.9362686e+00  7.3076923e-01 
    77 :     77  6.7157750e+00  8.4872385e-01 
    78 :     78  7.1972526e+00  8.8217070e-01 
    79 :     79  7.6750098e+00  8.5071283e-02 
    80 :     80  7.6973428e+00  9.0664983e-01 
    81 :     81  6.3328568e+00  1.7835964e-01 
    82 :     82  6.7125586e+00  1.4640213e-01 
    83 :     83  5.8775499e+00  2.0408634e-01 
    84 :     84  6.3340229e+00  8.2833143e-01 
    85 :     85  5.3478140e+00  2.4666398e-01 
    86 :     86  5.8776841e+00  7.8930851e-01 
    87 :     87  4.7261836e+00  2.7934074e-01 
    88 :     88  7.8722166e+00  9.2701025e-01 
    89 :     89  7.8732883e+00  6.4604783e-02 
    90 :     90  5.0482089e+00  7.3971527e-01 
    91 :     91  3.9488181e+00  3.2535670e-01 
    92 :     92  4.3772973e+00  6.9785568e-01 
    93 :     93  3.1399672e+00  3.5656079e-01 
    94 :     94  3.5917577e+00  6.4651210e-01 
    95 :     95  2.2239787e+00  4.7781378e-01 
    96 :     96  2.7554004e+00  6.3481277e-01 
    97 :     97  6.8855369e+00  8.5071949e-01 
    98 :     98  6.8024276e+00  7.0805794e-01 
    99 :     99  6.9668776e+00  7.0639942e-01 
   100 :    100  6.8846038e+00  5.6990557e-01 
   101 :    101  7.0397863e+00  5.6582611e-01 
   102 :    102  6.7244535e+00  5.6432556e-01 
   103 :    103  6.9628760e+00  4.3506859e-01 
   104 :    104  7.1128939e+00  4.3513102e-01 
   105 :    105  7.1887246e+00  5.6128736e-01 
   106 :    106  7.2529981e+00  4.3774754e-01 
   107 :    107  7.3253219e+00  5.5013265e-01 
   108 :    108  7.3868236e+00  4.3929749e-01 
   109 :    109  7.4487823e+00  5.4421775e-01 
   110 :    110  7.5060740e+00  4.4240935e-01 
   111 :    111  7.5646440e+00  5.3873814e-01 
   112 :    112  7.6186782e+00  4.4515716e-01 
   113 :    113  7.6725657e+00  5.3672073e-01 
   114 :    114  7.6231378e+00  6.2855630e-01 
   115 :    115  7.7221570e+00  4.4605751e-01 
   116 :    116  7.6717586e+00  3.5819459e-01 
   117 :    117  7.7265688e+00  6.2495727e-01 
   118 :    118  7.3214355e+00  3.2721940e-01 
   119 :    119  7.3889040e+00  6.6723087e-01 
   120 :    120  7.7715678e+00  3.5928427e-01 
   121 :    121  7.6790738e+00  7.1667894e-01 
   122 :    122  7.5767429e+00  7.2276782e-01 
   123 :    123  7.7239803e+00  2.7429614e-01 
   124 :    124  7.6262783e+00  2.7063897e-01 
   125 :    125  7.7799540e+00  7.0948641e-01 
   126 :    126  7.8155358e+00  6.1949444e-01 
   127 :    127  7.8131079e+00  4.5054851e-01 
   128 :    128  7.8660076e+00  3.6158018e-01 
   129 :    129  7.7345489e+00  7.9538068e-01 
   130 :    130  7.8201436e+00  7.8205740e-01 
   131 :    131  7.0409132e+00  3.1421175e-01 
   132 :    132  6.9026660e+00  3.0169319e-01 
   133 :    133  7.7960070e+00  8.6823201e-01 
   134 :    134  7.6318597e+00  8.1380745e-01 
   135 :    135  7.1210008e+00  6.8768265e-01 
   136 :    136  7.8133243e+00  2.8064723e-01 
   137 :    137  7.7743053e+00  2.0155365e-01 
   138 :    138  7.8685573e+00  2.0129110e-01 
   139 :    139  7.7703887e+00  5.3613403e-01 
   140 :    140  5.3455144e+00  7.5315660e-01 
   141 :    141  7.1961954e+00  1.1260395e-01 
   142 :    142  7.0616482e+00  8.4446927e-01 
   143 :    143  7.4459172e+00  3.3559436e-01 
   144 :    144  7.3876629e+00  2.2381899e-01 
   145 :    145  7.5245993e+00  2.3106311e-01 
   146 :    146  7.5732826e+00  1.2823242e-01 
   147 :    147  5.6170285e+00  7.6606287e-01 
   148 :    148  5.7997415e+00  5.7223760e-01 
   149 :    149  6.0137910e+00  5.9508913e-01 
   150 :    150  5.5363492e+00  4.9905572e-01 
   151 :    151  5.2212567e+00  4.9886322e-01 
   152 :    152  5.6349658e+00  2.2149391e-01 
   153 :    153  1.6060713e+00  4.9630230e-01 
   154 :    154  7.3313072e+00  1.1058051e-01 
   155 :    155  5.0502176e+00  2.5384850e-01 
   156 :    156  7.1873151e+00  3.2392634e-01 
   157 :    157  4.7224167e+00  7.2672426e-01 
   158 :    158  6.1097948e+00  1.9269336e-01 
   159 :    159  6.2338980e+00  3.5774806e-01 
   160 :    160  6.4447430e+00  3.3733575e-01 
   161 :    161  6.3537035e+00  5.1154255e-01 
   162 :    162  4.3586648e+00  3.3128421e-01 
   163 :    163  6.5378044e+00  8.4126658e-01 
   164 :    164  7.3305548e+00  8.8659526e-01 
   165 :    165  7.2640629e+00  7.6923110e-01 
   166 :    166  7.4085784e+00  7.9359546e-01 
   167 :    167  6.8917078e+00  1.4115036e-01 
   168 :    168  6.1132085e+00  8.1345543e-01 
   169 :    169  6.5350776e+00  1.6056787e-01 
   170 :    170  6.6298919e+00  3.1691943e-01 
   171 :    171  7.7792368e+00  7.7324436e-02 
   172 :    172  7.5785425e+00  9.0722671e-01 
   173 :    173  1.0223181e+00  5.0000000e-01 
   174 :    174  6.5619877e+00  4.8465165e-01 
   175 :    175  4.0224875e+00  6.9042937e-01 
   176 :    176  7.5238765e+00  8.1292324e-01 
   177 :    177  7.9365469e+00  6.5384615e-01 
   178 :    178  7.9380320e+00  8.0879676e-01 
   179 :    179  7.9367829e+00  4.1923772e-01 
   180 :    180  7.9365871e+00  5.7692308e-01 
   181 :    181  7.8625521e+00  5.3714616e-01 
   182 :    182  7.6724025e+00  1.8507526e-01 
   183 :    183  7.5131124e+00  6.3571442e-01 
   184 :    184  7.5655498e+00  3.5497859e-01 
   185 :    185  6.8195178e+00  4.3177055e-01 
   186 :    186  6.6395165e+00  7.0763005e-01 
   187 :    187  7.2588605e+00  2.1768468e-01 
   188 :    188  5.9996648e+00  4.0229345e-01 
   189 :    189  7.9290756e+00  1.2036840e-01 
   190 :    190  7.9371870e+00  8.8376785e-01 
   191 :    191  7.8657210e+00  6.9718129e-01 
   192 :    192  6.4429495e+00  6.7326358e-01 
   193 :    193  4.8893279e+00  4.9740302e-01 
   194 :    194  7.9369702e+00  3.4258967e-01 
   195 :    195  6.2306624e+00  6.6615925e-01 
   196 :    196  7.9468814e+00  1.9365453e-01 
   197 :    197  7.2576028e+00  6.4711293e-01 
   198 :    198  5.1115905e-01  5.1697133e-01 
   199 :    199  3.5728117e+00  2.6568592e-01 
   200 :    200  7.8749989e+00  8.3984917e-01 
   201 :    201  7.4822428e+00  7.2644636e-01 
   202 :    202  7.8329384e+00  1.3188576e-01 
   203 :    203  5.7696542e+00  3.7983340e-01 
   204 :    204  7.1253022e+00  2.1139797e-01 
   205 :    205  3.1502645e+00  7.3377350e-01 
   206 :    206  7.7832857e+00  9.4417670e-01 
   207 :    207  4.5676838e+00  4.8592615e-01 
   208 :    208  6.1601036e+00  5.1504219e-01 
   209 :    209  6.7642593e+00  2.8307374e-01 
   210 :    210  7.1609911e+00  7.9588843e-01 
   211 :    211  7.8824798e+00  4.5594136e-01 
   212 :    212  7.9434000e+00  5.5211268e-02 
   213 :    213  7.9434000e+00  9.4478873e-01 
   214 :    214  6.9835564e+00  2.1413410e-01 
   215 :    215  7.7314185e+00  1.3732651e-01 
   216 :    216  6.6877485e+00  4.3718811e-01 
   217 :    217  7.8799588e+00  2.9721330e-01 
   218 :    218  7.5991407e+00  2.0375244e-01 
   219 :    219  7.8847220e+00  6.1578383e-01 
   220 :    220  2.6801035e+00  2.6008310e-01 
   221 :    221  7.8864071e+00  7.6923077e-01 
   222 :    222  7.5750338e+00  5.5048626e-02 
Number of edges 71 
     0 :      0      4 
     1 :      4      5 
     2 :      5      6 
     3 :      6      7 
     4 :      7      8 
     5 :      8      9 
     6 :      9     10 
     7 :     10     11 
     8 :     11     12 
     9 :     12     13 
    10 :     13     14 
    11 :     14     15 
    12 :     15     16 
    13 :     16     17 
    14 :     17     18 
    15 :     18     19 
    16 :     19     20 
    17 :     20     21 
    18 :     21     22 
    19 :     22     23 
    20 :     23     24 
    21 :     24     25 
    22 :     25     26 
    23 :     26     27 
    24 :     27     28 
    25 :     28     29 
    26 :     29     30 
    27 :     30      1 
    28 :      1     31 
    29 :     31     32 
    30 :     32     33 
    31 :     33     34 
    32 :     34     35 
    33 :     35     36 
    34 :     36     37 
    35 :     37     38 
    36 :     38     39 
    37 :     39     40 
    38 :     40     41 
    39 :     41     42 
    40 :     42      2 
    41 :      2     43 
    42 :     43     44 
    43 :     44     45 
    44 :     45     46 
    45 :     46     47 
    46 :     47     48 
    47 :     48     49 
    48 :     49     50 
    49 :     50     51 
    50 :     51     52 
    51 :     52     53 
    52 :     53     54 
    53 :     54     55 
    54 :     55     56 
    55 :     56     57 
    56 :     57     58 
    57 :     58     59 
    58 :     59     60 
    59 :     60     61 
    60 :     61     62 
    61 :     62     63 
    62 :     63     64 
    63 :     64     65 
    64 :     65     66 
    65 :     66     67 
    66 :     67     68 
    67 :     68     69 
    68 :     69      3 
    69 :      3     70 
    70 :     70      0 
Number of triangles 373 
     0 :    119    166    165
     1 :      0    198     70
     2 :     92    175    162
     3 :    129    133     80
     4 :    162    175     91
     5 :      4    198      0
     6 :    150    203    148
     7 :     70    198      3
     8 :    165    197    119
     9 :     91    175     94
    10 :    124    184    145
    11 :     80    134    129
    12 :    152    203    150
    13 :     16    152     15
    14 :      3    198     69
    15 :    102    186    174
    16 :     51    142     50
    17 :     67     95     66
    18 :    145    184    143
    19 :     73    145    144
    20 :     83    152     16
    21 :    138    202    189
    22 :     94    199     91
    23 :    186    192    174
    24 :     50    142     78
    25 :    135    197    165
    26 :     79    182    146
    27 :     95     96     66
    28 :    127    181    139
    29 :     75    217    138
    30 :    189    196    138
    31 :     73    146    145
    32 :     81    169    160
    33 :    135    142     99
    34 :    148    188    149
    35 :     97    142     51
    36 :     85    152    150
    37 :     84    195    192
    38 :    132    209    167
    39 :    127    139    115
    40 :    144    154     73
    41 :     93    199     94
    42 :    105    197    135
    43 :     67    153     95
    44 :    129    134    121
    45 :    169    170    160
    46 :     15    152     85
    47 :     57    147     86
    48 :    167    209     82
    49 :    125    191    130
    50 :    121    134    122
    51 :    165    210    135
    52 :    106    156    118
    53 :    150    151     85
    54 :     87    162     12
    55 :     60    157     90
    56 :     81    158     18
    57 :     53    163     77
    58 :     48    164     72
    59 :     58    147     57
    60 :     59    140     58
    61 :     52     97     51
    62 :    189    202     89
    63 :    165    166    164
    64 :    117    139    126
    65 :     89    171     29
    66 :    120    136    128
    67 :     13    155     87
    68 :    149    168     86
    69 :    115    139    113
    70 :    148    203    188
    71 :    108    143    110
    72 :     94    205     93
    73 :    192    195    161
    74 :    104    156    106
    75 :      6    153      5
    76 :    139    181    126
    77 :    179    211    128
    78 :     12    162     11
    79 :     61    157     60
    80 :     18    158     17
    81 :     54    163     53
    82 :     49    164     48
    83 :    140    147     58
    84 :     29    171     28
    85 :    138    217    136
    86 :    147    148     86
    87 :    147    150    148
    88 :    182    218    146
    89 :    133    206     80
    90 :    138    196     75
    91 :    108    109    107
    92 :    106    107    105
    93 :    106    108    107
    94 :    108    110    109
    95 :    110    111    109
    96 :     81    159    158
    97 :    148    149     86
    98 :    104    106    105
    99 :    135    210    142
   100 :    112    113    111
   101 :    110    112    111
   102 :    112    115    113
   103 :    164    166     72
   104 :     94    175     63
   105 :     19    169     81
   106 :     21    167     82
   107 :     95    153      6
   108 :    120    128    127
   109 :     81    160    159
   110 :     72    172     47
   111 :    104    105    101
   112 :    191    221    130
   113 :    120    127    115
   114 :    113    139    117
   115 :    117    126    125
   116 :    159    188    158
   117 :    143    184    110
   118 :     82    170    169
   119 :    127    211    181
   120 :     99    142     97
   121 :     93    205     96
   122 :     14    155     13
   123 :     72    176    172
   124 :     90    140     59
   125 :     77     97     52
   126 :    113    117    114
   127 :    118    143    108
   128 :    125    130    129
   129 :    117    125    121
   130 :    116    120    115
   131 :    144    145    143
   132 :    137    138    136
   133 :     98     99     97
   134 :    103    104    101
   135 :    100    101     99
   136 :    123    136    120
   137 :    101    135     99
   138 :    133    200     88
   139 :     24    154    141
   140 :     25    154     24
   141 :     88    206    133
   142 :    128    211    127
   143 :    160    174    161
   144 :     73    154     25
   145 :     23    141     74
   146 :     86    168     56
   147 :     62     92     61
   148 :     57     86     56
   149 :     17     83     16
   150 :     15     85     14
   151 :     21     82     20
   152 :     53     77     52
   153 :     19     81     18
   154 :     55     84     54
   155 :      9     93      8
   156 :      7     95      6
   157 :     66     96     65
   158 :     13     87     12
   159 :     23     74     22
   160 :     64     94     63
   161 :     60     90     59
   162 :     11     91     10
   163 :     24    141     23
   164 :     26     73     25
   165 :     50     78     49
   166 :    149    195    168
   167 :     84    192    163
   168 :     48     72     47
   169 :    160    161    159
   170 :     55    168     84
   171 :     92    157     61
   172 :     17    158     83
   173 :     11    162     91
   174 :     84    163     54
   175 :    145    218    124
   176 :     78    164     49
   177 :     28     79     27
   178 :    131    156    104
   179 :     46     80     45
   180 :     68    153     67
   181 :     30     89     29
   182 :     44     88     43
   183 :    109    119    107
   184 :    113    114    111
   185 :     95    220     96
   186 :    105    135    101
   187 :    106    118    108
   188 :     28    171     79
   189 :    112    116    115
   190 :    130    133    129
   191 :    117    121    114
   192 :    125    129    121
   193 :    166    176     72
   194 :    174    192    161
   195 :     56    168     55
   196 :    134    176    122
   197 :    118    144    143
   198 :    116    123    120
   199 :    123    137    136
   200 :     77     98     97
   201 :    103    131    104
   202 :    100    103    101
   203 :     98    100     99
   204 :     90    193    151
   205 :    172    176    134
   206 :     90    151    140
   207 :    109    183    119
   208 :     73    222    146
   209 :     96    220     93
   210 :    146    222     79
   211 :    140    150    147
   212 :    159    208    188
   213 :     80    172    134
   214 :    153    173      5
   215 :     85    155     14
   216 :    114    183    111
   217 :     69    173     68
   218 :      5    173      4
   219 :     78    165    164
   220 :    112    184    116
   221 :    154    187    141
   222 :     63    175     62
   223 :     20    169     19
   224 :     22    167     21
   225 :     47    172     46
   226 :      9    199     93
   227 :     26    222     73
   228 :    144    187    154
   229 :      7    220     95
   230 :    122    183    114
   231 :    151    193    155
   232 :    116    184    124
   233 :     96    205     65
   234 :    170    174    160
   235 :    151    155     85
   236 :    155    193     87
   237 :     80    206     45
   238 :    156    187    118
   239 :    119    201    166
   240 :    163    186     77
   241 :    136    217    128
   242 :    111    183    109
   243 :    123    182    137
   244 :     68    173    153
   245 :    110    184    112
   246 :    128    194    179
   247 :     91    199     10
   248 :    157    193     90
   249 :     41    178     40
   250 :     34     75     33
   251 :     40     76     39
   252 :     37     71     36
   253 :     38    180     37
   254 :     39    177     38
   255 :     36    179     35
   256 :    126    191    125
   257 :    107    197    105
   258 :    121    122    114
   259 :     62    175     92
   260 :     82    169     20
   261 :     74    167     22
   262 :    116    124    123
   263 :     46    172     80
   264 :    185    216    209
   265 :    140    151    150
   266 :    103    132    131
   267 :     98    102    100
   268 :    142    210     78
   269 :     83    203    152
   270 :    183    201    119
   271 :     64    205     94
   272 :    167    214    132
   273 :     93    220      8
   274 :     79    222     27
   275 :    124    182    123
   276 :     44    206     88
   277 :    118    187    144
   278 :     32    189     31
   279 :     42    190     41
   280 :    137    215    202
   281 :    158    188     83
   282 :     40    178     76
   283 :     76    177     39
   284 :     37    180     71
   285 :     71    179     36
   286 :    177    180     38
   287 :    130    200    133
   288 :    100    185    103
   289 :     77    186     98
   290 :    168    195     84
   291 :     41    190    178
   292 :     82    209    170
   293 :    202    215    171
   294 :    102    185    100
   295 :    180    181     71
   296 :     35    194     34
   297 :    103    185    132
   298 :     98    186    102
   299 :     34    194     75
   300 :    179    194     35
   301 :     75    196     33
   302 :     33    196     32
   303 :    162    207     92
   304 :      1    212     30
   305 :     43    213      2
   306 :     10    199      9
   307 :    181    219    126
   308 :    137    202    138
   309 :    146    218    145
   310 :     87    207    162
   311 :    193    207     87
   312 :     89    202    171
   313 :    173    198      4
   314 :     31    212      1
   315 :      2    213     42
   316 :     76    191    177
   317 :    157    207    193
   318 :     32    196    189
   319 :    185    209    132
   320 :    187    204    141
   321 :    131    204    156
   322 :    161    208    159
   323 :    166    201    176
   324 :     69    198    173
   325 :    131    214    204
   326 :    119    197    107
   327 :    209    216    170
   328 :    163    192    186
   329 :    190    200    178
   330 :    156    204    187
   331 :    149    208    195
   332 :     30    212     89
   333 :     88    213     43
   334 :    141    204     74
   335 :     79    215    182
   336 :     65    205     64
   337 :    200    221    178
   338 :     45    206     44
   339 :    195    208    161
   340 :     27    222     26
   341 :    188    208    149
   342 :    204    214     74
   343 :      8    220      7
   344 :    176    201    122
   345 :    122    201    183
   346 :     92    207    157
   347 :    181    211     71
   348 :    180    219    181
   349 :    191    219    177
   350 :     76    221    191
   351 :    174    216    102
   352 :     88    200    190
   353 :    194    217     75
   354 :    170    216    174
   355 :    132    214    131
   356 :    130    221    200
   357 :    182    215    137
   358 :    171    215     79
   359 :     78    210    165
   360 :    126    219    191
   361 :     74    214    167
   362 :    188    203     83
   363 :     89    212    189
   364 :    190    213     88
   365 :    128    217    194
   366 :    189    212     31
   367 :     42    213    190
   368 :     71    211    179
   369 :    102    216    185
   370 :    177    219    180
   371 :    124    218    182
   372 :    178    221     76
Number of domains 4
  Domain :      0 
  Name : Bottom
  Number of elements :     28
     0
     1
     2
     3
     4
     5
     6
     7
     8
     9

    10
    11
    12
    13
    14
    15
    16
    17
    18
    19

    20
    21
    22
    23
    24
    25
    26
    27
  Domain :      1 
  Name : Right
  Number of elements :     13
    28
    29
    30
    31
    32
    33
    34
    35
    36
    37

    38
    39
    40
  Domain :      2 
  Name : Top
  Number of elements :     28
    41
    42
    43
    44
    45
    46
    47
    48
    49
    50

    51
    52
    53
    54
    55
    56
    57
    58
    59
    60

    61
    62
    63
    64
    65
    66
    67
    68
  Domain :      3 
  Name : Left
  Number of elements :      2
    69
    70
