Size 1576,2
0.000000000000000000e+00,0.000000000000000000e+00
-1.846968310416953753e-06,-2.249839083351282479e-05
1.846968409783092257e-06,-2.249839001595045431e-05
0.000000000000000000e+00,0.000000000000000000e+00
-6.187678581863997248e-08,-3.349539678828754332e-08
-1.148650393190582256e-07,-5.944842944542849976e-08
-1.661375676736171584e-07,-9.016003173283200936e-08
-2.166448691881777064e-07,-1.271374546238639206e-07
-2.664674329197010471e-07,-1.713350865740279414e-07
-3.155298805534218489e-07,-2.230806885167324402e-07
-3.637673891015329253e-07,-2.824624989875820357e-07
-4.111474442430590869e-07,-3.494262817331443732e-07
-4.575443299695405265e-07,-4.238118422644186385e-07
-5.029761674830307428e-07,-5.055160277505227317e-07
-5.473838260750987127e-07,-5.943490089453754574e-07
-5.908493958120542477e-07,-6.901774935615896882e-07
-6.333091369898867879e-07,-7.928300114772317824e-07
-6.747905558229173080e-07,-9.021475960960365721e-07
-7.153165647171708376e-07,-1.017958537310825177e-06
-7.549052196942980269e-07,-1.140120702540815528e-06
-7.936309248432383026e-07,-1.268510727128191936e-06
-8.313587253148966560e-07,-1.402969270470433703e-06
-8.681522860998499734e-07,-1.543327798532193920e-06
-9.040617917907372802e-07,-1.689435498863720231e-06
-9.390849524749534816e-07,-1.841165037828580716e-06
-9.732613771911095192e-07,-1.998385005480061775e-06
-1.006538584187662489e-06,-2.160943770670325030e-06
-1.038980901174541504e-06,-2.328712883011593421e-06
-1.070556013228915910e-06,-2.501547206556664156e-06
-1.101308609345408961e-06,-2.679307388812318178e-06
-1.131240314068784354e-06,-2.861874141571920646e-06
-1.160358466893204756e-06,-3.049110873184441962e-06
-1.188668805525441823e-06,-3.240881381124428161e-06
-1.216204102633860115e-06,-3.437073241955110867e-06
-1.242947632183541858e-06,-3.637541078552945271e-06
-1.268941222505769373e-06,-3.842179442893650251e-06
-1.294188597953934080e-06,-4.050860274783693662e-06
-1.318716019969890157e-06,-4.263492566406980968e-06
-1.342452448514990466e-06,-4.479918848202664339e-06
-1.365478094933531571e-06,-4.700028647683570142e-06
-1.387793140183451213e-06,-4.923710400050494602e-06
-1.409415611273032803e-06,-5.150858414397428936e-06
-1.430346211717609820e-06,-5.381351560896242481e-06
-1.450603974491637770e-06,-5.615091612778198279e-06
-1.470191913834142710e-06,-5.851959889855694408e-06
-1.489129049559609349e-06,-6.091862920431352615e-06
-1.507415988404613384e-06,-6.334681380424487491e-06
-1.525077078238057005e-06,-6.580331892177086197e-06
-1.542108458772344971e-06,-6.828692029207853560e-06
-1.558537858038721572e-06,-7.079687700203690264e-06
-1.574359758358937457e-06,-7.333196934527286945e-06
-1.589601176690593186e-06,-7.589150310847209625e-06
-1.604256613873796107e-06,-7.847428229337735165e-06
-1.618352976080412151e-06,-8.107962056138841959e-06
-1.631895773912061375e-06,-8.370650002265105923e-06
-1.644892656969183734e-06,-8.635408490957569510e-06
-1.657357567900703629e-06,-8.902149876609448620e-06
-1.669298964536269793e-06,-9.170790405313764045e-06
-1.680730952278130787e-06,-9.441246402188832335e-06
-1.691661706723787579e-06,-9.713437797825730737e-06
-1.702105366029372520e-06,-9.987284361140733244e-06
-1.712070409176725171e-06,-1.026270925361715881e-05
-1.721572610986232775e-06,-1.053963992334895210e-05
-1.730608882889831435e-06,-1.081799028593507168e-05
-1.739251635974466951e-06,-1.109772957115639137e-05
-1.747384621796530515e-06,-1.137872497699596418e-05
-1.755120250191875319e-06,-1.166094250658838832e-05
-1.762496708906001670e-06,-1.194433962461165169e-05
-1.769402461611936500e-06,-1.222879655446647091e-05
-1.775946192170175134e-06,-1.251429084151398796e-05
-1.782109645395275757e-06,-1.280074613441293276e-05
-1.787891057064081775e-06,-1.308809755317845546e-05
-1.793304291177021044e-06,-1.337626593945912780e-05
-1.798399208244787541e-06,-1.366526742595748281e-05
-1.803272589123724139e-06,-1.395504007429376511e-05
-1.807714104180948251e-06,-1.424540338330260771e-05
-1.811912450624113381e-06,-1.453650435968949658e-05
-1.815723238262492177e-06,-1.482811007467103673e-05
-1.819315311521638093e-06,-1.512032662807553112e-05
-1.822563410989669025e-06,-1.541296305078230022e-05
-1.825603770037955182e-06,-1.570611751191411791e-05
-1.828334817630323291e-06,-1.599961240340877332e-05
-1.830870268530895107e-06,-1.629353931007957411e-05
-1.833126588196070937e-06,-1.658773364047034349e-05
-1.835202708445031850e-06,-1.688227880761029149e-05
-1.837030851994111691e-06,-1.717702751143448427e-05
-1.838690995231651142e-06,-1.747205335498997649e-05
-1.840134854015150011e-06,-1.776722452865315128e-05
-1.841424188693275218e-06,-1.806260669390543174e-05
-1.842527635602524307e-06,-1.835808311565565717e-05
-1.843491213774432064e-06,-1.865371146019676520e-05
-1.844297997103898019e-06,-1.894938998340399996e-05
-1.844980877846197666e-06,-1.924516835323426630e-05
-1.845535163164532256e-06,-1.954096007254065243e-05
-1.845982458190983999e-06,-1.983680676515878590e-05
-1.846328179039698160e-06,-2.013263703983130307e-05
-1.846586202603021556e-06,-2.042848432893037681e-05
-1.846767675415334555e-06,-2.072429323028450582e-05
-1.846884870397085461e-06,-2.102008126633945454e-05
-1.846944566413537512e-06,-2.131583365761383601e-05
-1.846972128331901143e-06,-2.161153114339553526e-05
-1.846975538020390041e-06,-2.190718374867321416e-05
-1.846970703955094430e-06,-2.220279722316472677e-05
-1.562746341203424865e-06,-2.249837465277076904e-05
-1.278542863299798281e-06,-2.249833586104253014e-05
-9.943723718165168923e-07,-2.249828115688310475e-05
-7.102325119566616464e-07,-2.249822811726510886e-05
-4.261287074268819336e-07,-2.249818302929068833e-05
-1.420402998356556464e-07,-2.249815958936657708e-05
1.420424422871756261e-07,-2.249816042785508286e-05
4.261276396371033255e-07,-2.249818990591228511e-05
7.102358755750558604e-07,-2.249822793287867398e-05
9.943727934846106803e-07,-2.249828021834716349e-05
1.278544449158963631e-06,-2.249833368716410261e-05
1.562746614062120325e-06,-2.249837389470313220e-05
1.846971554531970784e-06,-2.220279682020379121e-05
1.846975798366052213e-06,-2.190718404868551798e-05
1.846973546293847614e-06,-2.161152901941275917e-05
1.846947364008286442e-06,-2.131582737221110252e-05
1.846882671177226377e-06,-2.102008116295587815e-05
1.846766234898384700e-06,-2.072429466664889994e-05
1.846585046682557780e-06,-2.042847760837881202e-05
1.846326940777210652e-06,-2.013264097119320888e-05
1.845980562212153792e-06,-1.983679858511774332e-05
1.845534369713930192e-06,-1.954096561559804938e-05
1.844977122368874732e-06,-1.924515882851433887e-05
1.844297034849503853e-06,-1.894939586419436148e-05
1.843484805654965739e-06,-1.865370032740336793e-05
1.842527661311578748e-06,-1.835809133841555962e-05
1.841413596376705242e-06,-1.806259297298863737e-05
1.840134875901200442e-06,-1.776723424646227230e-05
1.838678499661003659e-06,-1.747203991241974517e-05
1.837030084737503983e-06,-1.717703773104616054e-05
1.835185211748683372e-06,-1.688226440194190832e-05
1.833129759804606050e-06,-1.658774810194671889e-05
1.830846092188998274e-06,-1.629352216534798293e-05
1.828335914278219804e-06,-1.599963090184180364e-05
1.825581732988443565e-06,-1.570610465543373160e-05
1.822564534866134618e-06,-1.541298356011374651e-05
1.819289585132713239e-06,-1.512031715206031834e-05
1.815734572179276729e-06,-1.482814048379471676e-05
1.811891564551053658e-06,-1.453650243816461347e-05
1.807752976689121197e-06,-1.424545215075935708e-05
1.803298771436611017e-06,-1.395502996748298092e-05
1.798520522820115221e-06,-1.366529132027271847e-05
1.793397262294778556e-06,-1.337628958760977539e-05
1.787949115472522873e-06,-1.308808947902732925e-05
1.782142425675454675e-06,-1.280073084938851844e-05
1.775968315537724642e-06,-1.251427645189813444e-05
1.769417339170280364e-06,-1.222878401096461630e-05
1.762479145267940144e-06,-1.194431996580383303e-05
1.755137966026351207e-06,-1.166094057443043296e-05
1.747391430336453800e-06,-1.137871727856531423e-05
1.739224464954814104e-06,-1.109771284224937270e-05
1.730614424409596987e-06,-1.081799091548351583e-05
1.721568414296562269e-06,-1.053963314750840604e-05
1.712058260153887338e-06,-1.026270345367760999e-05
1.702075123370955163e-06,-9.987280730924573150e-06
1.691644113046729607e-06,-9.713447401191169762e-06
1.680747099259783864e-06,-9.441261462152225262e-06
1.669325461300536163e-06,-9.170793402535389123e-06
1.657352414975192178e-06,-8.902132394173448051e-06
1.644889146096525049e-06,-8.635402494991459147e-06
1.631883447198968657e-06,-8.370638007544412077e-06
1.618329765055513806e-06,-8.107954444270109112e-06
1.604252417113122853e-06,-7.847425924779122131e-06
1.589555259997327941e-06,-7.589134576571464290e-06
1.574349569457230963e-06,-7.333193249544794560e-06
1.558522582929441581e-06,-7.079684495090435521e-06
1.542011234852088362e-06,-6.828677170834368459e-06
1.525072395017036734e-06,-6.580346712034694002e-06
1.507429542573574897e-06,-6.334699875670576677e-06
1.489045727678409884e-06,-6.091835496202158674e-06
1.470167527784424260e-06,-5.851967936717004695e-06
1.450582923754187467e-06,-5.615117095161054528e-06
1.430330333858418672e-06,-5.381346830072829042e-06
1.409410521820286138e-06,-5.150863562362892478e-06
1.387738041689819290e-06,-4.923715182310494524e-06
1.365402004875604799e-06,-4.700035507007805460e-06
1.342430209245082473e-06,-4.479941563528150643e-06
1.318715347970564075e-06,-4.263555337965238317e-06
1.294179383696216505e-06,-4.050888717998641770e-06
1.269242146600059373e-06,-3.842263536331719607e-06
1.243306469169980967e-06,-3.637683523927063976e-06
1.216398631523796198e-06,-3.436816370721762016e-06
1.188559591355434290e-06,-3.240737261618353650e-06
1.160341063165578759e-06,-3.049073094952949519e-06
1.130626037101135447e-06,-2.861853709465489260e-06
1.100953802821749910e-06,-2.679211629950254765e-06
1.070234369942369459e-06,-2.501563708567139769e-06
1.038841485710817917e-06,-2.328824939314611317e-06
1.006506724909505074e-06,-2.161066374796862911e-06
9.734376448490326235e-07,-1.998473829633419120e-06
9.393547657078581061e-07,-1.841184778852265170e-06
9.042868500779483275e-07,-1.689406087230706819e-06
8.683328079761759434e-07,-1.543460217773567157e-06
8.311171477652365843e-07,-1.403012538447867304e-06
7.934339487066051610e-07,-1.268484992258788249e-06
7.552540043645529309e-07,-1.140217314132596893e-06
7.158645565973249500e-07,-1.018134416673409355e-06
6.750037863298505827e-07,-9.021895507801960287e-07
6.332662061958490063e-07,-7.927792896791277211e-07
5.907853852198488303e-07,-6.901534159123548271e-07
5.474071064703597119e-07,-5.943499111529662819e-07
5.029785275735513386e-07,-5.055189408870235524e-07
4.576575899067554659e-07,-4.237765170604551949e-07
4.113256050306486794e-07,-3.493746021036792437e-07
3.642447277774665342e-07,-2.825796179151541098e-07
3.156249863781851210e-07,-2.228942199179927198e-07
2.663930731067485137e-07,-1.711201758591658861e-07
2.166992785634059796e-07,-1.270171084020534791e-07
1.657379936062678282e-07,-9.016471656126078872e-08
1.146968939799299751e-07,-5.966035064616014783e-08
6.191559304453101282e-08,-3.331102953006092875e-08
0.000000000000000000e+00,0.000000000000000000e+00
0.000000000000000000e+00,0.000000000000000000e+00
0.000000000000000000e+00,0.000000000000000000e+00
0.000000000000000000e+00,0.000000000000000000e+00
0.000000000000000000e+00,0.000000000000000000e+00
0.000000000000000000e+00,0.000000000000000000e+00
0.000000000000000000e+00,0.000000000000000000e+00
0.000000000000000000e+00,0.000000000000000000e+00
0.000000000000000000e+00,0.000000000000000000e+00
0.000000000000000000e+00,0.000000000000000000e+00
0.000000000000000000e+00,0.000000000000000000e+00
0.000000000000000000e+00,0.000000000000000000e+00
-8.937916214022759962e-11,-2.166464259141850506e-09
-1.581638028108074284e-08,-2.226607936601035249e-05
7.373085436134269627e-07,-1.464063509883235737e-06
1.078812406226359658e-06,-3.735736348305591494e-06
1.293189873097817658e-06,-6.450017201485965784e-06
1.485474513993951221e-06,-1.067644172030923447e-05
1.525826030162422006e-06,-1.236981051696577527e-05
1.584470112462008439e-06,-1.701837531886479863e-05
1.599956922628972514e-06,-2.026922040617272226e-05
3.300362867142768215e-07,-3.022253126025311844e-07
-1.423943661029477511e-06,-9.570649059896240991e-06
-1.532580663715304500e-06,-1.353200611490502351e-05
-5.967113349302031878e-07,-9.475384739392877982e-07
-8.784760899508348393e-07,-2.233352137350536532e-06
-9.844387632513099692e-07,-2.947864812629605115e-06
-1.156489892356331548e-06,-4.580897780949603176e-06
-1.227604119690079986e-06,-5.489645727915291405e-06
-1.342052881672216463e-06,-7.453567209768391913e-06
-1.386739798002397259e-06,-8.495889267107929334e-06
-1.576599015893467290e-06,-1.467906732274159728e-05
-1.586574752426435221e-06,-1.584987906620416432e-05
-1.593681441258273898e-06,-1.820840698274638864e-05
-1.467780622736949327e-06,-1.151000448062998675e-05
-1.597984078946533738e-06,-1.939056224406890459e-05
-4.496002126345335341e-07,-5.369154034312609686e-07
9.247456383600518664e-07,-2.580084044020533572e-06
1.199860229090509053e-06,-5.023734698682232677e-06
5.297533077095830259e-07,-7.309555974754532961e-07
1.594922855935149967e-06,-1.879048376376562333e-05
1.567640422231376284e-06,-1.525507445352750442e-05
1.556812884423431779e-06,-1.409128425200506454e-05
1.431157700513286964e-06,-9.033325853594202138e-06
1.380154976266752994e-06,-7.971227805654599742e-06
-7.606224882945930992e-07,-1.604398604434383547e-06
-1.589620276506808252e-06,-1.702753374455109449e-05
-1.079468715490783080e-06,-3.733053599664149023e-06
-1.289232330643678170e-06,-6.449421002760738275e-06
-1.609380217561053788e-06,-2.056851470176741985e-05
-2.889539813565560228e-07,-2.394968120424835430e-07
1.507260646777424758e-06,-1.151779695179353406e-05
1.134953775832077592e-06,-4.362679226764794086e-06
8.119497095328674920e-07,-1.908181572492261948e-06
1.590371992343624636e-06,-1.790376093604493951e-05
1.542218390890873293e-06,-1.321976563324058044e-05
-1.486522620516186299e-06,-1.236420449554603643e-05
-1.451962393554130104e-06,-1.067086478325076624e-05
1.576976643029530297e-06,-1.613515895170612391e-05
1.445288560729349324e-06,-9.836762554392176148e-06
1.340665529052932711e-06,-7.199502868552324015e-06
1.247851679157997793e-06,-5.725586574159124959e-06
1.022444422860097520e-06,-3.128600043985295664e-06
6.260412135210558305e-07,-1.060313127543602569e-06
1.591390502466859764e-06,-2.116162177275987216e-05
2.061599200284392789e-07,-1.351846092776322938e-07
-1.585580886516736922e-06,-2.142944972973819562e-05
-1.598708715705853728e-07,-9.528465111672333761e-08
8.862512488630418293e-07,-2.226457895019444522e-05
1.796182414998661787e-08,-5.083792350489689478e-09
-1.840064617753855253e-08,-4.828204227432209238e-09
-8.461474065187162570e-07,-2.224128960730467275e-05
1.598319506880197506e-06,-1.967778914752076221e-05
-1.570106981478037049e-06,-1.409683062596600539e-05
-9.328076137244117691e-07,-2.582372372380067267e-06
-5.252288170511649149e-07,-7.296204009326018697e-07
4.192608782535205797e-07,-4.639691191021926443e-07
-6.984247692062456584e-07,-1.323438482204285021e-06
-1.193274912282274916e-06,-5.028460106263278305e-06
-1.033300109517658250e-06,-3.331763997527733466e-06
-1.123005970833978411e-06,-4.150753591503969388e-06
-1.365369522862133073e-06,-7.970325075290929728e-06
-1.406236032456021605e-06,-9.029556029991736210e-06
-1.582064493333137965e-06,-1.526353596774188416e-05
-1.586556330794954147e-06,-1.643841000024495418e-05
-1.591969757444227752e-06,-1.761761606651386454e-05
-1.594828231912332394e-06,-1.879968232574786817e-05
-1.601067559102638545e-06,-1.998114221141433709e-05
-8.219359022555391703e-07,-1.908096598704906471e-06
1.561536833942497258e-06,-1.468131091641033637e-05
1.409626076244750974e-06,-8.499611951526268085e-06
8.622748440890954784e-07,-2.229170970136100957e-06
-1.259562125453455399e-06,-5.963581775881829506e-06
-1.439943477330787993e-06,-1.011851988111644183e-05
-1.497173118218617444e-06,-1.293892807937632383e-05
-1.316700962760028397e-06,-6.946345300021414996e-06
-3.713043783970792474e-07,-3.734319289977597953e-07
1.192171435479333753e-07,-6.406512702782760887e-08
1.593278207522659024e-06,-2.175859114481975805e-05
-7.112267743094587962e-08,-3.470760776845638672e-08
-1.598667479913917972e-06,-2.204286667549343632e-05
1.416637258923036543e-06,-2.228207587327487798e-05
3.769387327049139793e-08,-1.473921434718904192e-08
-1.154810762790261239e-07,-6.190483130185291595e-08
-1.118635006745328357e-07,-6.710366292626231274e-08
-1.490941272716768535e-07,-1.038676703803224336e-07
-1.034245320105354994e-07,-7.594644066786475825e-08
-1.331934340178193560e-07,-1.160721113966348253e-07
-8.929114692582654822e-08,-8.810657710565117083e-08
-1.118619574138398523e-07,-1.315939488307913323e-07
-6.917084043496386558e-08,-1.037964119675524681e-07
-8.549240454166987226e-08,-1.511809673809346136e-07
-4.282920373652439121e-08,-1.232557025734848279e-07
-5.221584819441460892e-08,-1.748932087815964922e-07
-9.899058670067834608e-09,-1.464424066736474725e-07
-1.146645030911334611e-08,-2.019736121978951675e-07
-6.057556160801611316e-08,-2.343513682862492954e-07
-1.284204671381024531e-08,-2.652130597935567492e-07
-6.862798516214727491e-08,-3.013885387701774307e-07
-1.405089144215177374e-08,-3.360105705018095344e-07
-7.644436926250733703e-08,-3.758943663851817957e-07
-1.516946545606408954e-08,-4.142028320356727324e-07
-8.386624339674990103e-08,-4.577103555980411581e-07
-1.614452833230327582e-08,-4.996307732653851428e-07
-9.111118453194555178e-08,-5.466934824836151142e-07
-1.703039746469524352e-08,-5.920997417617109230e-07
-9.801083701887151782e-08,-6.426681798494487733e-07
-1.791583233645969369e-08,-6.915174379583394370e-07
-1.047670630581585440e-07,-7.454928213085450948e-07
-1.858137362259659512e-08,-7.977582328044286824e-07
-1.111183972894851038e-07,-8.551588267471268062e-07
-1.898199848244936684e-08,-9.105594425139903488e-07
-1.189821239034297334e-07,-9.713990246527678297e-07
-1.983778538942814186e-08,-1.029841590973944277e-06
-1.238949347494816028e-07,-1.093666257329276753e-06
-2.005601364301856216e-08,-1.155408915417029077e-06
-1.291955036044590013e-07,-1.222154114842425845e-06
-2.006392343239182925e-08,-1.287091926024800984e-06
-1.346216592936721262e-07,-1.356836391100622064e-06
-2.026374062766635793e-08,-1.424779324113176797e-06
-1.398559050473587549e-07,-1.497453232770625099e-06
-2.032329204240680692e-08,-1.568297691059123611e-06
-1.449486306078426660e-07,-1.643842748062775832e-06
-2.027267715007511240e-08,-1.717512855080087189e-06
-1.497582054873115137e-07,-1.795860987025439016e-06
-2.022135709892514751e-08,-1.872300600005950098e-06
-1.544386442100114726e-07,-1.953375656761436037e-06
-1.994501945423117575e-08,-2.032517089859543273e-06
-1.588195324749954156e-07,-2.116240048290909407e-06
-1.959725287180852959e-08,-2.198005926799868106e-06
-1.630675958160577214e-07,-2.284313205788122472e-06
-1.923256556010370071e-08,-2.368629021577386994e-06
-1.670584856495563992e-07,-2.457455022146997782e-06
-1.875688060731162691e-08,-2.544258790874576922e-06
-1.709265183094661651e-07,-2.635537416116019159e-06
-1.825341563025356663e-08,-2.724764402623318399e-06
-1.745369515823820597e-07,-2.818421552518370426e-06
-1.739051700588029950e-08,-2.910318113410210712e-06
-1.779909743031150089e-07,-3.006028075455592748e-06
-1.637241418163520965e-08,-3.100232629243028651e-06
-1.811605873178299501e-07,-3.198138535962212119e-06
-1.579202291380293036e-08,-3.294395382255016358e-06
-1.843183199757206138e-07,-3.394620076852629774e-06
-1.505904927851624035e-08,-3.493009510002567183e-06
-1.872204749405489618e-07,-3.595400422409122806e-06
-1.426943485763201243e-08,-3.696259617560794706e-06
-1.900408458166097152e-07,-3.800425355124140973e-06
-1.387663073558933553e-08,-3.903004692496946841e-06
-1.926850090380165468e-07,-4.009406403860936711e-06
-1.247226005457822478e-08,-4.113721020452135719e-06
-1.951019183414163123e-07,-4.222296216243914189e-06
-1.127079241601909088e-08,-4.329130684046176538e-06
-1.972932772042702976e-07,-4.439131375574310763e-06
-1.084667512247988561e-08,-4.547493420928400133e-06
-1.995629409233677871e-07,-4.659543669378088337e-06
-9.334122018891453825e-09,-4.769445172225114661e-06
-2.014351917237778031e-07,-4.883498141392209978e-06
-7.754688309483758593e-09,-4.995768400432291126e-06
-2.032292408172281044e-07,-5.111061239893740643e-06
-7.368802995119377706e-09,-5.224671352056330635e-06
-2.049912938832568570e-07,-5.341854488885844547e-06
-5.770724693824837770e-09,-5.456830144504465798e-06
-2.065459013076982312e-07,-5.575863165675552346e-06
-3.836237227166544351e-09,-5.693062333442272554e-06
-2.077924939615042095e-07,-5.813149568657985893e-06
-3.490129018871218170e-09,-5.931511832869852460e-06
-2.092697897083482918e-07,-6.053342744262327977e-06
-9.088910116839572334e-10,-6.173367252057493474e-06
-2.101884993653896709e-07,-6.296507036365109622e-06
6.423428027380794349e-10,-6.418168554635084850e-06
-2.112099528711520595e-07,-6.542519474331579260e-06
7.522192776995797094e-10,-6.665153774590804179e-06
-2.122802756771872083e-07,-6.791153908298355042e-06
3.626087970612837117e-09,-6.915313086665247738e-06
-2.129167488056766818e-07,-7.042476142437823683e-06
5.295655645258296482e-09,-7.168128228989356018e-06
-2.134703751306362525e-07,-7.296353193802691692e-06
5.275206447182670532e-09,-7.422820664386888967e-06
-2.143419765035354579e-07,-7.552563844179233907e-06
8.427357536213930586e-09,-7.680420014400523923e-06
-2.145121388847890502e-07,-7.811177292625671117e-06
1.233822436908077098e-08,-7.940421030497824640e-06
-2.144817276500494169e-07,-8.072070659693989075e-06
1.257450242711251248e-08,-8.201984632350857712e-06
-2.148277658568444650e-07,-8.335015793601715939e-06
1.369483309154740787e-08,-8.465716094077033668e-06
-2.151418907482296308e-07,-8.600022426844139976e-06
1.523451079996537422e-08,-8.731724328146695018e-06
-2.151719675548155028e-07,-8.867048162969082755e-06
1.702668123719708311e-08,-8.999717070080581502e-06
-2.151717056138029063e-07,-9.135987184346524098e-06
1.872989933334688208e-08,-9.269577397335566720e-06
-2.149747821177245112e-07,-9.406743583247383905e-06
1.689161066854389953e-08,-9.541233512043882905e-06
-2.154092938721431306e-07,-9.679236224884439315e-06
1.947832120111826275e-08,-9.813475862085381811e-06
-2.150035883255029016e-07,-9.953197480422257802e-06
2.279817378594932073e-08,-1.008776061473977133e-05
-2.144046810321302633e-07,-1.022877591857020681e-05
2.608582654416463411e-08,-1.036607971172910684e-05
-2.140629393149953730e-07,-1.050627758817096271e-05
2.799198063307132995e-08,-1.064457309826955992e-05
-2.135936791842507892e-07,-1.078506570445832400e-05
2.706996925875095661e-08,-1.092357103302058562e-05
-2.123116339628153840e-07,-1.106495336268199954e-05
3.153962582481337328e-08,-1.120440772189425100e-05
-2.117796369685909211e-07,-1.134642773529706444e-05
3.366241572774321664e-08,-1.148656266930283488e-05
-2.110567343517174577e-07,-1.162956118784937280e-05
3.209089369494542369e-08,-1.176888513369070736e-05
-2.102996663617124002e-07,-1.191247410697226567e-05
3.706479590523758272e-08,-1.205355434803763546e-05
-2.092184958139870256e-07,-1.219720531831931268e-05
4.283458517793896688e-08,-1.233916957258548072e-05
-2.076544843428075446e-07,-1.248301622408291282e-05
4.220340798410439622e-08,-1.262501858511321210e-05
-2.068929192194666824e-07,-1.276967004058086773e-05
4.387529648719936449e-08,-1.291058706160965034e-05
-2.059780932661855959e-07,-1.305699994311359812e-05
4.576628969149013364e-08,-1.319705880712545871e-05
-2.058288783239922369e-07,-1.334562667012813675e-05
4.560926148328846077e-08,-1.348582914000694985e-05
-2.042609725077207430e-07,-1.363439749601363350e-05
4.886380245884927818e-08,-1.377815640933688556e-05
-2.027522000294300263e-07,-1.392473994577080614e-05
5.488937685551735545e-08,-1.406929444575264149e-05
-2.008224246101994376e-07,-1.421558757270688300e-05
5.379839516301518975e-08,-1.435996917915197111e-05
-1.999023741573923724e-07,-1.450684632150452370e-05
5.115285454057656058e-08,-1.465118671634567001e-05
-1.994523236681008754e-07,-1.479863885625436610e-05
5.207554907400047203e-08,-1.494324469612508290e-05
-1.983775098538806233e-07,-1.509100398126279531e-05
5.369157677415198829e-08,-1.523586740673478481e-05
-1.971263209890634423e-07,-1.538387229357300378e-05
5.544503963924619683e-08,-1.552896659041880023e-05
-1.960569271617470755e-07,-1.567719046430544912e-05
5.684479278050369435e-08,-1.582249336392582595e-05
-1.947863588776099462e-07,-1.597091005190223576e-05
5.836835869772116089e-08,-1.611671999901534021e-05
-1.934355715430576955e-07,-1.626504392479771594e-05
6.043884545044736637e-08,-1.641102789279174376e-05
-1.919550706590338951e-07,-1.655946570849183914e-05
6.203642101898624910e-08,-1.670527437084079196e-05
-1.905087346268364789e-07,-1.685410671764566424e-05
6.355916446340971993e-08,-1.700042679355397564e-05
-1.890586570272458724e-07,-1.714909388948901924e-05
6.570597777153589695e-08,-1.729554205546319788e-05
-1.874831237686694905e-07,-1.744426996507221993e-05
6.726910474469858077e-08,-1.759042193461783209e-05
-1.859650359794737277e-07,-1.773955478675915968e-05
6.873665361914989038e-08,-1.788623926459645527e-05
-1.844546862537493050e-07,-1.803511180459182908e-05
7.094535547885851771e-08,-1.818188160405505218e-05
-1.828048723242110327e-07,-1.833076399640543841e-05
7.295264882445624868e-08,-1.847714526814793682e-05
-1.811470880473923692e-07,-1.862643044386076216e-05
7.412498257107985477e-08,-1.877359229891572217e-05
-1.796040793906452890e-07,-1.892233460722059273e-05
7.619002361099776683e-08,-1.906928622674424075e-05
-1.779082577494953959e-07,-1.921816242560029441e-05
7.837872738046253562e-08,-1.936444892246565790e-05
-1.761374722806617755e-07,-1.951386729855890306e-05
7.929418242627882704e-08,-1.966099114942078507e-05
-1.745583455979360700e-07,-1.980969590604870822e-05
8.129502397379373573e-08,-1.995656712692523869e-05
-1.727797535545891511e-07,-2.010528168053696304e-05
8.317292183264498522e-08,-2.025174570390730769e-05
-1.707790046969137858e-07,-2.040056641726367586e-05
8.458065697713576966e-08,-2.054674075978309920e-05
-1.686787656753279264e-07,-2.069514025397158118e-05
8.609752883156661816e-08,-2.084062087891164178e-05
2.986627566019638103e-08,-1.733455934370908931e-07
5.666466982616610718e-08,-5.449166242741861740e-07
7.217395079474172450e-08,-8.531972904801203567e-07
8.747947012934138473e-08,-1.220303601754305526e-06
1.027159780965583060e-07,-1.642207479465239463e-06
1.377848194145095400e-07,-2.817185876704422998e-06
-1.666505096510460339e-07,-2.098852270299937634e-05
1.525654143414361318e-07,-3.393496533812726647e-06
1.657996628112804613e-07,-4.008246255588770679e-06
1.792729938022439570e-07,-4.658381959858652161e-06
1.923140256696968279e-07,-5.340681236998829377e-06
2.042537248072496379e-07,-6.051820437974460306e-06
2.155907870397278135e-07,-6.789300298665944472e-06
2.270201873124582722e-07,-7.550672681868940481e-06
2.493033900403865881e-07,-9.406883863963919366e-06
2.606309173232358357e-07,-1.022622566267393980e-05
2.700778925234798843e-07,-1.106277279361692551e-05
2.460384814515452839e-08,-1.218151630548879913e-07
2.788686763241902898e-07,-1.191014649327292555e-05
2.900652934098874764e-07,-1.276664654669063758e-05
2.950077409228543076e-07,-1.363161158075354606e-05
1.178861628282843160e-07,-2.114694888676266382e-06
3.075560350602804753e-07,-1.567473748489842588e-05
3.134840917395274618e-07,-1.655739080620488284e-05
3.193074260545055629e-07,-1.744232182274317445e-05
3.252763158553626543e-07,-1.832949906808875213e-05
3.391121079810846367e-07,-2.069279861534003466e-05
3.404074992738842346e-07,-2.098582761017053641e-05
3.312937902976488412e-07,-1.921638210739182976e-05
2.417685245437014687e-07,-8.333060025453379506e-06
3.049477783492709396e-07,-1.450318725883077632e-05
1.277062273857718865e-07,-2.455362810454440178e-06
2.483307505911961962e-07,-8.864924016325532877e-06
3.040277132458334381e-07,-1.508810805075910054e-05
4.605613102697702430e-08,-3.741927457163695348e-07
3.362375886830830340e-07,-2.010365344203810949e-05
-4.210616597332680274e-07,-2.084381840023761398e-05
-4.188749878227134960e-07,-2.113644041907238570e-05
-4.257703779243560154e-07,-2.025510755492588444e-05
-4.296723814250543844e-07,-1.966419660837254722e-05
6.445355567890727319e-08,-1.484383671966955591e-07
-4.330475170029239271e-07,-1.907271034430032462e-05
-4.362046407306099612e-07,-1.848113485103745608e-05
-4.397975147825612354e-07,-1.788881950523782871e-05
-4.416996371755537703e-07,-1.729874039355548882e-05
-4.445561361654180346e-07,-1.670937002066261412e-05
-4.469126617859902350e-07,-1.612058355297123246e-05
-4.486586438966248697e-07,-1.553316264939061785e-05
-4.549401474374587682e-07,-1.205769338678264248e-05
-4.499302474192624116e-07,-1.494744575961475269e-05
-4.548797989794175424e-07,-1.120878505762394189e-05
-4.513274173987495009e-07,-1.436379763126845777e-05
-4.530030646427085798e-07,-1.378241546941084958e-05
-4.538614924573693909e-07,-1.320329582344758837e-05
5.214590222586254414e-08,-1.009443225282660179e-07
-4.542864964173463365e-07,-1.262825637488932721e-05
-4.522941224408263389e-07,-1.036999149750685752e-05
-4.508375715175932556e-07,-9.818736026063191766e-06
-4.474749450227539129e-07,-9.273625565627482766e-06
-4.443153878799936391e-07,-8.735797085107721184e-06
-4.404457633995259985e-07,-8.205737641690882968e-06
-4.359777298870991254e-07,-7.684103888688983760e-06
-4.306640399335835746e-07,-7.171642314316936063e-06
-4.259109906616133833e-07,-6.669293192922407562e-06
-4.190823342351696591e-07,-6.177414400499788473e-06
-4.113670305050996529e-07,-5.697027150498826450e-06
-4.027408036042670773e-07,-5.228972883539243441e-06
-3.931582187056576980e-07,-4.774082666570895304e-06
-3.828605327926908596e-07,-4.333285491908518720e-06
-3.712090396868273142e-07,-3.907480576355177980e-06
-3.584382733789075969e-07,-3.497614565201107201e-06
-2.349572479296122541e-07,-1.160609493113695302e-06
-3.445538157199555257e-07,-3.104683039914814738e-06
-3.295029750705244110e-07,-2.729640121476484665e-06
-3.132020909257499259e-07,-2.373556732870564565e-06
-2.956274864380928455e-07,-2.037489932898260528e-06
-2.767195195257783986e-07,-1.722541897939995942e-06
-2.564406352783624088e-07,-1.429830477211651692e-06
5.930951028496678591e-07,-2.083833611786992536e-05
5.940007991140338075e-07,-2.113099740062989064e-05
-1.993597009799762805e-07,-8.030592743420645737e-07
-1.179790385272601750e-07,-2.705164593781269253e-07
-1.739110907019435986e-07,-5.973447095031090458e-07
-1.468267734795649272e-07,-4.194478241385879393e-07
-6.727775221637461105e-07,-2.099225129212841409e-05
3.422127860848628411e-07,-2.127799705301704276e-05
-6.726794829866598031e-07,-2.128103723389046870e-05
-3.415880197363771890e-08,-7.968671084853838718e-08
7.661402779590391338e-08,-2.039118822482798641e-07
1.116517260826576289e-07,-1.787725234628578972e-07
1.305057857194259829e-07,-2.381202179744522562e-07
-4.075370451379348515e-07,-2.142478635051334017e-05
5.947327536317687483e-07,-2.142252365317960785e-05
3.442523645927237735e-07,-2.156854230469795809e-05
-9.250959829988823189e-07,-2.113990659980142842e-05
-9.152522968101247676e-07,-2.142318290469245447e-05
-9.270652165653319305e-07,-2.084776182412343738e-05
8.467938909478545943e-07,-2.098389408597300495e-05
8.459416000390842678e-07,-2.069048846200158333e-05
1.663675258298493705e-07,-2.128018659134830412e-07
1.916711428843737679e-07,-2.758699746480076336e-07
1.404799767511319732e-07,-1.573967622674443798e-07
-6.639042448546282904e-08,-5.224279114396639451e-08
-1.179590632059367698e-06,-2.099646845336525106e-05
1.963044114760139518e-07,-1.912320528753254671e-07
1.097406262768500841e-06,-2.083634774874036511e-05
-1.622706510810270549e-07,-1.637673759930752681e-07
1.929298365142363576e-08,-7.850512859903533386e-08
3.983765904840652634e-08,-6.177309060308935325e-08
1.419122524408940508e-08,-4.388540915402130161e-08
2.782721907536917557e-08,-3.149830820822370146e-08
5.379975760578822031e-08,-4.839349244482298519e-08
1.490767719012099904e-07,-3.050058042091461215e-07
2.166018698943286970e-07,-3.463678521559616231e-07
1.673361393831245015e-07,-3.793599908592149159e-07
2.411457464531132202e-07,-4.242930746346592650e-07
1.852957741943411428e-07,-4.610132275452039563e-07
2.652242083589937984e-07,-5.093905113370053307e-07
2.029730715115364250e-07,-5.498328464707913359e-07
2.837961259546742242e-07,-6.012366959774123657e-07
2.193726951343186669e-07,-6.457187318453993286e-07
3.055565129194200564e-07,-7.006269817560914153e-07
3.370587034691912782e-07,-5.583287403000493309e-07
2.359797968465543478e-07,-7.484940305356830730e-07
3.333152800256710280e-07,-8.069631543207556281e-07
2.536667670010477197e-07,-8.578156204758621382e-07
3.521088787430369956e-07,-9.191367612196243805e-07
2.696057568690162057e-07,-9.738791549186985895e-07
3.789903443797269991e-07,-1.038405939034907424e-06
4.389205086622003579e-07,-8.677063565357270000e-07
2.867676943942278932e-07,-1.096175614147370853e-06
4.057207681763547372e-07,-1.161558755779888874e-06
3.030031255827999675e-07,-1.224826298633205840e-06
4.154341308272546299e-07,-1.294504257757048126e-06
3.175229617071314746e-07,-1.359240251568193775e-06
4.330914869688352390e-07,-1.432620538469259025e-06
3.322219489371897232e-07,-1.499881758703409332e-06
4.608087863036094293e-07,-1.576395549518613188e-06
3.486016117732819528e-07,-1.646155937346050807e-06
4.910649461324540885e-07,-1.727981595257072443e-06
3.654934831079668505e-07,-1.798622732022306301e-06
5.128330117321042187e-07,-1.883958424332006254e-06
3.809799500388874859e-07,-1.956394451397917772e-06
5.222695397141521120e-07,-2.039255547850565820e-06
3.938630940809651345e-07,-2.118383040706876745e-06
5.472118345316497288e-07,-2.204670155854389098e-06
4.087804274401431468e-07,-2.286212396578760981e-06
5.670540831374060288e-07,-2.375023626376476571e-06
4.230712361343865147e-07,-2.459172403361852527e-06
5.853367027782202817e-07,-2.550320489075621046e-06
4.367512540396689742e-07,-2.637105358199354581e-06
6.033291240783776415e-07,-2.730554763881716904e-06
4.501900087261631050e-07,-2.819875300857080525e-06
6.095617347849714293e-07,-2.907496403210479942e-06
4.614257070472110899e-07,-3.005958131333827915e-06
6.489051691687491368e-07,-3.101379851430210083e-06
4.775830878813442869e-07,-3.198398045702527593e-06
6.463990538201313103e-07,-3.299012533769703632e-06
4.874417485546000274e-07,-3.395433416968959755e-06
6.727486792237551992e-07,-3.497904011149525713e-06
5.013046708002779680e-07,-3.596258024483691781e-06
6.959607090706085315e-07,-3.701013930915230257e-06
5.145621376338061600e-07,-3.801256850682378948e-06
6.986631828018943887e-07,-3.907163445455249615e-06
5.236295593618001967e-07,-4.010025688421390154e-06
7.184048333620660691e-07,-4.121899347497228395e-06
5.367646816969062935e-07,-4.223540555614177801e-06
7.338328369598178902e-07,-4.338929688543856339e-06
5.479368247492266237e-07,-4.440714980378335125e-06
7.400789558996985059e-07,-4.553524721753194296e-06
5.576189799579999693e-07,-4.660473243248110482e-06
7.633359029140020873e-07,-4.774003604897542684e-06
5.704231546597637048e-07,-4.884015951155071515e-06
7.844745429879675248e-07,-4.999570641819940675e-06
5.819076109714974111e-07,-5.111316344623739476e-06
7.868729926721957172e-07,-5.227623859187662668e-06
5.899337519135543526e-07,-5.341751791222880173e-06
7.938761702949691545e-07,-5.459422476630143796e-06
6.001349383063188579e-07,-5.575687837438710196e-06
8.131707959919947419e-07,-5.701300994124983898e-06
6.101946026467134713e-07,-5.813866090490635322e-06
8.194435510097708969e-07,-5.936467538156872641e-06
6.188748379675953873e-07,-6.053582298565187709e-06
8.379928575625148871e-07,-6.180200403582812466e-06
6.303077510535992706e-07,-6.296931069508518512e-06
8.503884246238585929e-07,-6.427049207130374389e-06
6.387901070185867969e-07,-6.543271747588116784e-06
8.552221973763186661e-07,-6.669920867331266824e-06
6.465682050046934615e-07,-6.791199320592687964e-06
8.720923245450048034e-07,-6.921755468876711481e-06
6.573979290506299671e-07,-7.042633100091230029e-06
8.833417520674809146e-07,-7.176719073942238058e-06
6.653293388498390848e-07,-7.295301989697583903e-06
8.880543984806730726e-07,-7.425940815306258163e-06
6.722478440971585060e-07,-7.551867178595420764e-06
9.033901061278896986e-07,-7.686151129327762211e-06
6.825174566659101280e-07,-7.810933302759740204e-06
9.135104091381724416e-07,-7.948599586435374503e-06
6.908806139483801251e-07,-8.072256012689577021e-06
9.185144530630749344e-07,-8.203016932467408951e-06
6.979421371350764345e-07,-8.334026371434807642e-06
9.297181084728961739e-07,-8.466102535027423238e-06
7.051562225475979622e-07,-8.598677122818947197e-06
9.392366865916951108e-07,-8.731812199695472367e-06
7.125328224203241203e-07,-8.865546973685319222e-06
9.476571930301340297e-07,-8.999600045839201536e-06
7.188805035152861546e-07,-9.135689523834661024e-06
9.561835118004074436e-07,-9.269509871198639239e-06
7.220621039601924202e-07,-9.407336839998447741e-06
9.600398187214966699e-07,-9.541170576487941174e-06
7.287618206412105122e-07,-9.678610548082134779e-06
9.674402311288616404e-07,-9.814182605382201904e-06
7.366683460903024211e-07,-9.951732734641948795e-06
9.799337194411751568e-07,-1.008868991967763401e-05
7.440733955937671830e-07,-1.022715824155415661e-05
9.868085645577840723e-07,-1.036502145765091103e-05
7.526460418761373616e-07,-1.050425232253189689e-05
9.945637575287193453e-07,-1.064280417462331469e-05
7.566769726354887957e-07,-1.078281372916346429e-05
1.001305147144810217e-06,-1.092198231604740548e-05
7.621435491900074667e-07,-1.106272748213826239e-05
1.007806665405431098e-06,-1.120249144297521611e-05
7.702580532736590287e-07,-1.134392276514173935e-05
5.379261027375715097e-07,-1.257404742637500150e-06
5.957633796760179589e-07,-2.171250229000413321e-05
8.436737037602146867e-07,-2.156710916644368194e-05
1.015588302082210674e-06,-1.148424500163717647e-05
7.736622475903114013e-07,-1.162635027248831810e-05
1.021073810844973943e-06,-1.176718672580503429e-05
7.785130773215348111e-07,-1.190991872355586912e-05
1.026779958384684877e-06,-1.205125255165347794e-05
7.863378977450347554e-07,-1.219456333136254383e-05
6.313843327852238125e-07,-1.645484276167578151e-06
1.034291663365527039e-06,-1.233636320919766616e-05
7.921015557384741690e-07,-1.248023626534343301e-05
1.039301970617392252e-06,-1.262247532265827834e-05
7.970045433395304227e-07,-1.276687144565628216e-05
1.044489674040098897e-06,-1.290951932012293541e-05
8.017073459191584919e-07,-1.305441250353184525e-05
7.628382683875739382e-07,-2.827083791080194718e-06
1.052403021845939349e-06,-1.319742552254823031e-05
8.035121877609255553e-07,-1.334280854937112829e-05
1.054950407854189582e-06,-1.348616786690807337e-05
8.070644017691609784e-07,-1.363198105483530766e-05
1.062260773885498919e-06,-1.377565662293800140e-05
8.138832360372961497e-07,-1.392016896518006408e-05
1.095990987113277094e-06,-2.054223206150567333e-05
8.441529930549991757e-07,-2.039615753126722180e-05
1.094623428202366268e-06,-2.024749574158386258e-05
8.423238971894157736e-07,-2.010109690260465670e-05
1.093276550250268416e-06,-1.995225389730078511e-05
8.405712754421149166e-07,-1.980560776776657208e-05
1.091692417750156502e-06,-1.965671484029467072e-05
8.388609099375196744e-07,-1.951000029522734141e-05
1.092897226735807193e-06,-1.936103231058567108e-05
8.378612295692866329e-07,-1.921463926978645215e-05
1.089126793426199423e-06,-1.906537058278143939e-05
8.356322868946733688e-07,-1.891856753459555626e-05
1.086838989588541145e-06,-1.876959672389211703e-05
8.334810014286800404e-07,-1.862276203935654906e-05
1.087323801734195660e-06,-1.847387458428077404e-05
8.322599795698915416e-07,-1.832742110550879985e-05
1.083552439743617469e-06,-1.817831752025583371e-05
8.299220524024334415e-07,-1.803155381043164738e-05
1.081042151394019840e-06,-1.788277399111294031e-05
8.275841475613362629e-07,-1.773602486288239729e-05
1.080891482091170512e-06,-1.758738392632228914e-05
8.257507612739441138e-07,-1.744069693899270848e-05
1.077053230423187603e-06,-1.729219054148219267e-05
8.233067824031875291e-07,-1.714528468864072995e-05
1.074282204226036098e-06,-1.699715347029416486e-05
8.209960423203348328e-07,-1.685069329416229649e-05
1.073486339476033437e-06,-1.670244058194252161e-05
8.186221668524659520e-07,-1.655604399046760886e-05
1.069557198158468062e-06,-1.640797227068235435e-05
8.161522801457275962e-07,-1.626168217367759513e-05
1.066498133985910542e-06,-1.611380200967446160e-05
8.135817635224800440e-07,-1.596764597341180712e-05
1.064966548338780103e-06,-1.581997186290766435e-05
8.110727753571534313e-07,-1.567380676582940158e-05
1.060960543513631677e-06,-1.552650486212580597e-05
8.081948534269494068e-07,-1.538005871555971576e-05
1.057513902273582395e-06,-1.523340423808918753e-05
8.051992683841675865e-07,-1.508714149906355947e-05
1.054268200558450793e-06,-1.494082624737410585e-05
8.021431218013310203e-07,-1.479478441983876052e-05
1.050692395605763659e-06,-1.464878095557459654e-05
8.012275881684741855e-07,-1.450233595758958738e-05
1.050000196757350345e-06,-1.435781271257709831e-05
8.265558985962215753e-07,-3.398013969716102482e-06
8.946660555086686826e-07,-4.021640212534276546e-06
9.644670850061166040e-07,-4.675781835530270204e-06
1.090686657363709784e-06,-2.113631452152932362e-05
1.009344950976110201e-06,-5.359303168819737454e-06
1.052284042978751012e-06,-6.073159853669834175e-06
1.089168233561559287e-06,-6.810659997823103754e-06
1.129205977878549246e-06,-7.571546711475533601e-06
3.471083062863967538e-07,-2.185620976418175157e-05
9.812449106497379972e-08,-2.170600327076684476e-05
1.190356146098660514e-06,-9.415716071578885898e-06
5.517238181050645366e-07,-1.319528430650372725e-05
5.448169032456025694e-07,-1.233842786623614386e-05
5.301345303591461166e-07,-1.148593673097208767e-05
5.163220528768822686e-07,-1.064416352398348107e-05
4.938946461233389054e-07,-9.813958291679267883e-06
1.221110320375929319e-06,-1.022657029140693958e-05
4.640145455259404984e-07,-7.940598425117228033e-06
4.433978052695682272e-07,-7.168224844118544964e-06
4.232480345587273340e-07,-6.418576047016431467e-06
1.247015514382107612e-06,-1.106173252375809008e-05
4.023646703923783885e-07,-5.693542784989718163e-06
3.816251303241168126e-07,-4.996424936167826834e-06
3.576590794194225338e-07,-4.329986913363311392e-06
3.328605222661366056e-07,-3.696998769153957991e-06
3.072887943949144608e-07,-3.100916422547312768e-06
1.316764573380431678e-06,-1.567253175491985329e-05
1.268909862494338408e-06,-1.191998706192215437e-05
2.413732691163874587e-07,-1.873892195418815575e-06
1.326597778376104989e-06,-1.655437909096020292e-05
2.104560610175506533e-07,-1.426602101441513939e-06
1.789222449363110180e-07,-1.031597216880182705e-06
5.625738133680912984e-07,-1.611517440135885068e-05
1.460209913422353259e-07,-6.936063484772422537e-07
1.286979216082845449e-06,-1.277670269876339040e-05
5.692213720394123487e-07,-1.699882267697493606e-05
5.755420667833777405e-07,-1.788501309439974633e-05
1.334564899351899140e-06,-1.745008918655840431e-05
5.813263067895224528e-07,-1.877234338445232117e-05
5.865257504072667159e-07,-1.965965145467125696e-05
1.340628435036849158e-06,-1.833632823322885424e-05
1.308122153688261086e-06,-1.364155709834367344e-05
1.345611520739519001e-06,-1.922344616365026073e-05
1.344330191330363733e-06,-2.070065708632173301e-05
-1.169134976140893328e-06,-2.070297471459422008e-05
-9.272337661483475253e-07,-2.055424517300162115e-05
-1.168985503116088810e-06,-2.040887517854681558e-05
-9.287419264996153318e-07,-2.025976053187668297e-05
-1.170061238399700052e-06,-2.011416094598080713e-05
-9.305484546220853831e-07,-1.996478693018679921e-05
-1.171926521136290055e-06,-1.981901480181711163e-05
-9.323987974746746579e-07,-1.966945054674482769e-05
-1.173318554210372937e-06,-1.952355810949300041e-05
-9.341179887958139336e-07,-1.937388139497692055e-05
-1.175033531148113827e-06,-1.922794024366255482e-05
-9.358246818815668624e-07,-1.907819278998113238e-05
-1.176268228823182208e-06,-1.893223568379342225e-05
-9.374030274616005425e-07,-1.878247153833305933e-05
-1.177776784779140328e-06,-1.863654581047430387e-05
-9.389474999186464666e-07,-1.848677085636865492e-05
-1.178816322985281816e-06,-1.834088647368361697e-05
-9.400546066891167662e-07,-1.819061172963331853e-05
-1.180061546219513025e-06,-1.804524845550726066e-05
-9.410601877403981439e-07,-1.789445279488928212e-05
1.613795090772329394e-07,-1.394203866911879486e-07
1.139613118334700443e-07,-1.097997611617622995e-07
1.282058413973219886e-07,-9.564258269990947586e-08
-1.180812567270791713e-06,-1.774968397608233072e-05
-9.422362820777050668e-07,-1.759898283256956439e-05
-1.181858186348452421e-06,-1.745438390200528756e-05
-9.437013514578902258e-07,-1.730428007542022183e-05
2.914193966838238639e-07,-3.909941012133911405e-07
-1.182476011872020651e-06,-1.715936466179992183e-05
-9.450635514880297691e-07,-1.700987000096271308e-05
-1.183348815988176067e-06,-1.686462345867254970e-05
-9.460897329053857392e-07,-1.671521314551892987e-05
-1.183665816409587732e-06,-1.657003672621024394e-05
-9.469018778915174449e-07,-1.642074276635156323e-05
-1.184194165134079531e-06,-1.627573915413355954e-05
-9.476242416494434440e-07,-1.612654987528280341e-05
8.376360492782771532e-07,-2.184149252515219647e-05
1.095779510332307918e-06,-2.172502108677693672e-05
-1.184181902407179350e-06,-1.598173099332866477e-05
-9.481692460131049934e-07,-1.583270484408658989e-05
-1.184386034186742806e-06,-1.568811419802995853e-05
-9.486218883168636964e-07,-1.553923115579313016e-05
1.076473531611151848e-06,-2.201237269072703990e-05
-1.184032829332066760e-06,-1.539487047225464290e-05
-9.486240008418748721e-07,-1.524618974964962494e-05
-1.183842426182173656e-06,-1.510210422471749691e-05
-9.487338751008578810e-07,-1.495360435116799593e-05
-1.183100893394121158e-06,-1.480979390840608410e-05
-9.487592845212635764e-07,-1.466154403990305689e-05
-1.182582107597434690e-06,-1.451805412487819443e-05
-9.486160054018394651e-07,-1.437002823142768819e-05
7.451731593095862535e-09,-1.475677520980573038e-08
-4.793682281370212853e-09,-2.963039271183775105e-08
1.701305907301134210e-08,-1.243018056458287816e-08
6.921362893512351693e-07,-2.132518709065302338e-06
-1.181456208001460498e-06,-1.422686370893605459e-05
-9.483284012479118186e-07,-1.407913615543795456e-05
-1.180532797498721808e-06,-1.393633988023330222e-05
-9.478578110783217674e-07,-1.378890124442022245e-05
7.356772832071997948e-07,-2.471030320643201259e-06
-1.210541133916390036e-06,-1.365120884483330525e-05
-9.514701322397265087e-07,-1.349939748469951502e-05
-1.218056211863843067e-06,-1.336520861755892039e-05
-9.537517127990057990e-07,-1.321188404841102044e-05
-1.213345809754442015e-06,-1.307486144415833699e-05
-9.497150924357771637e-07,-1.292266683621958348e-05
-1.210263670526780389e-06,-1.278682754290187778e-05
-9.508783379863358315e-07,-1.263641190081747088e-05
-1.207554973026914601e-06,-1.250000647542766233e-05
-9.490221363296955870e-07,-1.235008242596335663e-05
-1.194303509365359897e-06,-1.221024119832709379e-05
-9.455366250747172738e-07,-1.206425969743812829e-05
-1.203063682021875198e-06,-1.192744156424480855e-05
-9.460412452160912697e-07,-1.178054044673853023e-05
-1.209029831048356995e-06,-1.164536120894318921e-05
-9.458222950937649544e-07,-1.149783939287553647e-05
-6.998204099315156731e-07,-1.163573491908165861e-05
-1.182673831328979089e-06,-1.135917957192383271e-05
-9.400067766910318346e-07,-1.121545126303632622e-05
-1.191804450642658099e-06,-1.108020385102764198e-05
-9.389585895998836112e-07,-1.093514665549879999e-05
-1.196712447440896170e-06,-1.080216003233308931e-05
-9.380768917783487311e-07,-1.065625047793394930e-05
-6.966403669055577629e-07,-1.079137813821372656e-05
-1.184035942037539392e-06,-1.052415822718401976e-05
-9.308113414517905415e-07,-1.037768093023141431e-05
-1.177354745599159130e-06,-1.024731672289454600e-05
-9.274459472618716954e-07,-1.010129843200401196e-05
-1.171952233929509190e-06,-9.971776196689884214e-06
-9.237979443340462959e-07,-9.826454814618027056e-06
-1.166210332884337918e-06,-9.697778191506170701e-06
-9.198634233560688898e-07,-9.553227274019507922e-06
-1.160375231780565614e-06,-9.425430517181236309e-06
-9.156311547337257780e-07,-9.281692144809543151e-06
-1.153955643949196571e-06,-9.154814798760601386e-06
-9.110957442069125390e-07,-9.011932303378265466e-06
-1.147387503338118719e-06,-8.886015161603754464e-06
-9.062465413266995005e-07,-8.744027523088737338e-06
-1.140209673062285452e-06,-8.619111867443119511e-06
-9.010789070973805970e-07,-8.478064136269573858e-06
-1.132865475616803677e-06,-8.354192886069683937e-06
-8.955805563487210639e-07,-8.214125175100034804e-06
-1.124895529022447434e-06,-8.091342023137999042e-06
-8.897433209623394874e-07,-7.952296184292574285e-06
-1.111905819616807628e-06,-7.827841954461502700e-06
-8.835633111581353324e-07,-7.692767978158770344e-06
1.159208197472518428e-06,-8.347438806897444389e-06
-1.473102189859883630e-06,-1.207643704850518214e-05
-1.107117535240992449e-06,-7.571750877051752522e-06
-8.772430149399422048e-07,-7.435578478214481950e-06
-1.094444183172564042e-06,-7.313323422857312938e-06
-8.701173522104942404e-07,-7.180681666224385708e-06
1.174485832408263103e-06,-8.868616033891747098e-06
-1.456788741779630614e-06,-1.122739583753124837e-05
-1.088474745719828728e-06,-7.061999968418458195e-06
-8.633574217924342473e-07,-6.928599572203166536e-06
-1.075262637668430536e-06,-6.808576254123861590e-06
-8.552355631734794669e-07,-6.678387048278718633e-06
-1.068041249746492047e-06,-6.562342845370748156e-06
-8.476173606681653386e-07,-6.431480293701697916e-06
-1.055035947472101137e-06,-6.314911623637563191e-06
-8.388871250332891523e-07,-6.186806225922578784e-06
-1.402925583995300024e-06,-2.080739597356381281e-05
-1.434282362224258691e-06,-2.114122912283187243e-05
-1.425990335738192784e-06,-2.026717456317318590e-05
-1.045872469304463231e-06,-6.073674476535100492e-06
-8.303419242235271777e-07,-5.945469603849076027e-06
-1.033029859438680796e-06,-5.832766174895733730e-06
-8.209613696582655175e-07,-5.706759194937120973e-06
-1.432297564387813703e-06,-1.967603102369702145e-05
-1.438422494196900147e-06,-1.908411087119038431e-05
-1.021775874522874758e-06,-5.596749482609339255e-06
-8.114352882088799912e-07,-5.471377864411622433e-06
-1.007859916645905384e-06,-5.361887946291793922e-06
-8.011738117859039830e-07,-5.238899463482607396e-06
1.301769194508641621e-06,-1.451684348040915486e-05
-1.443707669796339101e-06,-1.849225483398667810e-05
1.309335654150381020e-06,-1.509589666252837971e-05
5.644463983674915028e-07,-1.377817489784293538e-05
5.675065980774866518e-07,-1.406744274613787583e-05
-9.954145512914578788e-07,-5.132199909342641085e-06
-7.907529381540553616e-07,-5.009987785171745614e-06
-9.805647392454767910e-07,-4.903955257410466853e-06
-7.796255989246296555e-07,-4.784212811105424119e-06
-1.506913379539950960e-06,-1.322895144012973487e-05
-1.445626469328640483e-06,-1.790118052529588406e-05
-1.493092930674864738e-06,-1.265051120621387459e-05
-1.446980616393440519e-06,-1.731069639161756098e-05
-9.669151590956859709e-07,-4.681048960706784928e-06
-7.682922442929692611e-07,-4.562222917841939036e-06
-9.536613269023009705e-07,-4.461000848441970617e-06
-7.586394660260154962e-07,-4.343844559543263413e-06
-5.754215908560153057e-07,-4.446964697022512544e-06
-5.668017773473257612e-07,-4.230105965408929606e-06
-7.455961788101176752e-07,-4.128408976184448722e-06
-5.574951690146613010e-07,-4.017082524009887170e-06
-7.321090982551451895e-07,-3.917397794085305758e-06
-5.478104259735830441e-07,-3.808085089010594716e-06
-7.186335206343548663e-07,-3.710494024548490057e-06
-9.248757023125807609e-07,-4.031502432584460988e-06
-5.377691141115107686e-07,-3.603170682885768005e-06
-7.042895278225428890e-07,-3.507714664312193619e-06
-5.273256417528857261e-07,-3.402431802834552955e-06
-6.898400466106227130e-07,-3.309178908230770049e-06
-8.861295120348188621e-07,-3.616153645252187628e-06
-5.165007756601776958e-07,-3.205989973329046292e-06
-6.745075301774100545e-07,-3.114986786688535253e-06
-5.052546578014058302e-07,-3.013960973150669856e-06
-6.590395496959670124e-07,-2.925285838302104731e-06
-4.936103017755965353e-07,-2.826470794637413150e-06
-6.428815035643212448e-07,-2.740183387424795938e-06
-4.815599602495315579e-07,-2.643654859727962173e-06
-6.263889359880558207e-07,-2.559828451058588858e-06
-4.690687339992120651e-07,-2.465640016453800919e-06
-6.091593799693541999e-07,-2.384335386437697942e-06
-4.561480554755055596e-07,-2.292562368207093358e-06
-5.915556658369679549e-07,-2.213850645702071833e-06
-4.427707198156261314e-07,-2.124555698192090528e-06
-5.732146776890499282e-07,-2.048502039388098894e-06
-4.289475186508665050e-07,-1.961758081144256367e-06
-5.544632124990449272e-07,-1.888436591237825103e-06
-4.146495505463028786e-07,-1.804306419619654280e-06
-5.349585457401964004e-07,-1.733780294477164482e-06
-3.998972638342641359e-07,-1.652348307860070103e-06
-5.156991716282123111e-07,-1.584794573301162734e-06
-3.847576146770319915e-07,-1.506028866249784467e-06
-4.951702086095035938e-07,-1.441402754166365861e-06
-3.690791819615677502e-07,-1.365468953563915174e-06
-4.732593435278829927e-07,-1.303583444028180551e-06
-3.527788526249243693e-07,-1.230794622292895003e-06
-4.521367212160580815e-07,-1.172032949917628641e-06
-3.363718760287682196e-07,-1.102340543735428118e-06
-4.290094625830539203e-07,-1.046750761621256613e-06
-3.196612582213782041e-07,-9.801448120001053225e-07
-4.071387268076799709e-07,-9.277882429341485393e-07
-5.449918263524157519e-07,-1.118009436406542842e-06
-3.012902729262717154e-07,-8.640893079649722046e-07
-3.834185095659510651e-07,-8.150998036411045866e-07
-2.829932838950585697e-07,-7.544654382331160936e-07
-3.576451712636594219e-07,-7.097204469067092854e-07
-2.639499819948154887e-07,-6.517330530672555646e-07
-3.322701496864395847e-07,-6.104361733252580509e-07
-2.445648480845133189e-07,-5.558107094847898077e-07
-3.072485789927639915e-07,-5.172227172049854981e-07
-2.247499835876023615e-07,-4.667315920316787698e-07
-2.810572906825011050e-07,-4.318604147632511418e-07
-2.043848814634887842e-07,-3.849459283257182232e-07
-2.544397163924828502e-07,-3.538484398544286144e-07
-1.833713893900360038e-07,-3.104781053021716648e-07
-2.233591923686796038e-07,-2.819706532332195265e-07
-1.599287206375785795e-07,-2.424730280495444385e-07
-8.480483538083704805e-07,-3.218457450038729096e-06
-1.447714591091747448e-06,-1.672105935791270059e-05
-5.910966974905669945e-07,-4.891250687434226807e-06
-6.062582671958565074e-07,-5.349439771436659394e-06
4.842197451973593176e-07,-9.000796963660101635e-06
-6.200591299452847178e-07,-5.820580483807085441e-06
-8.085547806225723387e-07,-2.838502761802146735e-06
4.736447149314945186e-07,-8.465607410258966224e-06
-1.447884456219815303e-06,-1.613248293658640944e-05
-6.325399658248856863e-07,-6.303813293745738334e-06
-6.437945287702252011e-07,-6.798343927509610158e-06
-1.447618818332247815e-06,-1.039336688316560736e-05
-6.536125138009752640e-07,-7.303259460663509632e-06
-1.443110610793595914e-06,-1.554577200662565726e-05
-1.432427728727806747e-06,-9.842688645077207909e-06
-6.625489668340343481e-07,-7.817944601081784888e-06
-7.673952862505715121e-07,-2.480778177203936273e-06
-6.704233012621677093e-07,-8.341670661369133874e-06
-1.415542072991312708e-06,-9.298143482435290168e-06
-6.772923903393333492e-07,-8.873682075893169711e-06
-1.441304775612539213e-06,-1.496030745192392127e-05
-6.831834622232955854e-07,-9.413284969334435019e-06
-1.396916128686198306e-06,-8.760696351911087944e-06
-6.891709020858792008e-07,-9.960315830073033076e-06
3.109486444857780205e-07,-1.392347430114651343e-05
-1.376457834401687597e-06,-8.231010878799263167e-06
1.307804021522883469e-06,-1.393532930585720678e-05
-1.438573696949582125e-06,-1.437689922474950990e-05
-2.129758599802223456e-07,-9.161071339001488398e-07
-7.223814849231273405e-07,-2.139382473063353466e-06
-1.353150890676295208e-06,-7.709239799170268740e-06
-1.328856794336564590e-06,-7.197188797662411329e-06
-1.416369805476187898e-06,-1.385127433531772589e-05
2.093769898947568705e-07,-1.649537818712635247e-07
2.589908913051783686e-07,-2.293601719656024410e-07
-7.012127511150796338e-07,-1.220345889520638699e-05
-2.035913462050169903e-07,-1.358025811044701359e-07
-1.302493943521095485e-06,-6.695058491725481129e-06
-2.466780187133143369e-07,-1.839658912341582574e-07
-2.216275999511675539e-07,-1.996258756405999406e-07
-7.025189163126408720e-07,-1.277641840192722105e-05
8.742060019135660519e-08,-6.995395105053867064e-08
9.656340299568077577e-08,-6.102143977867139822e-08
6.217042819087552388e-08,-3.918865254236302056e-08
6.255624516938268374e-08,-3.080327624495369285e-08
1.409982741188892709e-07,-8.714837409023283236e-08
3.269965869455827361e-08,-1.859362338517138131e-08
-7.410747369834114247e-08,-3.734315411602914902e-08
-3.376980330112701950e-08,-1.250706819077624233e-08
-4.325409064025196236e-08,-1.854913923620049499e-08
-7.324602925483816595e-08,-4.332796409647529679e-08
-4.315464333925471500e-08,-2.425982753244437592e-08
-2.160121023662946682e-08,-1.122114883180438928e-08
-3.741025019476469366e-08,-3.265538425282685449e-08
-1.643871056857533199e-08,-1.751044620313499393e-08
-5.344604815815659863e-08,-6.407793763372622458e-08
-2.551411982374795619e-08,-4.455513041601146328e-08
-1.591653340954035530e-06,-2.176057742167788705e-05
-1.339812701834472384e-06,-2.190508286169141701e-05
-1.373325513178929945e-06,-2.222405425428480703e-05
-1.099445140886910055e-06,-2.205527354160815868e-05
-1.086416104436068296e-06,-2.176249249029400861e-05
-8.439449770585081393e-07,-2.193904931533957698e-05
-5.730700826614677902e-07,-2.208792810819667067e-05
-6.076433639026008268e-07,-2.182673719311421846e-05
-3.320169207449197658e-07,-2.197351844497362898e-05
1.344304824119557552e-06,-2.010856281975650288e-05
-1.274126701476828289e-06,-6.203731136012175963e-06
-7.028934407967394140e-07,-1.335239879223201515e-05
2.796506539597516772e-07,-2.545822718460685419e-06
-8.128354257055484668e-09,-9.891144444715549626e-08
-6.748298923833632940e-07,-1.819348700871865563e-06
-1.328080759226021178e-07,-3.413433799631043467e-07
1.595177769504424982e-06,-2.146241007026579472e-05
1.341819353938762820e-06,-2.129604236332762254e-05
-1.015304183662641312e-07,-2.065307372904790806e-07
8.812377053095289021e-08,-2.113304895941090942e-05
-1.630341137786554604e-07,-2.127987955537792643e-05
-1.429301166816403351e-07,-2.156307457134352907e-05
-1.243541855999005834e-06,-5.723941289701874911e-06
-1.607138750635924433e-07,-5.049552614146776366e-07
-7.026707149857172555e-07,-1.393153986287281950e-05
-1.870371631234345296e-07,-6.968962694572780078e-07
2.606159270551520183e-07,-2.199704087426074499e-06
-1.210395245258998636e-06,-5.256308355325730646e-06
5.844297317760816855e-07,-2.197956750061249616e-05
3.747569528849723039e-07,-2.214859904531732039e-05
-7.021517107187546745e-09,-2.838215163162334741e-09
-2.460640593282224890e-07,-1.292302158634387964e-06
3.378313346271439585e-07,-2.039864793000610948e-05
-2.669925304765345452e-07,-1.573454904008866264e-06
-2.865830091123439639e-07,-1.877428887721096813e-06
5.477177982133202085e-07,-1.348656366410699136e-05
2.991928468349228858e-07,-1.334027013669929947e-05
-3.048369143019128215e-07,-2.203085306216970860e-06
-1.338415492526333617e-06,-2.161270620610045688e-05
-7.018843237796240477e-07,-1.451338634474529354e-05
-3.217881221314560609e-07,-2.549302748950854735e-06
-1.174825350526209066e-06,-4.801856266597424296e-06
9.445667683654243029e-08,-2.142143480782273597e-05
-3.374804129280651887e-07,-2.915009786935234666e-06
-3.519580952194758795e-07,-3.299139717770004479e-06
-6.549600487736281408e-09,-5.973509515018885354e-08
-3.653273094899432148e-07,-3.700670540130428102e-06
1.595928010046322755e-06,-2.086094982526357319e-05
9.239955596784791075e-08,-1.273044038069722517e-07
-3.306002562748499470e-07,-3.021942929030912154e-07
-3.776073894265553724e-07,-4.118662783995353756e-06
-4.234722826620403550e-07,-2.054997135858616230e-05
-1.137453205870005636e-06,-4.362626086656184916e-06
-3.883958475063418236e-07,-4.552248815367070151e-06
-7.006020425228794827e-07,-1.509756715142882233e-05
-4.110136849906471143e-07,-4.511594117998755580e-07
7.301419732281462686e-08,-8.373035610689568069e-08
-4.275074295286067783e-07,-1.996005173246712464e-05
-4.310467943862508379e-07,-1.936881047642373104e-05
-4.343718169242131213e-07,-1.877724967192832763e-05
-5.825468995471744027e-07,-4.667422068548502530e-06
-3.982541372415763190e-07,-5.000195537032926087e-06
-5.982687240309032559e-07,-5.118687253940927435e-06
-4.073634094756515576e-07,-5.461782249538396416e-06
-6.128014156960939318e-07,-5.583462227791078244e-06
-4.154902075196328822e-07,-5.936133182757883675e-06
-6.259657871263204619e-07,-6.060739917801510124e-06
-4.226895781508968942e-07,-6.422374103640231855e-06
-6.377910998508862707e-07,-6.549853980471799146e-06
-4.288977920083509177e-07,-6.919649778266431396e-06
-6.483175352436383099e-07,-7.049530115787797487e-06
-4.354188305422973943e-07,-7.426941153068905797e-06
-6.579771374681488203e-07,-7.559328027339890509e-06
-4.389337348176998979e-07,-7.944352612679117303e-06
-6.661973368008583699e-07,-8.078642385943114382e-06
-4.430139086107812004e-07,-8.470276065794063664e-06
-6.735357154097180442e-07,-8.606836155581706107e-06
-4.464430798742591453e-07,-9.004297900654252405e-06
-6.799470072290299725e-07,-9.142728055044974442e-06
-4.494091203259053857e-07,-9.545792152976321151e-06
-6.856567991283285045e-07,-9.685964759616561904e-06
-4.523311779320960813e-07,-1.009385843527786506e-05
-6.912192634370876800e-07,-1.023561006323896289e-05
1.340382657968580050e-06,-1.863204037221091543e-05
2.309447504020689649e-07,-1.719404139247217243e-06
-4.373032359550635431e-07,-1.818511511726739248e-05
1.344771027881872958e-06,-1.951923809878330828e-05
1.334955182273715498e-06,-1.774542220907353681e-05
2.980439031634006600e-07,-2.911666119590257903e-06
1.429987333953628783e-07,-3.004714286458252607e-06
2.888108869839751871e-07,-2.726189833274679773e-06
3.244483560033531278e-07,-3.494107469452607843e-06
1.579466329994836774e-07,-3.594874030369176461e-06
3.163279872668780898e-07,-3.295125700452804820e-06
1.328240816463874718e-06,-1.685836041815888688e-05
3.496897319603853648e-07,-4.115102212691968081e-06
1.722250573625126217e-07,-4.221864191971943615e-06
3.409420246932936261e-07,-3.903817359888561889e-06
3.734354549845053499e-07,-4.770707655456268953e-06
1.861883059670144700e-07,-4.883093743867341996e-06
3.633329094235819888e-07,-4.548510490530557180e-06
1.320096175809963467e-06,-1.597550366432667470e-05
3.957888138658898673e-07,-5.457874450278090384e-06
1.985541773529676545e-07,-5.575175059152759693e-06
3.857077109447966782e-07,-5.225428591873292700e-06
4.175895698380676270e-07,-6.173919156537625272e-06
2.115336360351383378e-07,-6.295782698846399001e-06
4.063498333969980016e-07,-5.932203317529306439e-06
4.384685739291369029e-07,-6.915701152822554188e-06
2.249228645699039019e-07,-7.041890791127310347e-06
4.266069436357679563e-07,-6.665696127823521441e-06
4.567944294123318023e-07,-7.680666258640503655e-06
2.354264530774128908e-07,-7.809840008244705735e-06
4.438907231259109333e-07,-7.423169070317490990e-06
4.687001836952692437e-07,-8.202020850762840016e-06
2.450699970594120018e-07,-8.598232593065817923e-06
4.779260146122859570e-07,-8.732313493229480652e-06
2.502916008715641137e-07,-9.136046364280225087e-06
4.836370791767167487e-07,-9.273391783358091186e-06
-6.974032828257462999e-07,-1.107203816372623471e-05
-6.991356515976498765e-07,-1.135321683611984635e-05
-4.566397122283126543e-07,-1.149158908012551207e-05
-7.007546577391244210e-07,-1.191934677367296567e-05
-4.550596509262925737e-07,-1.234228759182212506e-05
5.129849854151353564e-07,-1.036632540097888462e-05
2.742436231064094266e-07,-1.050569848956926965e-05
4.964008191358648567e-07,-1.008925736850358020e-05
2.559486100634408612e-07,-9.950685632694170445e-06
-7.021029096184942313e-07,-1.248944984762524361e-05
-4.543548761057696870e-07,-1.291559287615863450e-05
5.272834712658395819e-07,-1.120414066403833261e-05
2.843871354269438377e-07,-1.134568175134255965e-05
5.098031485401254447e-07,-1.092341112563917351e-05
5.405937877662448223e-07,-1.205321422285962344e-05
2.931037082253128831e-07,-1.219609547865711028e-05
5.221874972325255976e-07,-1.176894295261430815e-05
5.529539750944930415e-07,-1.291176840568280622e-05
5.464821641671630858e-07,-1.262397397839106327e-05
3.808061822832029783e-07,-3.862195368966482573e-07
1.537720100872141942e-06,-1.293202538809272999e-05
8.313012219413250467e-07,-2.064310482072398012e-06
7.137157051084641027e-07,-2.301163089094089613e-06
8.875987781631174704e-07,-2.401596957580531697e-06
7.558212767880341618e-07,-2.653348969466544627e-06
9.476980676347077528e-07,-2.784358452175668309e-06
8.911188829043031965e-07,-2.957684576709431203e-06
8.286576322835052589e-07,-3.106526170447087801e-06
-4.884615332466341534e-07,-6.298532833795583650e-07
1.519982257663067096e-06,-1.208473120134881462e-05
6.932335743824217326e-07,-1.326174579505397782e-06
6.186601671571455023e-07,-1.407287411605906413e-06
6.477244703767684023e-07,-1.189625162800306605e-06
5.075347724213484315e-07,-1.092588786672000267e-06
5.231796042185857953e-07,-9.743887944594136751e-07
1.419004579782428766e-06,-8.762957263143661318e-06
1.188636167553141685e-06,-9.139297201350640522e-06
1.500370291617153689e-06,-1.123607227058646473e-05
1.350031511908801397e-06,-7.452083420070841364e-06
1.373805852993732627e-06,-7.714436581893566208e-06
1.138285392943264914e-06,-7.828777434697610827e-06
1.333530570274634082e-06,-6.949863586137806320e-06
1.117901186834342897e-06,-7.069315992384981353e-06
1.298241861508308533e-06,-6.699687683955865557e-06
1.259491101226956106e-06,-5.961894610423558162e-06
1.288554349185470709e-06,-6.208455577546836045e-06
1.080174951700839220e-06,-6.323530046459211753e-06
1.228932534272309301e-06,-5.490171865469482704e-06
1.037786432510539320e-06,-5.602612172118131500e-06
1.212883873960474071e-06,-5.252552149482992871e-06
1.000831911711530592e-06,-5.124568827890088190e-06
9.926022264083902213e-07,-4.897240662935175834e-06
1.152412074793747309e-06,-4.578308059455956538e-06
1.119508595307397768e-06,-4.149834325996192441e-06
9.414938657537261137e-07,-4.249376796599474468e-06
1.079737344163830948e-06,-3.936130782155795147e-06
8.917404222891207853e-07,-3.816313681813992062e-06
9.040388961870178929e-07,-3.604434858828859627e-06
1.014766302008956903e-06,-3.444921287464954672e-06
-1.008603688642834271e-06,-3.136695652838034360e-06
-8.686784046893410894e-07,-3.414920339041196607e-06
-5.609111923953011121e-07,-8.343520620775123744e-07
-7.290518711817531975e-07,-1.460172226983765724e-06
-1.055795250717236417e-06,-3.529111249317793056e-06
-9.067380863860455596e-07,-3.822261680407441200e-06
1.428727353651306916e-06,-9.294866017211584185e-06
1.429952081358579958e-06,-9.565424209704888935e-06
1.398171567958577550e-06,-8.235749205999414452e-06
1.171213868332798417e-06,-8.608373196830604104e-06
5.717847615361472530e-07,-8.385676399614292294e-07
4.927125368938845735e-07,-6.362867825256431983e-07
4.480148543053911431e-07,-6.921542365745745569e-07
4.607164075483324446e-07,-5.521686066669392632e-07
-1.101565041791337031e-06,-3.939909825995805524e-06
-9.408442811434129127e-07,-4.243914223260086299e-06
1.477457200007363685e-06,-1.039867945640142678e-05
7.607478277548148142e-07,-1.607060978463587848e-06
7.865672122619538126e-07,-1.750869485088291318e-06
6.598762743313434471e-07,-1.818663415483078568e-06
-4.411404109796707330e-07,-1.759340038114295246e-05
-4.431260477541404639e-07,-1.700445626823878257e-05
-4.456868391115877342e-07,-1.641518849422954419e-05
-4.478778302779692414e-07,-1.582703096962588052e-05
3.056591341578006836e-07,-1.538105350604570135e-05
3.024867087297831265e-07,-1.479563174624239544e-05
1.059118375950176366e-06,-1.406880438121640971e-05
-4.537942574048807159e-07,-1.092725184844823819e-05
-4.553590671573331137e-07,-1.064814453835122322e-05
1.326901097320522256e-07,-2.633846292730011838e-06
-7.027952269104174949e-07,-1.306370074386121547e-05
9.250161776046709696e-08,-1.355127575342582611e-06
4.057461835247094496e-08,-2.997159321569950157e-07
-8.287170733831421141e-07,-3.026582551238432445e-06
8.430420411761609916e-07,-2.127712886353463296e-05
1.211157919282690969e-06,-9.960438231234020639e-06
2.702791936751806492e-07,-2.370045752987172556e-06
2.603358504275134578e-07,-3.169044787357250658e-07
3.190103783893040623e-07,-4.719450403818723052e-07
5.127141503024376096e-08,-4.559816033592973230e-07
-4.534612696662017193e-07,-1.349229432499606387e-05
1.227288966935740360e-07,-2.282379800045479683e-06
3.519532104121009006e-08,-2.327183636214299037e-07
-7.018496797197517432e-07,-1.364091196944434991e-05
-1.488483452771124740e-06,-1.179557393208881826e-05
2.255852746535240413e-07,-2.501544528857808959e-07
2.512012962118069567e-07,-2.034400142474575029e-06
7.707952176846288130e-08,-9.693459308716485064e-07
-4.521859669281764329e-07,-1.407275566474144210e-05
-2.243781156318254528e-07,-1.035302913888096620e-06
-1.164322094939661623e-06,-2.127664210345932530e-05
1.128053194484316325e-07,-1.951616833168605351e-06
-6.749164454169823882e-07,-2.069929359420167052e-05
-7.023516646895759151e-07,-1.422193877964823972e-05
5.600446826555749347e-07,-1.582188719039133218e-05
-1.857371618878482018e-07,-1.480631839658054118e-07
1.077771803279878636e-07,-1.794214384738119537e-06
6.154310379450736250e-08,-6.410169431897016381e-07
8.865812381018179456e-08,-2.670944647056201466e-07
-4.508320138777711549e-07,-1.465570056904235416e-05
3.127115628023327428e-07,-1.421256535202749869e-05
-9.590576292511285284e-07,-2.761905678918298731e-06
2.567668042768778611e-08,-8.336831454408759024e-09
5.917475748179426354e-07,-2.054443627832587291e-05
1.465690500105628666e-06,-1.011686828087324924e-05
2.957776356438383883e-07,-1.248138187557128650e-05
2.203256658267556265e-07,-1.569767933054775529e-06
2.802121541542382122e-07,-1.162730744032951904e-05
-7.013447206348354987e-07,-1.480495417234433743e-05
2.709082692046048345e-07,-1.078357936156971051e-05
5.548121564383706939e-07,-1.464737031737114225e-05
5.668564595429610906e-07,-1.670455197674748665e-05
9.753483688458696712e-08,-1.495922858645502483e-06
2.391094684212618878e-07,-8.070606953008336063e-06
-1.470376772522192588e-06,-1.095047713121047558e-05
-6.952253441655147482e-07,-1.051328654886917577e-05
5.539802654947393415e-07,-1.494087207045167532e-05
2.237346253212482576e-07,-7.294964727033097056e-06
-4.547707860180349007e-07,-1.177388906774438472e-05
-4.493566699432767304e-07,-1.524042054884769725e-05
2.119998507185718553e-07,-6.541168514142669224e-06
1.005591788378869811e-07,-3.377604331761155775e-07
1.998052681580104502e-07,-5.811848058464178756e-06
1.875592426492226133e-07,-5.109846069410539837e-06
2.000552624418761489e-07,-1.288520795718566397e-06
1.738766908476540635e-07,-4.437906166751518152e-06
1.609491517569949722e-07,-3.799166512402108614e-06
1.477960901450226725e-07,-3.196698594022611557e-06
5.558053374787652807e-07,-1.523376630904412642e-05
-7.010274610597358597e-07,-1.539029096921550849e-05
1.897080588214118606e-07,-1.156764399549810793e-06
1.122880069038382470e-07,-4.158839480031912663e-07
5.580290751330112854e-07,-1.552740618184551513e-05
5.733582301536665784e-07,-1.758875997362774503e-05
8.212723852853092483e-08,-1.091667274440661207e-06
-7.008916316005506595e-07,-1.568371909189422727e-05
3.095403021595691369e-07,-1.596904160607977977e-05
1.680639978643767188e-07,-9.120712819723119014e-07
-3.107237764086650793e-07,-2.224261719661421873e-05
3.115795659098135984e-07,-1.626276677382083340e-05
5.903073823142590462e-07,-2.024976538738772466e-05
1.238451367492768204e-07,-5.012388251528440047e-07
-7.000897515687699857e-07,-1.597741264157454851e-05
1.569757885946662974e-07,-7.993307932962003438e-07
-7.877182837223744010e-07,-2.656990473615016852e-06
1.350475017553697374e-07,-5.937429387662597117e-07
5.649395437492946211e-07,-1.640904683509346977e-05
1.227815921610306898e-06,-1.050355153214251631e-05
6.665960544705690806e-08,-7.439064980388808745e-07
5.796240118821626755e-07,-1.847618359717999103e-05
-6.991865268893901537e-07,-1.627146584291768095e-05
3.155095596130927565e-07,-1.685239339438440745e-05
-5.720384940985014304e-07,-1.246493668328786590e-06
3.174999753208713199e-07,-1.714688697712166504e-05
-6.981901538128043520e-07,-1.656584434127414187e-05
-6.767039844897360973e-07,-2.040484104810059586e-05
5.851246783733257118e-07,-1.936339886550401127e-05
5.713878036415559438e-07,-1.729372190367970292e-05
-6.971023538528694551e-07,-1.686050791757791152e-05
3.213132183840792913e-07,-1.773787433139749752e-05
3.234474521818407382e-07,-1.803342061934551442e-05
-6.944971878011577935e-07,-1.715452398208597702e-05
5.776623590795484971e-07,-1.818046941868671382e-05
-9.049097772683833485e-07,-2.403654041875219664e-06
-6.924463420224904207e-07,-1.744870273301553286e-05
3.270816468514883173e-07,-1.862515448541225766e-05
1.237131309708761328e-06,-1.078489838864392413e-05
5.889856360742932405e-07,-1.995476974860959510e-05
3.340068600500077162e-07,-1.980798514265977558e-05
3.291275996289712587e-07,-1.892116403773835278e-05
-6.911166676547864753e-07,-1.774369788727752495e-05
3.324308455140396929e-07,-1.951212827872930575e-05
5.833813097503339293e-07,-1.906772589622354757e-05
-6.899505449685881264e-07,-1.803989411732018227e-05
-6.801441574579756194e-07,-2.011066112085667726e-05
-6.895005777179722331e-07,-1.833646778702397934e-05
4.796854625564444563e-07,-9.544651405672501042e-06
-6.885171705783928267e-07,-1.863250281123214467e-05
-6.869364440183581689e-07,-1.892826533940576377e-05
-6.817780820571840265e-07,-1.981525469334262114e-05
-7.453983962600180408e-07,-2.307574085820523838e-06
-6.835231911900286159e-07,-1.951971467124776310e-05
-6.852478551909102938e-07,-1.922401036325355051e-05
1.495499722631444813e-06,-1.095296097918431607e-05
1.556675158245049965e-06,-1.438523550570925401e-05
3.938267970095149343e-07,-7.476845775715936241e-07
1.307987981395121530e-06,-1.480932139748838420e-05
-8.495591044012709243e-07,-2.067405330670336324e-06
1.251132288044179963e-06,-1.134576004315399384e-05
1.565605149628396413e-06,-1.496726810857659881e-05
-6.991534034245333035e-07,-1.976796398039241477e-06
1.314961801802432148e-06,-1.539021715861364851e-05
1.260245864168781430e-06,-1.163213559400066760e-05
3.031990776372462347e-07,-1.305017804138177159e-05
1.578052135282380762e-06,-1.555877220778184496e-05
-7.910245546981597609e-07,-1.752852263834777154e-06
1.514848585209131208e-06,-1.179518281441497486e-05
5.526505828748233661e-07,-1.491164301256988954e-06
1.574217669315058708e-06,-1.584116179607865374e-05
-6.483233406039810423e-07,-1.666132054447332754e-06
1.324410477658071089e-06,-1.627103777475131458e-05
1.273138131177055800e-06,-1.220263321319644044e-05
6.639131674563405034e-07,-1.971148486724445236e-06
1.587155834331209266e-06,-1.644005449409960328e-05
-6.229515541375343564e-07,-1.520054759870268293e-06
1.283535390034136404e-06,-1.249367400444595316e-05
2.524855494920807272e-07,-9.677938463242239135e-06
1.582394209736458241e-06,-1.672344500171207341e-05
1.083151566667478980e-07,-2.202170466772277797e-05
-5.966606148585200915e-07,-1.379534658457851617e-06
1.332128743133066862e-06,-1.715664074136630582e-05
1.531904413635792373e-06,-1.264757702368160404e-05
1.591834630942976999e-06,-1.732098284864224186e-05
8.094972899733662721e-07,-1.421068826447086217e-05
-6.681456075669364727e-07,-1.193769477707634866e-06
5.604378979687652426e-07,-1.435470329135061250e-05
1.290283280544038115e-06,-1.305961756018920645e-05
1.588369119767118997e-06,-1.760986725953581322e-05
-6.318028219693417475e-07,-1.066491701189583489e-06
1.338434868616702485e-06,-1.804273228273380080e-05
1.301309702554089119e-06,-1.335374683949478574e-05
1.597482476057358441e-06,-1.820693746547654240e-05
9.354091983390554159e-07,-4.456803059651843122e-06
-5.145949289932965188e-07,-9.949274473786331832e-07
1.595705193162816375e-06,-1.849892616126766110e-05
1.555909532444172494e-06,-1.351501122575962057e-05
1.569028810767169638e-06,-2.206375680042826280e-05
7.300974253796127271e-08,-3.632610013237351088e-08
-4.844787236456126229e-07,-8.784535062083077890e-07
1.343593749572843535e-06,-1.892965253011773648e-05
1.024836791454432399e-06,-5.829502476531717233e-06
1.554978409436785738e-06,-1.380035738262254447e-05
1.601852692281323767e-06,-1.909396820625956957e-05
-4.544655177218998794e-07,-7.692716736858454754e-07
1.062823542796354617e-06,-6.558206280571487272e-06
1.599482167678337123e-06,-1.938613396548728032e-05
1.106347632023686314e-06,-7.312330265339557139e-06
-1.347622313677713992e-07,-1.822976057516853919e-07
-4.247251140040851106e-07,-6.676652007348429579e-07
1.350033508817596639e-06,-2.160296126910986154e-05
1.346757510512244225e-06,-1.981652871248110528e-05
1.176739639252139475e-06,-4.798646892086176656e-06
1.327545218397846628e-06,-2.187702695895170387e-05
1.151089541493653920e-06,-8.088425721016417142e-06
1.600177176582408789e-06,-1.997674680185481923e-05
1.094164262099980593e-06,-2.143410951556289681e-05
-3.926885649377883288e-07,-5.709524988793695644e-07
1.348184692126926636e-06,-2.040742442513883594e-05
1.146161763364763758e-06,-2.227231366150259005e-05
1.596940145861322765e-06,-2.056518135103843482e-05
-3.603304179869802885e-07,-4.817578099577664516e-07
1.343581679006598248e-06,-2.099866836093942286e-05
1.200541381979930996e-06,-9.688409362436344933e-06
-3.269409713278561888e-07,-3.997793971547768814e-07
-1.916588547522173586e-07,-2.174317351367684009e-07
-2.936634025902472360e-07,-3.256897569641528431e-07
-2.575557947928995753e-07,-2.576617132352746896e-07
1.305283115910855685e-06,-1.422567898211464274e-05
-6.491313215616541709e-07,-2.155885737271066521e-05
5.830292908371491966e-09,-2.433632552916409284e-09
6.293568566157183567e-07,-2.224076103953710821e-05
1.171794720083396596e-08,-3.305728373862902334e-09
9.274810193621771879e-07,-3.274725069906695780e-06
6.094101161473563096e-07,-9.507754161288209419e-07
-4.084005584900424745e-09,-1.192890898102686358e-08
4.008667335283245286e-08,-1.867501846844028468e-08
-1.284102908028111731e-07,-2.182820052859432816e-05
-1.913895855308011889e-08,-5.692488495029591633e-09
-1.117460332318204009e-06,-2.229987183553157516e-05
-3.682783759588070389e-07,-2.170335083902876660e-05
-5.681694300044977269e-07,-2.231895629604250831e-05
-9.021947844692718604e-09,-2.054638331101874943e-09
7.753742229992032664e-07,-3.235052174922953885e-06
-1.357287233192537174e-07,-2.206643420641911271e-05
-1.676094031852168488e-06,-2.115576348775098382e-05
-8.709927981362949378e-07,-2.167474706780129394e-05
-1.651110967700481457e-06,-2.088784290563445249e-05
-1.631625035543334203e-06,-2.228017817467829590e-05
-3.400580472620041901e-08,-1.533194935798851412e-08
-1.355274042067661240e-06,-2.055099101496081325e-05
-1.124975148363583050e-06,-2.152764809711369450e-05
4.372133996528033462e-07,-9.805250723533659165e-07
-1.669915203500328680e-06,-2.028051303662166491e-05
7.900865476918559527e-08,-3.981607004180005004e-08
-1.360260600472515144e-06,-1.997150475216201581e-05
3.324674796165659089e-08,-1.509419185614309170e-08
1.642902819199060084e-06,-2.229433059824434399e-05
-1.672268348079630859e-06,-1.968880185528972584e-05
-1.353156193973038874e-06,-2.139432426420272740e-05
1.703395814694512200e-07,-9.945548894965209681e-08
-1.363045445653360042e-06,-1.937733416550938202e-05
1.078069651062471032e-06,-3.312490428076947492e-06
-1.673888379585531706e-06,-1.909715602255411605e-05
7.486547299553046416e-07,-2.975009286159952762e-06
1.692099029895293327e-07,-1.231027687957570065e-07
-1.363794767155598833e-06,-1.878592170358676222e-05
5.259639676371997748e-07,-8.803650059952704633e-07
-1.674901217155667626e-06,-1.850572522446415429e-05
2.612597599970941752e-07,-1.908712001562884313e-07
-1.364120361393477563e-06,-1.819463664557308480e-05
3.067050641090224177e-07,-2.441567135422116488e-07
-1.675320253780911187e-06,-1.791468803144274420e-05
-1.363954359024200490e-06,-1.760380101857392327e-05
2.779152030478871195e-07,-2.895593750031852834e-07
-1.675102149323968422e-06,-1.732425082799840188e-05
3.153813632130418922e-07,-3.512194984372425597e-07
-1.363229635986135409e-06,-1.701366700272195645e-05
3.499444189276394159e-07,-4.329966563388644961e-07
-1.674172780983950888e-06,-1.673464836716200146e-05
3.835759091948586396e-07,-5.161407822375767996e-07
-1.361877950142979259e-06,-1.642448899592637964e-05
2.041330424887808245e-07,-2.229826613675205981e-05
-1.672448755556940052e-06,-1.614614411470434603e-05
3.642616999330239732e-07,-6.489590071267734162e-07
4.848755671752997132e-07,-7.910586224650046454e-07
-1.359829758090501490e-06,-1.583654668568021718e-05
1.095299356208789718e-06,-3.583415016062568751e-06
-1.669846047931892885e-06,-1.555903027137008800e-05
1.038879521262971178e-06,-2.952924151784305682e-06
-1.357015227718376009e-06,-1.525014460709264892e-05
-1.666279146206246793e-06,-1.497362362859715297e-05
1.307163202488511940e-06,-2.210151591305435715e-05
-1.353366201237481712e-06,-1.466561684163671999e-05
7.943783295281570415e-07,-2.205530888153271502e-05
-1.661658952657334706e-06,-1.439026942722156714e-05
6.665256881312347341e-07,-1.525853820809949694e-06
4.153366427775188661e-07,-6.006537815157354646e-07
5.039688119633302604e-07,-1.369337274270004950e-06
-1.348809475577401681e-06,-1.408333668682899602e-05
9.898024199866155026e-08,-5.517047529337545259e-08
-1.647609158810211033e-06,-1.381212384889582583e-05
