Size 979,2
0.000000000000000000e+00,0.000000000000000000e+00
0.000000000000000000e+00,0.000000000000000000e+00
0.000000000000000000e+00,0.000000000000000000e+00
0.000000000000000000e+00,0.000000000000000000e+00
0.000000000000000000e+00,0.000000000000000000e+00
0.000000000000000000e+00,0.000000000000000000e+00
0.000000000000000000e+00,0.000000000000000000e+00
0.000000000000000000e+00,0.000000000000000000e+00
0.000000000000000000e+00,0.000000000000000000e+00
0.000000000000000000e+00,0.000000000000000000e+00
0.000000000000000000e+00,0.000000000000000000e+00
-1.124201694111154200e-06,-1.607146657794295390e-05
-9.335912798283616591e-07,-1.650138336466819327e-05
0.000000000000000000e+00,0.000000000000000000e+00
0.000000000000000000e+00,0.000000000000000000e+00
0.000000000000000000e+00,-1.283677775080690488e-04
0.000000000000000000e+00,-1.295774353319328789e-04
-1.644744739082219458e-06,-1.215263350122337084e-04
-2.123582233103726844e-05,-8.662330099754778263e-05
0.000000000000000000e+00,0.000000000000000000e+00
-1.358730953876560470e-06,-8.512101759301301818e-06
-2.346572967278572081e-07,-1.079199585551950486e-05
-2.413484340146481011e-06,-1.376482472303987483e-05
-2.450130441406463419e-06,-1.665943952300337163e-05
-1.645541509300313068e-06,-1.181008192621422447e-05
-2.684326205553487275e-06,-1.591340680054034780e-05
-2.035911428191068785e-07,-1.858614754455252839e-05
-2.774453854833423215e-06,-2.296249251961050199e-05
-1.973171320570842770e-06,-6.956248225044047741e-06
-2.078896213370083770e-06,-1.543254579026196477e-05
-7.481381383867573048e-07,-1.675541567471123961e-05
2.214406601328615372e-06,-4.998361912265673939e-05
2.317557631219766712e-06,-7.841290095876387681e-06
8.203596200515688361e-06,-5.381862767082778054e-05
-3.776029522481282510e-06,-8.646697618277694866e-06
8.977440301600166239e-06,-2.997367243648799454e-05
-9.878836860545915760e-06,-3.217066340485551679e-05
-5.155177150101084608e-06,-7.241826264751531931e-05
6.828955700912849305e-07,-1.274151523709130762e-05
1.166810935817030148e-05,-7.345848816933034495e-05
-1.819507321289385089e-06,-1.170532854834314154e-04
-4.755982204605804001e-06,-7.516362055492511204e-05
-1.902517194165205967e-05,-1.046204221592749427e-04
1.144557023252161704e-05,-8.245116517883796102e-05
9.581958098230213553e-06,-3.127838539788706002e-05
3.548898770625278034e-06,-5.296614949784960667e-05
-9.873303506371099316e-06,-3.889480386923200087e-05
7.306301484637588507e-06,-6.010054801119319102e-05
-5.606833397791072195e-06,-1.109178694037039385e-05
-8.958254941434982103e-06,-1.938261379487795600e-05
-1.161093389416697603e-05,-2.961084799381532705e-05
-1.331144522568194134e-05,-4.122742728908928699e-05
-1.410021861935581228e-05,-5.346788983886290118e-05
-1.407948826123956053e-05,-6.527930203489599125e-05
-1.394642056800400823e-05,-7.638856295183877850e-05
-1.411335510418285496e-05,-8.733756808506756082e-05
-1.418747077114455556e-05,-9.870472162467686583e-05
-1.326394508887654299e-05,-1.103112688289141751e-04
-1.140765785077964835e-05,-1.206623105545139669e-04
-8.793311188020742650e-06,-1.290392845339355117e-04
-5.545743901851496827e-06,-1.348407261064919391e-04
-1.799127100940860805e-06,-1.376178617482255739e-04
2.293857312660866876e-06,-1.370236264197507124e-04
6.601684898604878825e-06,-1.328200302492040939e-04
1.099628051668131785e-05,-1.248943836880640821e-04
1.537547997243966281e-05,-1.131774454247548372e-04
1.952347277879343574e-05,-9.745402016799785210e-05
2.288290880748509003e-05,-7.755106734752182274e-05
2.373808328792328606e-05,-5.438953914328260761e-05
2.030781792177735589e-05,-3.089172338576391425e-05
1.186304163128982894e-05,-1.197596938629300807e-05
0.000000000000000000e+00,0.000000000000000000e+00
0.000000000000000000e+00,0.000000000000000000e+00
0.000000000000000000e+00,0.000000000000000000e+00
0.000000000000000000e+00,0.000000000000000000e+00
0.000000000000000000e+00,0.000000000000000000e+00
0.000000000000000000e+00,0.000000000000000000e+00
0.000000000000000000e+00,0.000000000000000000e+00
0.000000000000000000e+00,0.000000000000000000e+00
0.000000000000000000e+00,0.000000000000000000e+00
0.000000000000000000e+00,0.000000000000000000e+00
0.000000000000000000e+00,0.000000000000000000e+00
0.000000000000000000e+00,0.000000000000000000e+00
0.000000000000000000e+00,0.000000000000000000e+00
0.000000000000000000e+00,0.000000000000000000e+00
0.000000000000000000e+00,0.000000000000000000e+00
0.000000000000000000e+00,0.000000000000000000e+00
0.000000000000000000e+00,0.000000000000000000e+00
0.000000000000000000e+00,0.000000000000000000e+00
0.000000000000000000e+00,0.000000000000000000e+00
0.000000000000000000e+00,0.000000000000000000e+00
-4.042861190733725252e-06,-8.548719462006430325e-06
-6.335116250989148977e-06,-1.535660966058215342e-05
-7.928866137704702503e-06,-2.341547651129736841e-05
-8.718191942642654498e-06,-3.213333824092396313e-05
-8.779400834989518733e-06,-4.088227596895510499e-05
-8.235787379627343993e-06,-4.896553119685260720e-05
-7.459471484445478140e-06,-5.612927751386574628e-05
-6.603923465072424162e-06,-6.244712299825268969e-05
-5.529144619760343675e-06,-6.794117159551808739e-05
-3.995807996690895686e-06,-7.233819801753913099e-05
-2.149886998755753718e-06,-7.504273392244551291e-05
-1.433152218736279198e-07,-7.587643116299264145e-05
1.897062561472144259e-06,-7.473764457452632180e-05
3.833734107696809517e-06,-7.167452770079081169e-05
5.519409643523510809e-06,-6.683311214201490089e-05
6.815986246784275347e-06,-6.047262935546249952e-05
7.576919658584490200e-06,-5.298286302207121475e-05
7.629572359053816212e-06,-4.513184409694111915e-05
7.285760389252237063e-06,-3.743053339703977930e-05
6.825896085605889691e-06,-2.996006554711984685e-05
6.172447359765806651e-06,-2.258617706150252809e-05
4.924152283268185058e-06,-1.545141961886090036e-05
3.071700242181241322e-06,-9.053679182156422741e-06
0.000000000000000000e+00,0.000000000000000000e+00
0.000000000000000000e+00,0.000000000000000000e+00
0.000000000000000000e+00,0.000000000000000000e+00
0.000000000000000000e+00,0.000000000000000000e+00
0.000000000000000000e+00,0.000000000000000000e+00
0.000000000000000000e+00,0.000000000000000000e+00
0.000000000000000000e+00,0.000000000000000000e+00
0.000000000000000000e+00,0.000000000000000000e+00
0.000000000000000000e+00,0.000000000000000000e+00
0.000000000000000000e+00,0.000000000000000000e+00
0.000000000000000000e+00,0.000000000000000000e+00
0.000000000000000000e+00,0.000000000000000000e+00
0.000000000000000000e+00,0.000000000000000000e+00
0.000000000000000000e+00,0.000000000000000000e+00
0.000000000000000000e+00,0.000000000000000000e+00
0.000000000000000000e+00,0.000000000000000000e+00
0.000000000000000000e+00,0.000000000000000000e+00
0.000000000000000000e+00,0.000000000000000000e+00
0.000000000000000000e+00,0.000000000000000000e+00
0.000000000000000000e+00,0.000000000000000000e+00
-2.236959564752258637e-06,-2.281081181112221156e-06
-3.317675234318575619e-06,-5.330510423487557509e-06
-3.663526681806253248e-06,-8.743607248786130912e-06
-3.414462607452616791e-06,-1.189608890740826481e-05
-2.704346315778613933e-06,-1.435548360058431873e-05
-1.670477341694471517e-06,-1.574872942133339511e-05
-5.501168534662863151e-07,-1.591589636498595852e-05
5.142050292792445450e-07,-1.486463151906735822e-05
1.304638509761643350e-06,-1.270765339512943842e-05
1.578337223915493136e-06,-9.766710145550590766e-06
1.314636088049478287e-06,-6.395961217741953925e-06
0.000000000000000000e+00,0.000000000000000000e+00
0.000000000000000000e+00,0.000000000000000000e+00
3.184393660244584083e-07,-1.534072459092624999e-05
1.518283711463197455e-06,-1.362950845287673190e-05
2.386738058918468469e-06,-1.109205059484986309e-05
2.798628427095976111e-06,-8.025160870882638384e-06
2.663120636447968056e-06,-4.843529692728745652e-06
1.846147890619857513e-06,-2.046603063357806427e-06
-8.733197507098723006e-07,-1.658408338150393370e-05
-1.276658143428945834e-06,-1.657647714994940920e-05
-1.683758547488766552e-06,-1.649139055122192212e-05
-1.985398557361629107e-06,-1.632444514294924652e-05
-2.050690163647991756e-06,-1.613447210071606585e-05
-1.689529692310733623e-06,-1.514631249864213352e-05
-2.419870961157415059e-06,-1.254097013687308764e-05
-2.828370008018413163e-06,-8.172113220742737105e-06
-2.270210052705558885e-06,-3.272999152117243482e-06
0.000000000000000000e+00,0.000000000000000000e+00
0.000000000000000000e+00,0.000000000000000000e+00
2.331843671771630898e-06,-1.279098513529646592e-04
4.487614340836334876e-06,-1.267894397675504276e-04
6.442297968153182061e-06,-1.250909019238571971e-04
8.126751097766468055e-06,-1.230034430759704457e-04
9.610866486400070964e-06,-1.207291593216705913e-04
1.100178805181676022e-05,-1.183234121016133442e-04
1.250446783655132283e-05,-1.158665989010716714e-04
1.412260052799320967e-05,-1.131656747372366693e-04
1.586539078126031872e-05,-1.100913047368484130e-04
1.768550108525049298e-05,-1.065517298552852887e-04
1.949442947613395048e-05,-1.025001046130633812e-04
2.119423632673505788e-05,-9.795866215339152458e-05
2.268407706725135208e-05,-9.300477517711250146e-05
2.400663074350035091e-05,-8.768409835381541732e-05
2.503828764522333762e-05,-8.211374240913884941e-05
2.581759705499185234e-05,-7.638264020651468840e-05
2.631612768574551845e-05,-7.055977162662719075e-05
2.651777056103250983e-05,-6.480422321926262508e-05
2.635065843626362839e-05,-5.905083254993973382e-05
2.589379376740662589e-05,-5.344846473913056849e-05
2.506760893305953671e-05,-4.815878007529408248e-05
2.389608544738765314e-05,-4.323260941548952323e-05
2.245942388397167129e-05,-3.880887878112275241e-05
2.080816327421471318e-05,-3.491673073585512888e-05
1.905941615836302430e-05,-3.160849489830938532e-05
1.724506425114702744e-05,-2.887518092733012523e-05
1.537428381802159074e-05,-2.669922606835634614e-05
1.354623646634743252e-05,-2.505541846346679945e-05
1.166803978519109798e-05,-2.394405749202122789e-05
9.914614419671801115e-06,-2.337019590520985851e-05
8.151541675919808631e-06,-2.337169711993154780e-05
6.566064452519769828e-06,-2.389954577802408907e-05
5.089320361059411930e-06,-2.497354690700076557e-05
3.817826055138786631e-06,-2.658600102465414955e-05
2.800286218801910532e-06,-2.864852638033509619e-05
1.887713569506957408e-06,-3.113181231873563015e-05
1.126209659406045683e-06,-3.412232873151982535e-05
6.417423086774400989e-07,-3.761201931423415677e-05
4.786225074658902187e-07,-4.154800315837516185e-05
7.529172170206337336e-07,-4.568000433967032270e-05
1.484289685324455845e-06,-4.963721909921956074e-05
2.699823499628271632e-06,-5.303208802183562561e-05
4.159348066750514189e-06,-5.550184559874185504e-05
6.045280980612999008e-06,-5.681692200516028220e-05
7.920534327482381371e-06,-5.679959417093412971e-05
9.647928324676179868e-06,-5.548931074051819990e-05
1.114373284946194866e-05,-5.316175831058561781e-05
1.237500163771665086e-05,-4.996192139581784330e-05
1.320680922468099492e-05,-4.609580477560698645e-05
1.354227699281236759e-05,-4.180350574905256777e-05
1.331864538364120292e-05,-3.751491876556409678e-05
1.270122415827548244e-05,-3.358266357607693129e-05
1.175061945730875235e-05,-3.007380981721540671e-05
1.065334984653279718e-05,-2.712021779566167444e-05
9.450367620737319351e-06,-2.466567135927648594e-05
8.218028637422126852e-06,-2.269948039520918180e-05
7.062090296006691625e-06,-2.113841319089659762e-05
5.967330832750168436e-06,-1.992862847393467410e-05
4.972534179426319131e-06,-1.902384603135717143e-05
4.084946454744293577e-06,-1.837898766958614402e-05
3.302828786799568588e-06,-1.794511052104724822e-05
2.643893000009856310e-06,-1.767925281133419547e-05
2.130271593882537959e-06,-1.756470303972455395e-05
1.781457508853850323e-06,-1.751446674607065192e-05
1.618987492710031537e-06,-1.747096270245539933e-05
1.673979758586432072e-06,-1.734104284273925632e-05
1.945801368291724453e-06,-1.703446318447415336e-05
2.427191160193239069e-06,-1.628102616002418838e-05
3.020431835880419480e-06,-1.488136455745360013e-05
3.573517997397175999e-06,-1.271581552626628013e-05
3.885316883767228290e-06,-9.754894090736624673e-06
3.647590652533116181e-06,-6.340667661986620190e-06
2.576104853169391681e-06,-2.957839459826024377e-06
0.000000000000000000e+00,-1.288016590184281826e-04
0.000000000000000000e+00,-1.292860205535437254e-04
-7.262874860417573081e-07,-1.287402784876580820e-04
-1.391982466488821549e-06,-1.263336542795547544e-04
-2.814596372870318991e-05,-9.546196034932821783e-05
-2.949789073541493693e-05,-1.045179487349760675e-04
-2.347528146443025551e-05,-1.101736797959352183e-04
-1.572982016627067810e-05,-1.149765258531808152e-04
-7.573301725196320416e-06,-1.189433976995010061e-04
-1.095335433418121483e-05,-9.885314686508313100e-06
-1.826259058452294883e-05,-2.406305170412986221e-05
-2.236773844115958032e-05,-4.282493172791667106e-05
-2.349726985296351079e-05,-6.371153544297642932e-05
0.000000000000000000e+00,0.000000000000000000e+00
-4.119768489422145838e-07,-6.173872642955175287e-06
-1.417677831553491290e-06,-8.929618154676184302e-06
-3.216747938913677168e-06,-6.471387998811337574e-06
-3.943367116727072700e-06,-8.508732629912557768e-06
-3.870770497995173379e-06,-1.116347637569221088e-05
-3.224001132007885712e-06,-1.354197448388561867e-05
-2.586596949367343986e-06,-1.003335921210401162e-05
-3.107516352909734479e-06,-1.243839194375941193e-05
-2.449183740109802660e-06,-1.400630866991700470e-05
-1.739615315430863857e-06,-1.513875956569110390e-05
-1.081198120755297244e-06,-1.590998515846007175e-05
-6.927587166537395176e-07,-1.644600861245325079e-05
-1.796865538844021781e-06,-1.587418367435495874e-05
-1.931307006537694654e-06,-1.637976358698520023e-05
-1.726883440733598084e-06,-1.669189343357775060e-05
-1.402885400651215368e-06,-1.686066267722949110e-05
-1.048859025444684403e-06,-1.688277944321733132e-05
6.741876515036418791e-08,-4.342504695271327478e-05
-1.201912784154236105e-06,-3.774881520259080721e-05
-1.919332993706154136e-06,-3.261218202065320097e-05
-2.326994762586224908e-06,-2.810733287067874808e-05
-2.318220335206406960e-06,-2.387407073322232441e-05
-2.019814656469644122e-06,-1.971136477746361786e-05
-5.682578303083922528e-07,-1.568835026417437741e-05
7.493838780965645515e-07,-1.155273746575435421e-05
1.429896611676189314e-06,-5.240993941552843908e-05
2.826936820187733986e-06,-5.424552228970351759e-05
5.464508334891916269e-06,-5.552980272153586509e-05
8.427133412820779834e-06,-5.630188447010653834e-05
1.069971765886869467e-05,-5.652923355267178406e-05
1.068873289959228933e-05,-5.545167115346501301e-05
9.529328043034415531e-06,-4.627315653916835565e-05
1.029714444757702260e-05,-3.825094287455204977e-05
1.046840382027365294e-05,-2.991285602472467742e-05
9.938136677477331588e-06,-2.171050579571595277e-05
8.492551325503250382e-06,-1.440315005965649946e-05
5.823065560144052138e-06,-8.716819638377456094e-06
-3.012124875122168890e-06,-1.216921314871430727e-05
-1.693857347060993956e-06,-1.521582716574613294e-05
1.086694986033255711e-06,-1.757872880490614465e-05
3.726792214767481273e-06,-1.985805897174627754e-05
6.311108964404853299e-06,-2.219298462665709754e-05
8.291500853178113839e-06,-2.528161666442831640e-05
-6.414758094092724489e-06,-8.868330468513718130e-06
-8.476192404825016256e-06,-1.298665520810957709e-05
-9.604398442448730912e-06,-1.878268053210793473e-05
-1.003993575047773472e-05,-2.518498701000071951e-05
-1.211133256397626397e-05,-3.467652491064095226e-05
-9.759094503370199504e-06,-3.620050522011721239e-05
-4.344012587311682991e-06,-3.595422624839490533e-05
1.785533506462551022e-06,-3.484544516105338082e-05
6.784590053519455277e-06,-3.286352392606058348e-05
-6.640718522222391744e-06,-6.221481923997472508e-05
-6.655078772999912758e-06,-5.359460201811550950e-05
-6.180065727425530931e-06,-4.552409638370043206e-05
-5.191912684411758872e-06,-3.746426517771164993e-05
-3.874878526387419509e-06,-2.912271490370024068e-05
-2.452918559754058308e-06,-2.054700625957319387e-05
-9.069820213788954777e-07,-7.661945025788816316e-05
6.908229234941262975e-06,-7.860242847028369839e-05
1.262691993609541368e-05,-7.764050477950546207e-05
1.290966588730153427e-05,-6.138917654813234642e-05
1.332321344791430425e-05,-4.969108320634122003e-05
1.297083303205278195e-05,-3.817170429871110542e-05
1.176248562925133913e-05,-2.733584464399905876e-05
9.402792825978798785e-06,-1.815645013682586146e-05
5.481056324306115470e-06,-1.160002448927614217e-05
-1.047863012014769113e-06,-1.169937689196738731e-04
-1.310627300177650050e-06,-1.141130965574611877e-04
-1.985574725633580855e-06,-1.099330351286624633e-04
-2.869674515747552964e-06,-1.045744339269785830e-04
-3.738976349244319644e-06,-9.832173272213833059e-05
-4.509198647750991084e-06,-9.124134731699656321e-05
-4.953895857760893742e-06,-8.355752829966174816e-05
-9.326557895350732664e-06,-1.121429779775499609e-04
-1.748529781691206457e-05,-1.079378387835586351e-04
-2.512938315997209642e-05,-1.043389588901389250e-04
-3.033531831311579846e-05,-1.015938590295529094e-04
-2.975656078687458661e-05,-1.023093962980311334e-04
1.223142696216454428e-05,-7.626191483703020717e-05
5.312293282552712641e-06,-7.313664047636978774e-05
-2.859363231029739138e-06,-7.288952563782159864e-05
-1.500646565290822911e-05,-1.181397772541637153e-04
-1.084719549980174799e-05,-1.282334481848203419e-04
-6.698834078601990002e-06,-1.347142296095005460e-04
-2.665611246736520848e-06,-1.376281277777674430e-04
1.097973764182281305e-06,-1.371376164643811819e-04
4.533938898830350824e-06,-1.334907541443494509e-04
7.491204601405225240e-06,-1.270207662404643754e-04
9.746362452997392451e-06,-1.182298627518890504e-04
1.128629890613165253e-05,-1.076786522115563227e-04
1.193854599857234643e-05,-9.590273210425663021e-05
1.030855224210697354e-05,-3.601201349181514135e-05
1.035488323660866212e-05,-4.135288397934014609e-05
9.954095058351560796e-06,-4.710987210893958848e-05
9.185798954195060269e-06,-5.235042066789922876e-05
8.130198064402583181e-06,-5.608056281184581874e-05
6.857830126938275362e-06,-5.738315545139978857e-05
5.301541303291028225e-06,-5.629169173548657923e-05
8.621802349487020362e-06,-3.023495115822217024e-05
4.250861578334155764e-06,-3.004534746561701676e-05
-2.228851246358807733e-06,-3.067637461776229625e-05
-8.757247639658319408e-06,-3.206250821477187361e-05
-1.193914348727497787e-05,-3.503741874488350489e-05
1.070177675323777107e-05,-5.740574302806207541e-05
1.046099049210684146e-05,-5.515307264479095173e-05
7.722506315248353769e-06,-5.398544248939377813e-05
4.596249456293031020e-06,-5.313560502435506390e-05
2.013504785395036861e-06,-5.263838423255649753e-05
1.044467294751578752e-06,-5.253285587998198343e-05
-9.970406022226132708e-06,-4.783695748541220543e-05
-9.290376203067710322e-06,-5.573739223167790128e-05
-8.063165638576709387e-06,-6.273920399932490278e-05
-6.395761242982926298e-06,-6.850642596695190811e-05
-4.419678113576616751e-06,-7.272744337283427952e-05
-2.221522324985674787e-06,-7.518534797660900008e-05
7.126726703562925103e-08,-7.575092465952236931e-05
2.255458747269013650e-06,-7.443949911631575185e-05
4.298624332531479695e-06,-7.135186007107245524e-05
6.009038876152536630e-06,-6.663775435137150795e-05
1.856360789276764633e-05,-3.639879351554424730e-05
3.198843028231043901e-06,-1.792297853904877336e-05
1.019868345361990729e-05,-2.310866148049774320e-05
6.451418590709967414e-06,-2.171260315048389813e-05
1.443673371917228927e-05,-2.726376844087753253e-05
2.144863316724279656e-05,-5.045682887263211019e-05
-2.422828585209490041e-06,-3.860217313195635647e-05
-4.562460459318700458e-07,-3.220699099107973561e-06
-1.856353563836163004e-07,-2.389778642104741341e-06
2.167942259439557701e-05,-6.841637836092782433e-05
-1.059559408325152777e-06,-1.561202102978906088e-05
5.555343212506610021e-06,-2.066142184489710542e-05
-1.585336019843632525e-06,-2.416153358865646251e-05
-1.897708223139156214e-06,-1.641385965892143767e-05
-1.129815329323239457e-07,-3.868807117977568774e-06
4.865132697104176832e-08,-2.584918243808058229e-06
-1.616311681492156009e-06,-5.480605217578129063e-05
8.423193672757044810e-07,-2.196264537206765025e-05
1.998717204945621488e-05,-8.590725571019103431e-05
1.762219655254920791e-06,-1.740503856103670175e-05
8.261469984749456421e-06,-2.784729255669574340e-05
6.532500980350548276e-06,-2.406718254012514777e-05
1.618411892040430344e-07,-2.219889246199262673e-06
1.327095846650730399e-07,-1.636552949654349711e-06
1.062868683822194898e-07,-8.748001271191112644e-07
7.858317920975010413e-08,-7.173523126840003043e-07
-7.841435313768388997e-07,-7.181273960063665781e-05
4.591972133094632068e-06,-1.918687328685132309e-05
1.740201696960753315e-05,-9.571622189634667786e-05
1.524645279669935183e-05,-1.050429650448015187e-04
1.201344215411360010e-05,-1.121040638463204520e-04
-1.300810392058600762e-07,-1.362599706041119086e-06
-2.215555473533748399e-07,-1.803487627869317834e-06
-8.507621403716743085e-08,-5.976298636185112051e-07
-1.103841446530317079e-07,-7.128145223340499227e-07
8.007582072604139023e-06,-1.194548877712455263e-04
1.345059976115934797e-06,-1.740302201663791523e-05
5.241314179141637447e-06,-2.744489314063021000e-05
5.689029660865925692e-06,-1.243843948700966429e-04
9.172863003709604847e-06,-3.559407262074273741e-05
7.288209319470640705e-07,-8.582166529741052307e-05
-3.997527178492147176e-07,-1.661343972798074456e-05
7.824558698308201735e-06,-2.530406847242276652e-05
7.321483289720506935e-07,-3.268126540990913927e-05
2.133538143614430466e-06,-1.007760588786224624e-04
-5.323042519609404925e-07,-5.117325692292723292e-06
-6.134284233085093093e-07,-5.617958647863488108e-06
-5.481171245441029001e-07,-4.465836273048225244e-06
-7.277374511431500984e-07,-6.048449747962407850e-06
-5.054880129278066414e-07,-4.916246448756694739e-06
1.388032299104278005e-08,-3.930736042387219835e-06
-4.938552502554070401e-08,-4.106167969964648474e-06
-1.838148467283473846e-07,-3.241948215903369452e-06
-1.528743881936782400e-07,-4.298703606852393584e-06
-1.651096769792015762e-07,-3.529805340569362799e-06
1.047770370099975335e-06,-1.203320650759601905e-04
4.389456896186279342e-09,-4.935432438619997770e-07
5.536588095021747921e-09,-5.737876710280885392e-07
1.913499033815069062e-06,-1.119086705064180066e-04
-3.907282412611059832e-07,-4.018591899862507704e-06
-1.287137642460714448e-06,-6.325105318863625297e-06
1.023004558926822101e-05,-4.400229261037122549e-05
4.013212904105894551e-06,-3.202223451138916182e-05
1.329908591582889004e-06,-1.680502373394575681e-05
-3.363732541191779977e-07,-4.511402555957167316e-06
-1.095916885631215423e-06,-6.833734442566920529e-06
6.705678850905630217e-07,-1.277239132989020512e-04
-1.671264109472713445e-07,-5.062455095963685132e-06
-1.023587427937754470e-06,-7.184916377521801973e-06
-1.777945917481496059e-06,-9.085097019089949754e-06
-3.216021034536219567e-07,-5.854765896710140774e-06
-1.769651352884751525e-08,-3.438635771040898401e-06
-2.805186439686464711e-07,-5.013464600688778247e-06
9.286666000798286913e-06,-5.189435729621830917e-05
-3.799366626698699959e-06,-6.968556813347539748e-06
-2.120610459160091774e-06,-5.491777326881906776e-06
2.655086451940688405e-06,-1.278193942512547072e-04
8.796991858716292793e-08,-3.857629483506114294e-07
1.067919729266900022e-07,-4.464547922375235990e-07
-4.980476324404163557e-06,-1.476006945127646708e-05
-1.605045695791341315e-06,-1.473262102908798484e-05
-4.752357254662576029e-06,-2.860722185173855095e-05
-7.577582008712303086e-06,-7.493803963290377693e-05
-1.154405972596782408e-07,-1.087867140824225117e-06
2.139296486259988038e-07,-1.697293958625934833e-06
-4.718821194147630267e-06,-1.552067401426940929e-05
-2.264401315192671706e-06,-9.847558002721669816e-06
3.535931659155759686e-06,-4.013937626469259011e-05
1.505480578062258070e-06,-1.406160302512926616e-05
2.380837585795267803e-06,-8.824353719762143404e-06
2.765664297076921207e-06,-6.188879340155531517e-06
6.065762940436369608e-06,-4.178582463982932310e-05
5.739531870780711801e-07,-6.112504008096259850e-06
3.970162747738002213e-06,-2.089470118027370819e-05
3.985799401130943532e-06,-1.670190422417367415e-05
4.163827337689992415e-06,-3.373712197827481729e-05
2.454796987688200043e-07,-1.247547488650212620e-05
4.475477913746607448e-06,-4.329713595268689546e-05
-7.438080020175414101e-07,-1.605526245646791668e-05
3.169400304122927280e-06,-5.023854797241546558e-05
3.443252231271012180e-06,-6.729921805664195063e-05
2.294976726911169126e-06,-6.330901223482862856e-05
3.067556053636109676e-06,-8.842531271725419934e-05
4.927000616140291650e-06,-4.381282229598245162e-05
2.925800690924980911e-06,-1.124437534037600812e-04
1.106849301944852912e-06,-7.315898773255264276e-05
-5.781823119384332696e-06,-1.121165681056682977e-04
1.415307060307774942e-06,-1.307902116207744925e-04
-5.883349182196742634e-07,-7.610119468416373710e-05
-8.661907713049815649e-07,-1.384240618265667898e-04
-1.981586375115904631e-06,-7.117052720232583331e-05
-3.124667279440786963e-06,-1.326181438699725317e-04
-3.098820501948093740e-06,-5.957885153755678739e-05
-3.739894072819312167e-06,-4.354022763303450565e-05
-1.989845141484290926e-07,-2.583541823646756355e-06
-1.285812182937886149e-07,-2.861916393269425231e-06
-4.571308526051923467e-08,-3.365691005840900115e-06
-2.360379768139464421e-08,-2.690456649095730485e-06
-4.324524860166361534e-07,-3.539054425691963959e-06
-3.074000457626070732e-07,-3.906796931062706274e-06
-2.447634258349792574e-07,-4.681232817810737690e-06
-1.112537381433153019e-07,-3.637134519883586065e-06
7.784344383809505059e-06,-5.667959921548205369e-05
4.013419783344238274e-06,-4.741878344458621582e-05
8.007431016401219651e-06,-3.218963847126031058e-05
-4.440921375349739106e-07,-1.650537581459782073e-05
1.557181737268964115e-06,-8.198769295272641554e-06
-3.291422347807222305e-07,-1.691313279314619170e-05
-8.393777471797703776e-07,-6.508952599030487640e-06
-2.224813278102718370e-07,-4.462161069573061353e-06
8.177979914177858361e-06,-2.953176249968299434e-05
7.208006297054076843e-06,-2.596792890232572232e-05
-2.733500067708859100e-06,-3.114592435787972289e-05
-1.711368093201939135e-07,-3.328482661451657700e-05
9.982779795585719501e-07,-3.933848369497232171e-05
3.116758715617771001e-06,-3.480159814776246854e-05
4.714155565390199459e-06,-4.013225145516788030e-05
6.641846540570970863e-06,-3.598596153111375162e-05
4.906528032384000260e-06,-3.122600451848191113e-05
8.283173954601549160e-06,-3.227446561936356414e-05
6.522404789307674468e-06,-2.838799108499095590e-05
8.562698138617185482e-06,-4.136696907713345686e-05
6.095424998852077407e-06,-4.630060646696457964e-05
1.049790649299992594e-05,-4.700204382291866385e-05
8.518970330224270431e-06,-5.256138852715070580e-05
9.581302192299756884e-06,-2.919294261127036036e-05
7.843034008480394558e-06,-2.610686432393362612e-05
1.243333491472013751e-05,-4.217470392977408961e-05
1.279374889520143124e-05,-5.285365492978783512e-05
1.043606423502828315e-05,-5.865294333615520282e-05
6.372007867393704294e-06,-5.812785691707947106e-05
7.734732156039911347e-06,-6.490049292822265906e-05
1.499787073536735252e-05,-5.869426588862126449e-05
3.637418105004779838e-06,-2.749310562757119287e-05
1.164377460211196865e-05,-3.321847733085640645e-05
1.043067143640357401e-05,-2.682052105813793514e-05
8.762211530719107090e-06,-2.436164523100671199e-05
6.529523946662005541e-06,-2.378185100016512338e-05
7.533682811585593666e-06,-2.263151483865593036e-05
5.654457675575648376e-06,-2.206808300327673663e-05
6.742327450048121700e-06,-2.152162173540502456e-05
8.117877578801495190e-06,-2.207767333176214109e-05
7.427980870418298041e-06,-2.158755996708805409e-05
8.203525902017684820e-06,-2.209088280103337594e-05
5.139794963677570400e-06,-2.084515072224245438e-05
7.635377528525951976e-06,-2.219987211038086550e-05
1.095746978490161172e-05,-2.493764377816974550e-05
7.152280417252607793e-06,-2.169734559762456641e-05
7.851553521484640687e-06,-2.264866294615613924e-05
5.817960842865611843e-06,-4.921541822645991563e-05
5.727499589744493573e-06,-5.522508506543118080e-05
-2.217465599343671111e-06,-6.729775253076729584e-06
-1.018144702983715471e-06,-5.320765969029716941e-06
-2.148343347112884555e-06,-2.088009390920555968e-05
-1.192717298964087284e-06,-2.137467550699112550e-05
-4.679073988629105634e-08,-2.389945834809888828e-05
3.471450341579297895e-07,-2.146171512567942417e-05
1.866690734808462783e-06,-2.348625871188483663e-05
2.081040707523083955e-06,-2.129517540494839736e-05
6.493838126446162328e-07,-1.970888802530286718e-05
2.149980486501226560e-06,-1.966190494087215963e-05
8.758518902312783474e-07,-1.847572486407465279e-05
2.108801366449542106e-06,-1.852555281004829681e-05
9.689894040087784959e-07,-1.762359416652581893e-05
3.861594934858183344e-06,-2.312862946193666849e-05
3.746866808134413066e-06,-2.585788543098912790e-05
1.954803034135817606e-06,-1.777283795341858276e-05
9.421020159701334656e-07,-1.709414116486165293e-05
8.448405395495737000e-08,-1.682628629821214894e-05
1.033817285464489575e-07,-1.647886473895323445e-05
8.456940510756726814e-07,-1.684372085862306584e-05
-6.257410837202328046e-07,-1.602555897214309792e-05
1.023562078958370567e-07,-1.643111445280050757e-05
7.168619216665381755e-07,-1.682853828997354429e-05
1.499587352089066652e-06,-1.714486138391054025e-05
-1.951150598892444710e-06,-1.912523037130144254e-05
-3.831410946993336149e-07,-1.836841176934005492e-05
3.367577110103116026e-06,-1.952901263453365321e-05
-1.045349814202287178e-06,-1.635166579406442520e-05
-1.474643603908190971e-06,-1.512169744372129232e-05
-6.314911222080447309e-07,-1.618059289583038694e-05
3.314098598375325758e-06,-1.922973985250565074e-05
-1.755192957806444097e-06,-1.477231266603183404e-05
-1.247270783098119138e-06,-1.594183542217037511e-05
2.954381400057889949e-06,-3.758291128288141723e-05
4.079944045172653372e-06,-3.243374489161005632e-05
6.440453133035195628e-06,-3.904972487602172712e-05
-1.418112623078218804e-06,-2.694995520913959181e-05
-7.924661562084426975e-06,-9.461719177138202381e-05
4.717206005501138036e-07,-1.710138836248120979e-05
4.002811666667833594e-07,-1.715966171249583554e-05
6.237539393640074909e-06,-2.984988364215763286e-05
-4.880264989100044377e-06,-3.509790506912767531e-05
7.444751142378585052e-06,-2.318309529198093867e-05
2.222297930477426940e-06,-2.889475442768690207e-05
-3.351645127963295026e-07,-6.237307582295784920e-06
-1.391674893025701767e-06,-8.929969441359354205e-06
1.284782757501778072e-06,-1.715132501123755357e-05
6.251993649232629304e-07,-1.696482291292429492e-05
1.975734410199712667e-06,-1.737053260268103848e-05
3.067937272317079146e-06,-5.712961369834125824e-05
3.928099188590158925e-06,-7.790507374477147271e-05
8.712836622754649505e-06,-2.255273620578058323e-05
-1.044573080665675641e-07,-2.214698185377660472e-06
9.614302950475211012e-09,-2.130321836627844719e-06
-5.519882972392269574e-08,-1.770656284679905162e-06
2.029245670784596592e-08,-1.689474240377652421e-06
-6.349102910047839187e-08,-1.393139900168020791e-06
9.474389320398053233e-09,-1.309072136260325228e-06
8.308332621673563560e-08,-1.632010909190560260e-06
-1.987106462001072173e-07,-2.937448228830559493e-06
-1.492933020813042466e-08,-2.788903816112702357e-06
-9.790298811196778585e-08,-2.276586889279068263e-06
1.836194262370351308e-08,-2.141891623817825539e-06
-9.477109877117141277e-08,-1.739735295843221159e-06
1.004254833756080678e-08,-1.608983899339457249e-06
1.075839143370553190e-07,-2.094574684178237218e-06
6.058454706605760180e-06,-2.519528113508371720e-05
4.055543088584552673e-06,-2.307728718416881641e-05
7.467958397459240167e-06,-2.289227779337984218e-05
3.767222080688873005e-07,-1.291607440307013244e-04
1.314567258995055241e-06,-1.284946068950387744e-04
2.577327993140379283e-06,-1.260033775786358035e-04
-1.132350210329164169e-06,-6.906969634815424924e-06
-4.952035496140628849e-07,-5.889043636799974515e-06
-2.337516710077181549e-06,-8.992487625555390383e-06
-1.542228758299956768e-06,-7.887180285430912775e-06
7.409959948847707368e-06,-3.616348534446598464e-05
-3.595273781832536809e-07,-2.776239998473452526e-05
-7.134224680960975797e-07,-1.421959934507539593e-05
9.023392961574942946e-08,-1.124575873737681754e-05
1.312905963436657480e-05,-3.027073698154797603e-05
-1.084659165604225674e-07,-1.048106649697675469e-06
-1.625636689881886974e-07,-1.328388766101157938e-06
-6.466385875870905348e-08,-1.058430066705323180e-06
7.053049519067827101e-09,-9.487000697808147210e-07
-8.694174759353379434e-08,-1.284220387556176943e-06
8.616145762239075350e-09,-1.133945017019847454e-06
-7.105424736119127272e-07,-9.514019299499897360e-06
1.033223384021560407e-06,-6.034566239375328590e-06
9.281955532519029894e-06,-2.320275897306546564e-05
1.078729324211233847e-05,-2.368120925611675001e-05
9.242569438032015010e-06,-2.258545840500947554e-05
-1.390604607534383512e-07,-7.972502930852453688e-06
-6.647656552090341831e-07,-6.659684715967888123e-06
-2.221964627773204896e-06,-1.249743904736696163e-05
-2.392852872342707974e-06,-1.011369970950908453e-05
1.713403243643225109e-07,-7.807407999769833747e-05
5.296162630681684886e-06,-8.055224973220015362e-05
5.947654712703768201e-06,-8.772032657521872481e-05
1.028422989988121991e-05,-8.278812699832577662e-05
1.085667220414331642e-05,-8.929990279713258369e-05
9.881162229743459068e-06,-7.629336837770383899e-05
1.476876612740129584e-05,-7.809478049117604421e-05
1.385749820458006821e-05,-7.201458044885290137e-05
6.800494350717048529e-06,-9.399019888325554006e-05
1.154307329156653911e-05,-9.534318698530131863e-05
4.903837255039711126e-06,-7.264390978296657569e-05
-8.089039079552368355e-07,-6.390465089661863016e-05
-2.631181721793567145e-07,-1.520685267845240507e-05
1.132916835778556438e-06,-1.725050132619576222e-05
3.616421671589767184e-06,-2.104296918395313703e-05
7.902874747390768644e-06,-1.000753221763219501e-04
5.420182663916369058e-06,-1.045773171930205184e-04
9.310849295753516759e-06,-1.042330368886215279e-04
6.332714524229524871e-06,-1.087750335438615373e-04
-1.422950043790042788e-06,-4.590927150488130493e-05
1.027320842552972437e-06,-1.243434170306215278e-04
3.114566507744306437e-06,-1.225535220823714927e-04
3.374339274058921292e-06,-1.195815838289125211e-04
1.572950800232402222e-05,-9.098024742990463553e-05
1.291805588224828048e-05,-1.001108062719157705e-04
6.767374915260589213e-06,-5.719307372745630232e-05
-8.694130923692686131e-08,-8.501218078769677619e-07
-7.000426307967623079e-08,-7.198520290536356404e-07
-9.317349899753514091e-08,-4.035727938584139734e-07
-1.132198068965112139e-07,-4.695586067073094127e-07
-2.886965017343994585e-06,-2.296316747568137074e-05
-7.523158479433953054e-07,-8.227550425149558766e-06
-5.826165715319663509e-07,-1.215865928222927111e-05
1.458986984217112812e-05,-4.752437079004201572e-05
1.652787110690164178e-05,-4.263828469728940529e-05
1.376992396055988853e-05,-3.771876748112677427e-05
1.019254545152314793e-05,-3.692364368017866217e-05
1.835728818642465161e-06,-1.158199443161683079e-04
5.339845682839301662e-06,-1.131981830461280828e-04
5.202878600874841108e-06,-1.162404795536325068e-04
9.466602467739634121e-06,-1.108876659004817119e-04
8.238987695655009899e-06,-1.142126043143800688e-04
7.607517713780103573e-06,-1.170180946343378248e-04
3.303189388363858703e-06,-1.860757856122531584e-05
2.385806462760045659e-06,-4.942296724374014839e-05
-4.050317052773283397e-07,-5.566952651200496614e-06
-1.550322144739287680e-06,-8.270100510387622786e-06
7.467378040505320830e-07,-1.176930668202154709e-04
-1.445597948542311516e-06,-1.077668209105094313e-05
-1.951107442403614526e-06,-2.861026771064150917e-05
-3.917836260670279009e-06,-3.635296118223018958e-05
1.855985566794865929e-05,-7.346102787973081178e-05
1.736131775955335376e-06,-1.732645843255661841e-05
-2.408549776184379630e-06,-1.751431178096837817e-05
1.554625335429468161e-06,-5.921511363925683137e-06
9.109444559936908427e-08,-1.216382804760829131e-06
6.966161191189172622e-08,-1.006098997939589141e-06
5.304616596238142105e-06,-1.211471029398818086e-04
-1.582690903562400694e-06,-7.089868397916827727e-05
-5.344659939587402413e-06,-1.056549353404232796e-04
5.725506974734162164e-06,-2.286134743768193352e-05
1.280124571125436383e-06,-9.312706903335911195e-05
-2.697782676781624481e-08,-1.654386005745068713e-05
9.104299568986701466e-08,-2.034277390540474449e-06
9.890220157947889892e-08,-2.699058395298140858e-06
1.303858030954421403e-05,-6.540683929826633376e-05
1.820465324137814564e-05,-6.388618251355855171e-05
2.008443800074264220e-05,-5.880711319164500276e-05
1.735265226228872870e-05,-5.342161257192831785e-05
5.276418237709821212e-07,-1.013276388386009775e-05
-5.001607909033924619e-07,-7.609003548951143365e-05
-3.841721757328057594e-06,-1.264286398289930270e-04
-4.454230792310768292e-06,-1.242889247269455568e-04
6.693707220234564920e-06,-5.429141454576504408e-05
-3.533122005214868319e-06,-5.199588164608374128e-05
2.547664246899772588e-07,-1.362246367364144104e-04
-1.970401100898161108e-06,-1.372835418907508384e-04
-1.374535461134135420e-06,-7.456713290823298236e-05
-2.601977052862353242e-06,-6.608800454874684484e-05
4.081255767979408476e-06,-5.551332132767960846e-05
3.756809921584114410e-06,-4.238688456572225533e-05
-2.260619075815010981e-07,-1.478943920670049915e-05
1.975402934107159939e-05,-4.063202756704147717e-05
1.699009578204176076e-05,-3.268131908171911662e-05
2.072159155636006970e-05,-4.535220583424010319e-05
3.859573438243437971e-06,-1.844807006327802497e-05
2.746467295353433322e-06,-1.786333182551234764e-05
7.507450287084823035e-06,-2.296639982292375171e-05
5.464352479822366319e-06,-2.023003962354431493e-05
1.897568697165358727e-07,-1.867086093313867951e-05
-5.136649882046668740e-07,-1.129741425466405167e-05
-3.480161460255885588e-07,-1.076322051156752912e-05
2.321620715919418059e-06,-1.750552898464516937e-05
7.787528501118695919e-06,-2.308882198615412680e-05
5.704496911123678343e-06,-2.543352888470344292e-05
1.303098851125672614e-06,-1.726167101409688652e-05
4.254218961125966005e-06,-2.968609167455400901e-05
2.074562346116150073e-05,-7.941896237090112726e-05
1.024137847667121618e-05,-3.956252287509379314e-05
9.212615303394524897e-06,-3.146543475232796709e-05
6.428521901359911164e-06,-2.997427238382463038e-05
-4.612222146769724401e-06,-2.192154595869483399e-05
-7.345677550813271819e-06,-5.306865627093600591e-05
-6.342675293446878820e-06,-3.189265760381229789e-05
-4.513400073933748378e-06,-1.004801977933167697e-05
-2.417420197002417674e-06,-7.081332888793310884e-06
-1.928080253587436892e-06,-1.256389281547005838e-05
1.070366981349233047e-05,-1.150755962684699884e-04
1.357853831293369432e-05,-1.088036026314435347e-04
7.230523517899197606e-06,-6.492514029118168608e-05
-9.319702636917073817e-07,-1.617320247415496794e-05
6.416746310458163904e-06,-4.390530356947238279e-05
6.358269276068455196e-06,-2.611999229937863719e-05
-5.747357981655043358e-07,-1.594077723034124385e-05
-4.986448258477180412e-07,-1.387421196024706114e-05
7.480290433649039953e-07,-2.564349532795064105e-05
6.322053084032588387e-06,-2.095422495737282140e-05
3.777223188493324795e-10,-2.450399617743944698e-05
4.290927268488525503e-06,-1.263499891036562039e-04
6.875946893673192409e-06,-1.221295420570975678e-04
1.276648580803768095e-05,-2.522156357003760979e-05
1.560490369288857200e-05,-2.959054713558918113e-05
9.238988377448822909e-06,-4.859377991974330379e-05
5.382467351839072076e-06,-2.094804463655333077e-05
9.162062685212137680e-07,-1.773693696011172173e-05
3.320353830216155211e-06,-1.983462978466353708e-05
-5.088161632317647089e-07,-1.366999776202026158e-05
4.182977859565819552e-06,-3.596900446491093815e-05
4.875492183626121112e-06,-1.039781420649398355e-04
-2.010648109385548001e-06,-1.451144819095570663e-05
1.429795550794248193e-06,-1.575833864166485422e-05
1.471101359623297391e-06,-1.742374530067128900e-05
-2.274350887287295386e-06,-1.362118618112459503e-05
1.519207248342153528e-05,-8.436901329767530300e-05
1.176656335394798241e-06,-3.980117686346974564e-05
7.133233155951081886e-08,-3.365908247440239964e-07
8.484748600491518140e-08,-3.874654362989878361e-07
-2.546778294883721065e-06,-1.661163991983165335e-05
4.622509577121921617e-06,-5.173296149933539649e-05
1.510906223971930274e-05,-3.457038576192333001e-05
3.333782314255771513e-06,-6.490842673580636882e-05
9.753670930942627074e-06,-7.012297491932817308e-05
-7.939400243724261547e-07,-1.958832573303306837e-05
1.743865830407053196e-06,-2.989293248838077331e-05
-1.789540188982713930e-06,-6.245875386247403991e-06
-1.337243035765590756e-06,-4.752587823250847550e-06
6.870492905084244736e-06,-2.447496749206883382e-05
-9.736007545718868593e-07,-3.465440356216522964e-06
4.595561978226187893e-06,-1.236130733231020765e-04
-2.126919760856359223e-06,-5.994551914147454899e-05
-5.263623933309052874e-06,-8.254530053561338031e-05
1.169473765206854818e-07,-1.882435267464151500e-06
8.215296661842736103e-08,-2.858373325376460547e-06
9.990976366897662925e-08,-2.677657043427332281e-06
-5.158027572672535311e-09,-4.010585007536797510e-06
7.105429521684922298e-06,-3.311175985029394771e-05
-6.945770287071346386e-07,-1.557612480784196994e-05
-3.837380828678379271e-07,-2.405648965809948524e-06
-1.909410668525253373e-07,-1.764440402723370814e-06
6.380416300232193098e-06,-8.648506370426942190e-05
9.663076125403998685e-07,-3.268320351919062780e-05
5.166899837753337308e-06,-2.538315245195023789e-05
6.752859427068927795e-07,-2.912846505430316363e-06
-1.498977552106166534e-06,-1.806001068251814306e-05
1.382287093946168163e-06,-4.217819629974114607e-06
-3.916532558312319630e-07,-5.301051741690551353e-06
-1.389326440767401491e-07,-1.742893441943447764e-05
-2.134300826049118460e-06,-5.348591990810499272e-05
-4.902294093469105604e-06,-7.205035584911513797e-05
8.617542469217148623e-06,-5.471860047262025586e-05
3.400635288496979426e-06,-2.123937496121533060e-05
-8.360956140281762340e-08,-3.893434138442101143e-07
-7.039793765391568470e-08,-3.369644121386366730e-07
-2.786557089125435641e-07,-1.901344321020704299e-06
-1.527985997517944339e-07,-1.407498440605167483e-06
-1.211408574555306259e-06,-1.558001674081640854e-05
-2.345996005532026348e-06,-4.599057191227775432e-05
-4.992076051184417363e-06,-6.078540113209204225e-05
-8.669114535829098119e-08,-7.791858221915620227e-07
-1.214057735008994639e-07,-9.581027010072621831e-07
1.112365851111914690e-05,-1.071000886285098194e-04
9.990628919274670004e-06,-1.172033593817653908e-04
-2.256034054103781178e-06,-3.738896912474104375e-05
-1.386407516547334824e-06,-1.367192360515617540e-05
-4.585833707949052749e-06,-4.838963134272310311e-05
3.935333069542767526e-06,-1.187155376018494485e-04
1.764485305524963024e-06,-4.802459109283864941e-05
2.733240102514239137e-06,-5.666353880719414286e-05
2.557019212953501240e-06,-1.289930740777793278e-04
1.733205193563741375e-06,-5.604273439290722805e-05
1.667767667072788662e-05,-1.007988862147588915e-04
4.829969505146776564e-06,-2.021661169753713672e-05
1.481176365596091577e-07,-1.507907495599315382e-06
1.093442337625181317e-07,-1.156912319071469248e-06
1.511449804752855247e-06,-6.319502036361654852e-05
1.127111800983266130e-06,-1.355053253139187994e-04
3.966335541193779649e-06,-2.475427664237763277e-05
4.055675695227726090e-06,-3.122403085859239228e-05
4.579358629965728629e-07,-9.345649416286789729e-06
1.006501981470805694e-07,-1.625126595439566402e-06
7.524476591090578704e-08,-1.306184866632937359e-06
-2.957360318545486990e-07,-1.383096402186979412e-04
1.147284687933729994e-06,-6.907965597448803335e-05
7.963153645718882507e-06,-2.518368323118150287e-05
-1.467326708079830123e-06,-7.093387330321388991e-06
-1.487218777146282123e-06,-1.949717913475862831e-05
-3.031532521252614263e-06,-2.445644653020443836e-05
6.471868808359947035e-07,-7.335586335125529221e-05
-1.677350404745635802e-06,-1.375433924206628941e-04
1.015881730117547279e-07,-6.493447088851916178e-07
7.908430451411974946e-08,-5.480000258567719947e-07
5.995995745269357411e-08,-7.574100586898065417e-05
-2.878829544642588725e-06,-1.333836887892811656e-04
-2.137780212669902579e-07,-6.989635089962603478e-06
3.002477300042568464e-07,-5.213014092548247772e-06
4.179361173438769668e-06,-1.097253748508371555e-05
4.051603349302578448e-06,-1.400051767129435187e-05
2.598559073590387121e-07,-7.557399693523267966e-05
2.074832798065813391e-06,-1.224963723534619074e-04
3.087919004701249702e-06,-4.374772331680056546e-05
1.282590950934882423e-05,-2.741936602258120118e-05
-4.695803833100134364e-06,-1.168723840333109315e-04
-1.070833886187539529e-06,-7.442588217597023335e-05
1.655665738789648265e-06,-6.895464771884320533e-05
2.820257492396842438e-06,-1.007567885861205664e-04
9.477907992812327580e-08,-8.176701331019748209e-07
7.639036387983419659e-08,-6.946161876191660970e-07
-1.950491757849410845e-06,-6.587486346984537493e-05
-5.544819676818942429e-06,-9.373553758878167355e-05
8.907735212806805028e-08,-9.009047794008621524e-07
1.232804539517692643e-07,-1.133489427160589301e-06
-2.171725800006745231e-06,-1.770155613210369183e-05
2.627693197493623746e-06,-1.762365646544529737e-05
8.972270442372802686e-06,-2.296353325477114404e-05
1.585592261596259839e-06,-1.172799363937799490e-05
-1.423110384284973865e-07,-4.136849322641928913e-06
-6.043820702227572319e-07,-5.881389317844837679e-06
1.133893048798937612e-06,-1.287585507908089609e-04
-1.819037007249693200e-06,-1.575478327533512765e-05
7.396232719976779137e-06,-4.566828265386056680e-05
1.179713643439708557e-05,-2.407405388543203587e-05
2.445157370711582269e-06,-2.464921975117251055e-05
6.899919841520259574e-06,-5.730549961492706752e-05
-2.705159132226867967e-05,-9.711916687530233012e-05
1.986107352395585305e-05,-9.060861113092209666e-05
-1.194324815196594804e-05,-3.526692191157359527e-05
-1.013779340699338728e-06,-6.988045630627161385e-06
-2.406098182080040380e-07,-4.838744986420029521e-06
-1.059062959059325071e-06,-1.731244268301611181e-05
-3.350493231699459427e-07,-5.209127028735959847e-06
-4.513807585990615830e-08,-3.659702731173943445e-06
7.555439990212657912e-06,-2.334064975887826311e-05
1.425940721439781826e-06,-2.589359944689770631e-05
4.748819689031430764e-06,-2.062990682473702774e-05
-9.284472620863823255e-07,-7.286010405990545467e-06
-1.838810383059768497e-06,-9.857547499794497948e-06
9.879463482037310011e-07,-1.731181702407230604e-05
-1.666162481741429947e-06,-9.020212195851337494e-06
6.916930006117869301e-06,-4.980188998825637708e-05
2.253164897780969540e-05,-6.298309243084409626e-05
1.654802326227905638e-06,-1.994198001059931132e-05
5.593263707247263362e-06,-1.187727456967431445e-04
-1.103480054039321773e-06,-1.545980944800396767e-05
-3.064917869015583625e-05,-1.009596236759400823e-04
4.281222290772106053e-06,-2.863222476793295069e-05
1.546467289071406323e-06,-1.079145630724019747e-04
1.343767206631453319e-05,-7.748259501027397647e-05
1.001984493773396086e-05,-5.658395620108189336e-05
2.213118297250251800e-05,-5.499562815326253012e-05
6.937648451023918484e-06,-5.734155566474555851e-05
-2.796386880786347986e-06,-1.131834179889299033e-05
3.928367524176901861e-06,-1.256326517262979349e-04
-3.720625950724037421e-07,-5.805383212015685376e-06
-1.553374525530218957e-06,-8.451433095700078209e-06
4.715483434303095009e-07,-1.645526912016284508e-05
-1.574769689510448519e-07,-1.690271584456369138e-05
6.009758905400167105e-06,-3.306847442573685781e-05
-5.794852474077986919e-07,-1.503428441373136667e-06
-1.834804802816731026e-06,-1.506453723889229258e-05
1.763969175980297213e-05,-6.914856339959060780e-05
-1.503894466901861552e-06,-4.281788936367257306e-06
-8.178956044010279341e-07,-3.406318689738907319e-06
-2.258487696317986653e-06,-1.147246039915418443e-05
1.810012144128978341e-05,-4.778528166745133664e-05
1.106289599556601746e-05,-5.620833171069045152e-05
4.129733931056276863e-09,-3.505868235114658445e-06
5.716637208434918529e-08,-2.567884330809711961e-06
6.902509121921199133e-08,-1.713488408656608792e-07
8.037367031642315627e-08,-1.946825371042736055e-07
-1.037573360383369817e-06,-7.320784798813008884e-06
-1.344586836381648279e-07,-5.286637437035659753e-06
7.078421790259035717e-06,-5.607883658462181593e-05
6.701548355760253032e-06,-2.160939838162329946e-05
6.880890924942431891e-06,-2.755338731606113593e-05
-7.394736140776754333e-08,-1.867009155948813319e-07
-8.646815582979980738e-08,-2.135663131883276034e-07
2.744198297528137310e-06,-1.273187428589179235e-04
5.374985550255636755e-06,-5.157791117445659619e-05
1.269960645266100803e-05,-1.037303699118164265e-04
7.884242829442876128e-08,-1.683855584144756991e-05
1.013015973799430399e-05,-7.675707221168745953e-05
1.675084278883052214e-05,-3.816591252519482304e-05
-3.184847863903824459e-06,-5.469107748568665329e-06
-4.394943047252160260e-07,-1.612049328927579538e-05
2.225820403387453134e-06,-1.751024187670437857e-05
7.297320000549696555e-06,-2.338822498753458459e-05
5.057938488640954868e-07,-1.709547976230195635e-05
-1.140573265951206605e-05,-3.479230558559895479e-05
-1.981889483331120530e-06,-1.617753438900684893e-05
7.396190513760457086e-06,-2.428624866589945022e-05
-1.524759877144893119e-07,-2.150265325075174894e-06
-2.961927974429092290e-07,-2.895186880009003627e-06
8.263541658906491143e-07,-1.500484817522659301e-06
-4.062967428179191731e-07,-5.514443328833208238e-06
4.647039634664676100e-07,-3.655719561414544400e-06
-6.892240484004733594e-07,-1.075371039807688039e-06
2.287669591479267638e-05,-7.357671123322419965e-05
5.681053083912723607e-06,-3.546022179682237289e-05
6.813764192547308230e-06,-5.342265088321973554e-05
7.834787614301675973e-06,-4.243834023959014635e-05
4.808599762916039016e-07,-9.625427915268269661e-07
5.711976558751618491e-06,-2.731423744771685345e-05
7.045133727508969130e-06,-5.169049806426528795e-05
3.209655008968723424e-06,-1.175979378482934295e-04
-3.022978001213845468e-08,-1.326866680701650961e-05
5.809569014350407231e-06,-5.656274475758195163e-05
1.249635946588182666e-06,-1.284683735643398796e-04
-8.241770245973179629e-07,-7.841872545989345575e-06
-2.734934515037376824e-06,-1.174370698447377923e-05
-2.192918067963099967e-06,-9.450597129419665706e-06
-6.884875012369943464e-07,-6.419756443734599067e-06
6.234114325867305339e-06,-3.962022326903486235e-05
-1.065728758350213921e-07,-1.430280985602694693e-06
-1.744170403903672095e-07,-1.856239361382843502e-06
1.265051863914694307e-05,-2.607387609488661165e-05
7.717020826993881280e-06,-2.739683375726753150e-05
8.988192458792900912e-07,-1.729476783056035758e-05
-9.540178986127648237e-07,-1.285373822332668845e-05
4.293639688306373337e-06,-1.952247444238942859e-05
2.595995923254924663e-06,-4.381958089562108983e-05
1.154038545204189407e-06,-2.667652221041987866e-05
